  0   -1.0000  6062874791080099840.00
  1   10.5167    26308742714753024.00
  2   10.5500    25867355368194048.00
  3   10.5833    27729127054245888.00
  4   10.6167    24406160249454592.00
  5   10.6500    23333193667051520.00
  6   10.6833    20500166666616832.00
  7   10.7167    20420928814972928.00
  8   10.7500    17474675739197440.00
  9   10.7833    14765331985727488.00
 10   10.8167    15767150287388672.00
 11   10.8500    14134142518165504.00
 12   10.8833    10897096534130688.00
 13   10.9167     9753630211047424.00
 14   10.9500     7576804420222976.00
 15   10.9833     7224505432801280.00
 16   11.0167     9538444833325056.00
 17   10.5000  7531677740009783296.00
 18   10.5333     9155537761468416.00
 19   10.5667    10726359772954624.00
 20   10.6000    11216776318681088.00
 21   10.6333    10932839251968000.00
 22   10.6667     9864549888950272.00
 23   10.7000    10971547644723200.00
 24   10.7333    11069992590114816.00
 25   10.7667    11969440346275840.00
 26   10.8000    11892896512868352.00
 27   10.8333    12956580597202944.00
 28   10.8667    12446388948303872.00
 29   10.9000    12800827903180800.00
 30   10.9333    12170284828196864.00
 31   10.9667    12329146004799488.00
 32   11.0000    16136509958651904.00
 33   11.0333    31828108550078464.00
 34   11.0667   172116485060165632.00
 35   11.1000    87308945596612608.00
 36   11.1333    48190125766606848.00
 37   11.1667    29075736740495360.00
 38   11.2000    23543391514001408.00
 39   11.2333    23397985396195328.00
 40   11.2667    23763257332334592.00
 41   11.3000    22076741786796032.00
 42   11.3333    16456429187629056.00
 43   11.3667    15123504340926464.00
 44   11.4000    16384486337937408.00
 45   11.4333    18763342021656576.00
 46   11.4667    19308154328186880.00
 47   11.5000    19147337867722752.00
 48   10.5167    10972002911256576.00
 49   10.5500    11422531021963264.00
 50   10.5833     9589525953118208.00
 51   10.6167     9826541575864320.00
 52   10.6500     9661844612448256.00
 53   10.6833     8695807683330048.00
 54   10.7167     9577817872269312.00
 55   10.7500     8119335025377280.00
 56   10.7833     9103618049310720.00
 57   10.8167     8799642275807232.00
 58   10.8500     7488262058803200.00
 59   10.8833     6863342706622464.00
 60   10.9167     6042850944876544.00
 61   10.9500     4531425646739456.00
 62   10.9833     4197548042485760.00
 63   11.0167     2978219712053248.00
 64   11.0500     2450641230233600.00
 65   11.0833     2436694934552576.00
 66   11.1167     2564090912309248.00
 67   11.1500     2044496237821952.00
 68   11.1833     1117861875548160.00
 69   11.2167      573341559685120.00
 70   11.2500      874532650876928.00
 71   11.2833      716283842658304.00
 72   11.3167      977823393120256.00
 73   11.3500      849176304812032.00
 74   11.3833      938217285091328.00
 75   11.4167      518631863615488.00
 76   11.4500      256749957283840.00
 77   11.4833      289643333419008.00
 78   10.5000   301547386109427712.00
 79   10.5333     1826570670964736.00
 80   10.5667     3249900284280832.00
 81   10.6000     5354159918284800.00
 82   10.6333     6731419564900352.00
 83   10.6667     7954603702222848.00
 84   10.7000     8972631747330048.00
 85   10.7333     8808139868602368.00
 86   10.7667     7057515493720064.00
 87   10.8000     7141756982263808.00
 88   10.8333     6071579444248576.00
 89   10.8667     3818661328453632.00
 90   10.9000     3339217350426624.00
 91   10.9333     4416970942316544.00
 92   10.9667     4602695260307456.00
 93   11.0000     1349340345925632.00
 94   11.0333    35264166138740736.00
 95   11.0667   193098224934846464.00
 96   11.1167   451555131876442112.00
 97   11.1500      539407895494656.00
 98   11.1833     4903098157891584.00
 99   11.2167     1375783117389824.00
100   11.2500     2990160526442496.00
101   11.2833      314679368876032.00
102   11.3167     6732624840097792.00
103   11.3500    10723502545960960.00
104   11.3833     8607557916557312.00
105   11.4167     6556359919140864.00
106   11.4500     7651792938598400.00
107   11.4833     6520849129537536.00
108   10.5000  1582836186064355328.00
109   10.5333      826191787327488.00
110   10.5667     1038276735533056.00
111   10.6000     1262909363585024.00
112   10.6333     1593152754417664.00
113   10.6667     2485031033372672.00
114   10.7000     3317924781621248.00
115   10.7333     4348071613825024.00
116   10.7667     5244893802790912.00
117   10.8000     5976491552669696.00
118   10.8333     6047438506819584.00
119   10.8667     5351950157611008.00
120   10.9000     3930352758292480.00
121   10.9333     4689094433046528.00
122   10.9667     6041722442219520.00
123   11.0000     8928052134281216.00
124   11.0333    28268274298912768.00
125   11.0667   141316278148136960.00
126   11.1000    59480718614462464.00
127   11.1333    27898630086066176.00
128   11.1667    15337560142249984.00
129   11.2000    10504574104240128.00
130   11.2333    10410649611927552.00
131   11.2667     9630988493651968.00
132   11.3000     7914828010094592.00
133   11.3333     4531832058019840.00
134   11.3667     5049605934809088.00
135   11.4000     4162924968935424.00
136   11.4333     8230795332288512.00
137   11.4667    10406809911164928.00
138   11.5000    13193092635033600.00
139   10.5167     5972030692261888.00
140   10.5500     6523893724479488.00
141   10.5833     7484987683110912.00
142   10.6167     8260495568011264.00
143   10.6500     8735671959158784.00
144   10.6833     9946813545054208.00
145   10.7167     8970296358862848.00
146   10.7500    10452542722932736.00
147   10.7833    11702299822915584.00
148   10.8167    11284520837840896.00
149   10.8500    12381901088096256.00
150   10.8833    14514175183159296.00
151   10.9167    15370776345575424.00
152   10.9500    13387370111959040.00
153   10.9833    16489789272358912.00
154   11.0167    14576880631939072.00
155   11.0500    16168193932394496.00
156   11.0833    17196833231077376.00
157   11.1167    18999054121828352.00
158   11.1500    17880846501412864.00
159   11.1833    20066499523772416.00
160   11.2167    22185690074710016.00
161   11.2500    25376343969497088.00
162   11.2833    24849458856460288.00
163   11.3167    23245159722385408.00
164   11.3500    27451906242641920.00
165   11.3833    27293415506968576.00
166   11.4167    27321081538805760.00
167   11.4500    28958086848839680.00
168   11.4833    27907273707749376.00
169   10.8250  2940769742568292352.00
170   10.8583   167963268864802816.00
171   10.8917     9952402371248128.00
172   10.9250    18148657039671296.00
173   10.9583    22937156880171008.00
174   10.9917    16214001906089984.00
175   11.0250     5776758393536512.00
176   11.0583    16648179076300800.00
177   11.1250   590149603349757952.00
178   11.1583    58469507219324928.00
179   11.1917    68747883649695744.00
180   11.2250    65357586790088704.00
181   11.2583    63349805543325696.00
182   11.2917    69408526929231872.00
183   11.3250    78194303439994880.00
184   11.3583    78651176291139584.00
185   11.3917    75290802468683776.00
186   11.4250    72636143312568320.00
187   11.4583    72335031745380352.00
188   11.4917    77474140503670784.00
