  0   -1.0000   500615100189638656.00
  1   10.5167     1747247456845824.00
  2   10.5500     2026013382934528.00
  3   10.5833     4181203276005376.00
  4   10.6167      957216475578368.00
  5   10.6500     1876236062162944.00
  6   10.6833     1209639018430464.00
  7   10.7167      630666957946880.00
  8   10.7500     1349452551946240.00
  9   10.7833     1422817304248320.00
 10   10.8167      655757955563520.00
 11   10.8500      210041063866368.00
 12   10.8833     1597137007673344.00
 13   10.9167     1031792542875648.00
 14   10.9500     1532903490060288.00
 15   10.9833     5537641994911744.00
 16   11.0167     3393602373812224.00
 17   11.0500     3052961806680064.00
 18   11.0833     2898156958253056.00
 19   11.1167     1039329338064896.00
 20   11.1500     5270647500439552.00
 21   11.1833     4888572578496512.00
 22   11.2167       80772488757248.00
 23   11.2500     8486093557071872.00
 24   11.2833     3413332916699136.00
 25   11.3167      328633080086528.00
 26   11.3500     1233825187233792.00
 27   11.3833      897937538285568.00
 28   11.4167     4536778249732096.00
 29   11.4500     1008251760017408.00
 30   11.4833     2909442790129664.00
 31   10.5000  1058046158074544128.00
 32   10.5333    57256883332841472.00
 33   10.5667    56359724794249216.00
 34   10.6000    54651517516382208.00
 35   10.6333    61271410739249152.00
 36   10.6667    56495115048321024.00
 37   10.7000    65007349386969088.00
 38   10.7333    63305172243185664.00
 39   10.7667    62711040827195392.00
 40   10.8000    57789669730942976.00
 41   10.8333    55228082516131840.00
 42   10.8667    59893061244682240.00
 43   10.9000    53473343562579968.00
 44   10.9333    52041921157136384.00
 45   10.9917  3943344027193049088.00
 46   11.0250    70549858653569024.00
 47   10.5000 21704168217275006976.00
 48   10.5333     7419634386993152.00
 49   10.5667    17005858584002560.00
 50   10.6000    27737216625147904.00
 51   10.6333    14105477906432000.00
 52   10.6667     7447063121887232.00
 53   10.7000    17824476129394688.00
 54   10.7333     5457152697171968.00
 55   10.7667    12085152133939200.00
 56   10.8000     9685148031254528.00
 57   10.8333     4160374295232512.00
 58   10.8667     3675412357971968.00
 59   10.9000     1948377688309760.00
 60   10.9333     2268975924772864.00
 61   10.9667    10878717295329280.00
 62   11.0000     7447485639294976.00
 63   11.0333    26285672297922560.00
 64   11.0667    21744474526842880.00
 65   11.1000    23370265677266944.00
 66   11.1333    52744268569116672.00
 67   11.1667    17789107073712128.00
 68   11.2000    18503721986031616.00
 69   11.2333     9375639803002880.00
 70   11.2667      223932196061184.00
 71   11.3000     8691347359793152.00
 72   11.3333    50233082795524096.00
 73   11.3667     7494967576494080.00
 74   11.4000     1188709374361600.00
 75   11.4333      798084581818368.00
 76   11.4667    11398393305759744.00
 77   11.5000    14718057280700416.00
 78   11.3000 29294873239021944832.00
 79   11.3333     5764598804250624.00
 80   11.3667     6518522331004928.00
 81   11.4000     8332501768470528.00
 82   11.4333    12621555968245760.00
 83   11.4667    11720901326274560.00
 84   11.5000    12443522057633792.00
 85   10.5167     4836039222886400.00
 86   10.5500     4668620323946496.00
 87   10.5833     6627669798027264.00
 88   10.6167     8315976344928256.00
 89   10.6500     8602253095075840.00
 90   10.6833    11088445917102080.00
 91   10.7167     9410591173115904.00
 92   10.7500    10021480477753344.00
 93   10.7833     8274147658432512.00
 94   10.8167     6468464487170048.00
 95   10.8500     6662781155672064.00
 96   10.8833     6183291543617536.00
 97   10.9167     6481201749557248.00
 98   10.9500     8114820477878272.00
 99   10.9833     7306896864182272.00
100   11.0167     8172090645544960.00
101   11.0500     9265382623805440.00
102   11.0833     6453735433699328.00
103   11.1167     5143513247252480.00
104   11.1500     6612843570921472.00
105   11.1833     7113934184120320.00
106   11.2167     5927270153715712.00
107   11.2500     5937174885171200.00
108   11.2833     5554868034994176.00
109   11.3167     3857412402446336.00
110   11.3500     4551651184607232.00
111   11.3833     5524660993130496.00
112   11.4167     6452698735968256.00
113   11.4500     5957171179159552.00
114   11.4833     6797879888838656.00
115   10.5000  4824187531216027648.00
116   10.5333     8024931644211200.00
117   10.5667     6899813421416448.00
118   10.6000     6575034436943872.00
119   10.6333     6790741116321792.00
120   10.6667     7020739836248064.00
121   10.7000     6229262726070272.00
122   10.7333     5860748089622528.00
123   10.7667     4822670063435776.00
124   10.8000     3593354323427328.00
125   10.8333     3165386065313792.00
126   10.8667     2200072972402688.00
127   10.9000     1428144808525824.00
128   10.9333     1441015483334656.00
129   10.9667     1302188181684224.00
130   11.0000      811766267248640.00
131   11.0333      715480482447360.00
132   11.0667      815304582103040.00
133   11.1000      411627618828288.00
134   11.1333      216920796168192.00
135   11.1667       55549085351936.00
136   11.2000      148771677667328.00
137   11.2333       66786858893312.00
138   11.2667       54189946306560.00
139   11.3000      103780385292288.00
140   11.3333      256096467943424.00
141   11.3667      528028782297088.00
142   11.4000      546505328951296.00
143   11.4333      187811823091712.00
144   11.4667      180287728254976.00
145   11.5000      163354853244928.00
146   10.5167     2495322580320256.00
147   10.5500     2063618774401024.00
148   10.5833     1181573688852480.00
149   10.6167     1736321060044800.00
150   10.6500     1523554285780992.00
151   10.6833     1723759488663552.00
152   10.7167     2480884242448384.00
153   10.7500     2541539918086144.00
154   10.7833     1807501418823680.00
155   10.8167     1951420269985792.00
156   10.8500     2745608578269184.00
157   10.8833     2183123286622208.00
158   10.9167     2129208562155520.00
159   10.9500     2947435802394624.00
160   10.9833     2678762512580608.00
161   11.0167     2346580078231552.00
162   11.0500     2625683159252992.00
163   11.0833     4125774038695936.00
164   11.1167     3084116694138880.00
165   11.1500     3761763480764416.00
166   11.1833     3684498629722112.00
167   11.2167     3017429005369344.00
168   11.2500     2491091232227328.00
169   11.2833     2669212115927040.00
170   11.3167     1272396409470976.00
171   11.3500     1060831554961408.00
172   11.3833     1937573966512128.00
173   11.4167     1858421745778688.00
174   11.4500     3946961665261568.00
175   11.4833     4688984911380480.00
176   10.5000  4300273813993553920.00
177   10.5333     7128016308142080.00
178   10.5667     5134461066805248.00
179   10.6000     5045242248036352.00
180   10.6333     5084816613572608.00
181   10.6667     4018510988574720.00
182   10.7000     2844585294299136.00
183   10.7333     2257413604376576.00
184   10.7667     2662659874881536.00
185   10.8000     2647946927538176.00
186   10.8333     2881133318504448.00
187   10.8667     1952670239686656.00
188   10.9000     2272869312626688.00
189   10.9333     2036780731727872.00
190   10.9667     1431351135830016.00
191   11.0000      222473232580608.00
192   11.0333    10146341619499008.00
193   11.0667     6851690997219328.00
194   11.1000    11447544911495168.00
195   11.1333      706481921982464.00
196   11.1667     2264833697251328.00
197   11.2000     2266470616662016.00
198   11.2333     1184822294740992.00
199   11.2667     1020874199138304.00
200   11.3000      999640015044608.00
201   11.3333     1413277376577536.00
202   11.3667      923442194939904.00
203   11.4000      674063643049984.00
204   11.4333      241981326360576.00
205   11.4667       65769987637248.00
206   11.5000      242096099295232.00
207   10.5167     6395240126611456.00
208   10.5500     7463510162276352.00
209   10.5833     9181286090407936.00
210   10.6167     5144435591479296.00
211   10.6500    14339268008738816.00
212   10.6833     5242197100199936.00
213   10.7167     5721554642010112.00
214   10.7500     5592035608231936.00
215   10.7833     6569762364588032.00
216   10.8167     3090982736232448.00
217   10.8500     4729037628899328.00
218   10.8833     2736110794964992.00
219   10.9167     7113955122085888.00
220   10.9500     7556591767257088.00
221   10.9833       64923925217280.00
222   11.0167     2758268531245056.00
223   11.0500    38817304535891968.00
224   11.0833    29561894826147840.00
225   11.1167     5231600342138880.00
226   11.1500     4631649782333440.00
227   11.1833     4763731300974592.00
228   11.2167      697028027875328.00
229   11.2500    14778341441667072.00
230   11.2833     6433982879105024.00
231   11.3167     7229800053735424.00
232   11.3500     9828488269791232.00
233   11.3833    11104309378809856.00
234   11.4167     6268758708453376.00
235   11.4500     3893843120357376.00
236   11.4833     4156679818051584.00
237   10.5000  1217853026346205184.00
238   10.5333    35202709451702272.00
239   10.5667    31060252149415936.00
240   10.6000    31064744685207552.00
241   10.6333    25780270611300352.00
242   10.6667    23094640446013440.00
243   10.7000    19436876645531648.00
244   10.7333    15639422254972928.00
245   10.7667    10645644452560896.00
246   10.8000     5765790120804352.00
247   10.8333       59550921129984.00
248   10.8667     1101807354904576.00
249   10.9000     1781918446125056.00
250   10.9333      267655198015488.00
251   10.9667     1401569429946368.00
252   11.0083     2318124309282816.00
253   11.0417     1708841590849536.00
254   11.0750      218636115509248.00
255   11.1083      690225873420288.00
256   11.1417      663388367618048.00
257   11.1750     1405246861475840.00
258   11.2083      231138631090176.00
259   11.2417       39556850122752.00
260   11.2750      272463699116032.00
261   11.3083      920246202400768.00
262   11.3417      387659453169664.00
263   11.3750      362894269087744.00
264   11.4083      337659692056576.00
265   11.4417       30873816662016.00
266   11.4750       23891982417920.00
