Name Ra Dec UVOT BAT Date Angle Score
190202A 166.506 9.393 V=17.94 60 2019 02 02 1.65 148.7993245431289 166.6993245431289
190129B 117.285 1.257 n/a n/a 2019 01 29 12.25 158.11316651517205 158.11316651517205
181228A 49.831 13.212 V>19.1 100 2018 12 28 2.8833333333333333 134.41355952987553 153.41355952987553
181010A 52.574 -23.023 V>19.4 6.9 2018 10 10 5.916666666666667 133.22029487165375 152.22029487165375
190219A 189.686 76.606 n/a 39 2019 02 19 19.633333333333333 111.74105598365301 150.741055983653
181022A 56.808 -29.374 V>19.8 1.9 2018 10 22 17.5 130.3800938875616 149.3800938875616
181224A 125.949 6.194 n/a 4.9 2018 12 24 13.6 143.87909546280594 148.77909546280594
190114A 65.543 2.196 V=18.33 8.0 2019 01 14 3.1666666666666665 127.7735870489343 146.07358704893431
190109B 55.563 63.592 V>20.4 4.8 2019 01 09 11.933333333333334 125.01586094637878 145.01586094637878
181003A 52.481 -33.991 V>19.79 4.2 2018 10 03 5.183333333333334 124.27701002461703 143.97701002461702
190114B 174.868 18.882 V>18.5 5.1 2019 01 14 19.516666666666666 125.19479481891698 143.194794818917
190311A 212.067 53.486 V>20.42 9.1 2019 03 11 14.383333333333333 120.1614846524252 140.5614846524252
181002A 64.739 15.248 V>17.9 8.8 2018 10 02 11.433333333333334 123.46217577250462 140.46217577250462
181020A 13.987 -47.372 V=14.89 81 2018 10 20 19.0 121.22467008870436 136.02467008870437
190123A 53.175 45.505 V>20.3 8.4 2019 01 23 12.316666666666666 115.9892262589228 135.9892262589228
190211A 196.652 41.976 n/a 6.5 2019 02 11 16.9 127.52432105459317 134.02432105459317
180828A 268.704 -25.791 V>20.3 88 2018 08 28 18.95 113.3963510625564 133.3963510625564
190109A 33.213 38.111 V>16.8 55 2019 01 09 5.2 113.38649694125041 129.3864969412504
190320A 117.824 -45.876 V>20.4 27 2019 03 20 1.2333333333333334 109.21508185208856 129.21508185208856
180924A 49.207 -58.524 V>17.1 14 2018 09 24 15.366666666666667 109.9755777063084 126.9755777063084
180930A 76.894 -25.124 V>20.1 2.1 2018 09 30 12.716666666666667 106.55913963040696 126.55913963040696
181203A 108.341 -39.783 V>18.6 7.8 2018 12 03 12.133333333333333 108.36759501976891 126.36759501976891
190106A 29.877 23.839 V=16.54 60 2019 01 06 13.566666666666666 109.80980015466444 126.30980015466444
180925A 315.212 -64.45 V>19.66 41 2018 09 25 14.616666666666667 106.1575075643169 125.75750756431691
190114C 54.503 -26.938 V=16.28 830 2019 01 14 20.95 103.21349615201707 119.41349615201707
181213A 248.21 78.5 V>17.35 15 2018 12 13 12.95 101.91542528179504 119.21542528179504
180904A 274.26 46.64 V>20.1 2.4 2018 09 04 21.466666666666665 98.72779002968757 118.72779002968757
190203A 22.603 55.736 V>19.2 150 2019 02 03 15.733333333333333 90.66503072651983 109.66503072651983
190103B 212.561 35.254 V>20.6 120 2019 01 03 21.05 89.30729672923705 109.30729672923705
181126A 152.35 -29.698 V>18.0 3.1 2018 11 26 9.9 79.57783161884691 97.57783161884691
190204A 351.491 54.884 V=18.30 130 2019 02 04 5.766666666666667 76.78939265449603 95.08939265449602
180905A 91.038 -4.592 V>19.1 42 2018 09 05 13.95 73.98029246496365 92.98029246496365
181030A 146.916 14.657 V>18.9 62 2018 10 30 1.45 72.39747048345122 90.39747048345122
181103A 197.093 52.22 V>18.21 2.8 2018 11 03 4.366666666666666 69.70950209519997 87.90950209519997
181110A 302.33 -36.878 V=16.09 99 2018 11 10 8.716666666666667 69.48877194017737 85.48877194017737
181123B 184.354 14.619 V>19.8 1.2 2018 11 23 5.55 63.83674251187654 82.83674251187654
190324A 49.603 -47.212 V=17.55 72 2019 03 24 22.733333333333334 63.134582455003596 80.6345824550036
181202A 280.737 27.976 V>18.7 2.5 2018 12 02 6.6 58.8934901443748 76.8934901443748
180823A 210.358 14.901 V>19.2 78 2018 08 23 19.066666666666666 56.17534491581132 75.17534491581132
190220A 330.128 -76.669 n/a 8.9 2019 02 20 2.9833333333333334 65.63345437467372 74.53345437467372
181027A 225.361 30.937 n/a 28 2018 10 27 1.8 45.67459523171806 73.67459523171806
181023A 248.322 19.581 V>19.4 13 2018 10 23 2.066666666666667 50.678461238503274 69.67846123850327
190110A 276.939 -53.643 n/a 25 2019 01 10 17.4 33.67771488430824 58.67771488430824
181016A 231.273 -35.307 n/a 19 2018 10 16 0.9166666666666666 38.34580849568316 57.34580849568316
181013A 207.661 40.107 n/a 3.0 2018 10 13 2.65 48.608515179361895 51.608515179361895
190326A 341.652 39.914 n/a 0.63 2019 03 26 7.583333333333333 43.283550845714615 43.91355084571462
181125A 268.391 -2.634 n/a 3.3 2018 11 25 8.9 32.27119833253245 35.57119833253245
181201A 0 0 V=17.70 n/a 2018 12 01 2.6333333333333333 0 17.7
180914B 0 0 n/a n/a 2018 09 14 18.383333333333333 0 0
190305A 0 0 n/a n/a 2019 03 05 13.083333333333334 0 0
