8.24167 159.009 145.011 146.109 140.695 141.348 & 146.435
8.23333 136.074 137.362 140.763 139.74 141.784 & 139.145
8.55833 137.079 136.408 128.917 122.637 169.924 & 138.993
8.36667 128.424 129.742 85.2318 139.878 141.584 & 124.972
8.44167 131.708 85.966 33.3418 47.3742 141.784 & 88.0349
8.30833 145.498 109.682 117.538 81.5789 142.701 & 119.4
8.33333 127.948 127.431 78.4102 86.4476 142.274 & 112.502
8.46667 141.01 125.622 90.9624 105.196 139.755 & 120.509
8.225 139.927 131.876 137.294 90.3806 141.584 & 128.212
8.31667 31.8335 153.343 144.659 73.7859 150.642 & 110.853
8.35833 129.39 128.138 108.008 118.48 142.129 & 125.229
8.49167 118.603 86.503 68.7799 111.181 111.762 & 99.3658
8.525 134.135 8.99495 132.34 141.458 139.316 & 111.249
8.53333 133.626 145.917 74.7144 52.3246 141.365 & 109.589
8.55 158.031 138.192 42.9766 115.067 140.455 & 118.944
8.425 61.7712 137.467 53.9216 110.051 125.342 & 97.7106
8.50833 108.227 72.8662 108.2 110.824 143.617 & 108.747
8.3 45.5575 77.4538 63.5765 75.1702 142.397 & 80.8309
8.40833 143.055 142.613 84.1863 117.611 139.072 & 125.307
8.25833 56.0552 31.4504 57.1545 42.8501 141.584 & 65.8188