4.15361 82.5189 86.2488 87.0667 90.7293 90.3837 87.3895
3.91583 84.9679 46.6329 27.083 89.8793 98.2227 69.3572
3.89972 91.4209 79.7906 82.3464 148.599 97.2267 99.8767
4.03194 43.9996 53.6586 31.9115 63.784 56.0414 49.879
4.12139 85.5754 52.9169 47.7566 79.2803 100.968 73.2995
4.17361 70.2579 31.0233 59.6358 62.9884 95.2418 63.8294
4.01222 67.5944 25.2245 14.8617 37.1694 103.518 49.6735
4.00889 25.94 64.2784 67.9489 75.6628 8.22269 48.4106
3.99028 94.922 97.9457 87.3907 72.8538 97.0609 90.0346
4.05444 60.8198 22.8118 12.7857 58.8466 97.2267 50.4981
3.98861 107.34 107.363 69.6078 63.289 97.1134 88.9426
4.12556 113.942 170.134 121.201 131.881 157.207 138.873
4.04194 82.4748 113.425 80.8426 104.731 96.1776 95.5302
3.93861 35.1377 14.8621 27.3358 17.4804 99.1579 38.7948
3.9225 55.0877 82.0777 50.2026 56.3922 98.2227 68.3966
3.99528 88.7392 95.5091 84.7118 81.724 112.949 92.7265
4.18194 92.2674 108.705 104.976 92.8597 97.1134 99.1844
4.07556 117.5 88.5248 54.5075 52.1204 118.107 86.1519
3.91083 114.456 119.144 66.252 55.1391 79.4466 86.8873
3.9575 84.5682 66.8518 48.5121 55.9808 151.759 81.5344
