8.24167 154.363 140.758 141.96 161.532 119.158 & 143.554
8.55833 137.253 136.202 89.3965 79.2246 141.584 & 116.732
8.44167 138.239 114.808 95.3886 11.3187 141.784 & 100.308
8.33333 134.236 125.392 116.903 82.7508 139.755 & 119.807
8.225 27.9827 143.16 149.216 136.454 140.67 & 119.496
8.35833 124.52 119.243 105.159 102.554 86.7752 & 107.65
8.525 134.139 130.506 144.197 135.446 139.973 & 136.852
8.55 75.7152 147.564 57.2446 61.4096 114.671 & 91.3208
8.50833 48.4006 11.2974 17.0072 43.0213 139.755 & 51.8962
8.40833 132.353 128.627 116.436 119.117 130.72 & 125.45
8.48333 141.571 139.742 132.773 124.005 140.67 & 135.752
8.4 131.608 132.101 131.726 152.903 80.218 & 125.711
8.34167 59.624 79.576 120.249 69.0672 142.363 & 94.1759
8.29167 48.2394 119.825 125.157 120.638 139.755 & 110.723
8.45833 106.675 17.9471 34.8967 111.492 139.755 & 82.1532
8.43333 147.108 134.456 120.789 162.461 139.316 & 140.826
8.28333 55.0324 72.2004 57.7514 102.546 141.045 & 85.7152
8.41667 39.1274 50.088 132.352 63.3425 139.973 & 84.9765
8.25 50.1998 76.702 98.704 123.374 141.365 & 98.069
8.58333 68.8432 51.1975 64.4223 51.1167 142.618 & 75.6396
