4.15361 84.6658 77.5177 65.0467 81.7493 94.966 93.7825 65.0467    1122111
3.91583 69.3257 31.3421 19.1567 96.31 78.303 92.055 19.1567    1122111
3.95417 47.1017 30.2746 47.8301 85.4148 93.8188 157.186 30.2746    1122111
4.16778 74.1656 67.8601 81.7455 33.0609 116.508 153.817 33.0609    1122111
3.89972 87.6411 66.8829 89.117 84.6224 90.1528 136.277 66.8829    1122111
3.91417 82.3715 90.1168 95.3161 90.8323 124.717 105.535 82.3715    1122111
4.17361 28.8289 64.7656 57.9807 63.994 94.8965 172.467 28.8289    1122111
4.16361 29.1966 63.4835 46.0917 69.983 104.148 96.6661 29.1966    1122111
4.03194 14.1215 60.8652 61.4464 81.9531 11.2194 88.5946 11.2194    1122111
4.00889 50.7795 26.7469 41.4808 52.4022 10.3785 94.966 10.3785    1122111
3.92778 38.5442 47.697 57.7282 63.9123 7.38965 38.8279 7.38965    1122111
3.8425 61.2417 59.247 49.2456 50.4748 78.3286 82.4573 49.2456    1122111
3.99028 60.1507 33.9275 23.9127 12.945 161.716 91.1826 12.945    1122111
3.87056 31.7308 71.9774 77.1997 89.564 91.1826 97.5306 31.7308    1122111
4.12556 90.1367 123.682 81.7724 90.6362 108.342 93.8054 81.7724    1122111
4.12139 57.0567 75.0902 34.624 21.7921 106.7 90.2826 21.7921    1122111
4.01222 32.407 21.6671 34.5828 14.4543 110.44 112.532 14.4543    1122111
4.04194 66.5931 26.919 25.648 31.1717 101.692 117.519 25.648    1122111
3.97361 80.2926 32.5839 14.7766 25.3068 103.564 94.72 14.7766    1122111
4.14722 14.4072 51.4225 43.6015 57.5789 91.9798 95.6556 14.4072
continuarara