 cosx vtec
  0.45600738892222226        3.1388095203105523E-002
  0.47108470741343456        1.1266557126342261E-002
  0.45525285537850124        1.6147304182509994E-002
  0.45742033830511364        2.6590208887822465E-002
  0.37549993916720570        2.7965496839924199E-002
  0.46654984197021671        4.8858144319178523E-002
  0.73152311512442902       -1.2897270245265243E-003
  0.72195141697823306       -1.5853890733796313E-003
  0.76254763776963697        2.7911010227498938E-003
  0.68584472651137673        2.5617719413499748E-004
  0.67394891559407233        1.3981685127904576E-003
  0.78573667164215943       -5.1007868414364495E-003
  -9.1806951767739953E-002   9.1280395362138908E-005
   3.1514304092268297E-003   2.4790802105653944E-003
  0.11707362603367594        4.0766235908728171E-004
  -6.6562338239270491E-002  -1.1035258684171378E-003
  -7.0729009439538137E-002   4.7901094501673130E-004
  -4.0963930943319682E-002   1.5687779507678255E-003
  0.11973883237565963        2.7623175054397550E-003
   7.1478861900581836E-003   4.0197458449612528E-003
   6.4704869794345532E-002  -4.7835043372671920E-004
  -3.3257195938798334E-002  -3.4377783499088652E-003
  0.17302978968070160       0.24536648206127828     
  0.32236209549204825       0.18116790074331321     
  0.33572770661777518       0.18711093450550123     
  0.32557588083677774       0.18987606643068172     
  0.30099281900181041       0.21150504713415480     
  0.37993916666759131       0.18739092016021178     
  0.30547666019262892       0.18751340178758585     
  -1.1114489940860478E-002   1.7863194930720187E-002
   3.6508877108813592E-002   1.9575283317887330E-002
  0.15829071586730245        3.0287222014354839E-002
  0.13948091558981310        1.6668697761839574E-002
  0.23571386495232835        1.3116161486377044E-002
   1.0201721519988161E-002   2.5127913673000962E-002
  0.11695644466442311        1.0602088710713380E-002
  0.10594489817251819        1.3917213258329682E-002
  0.28826719327580780        1.0555076789434181E-002
  0.94012716681873354       -2.7604670143527199E-003
  0.88467170607901302       -1.1527491207212459E-004
  0.88822293987974055       -1.3811317215394021E-003
  0.91043018305652001        4.4922859168688416E-003
  0.97469445587251702       -1.2436391499969313E-003
  0.97411544490309554        2.0479110461447654E-004
  0.97659474425990866       -4.5297425071958546E-003
  0.99687619323258669        3.3594982712548912E-003
  0.96834650141558454       -1.0845568661108529E-002
  0.96947600225909980        2.4618362171800252E-002
  0.98077032519670793       -3.8686800322529163E-002
  0.99976259699384928        4.1191537438215890E-004
  0.76214424320048568        2.3041674179984772E-003
  0.76198732470212127       -2.7525199677435008E-004
  0.80055092324429067       -1.2724938539822386E-003
  0.73209191758092607       -2.9124891541573404E-003
  0.72412944750711949        1.6272398366837053E-003
  0.80351458408247312       -1.8118724865727565E-004
  0.56300308965104551       0.16537621692818413     
  0.57276982092738171       0.15934392381651821     
  0.59187467275929662        2.5444023499378923E-002
  0.55512521818238414       0.16245428121964881     
  0.61406914200528462       0.15838180996555629     
  0.53851854876582061       0.16540010551223430     
  0.33631185483311149       0.19077796878947312     
  0.35095562350467024       0.19748407119543368     
  0.32346912931162902       0.19677924073786038     
  0.30786517217084358       0.19784547479312053     
  0.61914332867561228        7.1904269094688437E-003
  0.59877975343896095       -4.0428397746459149E-004
  0.59720884631812021        8.0264766956408590E-004
  0.61096860975652934       -4.8977605447199585E-004
  0.50390108305113213       -4.6278575108834206E-003
  -8.3931346049657740E-002   6.6928927599418278E-002
   2.3251338706206839E-002   7.8420673010781289E-002
   9.4505496780021570E-003   6.1524758571879119E-002
  0.15917622451705982        3.4345231023820519E-002
  -7.7760525002672776E-003   4.5257741978062357E-002
  -2.4964763920703736E-002   6.0545584113714725E-002
  0.64730740563598133       -1.9673738106778019E-003
  0.64517970863587004        3.1601492638171458E-003
  0.63943413815992756       -3.5944424831929598E-003
  0.64641007557908714       -4.0640839485871225E-003
  0.54170349444123855        8.8320842817718771E-003
  0.47279426473931080        7.7012684142695968E-003
  0.47725360577871301        2.1670522914370286E-003
  0.46703673616760844        1.8489583781809297E-003
  0.47230759463177607        4.0539128396376491E-003
  0.39086080991618216        1.1603254861881261E-002
  0.56949683173791321       0.15621543594884907     
  0.59371771082219993       0.16669204073483934     
  0.58746817862071554       0.15831919765343447     
  0.56474490568255176       0.15216228660618406     
  0.61710282056363397       0.14958327736875440     
  0.54778982949626842       0.15520144799549179     
  0.90962043246127133       -2.0566632077150596E-002
  0.96133592783454547       -1.2701386721718732E-002
  0.89608968513032217       -4.1639714671229781E-003
  0.89571860829919681       -1.2944937963955926E-003
  0.90806794449275785       -5.6288340745692606E-003
  0.97358435798938392       -4.6381131940633384E-003
  0.47457847668481334       -1.8425442309917390E-003
  0.55235349607056139       -6.4994435822044718E-003
  0.58061704176331164       -1.5193500429710259E-003
  0.50958811357148426       -1.0268789279195456E-003
  0.50049070004936935       -2.8028151825057441E-004
  0.49066870209420588        5.2825112062993246E-004
  0.66808528312197291       -2.3291142227196697E-004
  0.55933785764135346       -1.0360885492778609E-003
  0.57391183036125004        2.9107282886670050E-005
  0.41573789605765482       -2.7870839953360914E-003
  0.53340991924199599        1.0504469837238101E-003
  0.86533510024551297        1.7706911728363754E-002
  0.95494965816383348        8.3064049308213578E-004
  0.86682170687877369       -9.0239836387568228E-003
  0.86160914103772934        2.1763725522982606E-002
  0.86739338101123087       -7.8960665841218552E-003
  0.86111491389696759        8.2147199687336817E-002
  0.52814632000423178       0.17979436456887404     
  0.52711919189575607       0.16086609414302988     
  0.54047484955542013       0.16159190962225733     
  0.51384534013668071       0.16379153790527184     
  0.58755095424109260       0.16523917677199620     
  0.49730338106124938       0.16719070424129434     
  0.17208643663176940       0.14616974875789149     
  0.27452514447241089       0.13480062142992202     
  0.27820621409196683       0.13244874296649659     
  0.39082716377950738       0.12622566330818735     
  0.25063929434611321       0.13218300977472652     
  0.33944948025272148       0.13403129489593524     
  0.25996502598196541       0.16718654530471480     
  0.82411571179378440        4.4968026919053892E-003
  0.82882079819973564        4.2981282663374643E-003
  0.87094448767925781        1.4764253058574511E-003
  0.78287212207116297        7.5457911314361602E-003
  0.86237872689559902        8.4268154823119001E-004
   1.4878926092645517E-002   4.5253359407055623E-004
   7.6287436510885875E-002   9.6129781111855802E-004
  -6.0684782089825418E-003  -3.0777218663015225E-003
  0.15259746239567334        1.1174027867113141E-003
  0.22470955258554329        4.3087592295885479E-004
  -1.5462618405220896E-004  -2.2641791912794453E-003
   4.7246836305971374E-003  -1.7650548315984085E-003
  0.10318904985184418        8.1385757764911872E-004
   9.7883698805064479E-002  -4.3943034735775886E-004
  0.89911642215086018       -6.3980360992366920E-003
  0.94097839602464706       -2.4152062409891399E-004
  0.87496955015598910       -1.6801410417189593E-004
  0.87643627222845322        3.3360350109583664E-003
  0.89337675849037668        4.1850298004085691E-003
  0.71284135453100494        8.7806748522432240E-002
  0.69330077145186753        4.9557197440978550E-002
  0.70724795193761292        3.7410694713585532E-002
  0.69950201696740155        4.7976232722304335E-002
  0.68541381664154233        6.5191784758076146E-002
  0.76415768272843454        6.2451256859090268E-002
  0.66102273602531159        8.2339747719577638E-002
  0.55930878990200117        1.8039901042231622E-002
  0.55843297506768264        9.4478455624341824E-003
  0.60998429193327941        7.0401137222157381E-004
  0.60834989452534338        6.7728585436055448E-003
  0.12215169707040455        1.3401480297468547E-003
  0.19382738534016286       -2.2287743463634928E-003
  0.28610783629122016        4.6502114942599477E-003
  0.32382559949744466       -5.4593737072498264E-003
   7.8787187079518706E-002  -2.8915610890522516E-003
  0.13386694792459902       -3.4230545147837048E-003
  0.21878047414799634       -3.1479813156236563E-003
  0.21423346677235960        1.0378312096303243E-003
   3.4918694480823340E-002  0.15502508079457533     
  0.12532779457052159       0.15193625256534618     
  0.12951462220222326       0.14234849483706394     
  0.29729434988903991       0.14808115052818685     
  0.10081126918557454       0.15622842766649297     
  0.21084441620850183       0.16013105653987095     
  0.36608128914049143       0.20000990441896402     
  0.36820049923531228       0.18849306004408550     
  0.38787505153611446       0.20000520977718561     
  0.35166710810917967       0.19102871679253400     
  0.33639846380441674       0.19544743668399317     
  0.16461957335061367       0.21606207179078721     
  0.18065458100163811       0.22397928138036893     
  0.15208085889384837       0.21680856679272215     
  0.13613315248447061       0.23013724365828847     
  0.46412875609653759       -9.8763709137592026E-004
  0.53110196482864924       -4.1869643802628563E-004
  0.54500413545508819        2.6979917087478181E-003
  0.39455724113095747       -2.0610140261236542E-002
  0.50697270132672412        1.2452667861203354E-003
  -7.9077768763550882E-002  -3.1242440398636237E-003
  -2.2975743713533947E-002  -1.7347450135841900E-003
  0.87436028629466422        1.8930705919911962E-002
  0.88555482309816858        1.1916057871492762E-002
  0.89899482153519827        2.6299998063288428E-002
  0.93302302184760888        3.0246794274645942E-002
  0.91808936444542422        1.8192433725313806E-002
  0.87216750835604795        2.2596442649661611E-002
  0.91237171450311860        3.6811161512725413E-002
  0.83934520220178865        1.8706940296745276E-002
  0.83094433272346491        4.3737613825485785E-002
  0.86242735881616994        5.4220707082015401E-002
  0.83432032895203179        2.2100578287264510E-002
  0.92375985203986366        3.8172727753038857E-002
  0.85693430736656406        3.4166946097695702E-002
  0.84354712766672435        3.9101947776732475E-002
  0.82074038568782870        3.1988908536078074E-002
  0.87285070675524967        1.7970343024593889E-002
  0.79371742154681280        4.5846785742042269E-002
  0.25441784636684783       -1.9788785958775273E-003
  0.44190071875953330        3.0912012073850120E-003
  0.48256324750476720       -1.0990283110258188E-003
  0.21946353432978621       -6.3503376515465252E-003
  0.40661277961876380       -6.4708599269172379E-004
  0.39949718844403626       -7.8571204327096563E-004
  0.56793814833378953        9.8326762151727080E-003
  0.63968316919852386        4.4944733756782226E-003
  0.60597865240825644        4.1619556586150374E-005
  0.60630316908509607        1.0181072196445450E-004
  0.62501169986093330        9.7886086240164469E-004
  0.50270398251109805        1.4547404301936036E-003
  0.92180973706259484       -6.6559077245274684E-002
  0.97754737756884147        1.2596067335274474E-002
  0.91663824435049179        7.0879289311199635E-003
  0.91432434468442159        6.6438648602652759E-003
  0.92318489738809095       -5.4175284405365660E-003
  0.97658770743991141        2.9433060817074527E-002
  0.31445491862570296       0.16996716393424466     
  0.32419357453777947       0.16878339842997775     
  0.30637698517135681       0.17779457800968479     
  0.28953265983885118       0.19331008144297543     
  0.93011249753424152        2.5771873650454365E-003
  0.95067036351010614       -1.3529777179666987E-003
  0.93503002316255168       -1.1808690353571833E-003
  0.87297842575474771        7.4402037411422828E-004
  0.96844067794070143        7.6328347695225137E-004
  0.74174756621195459        2.6846181032148721E-003
  0.87193964521501510        1.0945867007753183E-002
  0.72190125256035509        2.3432810183311586E-003
  0.72116801655875584       -3.2395965922499021E-004
  0.73496881750554055       -4.8797874420135490E-003
  0.58999464388362843       -5.2858658594888007E-004
  0.41528056477079722       -3.0756226850504678E-003
  0.51198217953645986        1.0429660983790989E-003
  0.49707683018927579       -3.9392958123306140E-003
  0.54238823051829488       -2.6960714250803385E-003
  0.47150415690545222       -1.8727780249503010E-003
  0.46385465575156803       -1.1094276968550666E-003
  0.84510970061555923       -6.5629287989389468E-002
  0.94969082578277908        3.7236779886469638E-002
  0.85584053109021008        2.3331244339242788E-002
  0.84636196894443927        5.3890500421188120E-002
  0.84876566238864837       -2.5957776823408510E-002
  0.83851311497538050        1.1119219847883991E-003
  0.91030166669097845        4.7128949035861690E-003
  0.48758285007541818        8.2660410074114427E-002
  0.52729538363250961        5.3228857593158180E-002
  0.49601639879722514        7.3020605151964693E-002
  0.49185593611826417        7.8166746204510071E-002
  0.39582701567315798        9.1071406014058096E-002
  0.48635990598009404        9.4915412526753465E-002
  0.46225060552469593       0.12187381817133008     
  0.48752013812786488        9.4451464532240188E-003
  0.48412069473985830        1.1453759532210719E-003
  0.47716918726586877        3.0972946582373577E-004
  0.48502182020048512        4.0459565148590155E-003
  0.40199609788141216       -2.9440414659286200E-003
  0.62419143931501675        9.1890626038973619E-002
  0.63167875957681341        8.9232693140954458E-002
  0.70263230686727196        7.9305013365230340E-002
  0.62841584578373022       0.10785865931896235     
  0.59451718900867934        9.8507271950027134E-002
  0.66566331235067511        8.8057338305888105E-002
  0.60381462222122451       0.10911163290952455     
  0.93876834970546275       -3.3425157168294802E-003
  0.94952496670867059       -3.8818913480724538E-003
  0.96188855720247601        8.9833006876898162E-003
  0.98518074358597940       -1.3661553311033220E-002
  0.97383352053802663       -8.8073565653271145E-004
  0.93547102807604465        4.9149835120062069E-003
  0.97694736912008395       -2.4785332552559099E-003
  0.63155154330778207        5.4750847723127635E-004
  0.62354951411481163       -4.2505274616567703E-004
  0.66356566494517955       -1.3171948025796579E-003
  0.59763280686923503       -1.8023279581236178E-003
  0.58959162908282869        8.3129325865411764E-004
  0.68150100991260121        1.6411836388117915E-003
  0.65721750533919432       0.13246439172701949     
  0.65412046213518993       0.11013581044319495     
  0.68944379639792142       0.11128465476742398     
  0.66414169069188456       0.11089543821439511     
  0.64250016560991630       0.11116968048219136     
  0.70843674492365916       0.10889889671508828     
  0.62326483872270666       0.12766311865842941     
  -5.5544375944941438E-002   8.4916412160106983E-004
  -1.7028628633579124E-003  -5.4668864384596884E-005
  0.18093963499617310       -4.2244938179285637E-004
  -8.2542502131799922E-002  -3.3303824079798957E-003
  -4.6521887710943510E-002   2.9710001599958600E-004
   2.1675478877745957E-002   4.4567733278943306E-004
   1.9954544631536286E-002  -2.3710797897497052E-003
  0.78993957351240329        9.8087097748654267E-004
  0.81856194796686177        9.4037645013731136E-004
  0.75416995058511560        1.0679193046887114E-003
  0.73993443416758264       -1.1549248023281166E-003
  0.84295123938588234        1.8992592505824720E-003
  0.80155246716783390        5.5251441139887595E-003
  0.80494570153394940        4.3041167197905104E-003
  0.84617678084985237        1.1148198628110624E-003
  0.76896069432185643       -1.3085628101525500E-003
  0.81234270372040496        6.9246880664974152E-003
  0.76323410772530165        5.5167347462069475E-003
  0.84043143253976749        2.1253009273816455E-003
  0.77871589376755046        8.4135536254450499E-002
  0.80306706488302859        8.2703558476082906E-002
  0.78852372804031678        7.5380639790021020E-002
  0.80204816311765059        5.4533390711802091E-002
  0.77200692415358785        6.4489324284025470E-002
  0.82045704449741974        7.1651545479248444E-002
  0.74965745628613178        9.0258191014254516E-002
  0.37346965512618380       0.22177906897442204     
  0.36932137896361905       0.19590597892690828     
  0.38547876365909417       0.20224077677783442     
  0.35512219982526450       0.19946131417052668     
  0.45244548218796221       0.21899558070053621     
  0.33968815713019873       0.20788173597004292     
  0.86242991544498826        2.4799101011279450E-002
  0.93605382676639359        8.4751966823167141E-004
  0.84969519953811989       -1.8370760649632202E-002
  0.84862048784516086       -1.0370612665447969E-002
  0.86014607733422055       -6.4404368176136234E-003
  0.95060931083022671        2.5476774128805581E-002
  0.92526513722908033        1.9621664489074078E-003
  0.93114237263795030       -8.6461834010806492E-004
  0.96505469437186420       -6.8462720169913715E-004
  0.85683641259302767        3.7369930714168309E-003
  0.96330206670003093        8.6660225717047866E-004
  0.81300081928192813       -5.3442707312885435E-003
  0.92741641712360201        3.7478703672659777E-002
  0.80928495858074401       -2.1772687804446937E-003
  0.80543689545610253        1.0759656352642602E-003
  0.81306557635023091        4.2652573153633314E-002
  0.91395812435854973       -3.3462569972034603E-002
  0.87877375783386025       -5.4098435224847240E-003
  0.90658416844040113        1.0679439633908623E-003
  0.83697782426921774       -1.1953104522261194E-003
  0.81657794756836977        8.8012785027625573E-004
  0.92138401733769171        8.7154376573935952E-004
