 cosx vtec
  0.64752253181619523       -9.6162401822252549E-004
  0.68942231516180963       -3.1685733285309186E-004
  0.59135548080842215        1.2930267714109428E-003
  0.62620595355427544        7.5567409252068395E-005
  0.66529384608396736        3.9073304018642291E-003
  0.69896424591253115       -7.3190681211835254E-004
  0.66890158286312507       -5.0381838196475351E-004
  0.68568803315843352       -1.2897270245265243E-003
  0.79292060969234324       -1.5853890733796313E-003
  0.83268175713136872        2.7911010227498938E-003
  0.88711274447479394        2.5617719413499748E-004
  0.81798948166626517        1.3981685127904576E-003
  0.77361358145514025       -5.1007868414364495E-003
  0.73102831446731964       -1.4334823602417959E-004
  0.77349316310655547        9.1280395362138908E-005
  0.67048140718317506        2.6484931139093269E-003
  0.74414317928783369        2.4790802105653944E-003
  0.84758927745857904        4.0766235908728171E-004
  0.70674291546151891       -1.5515789069554193E-003
  0.75444035085904237       -3.5281456368758475E-003
  0.77524728944745158       -1.1035258684171378E-003
  0.74184827365043038        4.7901094501673130E-004
  0.75749463323006128        1.5687779507678255E-003
  0.73922152699847565        2.7623175054397550E-003
  0.75112419395521457        4.0197458449612528E-003
  0.80693632586187125       -4.7835043372671920E-004
  0.69665277993793562       -3.4377783499088652E-003
  -7.3621103595535628E-002  0.21150504713415480     
  0.60831176310100132        1.7863194930720187E-002
  0.53493291703950308        1.9575283317887330E-002
  0.50854296738669535        3.0287222014354839E-002
  0.57988007508079620        1.6668697761839574E-002
  0.66390641761508962        1.3116161486377044E-002
  0.56317200111109644        2.5127913673000962E-002
  0.65591517947506794        1.0602088710713380E-002
  0.58748115861007622        1.3917213258329682E-002
  0.57885373492191938        1.0555076789434181E-002
  0.62512069874783138       -2.7604670143527199E-003
  0.55892780246970308       -1.1527491207212459E-004
  0.50620536252623682       -1.3811317215394021E-003
  0.43163721497276863        4.4922859168688416E-003
  0.55904270671294121       -1.2436391499969313E-003
  0.56082548557194090        2.0479110461447654E-004
  0.32135063159399269       -4.5297425071958546E-003
  0.56500660960190896        3.3594982712548912E-003
  0.52549193297539021       -1.0845568661108529E-002
  0.44368360983637822        2.4618362171800252E-002
  0.37828560265924027       -3.8686800322529163E-002
  0.50440520776067854        4.1191537438215890E-004
  0.58738109634536273        2.3041674179984772E-003
  0.65275725215268543       -2.7525199677435008E-004
  0.68900408368489452       -1.2724938539822386E-003
  0.78221223362708314       -2.9124891541573404E-003
  0.67825768981362400        1.6272398366837053E-003
  0.63786827461375251       -1.8118724865727565E-004
  0.14204602733823771        5.2849905566731969E-002
  0.24203493744627366        3.8106920053663500E-002
   9.6475074977200009E-002   6.3276848475789002E-002
  -1.4011437314642827E-002   7.0919116972806243E-002
  0.11883087187233218       0.10519336145341916     
  0.17579086373575362        5.0497807114577992E-002
  0.29371853703566964        5.3512534605510184E-002
   3.9799513551280696E-002   7.5890816554633062E-002
  0.10103207844976939        6.5135368128468984E-002
  0.20256021729726625        6.0586009130342254E-002
   1.8894348773229291E-002   7.1904269094688437E-003
  0.13963728787296836       -4.0428397746459149E-004
  0.10466086993288642        8.0264766956408590E-004
   6.4784399920723656E-002  -4.8977605447199585E-004
   8.9866324312436047E-003  -4.6278575108834206E-003
  0.51614957899013014       -1.1004490245101013E-003
  0.54991305473768970       -8.3599036980587562E-005
  0.34492617114204943       -7.6881997226430749E-004
  0.49744099002626196       -1.8436084074217239E-004
  0.51889998543842353        8.0550389157429145E-004
  0.59039063819026605        9.8471546486337408E-004
  0.47321272147848015       -6.6271548454806327E-004
  0.46047672432876202        5.8068373183961623E-002
  0.38704972152897077        6.6928927599418278E-002
  0.36531081190183801        7.8420673010781289E-002
  0.42894753898791088        6.1524758571879119E-002
  0.55725331770640063        3.4345231023820519E-002
  0.41195188795278248        6.3733997491919478E-002
  0.53061481598908555        4.5257741978062357E-002
  0.24888301917221817       0.10812904251234406     
  0.43574879215593332        6.0545584113714725E-002
  -5.4542374092000911E-003   3.1601492638171458E-003
  -4.7082249218983296E-002  -3.5944424831929598E-003
  -7.9195841169584724E-002  -4.0640839485871225E-003
  0.23370213940860957        4.4498150413293282E-003
  0.30322585267865715        1.7487307358282290E-002
  0.18694282413073143        4.1352447010887541E-002
   8.9226824121259513E-002   2.9894771136291815E-002
  0.21349695738407320        4.3363388991551628E-002
  0.25281148912902207       -3.1374722056225199E-002
  -5.8238009390333093E-002   4.4487769866509388E-002
  0.35554294824955734        9.1331953273705319E-003
  0.11875387065067475        3.6179897849154104E-002
  0.19298933196849871        1.7362169594392445E-002
  0.31543644311521690        2.1612762921603676E-002
  -6.4039825748577070E-002   1.5067994553094507E-004
  -4.0437244698817092E-002  -6.6718014027117778E-004
  0.26137360683203748       -2.0566632077150596E-002
  0.49199761111460777       -1.2701386721718732E-002
  0.41476413238215226       -4.1639714671229781E-003
  0.36456833845028003       -1.2944937963955926E-003
  0.31373713411943238       -5.6288340745692606E-003
  0.41382877473301383       -4.6381131940633384E-003
  0.98641563640766927       -1.8425442309917390E-003
  0.93218345023820470       -6.4994435822044718E-003
  0.96683295452010409       -1.5193500429710259E-003
  0.97691260512827327       -1.0268789279195456E-003
  0.94724959750457716       -2.8028151825057441E-004
  0.77417735334213900        5.2825112062993246E-004
  0.79441614010858164       -2.3291142227196697E-004
  0.68483857457043629       -1.0360885492778609E-003
  0.63345101237827761        2.9107282886670050E-005
  0.73902284258061168       -2.7870839953360914E-003
  0.82229338532929563        1.0504469837238101E-003
  0.58033853011772052        1.2428388263224378E-003
  0.62104502404881246       -2.6804108066335843E-004
  0.52301884124154729        5.3309663252945824E-003
  0.56055028786119088       -1.7674594537552189E-004
  0.59360275227930892        1.4058700887975260E-003
  0.63908349819054200        3.4385848994467221E-003
  0.37322811722365368        7.1561491682741601E-004
  0.52443426970678297       -1.9313477136490538E-003
  0.61797786542558220        4.6256906650562378E-004
  0.10035907759331088        1.7706911728363754E-002
  0.32399556948818486        8.3064049308213578E-004
  0.21913871208236094       -9.0239836387568228E-003
  0.16643391048372261        2.1763725522982606E-002
  0.12940116684284353       -7.8960665841218552E-003
   1.4293190700270714E-002   8.2147199687336817E-002
  0.17617534154804734       0.14616974875789149     
  0.17125165732813605       0.13480062142992202     
  0.21537437435829024       0.13244874296649659     
  0.32286235163705346       0.12622566330818735     
  0.23307687275601982       0.13218300977472652     
  0.20984088295834719       0.13403129489593524     
   7.9494297956831717E-002  0.16718654530471480     
  0.43155061318167665        4.4968026919053892E-003
  0.49215246386826383        4.2981282663374643E-003
  0.53069878311963303        1.4764253058574511E-003
  0.53537413928466282        7.5457911314361602E-003
  0.47374143108743672        8.4268154823119001E-004
  0.80648959385913077        4.5253359407055623E-004
  0.84876663799479357        9.6129781111855802E-004
  0.73504208065765408       -3.0777218663015225E-003
  0.80604665723229729        1.1174027867113141E-003
  0.87515082265452271        4.3087592295885479E-004
  0.77730448822531117       -2.2641791912794453E-003
  0.83571501702091289       -1.7650548315984085E-003
  0.84473400543857680        8.1385757764911872E-004
  0.81045703541649960       -4.3943034735775886E-004
  -3.6340939118233911E-002  0.13828575727672404     
  -9.8254834140351466E-002  0.13496985917050677     
  -7.6960105566417886E-002  0.13312764346030101     
  -1.7875032173708338E-002  0.14286392655987321     
  0.29840247412301690       -6.3980360992366920E-003
  0.55445995955598315       -2.4152062409891399E-004
  0.47712367060372762       -1.6801410417189593E-004
  0.42903323124028647        3.3360350109583664E-003
  0.36929811710034399        4.1850298004085691E-003
  0.51395542131589322        1.8039901042231622E-002
  0.56635553458271615        9.4478455624341824E-003
  0.61499389790973047        7.0401137222157381E-004
  0.55599010539594218        6.7728585436055448E-003
  0.90584812595029551        1.3401480297468547E-003
  0.93717755608946629       -2.2287743463634928E-003
  0.91041672119361083        4.6502114942599477E-003
  0.96061347731572810       -5.4593737072498264E-003
  0.87243096930373309       -2.8915610890522516E-003
  0.92149804755108766       -3.4230545147837048E-003
  0.93945850009482679       -3.1479813156236563E-003
  0.91601190663667154        1.0378312096303243E-003
  0.43241588373126022        7.8589178373334942E-004
  0.47754568207936204        8.1466062100912489E-003
  0.37581451515079334       -1.6584863994053397E-002
  0.25645728222346947       -1.3931294641972591E-003
  0.41376210129221880        5.5444735493517883E-003
  0.44316063754067270        9.1762047814772235E-003
  0.51224265637780042       -1.2828109273727184E-002
  0.26643214788511799        3.2156347579018912E-003
  0.38941735860985893       -1.6253284049114482E-003
  0.50939334497453315        7.0115968919918338E-003
   9.5152805040199046E-002  0.15502508079457533     
   8.7710575096804660E-002  0.15193625256534618     
  0.13366395912668497       0.14234849483706394     
  0.29159741990355964       0.14808115052818685     
  0.14963547130975594       0.15622842766649297     
  0.13285320134068337       0.16013105653987095     
  -3.9204860526028895E-002  0.14745223535839036     
  0.75097501952079981       -9.8763709137592026E-004
  0.66160238284372186       -4.1869643802628563E-004
  0.61267317477786931        2.6979917087478181E-003
  0.71367833123388014       -2.0610140261236542E-002
  0.80599650344206464        1.2452667861203354E-003
  0.80576486973958328        1.2527483998860428E-003
  0.78008682476211511       -1.7301745083221845E-004
  0.81079031635691023       -3.1242440398636237E-003
  0.84876796720257630       -1.7347450135841900E-003
  0.74123942385587149        2.6230552523900720E-003
  0.23851023769658800        1.8930705919911962E-002
  0.31321870740029323        1.1916057871492762E-002
  0.14170453917533449        2.6299998063288428E-002
  0.35244739679154458        3.0246794274645942E-002
  0.15537156907408076        1.8192433725313806E-002
  0.15872530258287834        2.2596442649661611E-002
  0.28063453117550152        3.6811161512725413E-002
  0.12565796970073956        1.8706940296745276E-002
  -9.8900942077975451E-003   4.3737613825485785E-002
  0.12022407463469856        5.4220707082015401E-002
  -5.5907811412079345E-002   2.2100578287264510E-002
  0.15625461473973992        3.8172727753038857E-002
  -8.1025958527041197E-003   3.4166946097695702E-002
  -4.2259098111515098E-002   3.9101947776732475E-002
  -6.5478412775150707E-002   3.1988908536078074E-002
   3.7365230057555876E-002   1.7970343024593889E-002
  -9.7469202047332448E-002   4.5846785742042269E-002
  0.90121630693232602       -1.9788785958775273E-003
  0.87799891113249873        3.0912012073850120E-003
  0.92031656582422328       -1.0990283110258188E-003
  0.85106531786883377       -6.3503376515465252E-003
  0.92594953379551692       -6.4708599269172379E-004
  0.88927924418941062       -7.8571204327096563E-004
  0.86147547496698218        9.8326762151727080E-003
  0.10154967737203421        4.4944733756782226E-003
  0.25069971642243771        4.1619556586150374E-005
  0.21629007816446572        1.0181072196445450E-004
  0.16799514061978874        9.7886086240164469E-004
  0.10380231046588115        1.4547404301936036E-003
  0.22547672686019818       -6.6559077245274684E-002
  0.44040831469403818        1.2596067335274474E-002
  0.36763131533462673        7.0879289311199635E-003
  0.31211478440153873        6.6438648602652759E-003
  0.26635023822948478       -5.4175284405365660E-003
  0.35986273564610038        2.9433060817074527E-002
  0.52786813275133448        9.9820059252443555E-003
  0.59656822016080835       -3.7000416006854219E-004
  0.47842314141084913        1.8675346546876515E-002
  0.53938344989239895        1.4043305679535661E-002
  0.50274059626726975        1.3691458398637160E-002
  0.57352892410226308       -3.2657256707119119E-003
  0.58954286830602920        3.4037502207289396E-003
  0.36001172233951673        3.1281954673396055E-002
  0.53517018943450612        1.2257620280420930E-002
  0.72934322965160381        2.5771873650454365E-003
  0.74342134064031451       -1.3529777179666987E-003
  0.70924846998297775       -1.1808690353571833E-003
  0.85848662119980268        7.4402037411422828E-004
  0.69156845090266417        7.6328347695225137E-004
  0.13222052156635916        2.6846181032148721E-003
  0.43362400905074910        1.0945867007753183E-002
  0.26430575977445719        2.3432810183311586E-003
  0.22692997983286678       -3.2395965922499021E-004
  0.18317197223275683       -4.8797874420135490E-003
   8.0079205044391713E-002  -5.2858658594888007E-004
  0.89195050628995409       -3.0756226850504678E-003
  0.69001242107475669        1.0429660983790989E-003
  0.77199650520753949       -3.9392958123306140E-003
  0.81535014438878939       -2.6960714250803385E-003
  0.83923436917632488       -1.8727780249503010E-003
  0.78463843378310494       -1.1094276968550666E-003
   1.4141843984725871E-002  -6.5629287989389468E-002
  0.24377246650405593        3.7236779886469638E-002
  0.13158208524869677        2.3331244339242788E-002
   7.0128763089863988E-002   5.3890500421188120E-002
   3.6337839117370457E-002  -2.5957776823408510E-002
  -3.8432908697996898E-002   1.1119219847883991E-003
  0.11725268217425945        4.7128949035861690E-003
  0.14507804727264856        9.1890626038973619E-002
  0.19375764105420495        8.9232693140954458E-002
  0.26446664660600128        7.9305013365230340E-002
   7.3187705280008647E-002  0.10785865931896235     
  0.23771314627746798        9.8507271950027134E-002
  0.17754459476266379        8.8057338305888105E-002
   7.1386463212831042E-002  0.10911163290952455     
  0.36224509569746099       -3.3425157168294802E-003
  0.46014305732511662       -3.8818913480724538E-003
  0.25792026286202163        8.9833006876898162E-003
  0.48346450582486278       -1.3661553311033220E-002
  0.29193030685602633       -8.8073565653271145E-004
  0.24429501864769582        4.9149835120062069E-003
  0.42121113844774483       -2.4785332552559099E-003
  0.67934347167337750        5.4750847723127635E-004
  0.75481799087214452       -4.2505274616567703E-004
  0.79332397443206826       -1.3171948025796579E-003
  0.83521805937816773       -1.8023279581236178E-003
  0.77112822147714921        8.3129325865411764E-004
  0.74172509846461010        1.6411836388117915E-003
  0.82393785156873856        8.4916412160106983E-004
  0.85692664100309135       -5.4668864384596884E-005
  0.74025056635125808       -1.3352013552095448E-003
  0.92120347779354705       -4.2244938179285637E-004
  0.79831446596820066       -3.3303824079798957E-003
  0.83764661798379070        2.9710001599958600E-004
  0.86350844597264920        4.4567733278943306E-004
  0.84134432409006110       -2.3710797897497052E-003
  0.82766523738219500        9.8087097748654267E-004
  0.85628733719873806        9.4037645013731136E-004
  0.90615210017697545        1.0679193046887114E-003
  0.85564305164730026       -1.1549248023281166E-003
  0.80755536698838126        1.8992592505824720E-003
  0.47693384299949726        5.5251441139887595E-003
  0.53669084274549905        4.3041167197905104E-003
  0.57485076118977396        1.1148198628110624E-003
  0.74284326035919934       -1.3085628101525500E-003
  0.31816202659324766        6.9246880664974152E-003
  0.57198013387679503        5.5167347462069475E-003
  0.52008118490425037        2.1253009273816455E-003
  -4.9086490833572638E-002   8.4135536254450499E-002
   5.0303194382496419E-002   8.2703558476082906E-002
  -9.4054589090239199E-002   5.4533390711802091E-002
  -9.2480147916318423E-003   7.1651545479248444E-002
  0.58293445248736575       -8.5020807505557317E-004
  0.56342099257925826       -1.5506346889086720E-004
  0.58747419187052385       -5.1013352026934482E-003
  0.64632715410384478       -2.5845571095877728E-003
  0.53804132787236247        4.6924016013175840E-003
  0.20653173103484468        2.4799101011279450E-002
  0.44408795024709941        8.4751966823167141E-004
  0.34335869267505448       -1.8370760649632202E-002
  0.29875213303685949       -1.0370612665447969E-002
  0.25341286610911334       -6.4404368176136234E-003
  0.35127875534108954        2.5476774128805581E-002
  0.47331069475223736        1.9621664489074078E-003
  0.56274322395553045       -8.6461834010806492E-004
  0.58923293061562954       -6.8462720169913715E-004
  0.63810290861204921        3.7369930714168309E-003
  0.53433368248716206        8.6660225717047866E-004
  0.54660885816286253        8.3818313049875796E-003
  0.61613307790875582        2.6070822242617044E-003
  0.49602869096172519        1.8072617873496892E-002
  0.55367263685413992        1.3724598829335260E-002
  0.52060554486688571        1.3313824791760968E-002
  0.59594915206809684        2.0056339037771636E-004
  0.60601340943209769        4.3708906987681489E-003
  0.36833850761135717        3.5249432613144997E-002
  0.55168458434678080        1.1506305277751162E-002
   7.9045332389351686E-002  -5.3442707312885435E-003
  0.33197524515317800        3.7478703672659777E-002
  0.19256658356597417       -2.1772687804446937E-003
  0.14755656223810076        1.0759656352642602E-003
  0.11084451714404737        4.2652573153633314E-002
  0.20415985239665563       -3.3462569972034603E-002
  0.75474426982631249       -5.4098435224847240E-003
  0.77975746795244194        1.0679439633908623E-003
  0.86510985104547322       -1.1953104522261194E-003
  0.79941212256061278        8.8012785027625573E-004
  0.73053461736168590        8.7154376573935952E-004
