 cosx vtec
  0.18405264014452066        3.1388095203105523E-002
  0.23584847766027733        1.1266557126342261E-002
  0.20192386210832342        1.6147304182509994E-002
  0.19197934748805789        2.6590208887822465E-002
  0.11596280229131006        2.7965496839924199E-002
  0.16880739304690134        4.8858144319178523E-002
   3.4827813521208173E-002  -9.6162401822252549E-004
   8.4547985282638072E-002  -3.1685733285309186E-004
  -4.1470634941233597E-003   1.2930267714109428E-003
   1.7049079810975365E-002   7.5567409252068395E-005
   4.4606129616189427E-002   3.9073304018642291E-003
  0.10712505328324079       -7.3190681211835254E-004
   9.4325025831718146E-002  -5.0381838196475351E-004
  0.81375571223189969       -1.2897270245265243E-003
  0.84900078981589222       -1.5853890733796313E-003
  0.89483531291014196        2.7911010227498938E-003
  0.85940080153736820        2.5617719413499748E-004
  0.82327249829986737        1.3981685127904576E-003
  0.88871899999517667       -5.1007868414364495E-003
  0.18327237391798423       -1.4334823602417959E-004
  0.23733469337679380        9.1280395362138908E-005
  0.14520867731246789        2.6484931139093269E-003
  0.29622417386007038        2.4790802105653944E-003
  0.42163438177807983        4.0766235908728171E-004
  0.16453602042686594       -1.5515789069554193E-003
  0.19032373477275549       -3.5281456368758475E-003
  0.25676469088612802       -1.1035258684171378E-003
  0.24048177255717168        4.7901094501673130E-004
  0.26875345358584485        1.5687779507678255E-003
  0.38081480289434311        2.7623175054397550E-003
  0.30194747009805789        4.0197458449612528E-003
  0.36670976164643987       -4.7835043372671920E-004
  0.25044527727167992       -3.4377783499088652E-003
   6.0996720334349275E-002  0.24536648206127828     
  0.16798913394476522       0.18116790074331321     
  0.19875001039326529       0.18711093450550123     
  0.14940640050244663       0.18987606643068172     
  0.19432981353198886       0.21150504713415480     
  0.22533943108827229       0.18739092016021178     
  0.13584696473122315       0.18751340178758585     
  0.23199160337503311        1.7863194930720187E-002
  0.23835939206359502        1.9575283317887330E-002
  0.31832698051987690        3.0287222014354839E-002
  0.33253905946038853        1.6668697761839574E-002
  0.43715036703812332        1.3116161486377044E-002
  0.22998599094037886        2.5127913673000962E-002
  0.34584939261186309        1.0602088710713380E-002
  0.31064961739104174        1.3917213258329682E-002
  0.44256694890224624        1.0555076789434181E-002
  0.94466740548281458       -2.7604670143527199E-003
  0.87736523730240346       -1.1527491207212459E-004
  0.85917934174515176       -1.3811317215394021E-003
  0.84621290003732963        4.4922859168688416E-003
  0.94422795037807128       -1.2436391499969313E-003
  0.94450226705108942        2.0479110461447654E-004
  0.85176646343608931       -4.5297425071958546E-003
  0.96304716849380312        3.3594982712548912E-003
  0.92626609038504548       -1.0845568661108529E-002
  0.89479580624535970        2.4618362171800252E-002
  0.87735106957538800       -3.8686800322529163E-002
  0.94125617289550512        4.1191537438215890E-004
  0.79765910462319711        2.3041674179984772E-003
  0.82336169606619825       -2.7525199677435008E-004
  0.86629963987272307       -1.2724938539822386E-003
  0.85229827718687201       -2.9124891541573404E-003
  0.80533345919686750        1.6272398366837053E-003
  0.84830424115365655       -1.8118724865727565E-004
  0.29396577370687310       0.16537621692818413     
  0.28143663898682486       0.15934392381651821     
  0.29726301978317882        2.5444023499378923E-002
  0.27127001043578558       0.16245428121964881     
  0.34757624219840633       0.15838180996555629     
  0.25585332426053109       0.16540010551223430     
  -2.6035907804303760E-003  0.19077796878947312     
   1.1341253763443304E-002  0.19748407119543368     
  -1.2540584490520590E-002  0.19677924073786038     
  -2.7127366835197342E-002  0.19784547479312053     
  0.46700698268551788        7.1904269094688437E-003
  0.49957769445292305       -4.0428397746459149E-004
  0.48459845807276009        8.0264766956408590E-004
  0.47906288071433584       -4.8977605447199585E-004
  0.37755819015951247       -4.6278575108834206E-003
  -7.8169206216756160E-002  -8.3599036980587562E-005
  -3.7975017170217340E-002   9.8471546486337408E-004
   7.8998514636805739E-002   5.8068373183961623E-002
   9.0561746281414640E-002   6.6928927599418278E-002
  0.16153028466568473        7.8420673010781289E-002
  0.17641907017904856        6.1524758571879119E-002
  0.33822144906405688        3.4345231023820519E-002
   8.1059367008530253E-002   6.3733997491919478E-002
  0.20378456128776659        4.5257741978062357E-002
  -9.1546278068703468E-002  0.10812904251234406     
  0.15356111288132770        6.0545584113714725E-002
  0.43879024683360002       -1.9673738106778019E-003
  0.47671588439980300        3.1601492638171458E-003
  0.45601117970695138       -3.5944424831929598E-003
  0.44850626214423217       -4.0640839485871225E-003
  0.34576731380640535        8.8320842817718771E-003
  0.22896742809010656        7.7012684142695968E-003
  0.27073407839670044        2.1670522914370286E-003
  0.24490143910682172        1.8489583781809297E-003
  0.23699294376626762        4.0539128396376491E-003
  0.16216018772690743        1.1603254861881261E-002
  0.32842168046779863       0.15621543594884907     
  0.37890077367045483       0.16669204073483934     
  0.31803864196618004       0.15831919765343447     
  0.30754598435665098       0.15216228660618406     
  0.37813366452189678       0.14958327736875440     
  0.29251380174017577       0.15520144799549179     
  0.77836953005080078       -2.0566632077150596E-002
  0.90783471103997582       -1.2701386721718732E-002
  0.82890529155444104       -4.1639714671229781E-003
  0.80880600079576959       -1.2944937963955926E-003
  0.79789720345848303       -5.6288340745692606E-003
  0.88605454430046815       -4.6381131940633384E-003
  0.74181101897296564       -1.8425442309917390E-003
  0.77811979087935379       -6.4994435822044718E-003
  0.81278192145710082       -1.5193500429710259E-003
  0.76404308366342299       -1.0268789279195456E-003
  0.74557589912319799       -2.8028151825057441E-004
  0.66993417697552249        5.2825112062993246E-004
  0.80961051100628700       -2.3291142227196697E-004
  0.68561965265773295       -1.0360885492778609E-003
  0.67614231818686266        2.9107282886670050E-005
  0.60043489361306412       -2.7870839953360914E-003
  0.72066037635285463        1.0504469837238101E-003
  -7.2111244173724387E-002   1.2428388263224378E-003
  -2.4244885138058003E-002  -2.6804108066335843E-004
  -9.0929836372553863E-002  -1.7674594537552189E-004
  -6.0645270359491077E-002   1.4058700887975260E-003
   2.8411778540026744E-003   3.4385848994467221E-003
  -1.7029060633160231E-003   4.6256906650562378E-004
  0.68191014725999644        1.7706911728363754E-002
  0.83674545927412081        8.3064049308213578E-004
  0.72992328886242719       -9.0239836387568228E-003
  0.70523962873005153        2.1763725522982606E-002
  0.69490747615845594       -7.8960665841218552E-003
  0.64478773649347099        8.2147199687336817E-002
  0.22933533262094041       0.17979436456887404     
  0.21148609077381486       0.16086609414302988     
  0.22435546873866241       0.16159190962225733     
  0.20159067730283370       0.16379153790527184     
  0.29206955363347248       0.16523917677199620     
  0.18541449621183315       0.16719070424129434     
  0.19730431160141276       0.14616974875789149     
  0.27139259248712722       0.13480062142992202     
  0.29155020452939717       0.13244874296649659     
  0.41759085505611782       0.12622566330818735     
  0.27808054946837968       0.13218300977472652     
  0.33482127626684888       0.13403129489593524     
  0.22434786475129442       0.16718654530471480     
  0.78211374967737968        4.4968026919053892E-003
  0.80953953305701898        4.2981282663374643E-003
  0.85602801183858257        1.4764253058574511E-003
  0.79250474856585129        7.5457911314361602E-003
  0.82717605585371556        8.4268154823119001E-004
  0.32955116253427696        4.5253359407055623E-004
  0.39182673837482884        9.6129781111855802E-004
  0.28578660227285463       -3.0777218663015225E-003
  0.43159467728992557        1.1174027867113141E-003
  0.51240959896007809        4.3087592295885479E-004
  0.30686675256356666       -2.2641791912794453E-003
  0.33355642868503887       -1.7650548315984085E-003
  0.41020123662577146        8.1385757764911872E-004
  0.39272642793227430       -4.3943034735775886E-004
  0.78519700979313789       -6.3980360992366920E-003
  0.91739310533985852       -2.4152062409891399E-004
  0.83785705811283850       -1.6801410417189593E-004
  0.81995330115933940        3.3360350109583664E-003
  0.80893575165166420        4.1850298004085691E-003
  0.43564331363464498        8.7806748522432240E-002
  0.40825520413880495        4.9557197440978550E-002
  0.43618096358619063        3.7410694713585532E-002
  0.41794633309760065        4.7976232722304335E-002
  0.39542915160208575        6.5191784758076146E-002
  0.49748498409298947        6.2451256859090268E-002
  0.36459248511343872        8.2339747719577638E-002
  0.61811104924740479        1.8039901042231622E-002
  0.63815541679513921        9.4478455624341824E-003
  0.69562699660877381        7.0401137222157381E-004
  0.67111148460604308        6.7728585436055448E-003
  0.44841168065464609        1.3401480297468547E-003
  0.51398428472739821       -2.2287743463634928E-003
  0.57190866658374884        4.6502114942599477E-003
  0.61972806393538726       -5.4593737072498264E-003
  0.40302789566931851       -2.8915610890522516E-003
  0.46328769533797376       -3.4230545147837048E-003
  0.53340596120525607       -3.1479813156236563E-003
  0.52077126560966858        1.0378312096303243E-003
   6.3496382899539114E-002  0.15502508079457533     
  0.12766131026596103       0.15193625256534618     
  0.14891729653306449       0.14234849483706394     
  0.33582077016376211       0.14808115052818685     
  0.13392052993049441       0.15622842766649297     
  0.20896228885345908       0.16013105653987095     
   5.8877246422376184E-002  0.20000990441896402     
   4.2051574169192751E-002  0.18849306004408550     
   5.8824927502410529E-002  0.20000520977718561     
   3.1394099390032237E-002  0.19102871679253400     
   1.7813119046230230E-002  0.19544743668399317     
  0.64107218971150526       -9.8763709137592026E-004
  0.65548551600036098       -4.1869643802628563E-004
  0.64648043161887814        2.6979917087478181E-003
  0.57470470598861934       -2.0610140261236542E-002
  0.69460181265108811        1.2452667861203354E-003
  0.24358325745026665        1.2527483998860428E-003
  0.19594171050205594       -1.7301745083221845E-004
  0.26151243562656046       -3.1242440398636237E-003
  0.31815143063508078       -1.7347450135841900E-003
  0.17808816026305829        2.6230552523900720E-003
  0.74316904061067079        1.8930705919911962E-002
  0.78098260961642585        1.1916057871492762E-002
  0.72322190625310723        2.6299998063288428E-002
  0.83170741758603739        3.0246794274645942E-002
  0.74279192714376385        1.8192433725313806E-002
  0.71003196912844158        2.2596442649661611E-002
  0.78801833960239320        3.6811161512725413E-002
  0.67261105081301364        1.8706940296745276E-002
  0.61284358519129745        4.3737613825485785E-002
  0.68759724258765120        5.4220707082015401E-002
  0.59717552537472418        2.2100578287264510E-002
  0.74734945926755059        3.8172727753038857E-002
  0.63283998963431487        3.4166946097695702E-002
  0.60941420429500093        3.9101947776732475E-002
  0.58331639635210975        3.1988908536078074E-002
  0.66261022126709024        1.7970343024593889E-002
  0.55062506772255426        4.5846785742042269E-002
  0.54475396657616071       -1.9788785958775273E-003
  0.67473958888667007        3.0912012073850120E-003
  0.72163297112409697       -1.0990283110258188E-003
  0.49900375268152752       -6.3503376515465252E-003
  0.66748510054300403       -6.4708599269172379E-004
  0.64772148664964635       -7.8571204327096563E-004
  0.76176238314778610        9.8326762151727080E-003
  0.51489535005697606        4.4944733756782226E-003
  0.54878289214016540        4.1619556586150374E-005
  0.53543432964533411        1.0181072196445450E-004
  0.53024714951183916        9.7886086240164469E-004
  0.41411530565853677        1.4547404301936036E-003
  0.77323997828870206       -6.6559077245274684E-002
  0.89949308548476758        1.2596067335274474E-002
  0.82554278782071988        7.0879289311199635E-003
  0.80190015792867531        6.6438648602652759E-003
  0.79040287017829014       -5.4175284405365660E-003
  0.86697085841032617        2.9433060817074527E-002
  -2.8482070126659043E-002  0.16996716393424466     
  -1.7360047812511048E-002  0.16878339842997775     
  -3.7671986531721546E-002  0.17779457800968479     
  -5.5075879559728091E-002  0.19331008144297543     
  -2.3396409883701397E-002   9.9820059252443555E-003
   4.0329299083103620E-002  -3.7000416006854219E-004
  -3.8822739195850720E-002   1.8675346546876515E-002
   8.2495375712730801E-002   1.4043305679535661E-002
  -3.4235815013499371E-002   1.3691458398637160E-002
  -1.9253535016103385E-002  -3.2657256707119119E-003
   6.0242114553104131E-002   3.4037502207289396E-003
   3.1546207526302661E-002   1.2257620280420930E-002
  0.97839493796571086        2.5771873650454365E-003
  0.99921342564669891       -1.3529777179666987E-003
  0.97410881879492028       -1.1808690353571833E-003
  0.98699118471184100        7.4402037411422828E-004
  0.99192473074379950        7.6328347695225137E-004
  0.60276318453817646        2.6846181032148721E-003
  0.81842882203673739        1.0945867007753183E-002
  0.64019724572522241        2.3432810183311586E-003
  0.62489216956869797       -3.2395965922499021E-004
  0.61785411243603283       -4.8797874420135490E-003
  0.46953582302501717       -5.2858658594888007E-004
  0.66049130173039927       -3.0756226850504678E-003
  0.65251429170520159        1.0429660983790989E-003
  0.67382917977012402       -3.9392958123306140E-003
  0.72458222319585963       -2.6960714250803385E-003
  0.68140275259172889       -1.8727780249503010E-003
  0.65416346570430361       -1.1094276968550666E-003
  0.63284846030890218       -6.5629287989389468E-002
  0.80115963276836966        3.7236779886469638E-002
  0.68719394862162830        2.3331244339242788E-002
  0.65588888934167655        5.3890500421188120E-002
  0.64432789776195898       -2.5957776823408510E-002
  0.60718890335978026        1.1119219847883991E-003
  0.72195736170624025        4.7128949035861690E-003
  0.18182024301904287        8.2660410074114427E-002
  0.26250057700801438        5.3228857593158180E-002
  0.20531947015208274        7.3020605151964693E-002
  0.19028937296126025        7.8166746204510071E-002
   9.7294687939126101E-002   9.1071406014058096E-002
  0.17022411863567966        9.4915412526753465E-002
  0.13639414131255301       0.12187381817133008     
  0.26974123084589346        9.4451464532240188E-003
  0.30595939069479228        1.1453759532210719E-003
  0.28470542874400584        3.0972946582373577E-004
  0.27810792332347190        4.0459565148590155E-003
  0.20237565020281165       -2.9440414659286200E-003
  0.52058766272205415        9.1890626038973619E-002
  0.54537002873248552        8.9232693140954458E-002
  0.62595884921860323        7.9305013365230340E-002
  0.49533141843009154       0.10785865931896235     
  0.53514708505732234        9.8507271950027134E-002
  0.56419125619268451        8.8057338305888105E-002
  0.47636035500234875       0.10911163290952455     
  0.83984116974887124       -3.3425157168294802E-003
  0.88648794846514045       -3.8818913480724538E-003
  0.81580052205740716        8.9833006876898162E-003
  0.92216299545293656       -1.3661553311033220E-002
  0.83809801429092667       -8.8073565653271145E-004
  0.79081168404077906        4.9149835120062069E-003
  0.89146618580653736       -2.4785332552559099E-003
  0.73704842899189682        5.4750847723127635E-004
  0.76091632107444507       -4.2505274616567703E-004
  0.80582459752902191       -1.3171948025796579E-003
  0.77343270312390777       -1.8023279581236178E-003
  0.74215326822101169        8.3129325865411764E-004
  0.79875871065353676        1.6411836388117915E-003
  0.37641056125643063       0.13246439172701949     
  0.35797631281950126       0.11013581044319495     
  0.40242965983452433       0.11128465476742398     
  0.36920275628033289       0.11089543821439511     
  0.34743033269810508       0.11116968048219136     
  0.43275393233458676       0.10889889671508828     
  0.32668092730102960       0.12766311865842941     
  0.28417192719521495        8.4916412160106983E-004
  0.33716285346117286       -5.4668864384596884E-005
  0.20481336975664449       -1.3352013552095448E-003
  0.49810998954812158       -4.2244938179285637E-004
  0.25401371809952705       -3.3303824079798957E-003
  0.29628267814612796        2.9710001599958600E-004
  0.35711425249291134        4.4567733278943306E-004
  0.34708363283980426       -2.3710797897497052E-003
  0.91318517438328461        9.8087097748654267E-004
  0.94573322947551919        9.4037645013731136E-004
  0.91763287042531960        1.0679193046887114E-003
  0.88711930153823815       -1.1549248023281166E-003
  0.94458986674785128        1.8992592505824720E-003
  0.78328993312864748        5.5251441139887595E-003
  0.80940836653913473        4.3041167197905104E-003
  0.85508172417675987        1.1148198628110624E-003
  0.86411526427078111       -1.3085628101525500E-003
  0.72859485221473741        6.9246880664974152E-003
  0.79238571656133483        5.5167347462069475E-003
  0.82918717518517593        2.1253009273816455E-003
  0.55859835085369769        8.4135536254450499E-002
  0.61592450511484786        8.2703558476082906E-002
  0.54451191151200606        7.5380639790021020E-002
  0.55815690673226814        5.4533390711802091E-002
  0.53322696302590666        6.4489324284025470E-002
  0.60531321154525508        7.1651545479248444E-002
  0.50910114896692826        9.0258191014254516E-002
   5.7275850840993237E-002  0.22177906897442204     
   3.6432554841601572E-002  0.19590597892690828     
   5.1166588163480464E-002  0.20224077677783442     
   2.6283146555509396E-002  0.19946131417052668     
  0.13867327528173179       0.21899558070053621     
   1.2086733502493507E-002  0.20788173597004292     
  -6.1349542781178046E-002  -8.5020807505557317E-004
  -9.3413579716182804E-002  -1.5506346889086720E-004
  -4.6431065414690886E-002  -5.1013352026934482E-003
   1.8993000740099131E-002  -2.5845571095877728E-003
  -9.2634896339125639E-002   4.6924016013175840E-003
  0.72168469607755581        2.4799101011279450E-002
  0.87014864489009136        8.4751966823167141E-004
  0.76626983142606353       -1.8370760649632202E-002
  0.74785564476813804       -1.0370612665447969E-002
  0.73850437571103011       -6.4404368176136234E-003
  0.84429890712197009        2.5476774128805581E-002
  0.87368194927816700        1.9621664489074078E-003
  0.91336385783599228       -8.6461834010806492E-004
  0.94899610786845257       -6.8462720169913715E-004
  0.88797381702717737        3.7369930714168309E-003
  0.92601385334038055        8.6660225717047866E-004
   1.1637526975752988E-002   8.3818313049875796E-003
   7.6609770030103663E-002   2.6070822242617044E-003
  -3.0063810559669557E-003   1.8072617873496892E-002
  0.11228951881771904        1.3724598829335260E-002
   1.0108915178705380E-003   1.3313824791760968E-002
   1.3959112609556457E-002   2.0056339037771636E-004
   9.5476514587720052E-002   4.3708906987681489E-003
   6.6773658360831045E-002   1.1506305277751162E-002
  0.63464876478711618       -5.3442707312885435E-003
  0.81946095884237580        3.7478703672659777E-002
  0.67672379582952635       -2.1772687804446937E-003
  0.65609181282663132        1.0759656352642602E-003
  0.64725530823077804        4.2652573153633314E-002
  0.75899360644853553       -3.3462569972034603E-002
  0.95032158308253556       -5.4098435224847240E-003
  0.98084170991520503        1.0679439633908623E-003
  0.96288627671730154       -1.1953104522261194E-003
  0.92179887368718449        8.8012785027625573E-004
  0.97238693827525680        8.7154376573935952E-004
