 cosx vtec
  0.32496699363766518        3.1388095203105523E-002
  0.35891938478187324        1.1266557126342261E-002
  0.33365736410966129        1.6147304182509994E-002
  0.32970886163467267        2.6590208887822465E-002
  0.24952217342733823        2.7965496839924199E-002
  0.32257932252151678        4.8858144319178523E-002
  -8.5486114302125382E-002  -3.1685733285309186E-004
  -6.1157551793217690E-002  -7.3190681211835254E-004
  -6.8290643855705713E-002  -5.0381838196475351E-004
  0.78455862271249410       -1.2897270245265243E-003
  0.79759333907274632       -1.5853890733796313E-003
  0.84147537782361326        2.7911010227498938E-003
  0.78454171621094060        2.5617719413499748E-004
  0.76015923442754563        1.3981685127904576E-003
  0.85014342542983790       -5.1007868414364495E-003
   2.0929227379267668E-002  -1.4334823602417959E-004
   7.3886370862008333E-002   9.1280395362138908E-005
  -8.0766569095447327E-003   2.6484931139093269E-003
  0.15199697789237854        2.4790802105653944E-003
  0.27350922381823561        4.0766235908728171E-004
   5.1607776085973445E-003  -1.5515789069554193E-003
   2.3007982929849513E-002  -3.5281456368758475E-003
   9.6568265343148108E-002  -1.1035258684171378E-003
   8.6185736629199539E-002   4.7901094501673130E-004
  0.11565177169902818        1.5687779507678255E-003
  0.25413774118229659        2.7623175054397550E-003
  0.15693182532702413        4.0197458449612528E-003
  0.21903494894850611       -4.7835043372671920E-004
  0.11026927887934013       -3.4377783499088652E-003
  0.11881837317976891       0.24536648206127828     
  0.24895784398372117       0.18116790074331321     
  0.27136144888886521       0.18711093450550123     
  0.24115482452954740       0.18987606643068172     
  0.25148189148742806       0.21150504713415480     
  0.30730799814627074       0.18739092016021178     
  0.22406587679266862       0.18751340178758585     
  0.11214224956482000        1.7863194930720187E-002
  0.13955427775983165        1.9575283317887330E-002
  0.24198514651084446        3.0287222014354839E-002
  0.23965082220904435        1.6668697761839574E-002
  0.34162212396714547        1.3116161486377044E-002
  0.12194649764454266        2.5127913673000962E-002
  0.23497268185443035        1.0602088710713380E-002
  0.21151057891557973        1.3917213258329682E-002
  0.37105421873890976        1.0555076789434181E-002
  0.95693528414591000       -2.7604670143527199E-003
  0.89460960248378640       -1.1527491207212459E-004
  0.88717938997566270       -1.3811317215394021E-003
  0.89187106784304671        4.4922859168688416E-003
  0.97426243955968528       -1.2436391499969313E-003
  0.97410774221102403        2.0479110461447654E-004
  0.92828331401200936       -4.5297425071958546E-003
  0.99507917022894810        3.3594982712548912E-003
  0.96192002328786930       -1.0845568661108529E-002
  0.94651560388248213        2.4618362171800252E-002
  0.94339295699083325       -3.8686800322529163E-002
  0.98548105740164660        4.1191537438215890E-004
  0.79193291502252461        2.3041674179984772E-003
  0.80490279309688884       -2.7525199677435008E-004
  0.84628221063762421       -1.2724938539822386E-003
  0.80441598437792317       -2.9124891541573404E-003
  0.77652866934468678        1.6272398366837053E-003
  0.83865039729751811       -1.8118724865727565E-004
  0.43509449507816456       0.16537621692818413     
  0.43369198609220849       0.15934392381651821     
  0.45142703770575443        2.5444023499378923E-002
  0.41957185389646345       0.16245428121964881     
  0.48824015757688294       0.15838180996555629     
  0.40331317014763357       0.16540010551223430     
  0.16942812610774005       0.19077796878947312     
  0.18394294544809964       0.19748407119543368     
  0.15786255953832318       0.19677924073786038     
  0.14253431937217226       0.19784547479312053     
  0.55145296580429770        7.1904269094688437E-003
  0.55765069145373047       -4.0428397746459149E-004
  0.54924796337581094        8.0264766956408590E-004
  0.55342349208274522       -4.8977605447199585E-004
  0.44752860203903644       -4.6278575108834206E-003
  -3.0250383037387918E-002   5.8068373183961623E-002
   3.3663424242726114E-003   6.6928927599418278E-002
   9.3816088959976854E-002   7.8420673010781289E-002
   9.4368479252784326E-002   6.1524758571879119E-002
  0.25253541743843100        3.4345231023820519E-002
  -1.4685437793302086E-002   6.3733997491919478E-002
   9.9516128074658344E-002   4.5257741978062357E-002
   6.5290077518895401E-002   6.0545584113714725E-002
  0.55142623018435932       -1.9673738106778019E-003
  0.56960132095068117        3.1601492638171458E-003
  0.55617216429013339       -3.5944424831929598E-003
  0.55590359403243861       -4.0640839485871225E-003
  0.45058073836907658        8.8320842817718771E-003
  0.35629374935561597        7.7012684142695968E-003
  0.37976330026247740        2.1670522914370286E-003
  0.36146048490506771        1.8489583781809297E-003
  0.36012132156553389        4.0539128396376491E-003
  0.28077611920965195        1.1603254861881261E-002
  0.45588517668968243       0.15621543594884907     
  0.49381134660580661       0.16669204073483934     
  0.45973786182770654       0.15831919765343447     
  0.44287369190492620       0.15216228660618406     
  0.50529480647046787       0.14958327736875440     
  0.42663333497621947       0.15520144799549179     
  0.85701496499932750       -2.0566632077150596E-002
  0.94900280524704950       -1.2701386721718732E-002
  0.87580290309749698       -4.1639714671229781E-003
  0.86540982508571496       -1.2944937963955926E-003
  0.86614120583139964       -5.6288340745692606E-003
  0.94416341575012619       -4.6381131940633384E-003
  0.61757713268348047       -1.8425442309917390E-003
  0.67549899156451121       -6.4994435822044718E-003
  0.70744719471985640       -1.5193500429710259E-003
  0.64663950625388822       -1.0268789279195456E-003
  0.63264459303268605       -2.8028151825057441E-004
  0.58925352512393769        5.2825112062993246E-004
  0.75024581745723917       -2.3291142227196697E-004
  0.63208149385366430       -1.0360885492778609E-003
  0.63466912491048832        2.9107282886670050E-005
  0.51592444689474393       -2.7870839953360914E-003
  0.63670817620648656        1.0504469837238101E-003
  0.78555700038816234        1.7706911728363754E-002
  0.90966745209515587        8.3064049308213578E-004
  0.81068868122976756       -9.0239836387568228E-003
  0.79550996949258856        2.1763725522982606E-002
  0.79320093375029344       -7.8960665841218552E-003
  0.76456681371262958        8.2147199687336817E-002
  0.38458351437474964       0.17979436456887404     
  0.37499973017218313       0.16086609414302988     
  0.38831452971897623       0.16159190962225733     
  0.36323638591588991       0.16379153790527184     
  0.44659503641060289       0.16523917677199620     
  0.34662495079346273       0.16719070424129434     
  0.18754459813079127       0.14616974875789149     
  0.27716969924194357       0.13480062142992202     
  0.28927291512815395       0.13244874296649659     
  0.41044458527832273       0.12622566330818735     
  0.26843810005054275       0.13218300977472652     
  0.34233623518632561       0.13403129489593524     
  0.24589209907551171       0.16718654530471480     
  0.81550407068475295        4.4968026919053892E-003
  0.83181734082038550        4.2981282663374643E-003
  0.87680691775351605        1.4764253058574511E-003
  0.79983979978202924        7.5457911314361602E-003
  0.85780944505586454        8.4268154823119001E-004
  0.17487173911272957        4.5253359407055623E-004
  0.23766779549348221        9.6129781111855802E-004
  0.14201661362222850       -3.0777218663015225E-003
  0.29660212279962250        1.1174027867113141E-003
  0.37424520162553204        4.3087592295885479E-004
  0.15572182779026983       -2.2641791912794453E-003
  0.17174982201888839       -1.7650548315984085E-003
  0.26065507980973068        8.1385757764911872E-004
  0.24908928958818324       -4.3943034735775886E-004
  0.85514834150861196       -6.3980360992366920E-003
  0.94351993943581225       -2.4152062409891399E-004
  0.86962486053582067       -1.6801410417189593E-004
  0.86127955920932531        3.3360350109583664E-003
  0.86428671301229065        4.1850298004085691E-003
  0.58310094819844593        8.7806748522432240E-002
  0.55927462652722304        4.9557197440978550E-002
  0.58053407530842660        3.7410694713585532E-002
  0.56734339651777699        4.7976232722304335E-002
  0.54875835708203002        6.5191784758076146E-002
  0.64055276983904930        6.2451256859090268E-002
  0.52071849499562262        8.2339747719577638E-002
  0.59779171952921217        1.8039901042231622E-002
  0.60752384880581523        9.4478455624341824E-003
  0.66287622414969916        7.0401137222157381E-004
  0.64959956718133294        6.7728585436055448E-003
  0.28968261900279835        1.3401480297468547E-003
  0.35936540330270367       -2.2287743463634928E-003
  0.43562639560125826        4.6502114942599477E-003
  0.47905475020624866       -5.4593737072498264E-003
  0.24462392872504399       -2.8915610890522516E-003
  0.30318335834962035       -3.4230545147837048E-003
  0.38189506210563517       -3.1479813156236563E-003
  0.37317168288091579        1.0378312096303243E-003
   4.9966644334198299E-002  0.15502508079457533     
  0.12844593489405820       0.15193625256534618     
  0.14136359006217233       0.14234849483706394     
  0.32144097091970514       0.14808115052818685     
  0.11917645784119897       0.15622842766649297     
  0.21314145026652453       0.16013105653987095     
  0.21575710316403718       0.20000990441896402     
  0.20829043663649677       0.18849306004408550     
  0.22679552331648650       0.20000520977718561     
  0.19448527220444839       0.19102871679253400     
  0.17983793388637076       0.19544743668399317     
  -8.7041885739926883E-003  0.21606207179078721     
   7.2174437297760630E-003  0.22397928138036893     
  -2.0275111062780238E-002  0.21680856679272215     
  -3.5744787340281692E-002  0.23013724365828847     
  0.56112522640793228       -9.8763709137592026E-004
  0.60244625319804967       -4.1869643802628563E-004
  0.60493256904709303        2.6979917087478181E-003
  0.49210718791814101       -2.0610140261236542E-002
  0.61005536935081983        1.2452667861203354E-003
   7.2614962878013167E-002   1.2527483998860428E-003
   2.2774866427462181E-002  -1.7301745083221845E-004
   9.2624507910927800E-002  -3.1242440398636237E-003
  0.14986462396923922       -1.7347450135841900E-003
   1.1992405154049923E-002   2.6230552523900720E-003
  0.82124116272595860        1.8930705919911962E-002
  0.84612323016568458        1.1916057871492762E-002
  0.82362101852656922        2.6299998063288428E-002
  0.89597712627017934        3.0246794274645942E-002
  0.84325153205356562        1.8192433725313806E-002
  0.80330372806267580        2.2596442649661611E-002
  0.86331065650161865        3.6811161512725413E-002
  0.76764030831654195        1.8706940296745276E-002
  0.73303033751263946        4.3737613825485785E-002
  0.78696811534546773        5.4220707082015401E-002
  0.72678949326616804        2.2100578287264510E-002
  0.84844443376240231        3.8172727753038857E-002
  0.75637823408678884        3.4166946097695702E-002
  0.73768780188919436        3.9101947776732475E-002
  0.71285831115149223        3.1988908536078074E-002
  0.77957394457995144        1.7970343024593889E-002
  0.68254057013094094        4.5846785742042269E-002
  0.40575016351313359       -1.9788785958775273E-003
  0.56693314262963523        3.0912012073850120E-003
  0.61138644368755113       -1.0990283110258188E-003
  0.36477540181271029       -6.3503376515465252E-003
  0.54533378611018013       -6.4708599269172379E-004
  0.53168685603225907       -7.8571204327096563E-004
  0.67510665333065911        9.8326762151727080E-003
  0.58619487748384691        4.4944733756782226E-003
  0.58628780186046714        4.1619556586150374E-005
  0.57967532049580017        1.0181072196445450E-004
  0.58654029013711573        9.7886086240164469E-004
  0.46548135214742936        1.4547404301936036E-003
  0.86059929545553937       -6.6559077245274684E-002
  0.95299841970162513        1.2596067335274474E-002
  0.88452849215211193        7.0879289311199635E-003
  0.87135001670807177        6.6438648602652759E-003
  0.87001131123946174       -5.4175284405365660E-003
  0.93599921496870409        2.9433060817074527E-002
  0.14519222044569075       0.16996716393424466     
  0.15578346436120782       0.16878339842997775     
  0.13642510329953711       0.17779457800968479     
  0.11903682711817709       0.19331008144297543     
  -4.7399528424940107E-002   1.4043305679535661E-002
  -8.7470429381577008E-002   3.4037502207289396E-003
  0.96897462032405313        2.5771873650454365E-003
  0.98998194564502584       -1.3529777179666987E-003
  0.96929519378426876       -1.1808690353571833E-003
  0.94433132069198311        7.4402037411422828E-004
  0.99530360335162493        7.6328347695225137E-004
  0.68262599872367558        2.6846181032148721E-003
  0.85822256350494552        1.0945867007753183E-002
  0.69155553217663290        2.3432810183311586E-003
  0.68341266768211473       -3.2395965922499021E-004
  0.68684620270416652       -4.8797874420135490E-003
  0.53793771656206735       -5.2858658594888007E-004
  0.54618369124940247       -3.0756226850504678E-003
  0.59123035367923604        1.0429660983790989E-003
  0.59448456177397468       -3.9392958123306140E-003
  0.64325775813803321       -2.6960714250803385E-003
  0.58534617896647778       -1.8727780249503010E-003
  0.56763267703451470       -1.1094276968550666E-003
  0.75037902457082228       -6.5629287989389468E-002
  0.88893007528386758        3.7236779886469638E-002
  0.78341913754924897        2.3331244339242788E-002
  0.76271275026914021        5.3890500421188120E-002
  0.75806346815527492       -2.5957776823408510E-002
  0.73400215176581884        1.1119219847883991E-003
  0.82871962817235900        4.7128949035861690E-003
  0.33986485769442965        8.2660410074114427E-002
  0.40098991854053034        5.3228857593158180E-002
  0.35607755290551107        7.3020605151964693E-002
  0.34633425030278459        7.8166746204510071E-002
  0.25036445058758328        9.1071406014058096E-002
  0.33335644605243347        9.4915412526753465E-002
  0.30393990376236418       0.12187381817133008     
  0.38447167343374944        9.4451464532240188E-003
  0.40113417247918026        1.1453759532210719E-003
  0.38681388033959285        3.0972946582373577E-004
  0.38745112527969328        4.0459565148590155E-003
  0.30684757850109501       -2.9440414659286200E-003
  0.58121958296730414        9.1890626038973619E-002
  0.59760333208034722        8.9232693140954458E-002
  0.67454340868049389        7.9305013365230340E-002
  0.57054143904686316       0.10785865931896235     
  0.57354558368278274        9.8507271950027134E-002
  0.62441352935883487        8.8057338305888105E-002
  0.54841920915260745       0.10911163290952455     
  0.90302371987696295       -3.3425157168294802E-003
  0.93216818771500465       -3.8818913480724538E-003
  0.90255640014251548        8.9833006876898162E-003
  0.96838379614620040       -1.3661553311033220E-002
  0.91994175047797855       -8.8073565653271145E-004
  0.87645670351144822        4.9149835120062069E-003
  0.94861842365265581       -2.4785332552559099E-003
  0.69485641704466083        5.4750847723127635E-004
  0.70291172675086311       -4.2505274616567703E-004
  0.74602898851993271       -1.3171948025796579E-003
  0.69610820333900825       -1.8023279581236178E-003
  0.67614460506172658        8.3129325865411764E-004
  0.75154755702632337        1.6411836388117915E-003
  0.52478672325602571       0.13246439172701949     
  0.51385499998642525       0.11013581044319495     
  0.55435868260979182       0.11128465476742398     
  0.52464272579927196       0.11089543821439511     
  0.50260088638006228       0.11116968048219136     
  0.57939769195815927       0.10889889671508828     
  0.48230010574738191       0.12766311865842941     
  0.11607724997430718        8.4916412160106983E-004
  0.17031750098383958       -5.4668864384596884E-005
   4.4109407971504810E-002  -1.3352013552095448E-003
  0.34476253007190105       -4.2244938179285637E-004
   8.7058218007574739E-002  -3.3303824079798957E-003
  0.12680687671534846        2.9710001599958600E-004
  0.19231658693610676        4.4567733278943306E-004
  0.18635016665080922       -2.3710797897497052E-003
  0.86469909692775948        9.8087097748654267E-004
  0.89575613796545350        9.4037645013731136E-004
  0.84879653786672815        1.0679193046887114E-003
  0.82607683180934588       -1.1549248023281166E-003
  0.90755840528115972        1.8992592505824720E-003
  0.80464557514205315        5.5251441139887595E-003
  0.81962904156563166        4.3041167197905104E-003
  0.86375158059019741        1.1148198628110624E-003
  0.82913439450295490       -1.3085628101525500E-003
  0.78235450144536056        6.9246880664974152E-003
  0.78980888445522190        5.5167347462069475E-003
  0.84768758371771713        2.1253009273816455E-003
  0.67897223680261320        8.4135536254450499E-002
  0.72044090172566633        8.2703558476082906E-002
  0.67679993207638489        7.5380639790021020E-002
  0.69059421336517512        5.4533390711802091E-002
  0.66268461245608301        6.4489324284025470E-002
  0.72388253083036691        7.1651545479248444E-002
  0.63908849340437845        9.0258191014254516E-002
  0.21869522504191891       0.22177906897442204     
  0.20600667130799571       0.19590597892690828     
  0.22169065528828136       0.20224077677783442     
  0.19364456948110415       0.19946131417052668     
  0.30011885881679967       0.21899558070053621     
  0.17860079282376817       0.20788173597004292     
  0.80427606709729293        2.4799101011279450E-002
  0.91703302887223814        8.4751966823167141E-004
  0.82044694886152336       -1.8370760649632202E-002
  0.81055217584213746       -1.0370612665447969E-002
  0.81165610725776816       -6.4404368176136234E-003
  0.91129878598096570        2.5476774128805581E-002
  0.91334937328907528        1.9621664489074078E-003
  0.93648035690814246       -8.6461834010806492E-004
  0.97178906138026755       -6.8462720169913715E-004
  0.88586337068206022        3.7369930714168309E-003
  0.95923083255569142        8.6660225717047866E-004
  -7.5147525347183997E-002   2.6070822242617044E-003
  -1.5752455416657707E-002   1.3724598829335260E-002
  -4.9929200443289634E-002   4.3708906987681489E-003
  -6.9459075866770137E-002   1.1506305277751162E-002
  0.73499095680395676       -5.3442707312885435E-003
  0.88691288838803883        3.7478703672659777E-002
  0.75446641800780490       -2.1772687804446937E-003
  0.74203757284811545        1.0759656352642602E-003
  0.74142434468299145        4.2652573153633314E-002
  0.84937985465831500       -3.3462569972034603E-002
  0.92865604321665929       -5.4098435224847240E-003
  0.95827123324270724        1.0679439633908623E-003
  0.91381495374234256       -1.1953104522261194E-003
  0.88259704364996550        8.8012785027625573E-004
  0.96149271339625442        8.7154376573935952E-004
