 cosx vtec
  0.95723424489102005       -9.6162401822252549E-004
  0.97170826448272707       -3.1685733285309186E-004
  0.91015620868736735        1.2930267714109428E-003
  0.94235408648593055        7.5567409252068395E-005
  0.97468316143569167        3.9073304018642291E-003
  0.96375028230024495       -7.3190681211835254E-004
  0.93049163855387818       -5.0381838196475351E-004
  0.23677928567127915       -1.2897270245265243E-003
  0.36582404415939174       -1.5853890733796313E-003
  0.38090713216749783        2.7911010227498938E-003
  0.49973475295666553        2.5617719413499748E-004
  0.42996007519108365        1.3981685127904576E-003
  0.29652575107380397       -5.1007868414364495E-003
  0.93672796394505731       -1.4334823602417959E-004
  0.94772556608162817        9.1280395362138908E-005
  0.88202841831662893        2.6484931139093269E-003
  0.84386930231144719        2.4790802105653944E-003
  0.87694770914192643        4.0766235908728171E-004
  0.91825692812806747       -1.5515789069554193E-003
  0.96554592326552180       -3.5281456368758475E-003
  0.93098304600042847       -1.1035258684171378E-003
  0.89609570424963114        4.7901094501673130E-004
  0.89179563645222171        1.5687779507678255E-003
  0.75173826462564064        2.7623175054397550E-003
  0.84884154088566532        4.0197458449612528E-003
  0.86958839495479801       -4.7835043372671920E-004
  0.81688868703894035       -3.4377783499088652E-003
  0.69999607304709777        1.7863194930720187E-002
  0.58120537165540243        1.9575283317887330E-002
  0.46080603528676994        3.0287222014354839E-002
  0.55588874443908920        1.6668697761839574E-002
  0.58001326031079137        1.3116161486377044E-002
  0.63284355893696831        2.5127913673000962E-002
  0.65907094779502651        1.0602088710713380E-002
  0.58942372191717352        1.3917213258329682E-002
  0.44428841067194985        1.0555076789434181E-002
   1.3073054013506447E-002  -2.7604670143527199E-003
  -2.1038176888521332E-002  -1.1527491207212459E-004
  -8.3627744307247009E-002  -1.3811317215394021E-003
  -8.7724846453012206E-002  -1.2436391499969313E-003
  -8.5267787494062275E-002   2.0479110461447654E-004
  -9.7406835382903845E-002   3.3594982712548912E-003
  0.10226093040381778        2.3041674179984772E-003
  0.17672041906539199       -2.7525199677435008E-004
  0.18931584210543112       -1.2724938539822386E-003
  0.34612037309661470       -2.9124891541573404E-003
  0.23381759243237110        1.6272398366837053E-003
  0.12896663733494379       -1.8118724865727565E-004
  0.71912193424246040        5.2849905566731969E-002
  0.79297102550727938        3.8106920053663500E-002
  0.66757141230080741        6.3276848475789002E-002
  0.62452602575456728        7.0919116972806243E-002
  0.69587509792546787       0.10519336145341916     
  0.75515077316767298        5.0497807114577992E-002
  0.52994364381657499       0.10388572255787835     
  0.81070223676019681        5.3512534605510184E-002
  0.63795761485213864        7.5890816554633062E-002
  0.71604172939723520        6.5135368128468984E-002
  0.71789014271620988        6.0586009130342254E-002
  0.91725042538393886       -1.1004490245101013E-003
  0.92068487204332716       -8.3599036980587562E-005
  0.81451691916579860       -7.6881997226430749E-004
  0.92359934535336863       -1.8436084074217239E-004
  0.90576978619188386        8.0550389157429145E-004
  0.94250593773531277        9.8471546486337408E-004
  0.87446660211762839       -6.6271548454806327E-004
  0.62649274557803480        5.8068373183961623E-002
  0.50243282082795915        6.6928927599418278E-002
  0.39815834114796211        7.8420673010781289E-002
  0.48076667637038617        6.1524758571879119E-002
  0.51554015189561542        3.4345231023820519E-002
  0.55008753190007598        6.3733997491919478E-002
  0.60916448791007949        4.5257741978062357E-002
  0.47285717949989503       0.10812904251234406     
  0.51404475788946180        6.0545584113714725E-002
  -2.8140982214367227E-002   9.8655685494388690E-002
  0.16517478947180467        5.5964969898950119E-002
  -6.1695430603030621E-002  0.10687066290385225     
  -9.5112251687075877E-002  0.10745699758102502     
  -1.3548691164099402E-002  0.13555866064375602     
   1.5664780103531117E-002   9.3728464902475037E-002
  -7.2438155580507591E-002  0.10544067617861003     
  0.79919863953830395        4.4498150413293282E-003
  0.84290198249734805        1.7487307358282290E-002
  0.75568493803371939        4.1352447010887541E-002
  0.70854316296257336        2.9894771136291815E-002
  0.78298744018980804        4.3363388991551628E-002
  0.81461317505804898       -3.1374722056225199E-002
  0.59596240895479524        4.4487769866509388E-002
  0.86718310109556629        9.1331953273705319E-003
  0.71892015741608706        3.6179897849154104E-002
  0.77804518196668648        1.7362169594392445E-002
  0.81486119840107540        2.1612762921603676E-002
  0.18020444433934574        3.9713315750270527E-003
  0.17344995416531694        1.5067994553094507E-004
  0.29027877628691084       -6.6718014027117778E-004
  0.11464604571383209        4.4953568808341338E-003
  0.21273009544402000       -1.1062818537919612E-003
  0.10917256197954889       -4.5443046438902509E-003
  0.76946539014260196       -1.8425442309917390E-003
  0.65006808988405074       -6.4994435822044718E-003
  0.66849207886487672       -1.5193500429710259E-003
  0.73267383708075073       -1.0268789279195456E-003
  0.70569465804915976       -2.8028151825057441E-004
  0.51617432272182184        5.2825112062993246E-004
  0.40750560846139550       -2.3291142227196697E-004
  0.36361389920467135       -1.0360885492778609E-003
  0.29436092203349012        2.9107282886670050E-005
  0.53181377172340372       -2.7870839953360914E-003
  0.53916616000017314        1.0504469837238101E-003
  0.96124144192866368        1.2428388263224378E-003
  0.97574104882588153       -2.6804108066335843E-004
  0.91943186333554805        5.3309663252945824E-003
  0.94974268858229571       -1.7674594537552189E-004
  0.97009743514151403        1.4058700887975260E-003
  0.97629153114054057        3.4385848994467221E-003
  0.86082170713009165        7.1561491682741601E-004
  0.94713915643241320       -1.9313477136490538E-003
  0.94849991018876278        4.6256906650562378E-004
   7.2611966813505915E-002  0.14616974875789149     
  -9.0198358219095998E-003  0.13480062142992202     
   3.8422475426366606E-002  0.13244874296649659     
   7.7062957608099392E-002  0.12622566330818735     
   7.9013931099066695E-002  0.13218300977472652     
  -1.3326396848830968E-002  0.13403129489593524     
  -5.5518225121448439E-002   4.2981282663374643E-003
  -4.2950317535312532E-002   1.4764253058574511E-003
   2.7736006840296923E-002   7.5457911314361602E-003
  0.90606256094159243        4.5253359407055623E-004
  0.90855917350840221        9.6129781111855802E-004
  0.84036318206211136       -3.0777218663015225E-003
  0.80334042791372717        1.1174027867113141E-003
  0.82839922835382251        4.3087592295885479E-004
  0.88403279565595194       -2.2641791912794453E-003
  0.94683324008268643       -1.7650548315984085E-003
  0.88400632383651434        8.1385757764911872E-004
  0.84896576856135075       -4.3943034735775886E-004
  0.48543668677191359       0.13828575727672404     
  0.39649406210907379       0.13496985917050677     
  0.27322447269184219       0.17457448895407282     
  0.43149402438265688       0.13312764346030101     
  0.37399876052708420       0.13731931094613789     
  0.43663699298479419       0.14286392655987321     
  -6.7911177287958258E-002  -2.4152062409891399E-004
  0.16931432693626380        1.8039901042231622E-002
  0.22955158925353367        9.4478455624341824E-003
  0.24659830412326694        7.0401137222157381E-004
  0.18071476284336585        6.7728585436055448E-003
  0.93942814310951128        1.3401480297468547E-003
  0.92185500998269143       -2.2287743463634928E-003
  0.82293065106430996        4.6502114942599477E-003
  0.85201714463888867       -5.4593737072498264E-003
  0.93361387462156920       -2.8915610890522516E-003
  0.94852919899039223       -3.4230545147837048E-003
  0.90592794240861019       -3.1479813156236563E-003
  0.88264037333240286        1.0378312096303243E-003
  0.91083470051679827        7.8589178373334942E-004
  0.93010475702470785        8.1466062100912489E-003
  0.87382107414544596       -1.6584863994053397E-002
  0.81217092017919290       -1.3931294641972591E-003
  0.90142426509683771        5.5444735493517883E-003
  0.91453828268541160        9.1762047814772235E-003
  0.94443296484570416       -1.2828109273727184E-002
  0.82055260608738623        3.2156347579018912E-003
  0.88365927837020686       -1.6253284049114482E-003
  0.92568298897546075        7.0115968919918338E-003
   8.2286169820453087E-002  0.15502508079457533     
   6.7190848548007651E-003  0.15193625256534618     
   5.5867766397205074E-002  0.14234849483706394     
  0.11093238884342987       0.14808115052818685     
   9.5334308912980004E-002  0.15622842766649297     
  -5.4193788963045469E-003  0.16013105653987095     
  0.50157518087221786       0.12439328161424504     
  0.42932150793109775       0.12268714835724899     
  0.39592820752502178       0.13250280893800487     
  0.30687445135420494       0.14929554268333578     
  0.46188510949260808       0.12294461422415401     
  0.33981296651079673       0.13888483793408246     
  0.40204911757061906       0.16177407630208820     
  0.50670975515534322       0.14745223535839036     
  0.50948827278286613       -9.8763709137592026E-004
  0.35814812533937934       -4.1869643802628563E-004
  0.29218931505276347        2.6979917087478181E-003
  0.51871391581937454       -2.0610140261236542E-002
  0.54025645248919885        1.2452667861203354E-003
  0.99092012427455556        1.2527483998860428E-003
  0.99922062453378402       -1.7301745083221845E-004
  0.98069037688353888       -3.1242440398636237E-003
  0.98223651771258824       -1.7347450135841900E-003
  0.95755650455531871        2.6230552523900720E-003
  0.83598949886318097       -1.9788785958775273E-003
  0.67043276306022825        3.0912012073850120E-003
  0.68837378821075468       -1.0990283110258188E-003
  0.80490394103232898       -6.3503376515465252E-003
  0.75115186627651631       -6.4708599269172379E-004
  0.71473333792508031       -7.8571204327096563E-004
  0.55809459630013891        9.8326762151727080E-003
  0.83213729628757171        9.9820059252443555E-003
  0.87366622600859689       -3.7000416006854219E-004
  0.77180950512173196        1.8675346546876515E-002
  0.74388799981687215        1.4043305679535661E-002
  0.80447908265916179        1.3691458398637160E-002
  0.89795081124517262       -3.2657256707119119E-003
  0.84298994721543785        3.4037502207289396E-003
  0.73376046180007759        3.1281954673396055E-002
  0.78838207858616394        1.2257620280420930E-002
  0.13902370022088961        2.5771873650454365E-003
  0.13977412957332552       -1.3529777179666987E-003
  0.11252286193362665       -1.1808690353571833E-003
  0.32828660517144514        7.4402037411422828E-004
   6.7619589684886849E-002   7.6328347695225137E-004
  0.70605613375408349       -3.0756226850504678E-003
  0.40464605275635501        1.0429660983790989E-003
  0.50893806679209486       -3.9392958123306140E-003
  0.52460665105115534       -2.6960714250803385E-003
  0.60437887641216403       -1.8727780249503010E-003
  0.54797233881341811       -1.1094276968550666E-003
   4.5433784993867132E-002   9.8461162684642806E-002
  -4.2136938582706285E-002  0.13174878465105111     
  0.22282677019480404        7.6485740926834231E-002
   1.2127760940662036E-002  0.10454917800673171     
  -3.5955008667721611E-002  0.11754210326410783     
   5.4202559998188238E-002  0.11888509311478077     
   9.0760694470545966E-002   9.7090992999645923E-002
  -6.3859449109920918E-004  0.10509869906497141     
  0.41228279409838753       0.13561832585111258     
  0.32865638920547691       0.14488049082489490     
  0.29483167232062285       0.14099650179983431     
  0.21941021050350570       0.14005128467219471     
  0.36442384716563825       0.12712883641484735     
  0.24877982682173000       0.14563795754615758     
  0.29816637909767396       0.14434854905661090     
  0.30376613693043131        5.4750847723127635E-004
  0.39553191502147345       -4.2505274616567703E-004
  0.40961822707102097       -1.3171948025796579E-003
  0.50619558237484841       -1.8023279581236178E-003
  0.43928369050946087        8.3129325865411764E-004
  0.33763005082308695        1.6411836388117915E-003
  0.97817407756598573        8.4916412160106983E-004
  0.97572490813894130       -5.4668864384596884E-005
  0.92931627749353818       -1.3352013552095448E-003
  0.91325559773585152       -4.2244938179285637E-004
  0.96907498299525008       -3.3303824079798957E-003
  0.98706637494122695        2.9710001599958600E-004
  0.96585741918806600        4.4567733278943306E-004
  0.94193063458519055       -2.3710797897497052E-003
  0.35487151666434158        9.8087097748654267E-004
  0.36617506188698246        9.4037645013731136E-004
  0.47067266886564518        1.0679193046887114E-003
  0.42380188710743333       -1.1549248023281166E-003
  0.29265671586797587        1.8992592505824720E-003
  -5.2584904709894520E-002   5.5251441139887595E-003
   1.2849695572946462E-002   4.3041167197905104E-003
   2.5640723930488885E-002   1.1148198628110624E-003
  0.27398662058963097       -1.3085628101525500E-003
   8.3938675414862440E-002   5.5167347462069475E-003
  -3.2376584841056710E-002   2.1253009273816455E-003
  0.95445692428335338       -8.5020807505557317E-004
  0.95662460664845006       -1.5506346889086720E-004
  0.94649373105883861       -5.1013352026934482E-003
  0.97123763279403508       -2.5845571095877728E-003
  0.91696202167137542        4.6924016013175840E-003
  -5.1191232662651520E-002  -8.6461834010806492E-004
  -4.6238898183057042E-002  -6.8462720169913715E-004
   8.9656541596686845E-002   3.7369930714168309E-003
  0.82581581608310284        8.3818313049875796E-003
  0.86736085568941701        2.6070822242617044E-003
  0.76296641334515414        1.8072617873496892E-002
  0.73598616089246771        1.3724598829335260E-002
  0.79660306488429455        1.3313824791760968E-002
  0.89908794515293777        2.0056339037771636E-004
  0.83298987977904104        4.3708906987681489E-003
  0.72373306105678670        3.5249432613144997E-002
  0.77845614824722542        1.1506305277751162E-002
  0.20601370582022299       -5.4098435224847240E-003
  0.21381602122115412        1.0679439633908623E-003
  0.36253888983811922       -1.1953104522261194E-003
  0.30297153484631900        8.8012785027625573E-004
  0.14685701175140570        8.7154376573935952E-004
