 cosx vtec
  0.57319222967607697        3.1388095203105523E-002
  0.56893635879599747        1.1266557126342261E-002
  0.56301571823782515        1.6147304182509994E-002
  0.57123332869045662        2.6590208887822465E-002
  0.49006832863423822        2.7965496839924199E-002
  0.59634447976930693        4.8858144319178523E-002
  0.65626064661796446       -1.2897270245265243E-003
  0.62437336518612452       -1.5853890733796313E-003
  0.66045027232352160        2.7911010227498938E-003
  0.56630869069408929        2.5617719413499748E-004
  0.56726099885809222        1.3981685127904576E-003
  0.69745570536322821       -5.1007868414364495E-003
  -4.2919194833278135E-002   4.0766235908728171E-004
  -1.8298280463909078E-002   2.7623175054397550E-003
  -9.1591234195413457E-002  -4.7835043372671920E-004
  0.22198378328762530       0.24536648206127828     
  0.38597153730819428       0.18116790074331321     
  0.38989304730122981       0.18711093450550123     
  0.40010447820496042       0.18987606643068172     
  0.34135823151283673       0.21150504713415480     
  0.44102607522734733       0.18739092016021178     
  0.37760568933602001       0.18751340178758585     
  -6.7645827360353947E-002   1.9575283317887330E-002
   6.9786701654101835E-002   3.0287222014354839E-002
   3.5072951695864107E-002   1.6668697761839574E-002
  0.12264355903031399        1.3116161486377044E-002
  -4.6134551111728372E-003   1.0602088710713380E-002
  -2.8398648695131812E-003   1.3917213258329682E-002
  0.19672131452902220        1.0555076789434181E-002
  0.89475375966930548       -2.7604670143527199E-003
  0.84785350605828680       -1.1527491207212459E-004
  0.86227828371985149       -1.3811317215394021E-003
  0.90132633632204917        4.4922859168688416E-003
  0.94551087271878342       -1.2436391499969313E-003
  0.94452514108489050        2.0479110461447654E-004
  0.99523283573697863       -4.5297425071958546E-003
  0.96838363586705967        3.3594982712548912E-003
  0.94535025947139584       -1.0845568661108529E-002
  0.96297936125033312        2.4618362171800252E-002
  0.98834748171089148       -3.8686800322529163E-002
  0.98366685429432255        4.1191537438215890E-004
  0.70919820292684410        2.3041674179984772E-003
  0.69591925574518410       -2.7525199677435008E-004
  0.73049529979615879       -1.2724938539822386E-003
  0.63752360708975719       -2.9124891541573404E-003
  0.64972791761279958        1.6272398366837053E-003
  0.74396438547274735       -1.8118724865727565E-004
  0.67380511928854014       0.16537621692818413     
  0.69444433362306746       0.15934392381651821     
  0.71433849438573482        2.5444023499378923E-002
  0.67381138268438656       0.16245428121964881     
  0.72123994525204960       0.15838180996555629     
  0.65736131287494282       0.16540010551223430     
  0.49297691746411243       0.19077796878947312     
  0.50730469194118910       0.19748407119543368     
  0.47924725272846458       0.19677924073786038     
  0.46384169698110411       0.19784547479312053     
  0.66802133376241590        7.1904269094688437E-003
  0.62171519460312819       -4.0428397746459149E-004
  0.62702383965996544        8.0264766956408590E-004
  0.64994975435734026       -4.8977605447199585E-004
  0.54496278379101215       -4.6278575108834206E-003
  -4.8019891747625471E-002   7.8420673010781289E-002
  -7.5754530082477914E-002   6.1524758571879119E-002
   6.0980542292302486E-002   3.4345231023820519E-002
  0.72352047202885605       -1.9673738106778019E-003
  0.70115463626258245        3.1601492638171458E-003
  0.70326722823244914       -3.5944424831929598E-003
  0.71727571298821002       -4.0640839485871225E-003
  0.61636686303627619        8.8320842817718771E-003
  0.57492916483685463        7.7012684142695968E-003
  0.56024280118032910        2.1670522914370286E-003
  0.55842231174591084        1.8489583781809297E-003
  0.57014303963763857        4.0539128396376491E-003
  0.48906939203923533        1.1603254861881261E-002
  0.66580461277248693       0.15621543594884907     
  0.67558426182946163       0.16669204073483934     
  0.69734857108866055       0.15831919765343447     
  0.66945663032313685       0.15216228660618406     
  0.71016047668216642       0.14958327736875440     
  0.65230200631811386       0.15520144799549179     
  0.93458754183871984       -2.0566632077150596E-002
  0.94445934309270096       -1.2701386721718732E-002
  0.88914923401223722       -4.1639714671229781E-003
  0.89881143334413438       -1.2944937963955926E-003
  0.92240349663356580       -5.6288340745692606E-003
  0.97342343052639124       -4.6381131940633384E-003
  0.31715999301987685       -1.8425442309917390E-003
  0.41242501817117744       -6.4994435822044718E-003
  0.43614513281982903       -1.5193500429710259E-003
  0.35705314306268776       -1.0268789279195456E-003
  0.35312964956136128       -2.8028151825057441E-004
  0.37717515801404666        5.2825112062993246E-004
  0.56562531439961383       -2.3291142227196697E-004
  0.46959902271975645       -1.0360885492778609E-003
  0.49571651429183472        2.9107282886670050E-005
  0.30291935892113175       -2.7870839953360914E-003
  0.41390427090004789        1.0504469837238101E-003
  0.91882042950298337        1.7706911728363754E-002
  0.97121620048627910        8.3064049308213578E-004
  0.89661679213509948       -9.0239836387568228E-003
  0.90152875337437688        2.1763725522982606E-002
  0.91523051784928999       -7.8960665841218552E-003
  0.93149847171522682        8.2147199687336817E-002
  0.65566166606446430       0.17979436456887404     
  0.66322240281963596       0.16086609414302988     
  0.67621311366994330       0.16159190962225733     
  0.64884136284897453       0.16379153790527184     
  0.71065443265104000       0.16523917677199620     
  0.63287149890431338       0.16719070424129434     
  0.15139951554536196       0.14616974875789149     
  0.26353928164145302       0.13480062142992202     
  0.25868635755046632       0.13244874296649659     
  0.35933465601810899       0.12622566330818735     
  0.22522494008981225       0.13218300977472652     
  0.32624872405879496       0.13403129489593524     
  0.26613904668410987       0.16718654530471480     
  0.80768701263255149        4.4968026919053892E-003
  0.80064095363132870        4.2981282663374643E-003
  0.83861884859697022        1.4764253058574511E-003
  0.74211726976305858        7.5457911314361602E-003
  0.84074506604867993        8.4268154823119001E-004
  -8.7410877755466299E-002   9.6129781111855802E-004
   3.9562050574789287E-003   1.1174027867113141E-003
   6.8346217119732933E-002   4.3087592295885479E-004
  -5.7412327343666525E-002   8.1385757764911872E-004
  -5.6296038799810322E-002  -4.3943034735775886E-004
  0.91576530376432685       -6.3980360992366920E-003
  0.90984569862111542       -2.4152062409891399E-004
  0.85372873127476312       -1.6801410417189593E-004
  0.86496291113573820        3.3360350109583664E-003
  0.89532200172527654        4.1850298004085691E-003
   1.8724210943664582E-002  0.15366162381360923     
   1.9901925206421867E-002  0.11551612918117631     
  -6.8996904407353718E-002  0.16378948154012907     
  0.82092243581887969        8.7806748522432240E-002
  0.80626132209363566        4.9557197440978550E-002
  0.81247245623895192        3.7410694713585532E-002
  0.81040662141668174        4.7976232722304335E-002
  0.80124332306240176        6.5191784758076146E-002
  0.86454404982161359        6.2451256859090268E-002
  0.78124213459953118        8.2339747719577638E-002
  0.50383154477410430        1.8039901042231622E-002
  0.49237439702089841        9.4478455624341824E-003
  0.53855829464451754        7.0401137222157381E-004
  0.54861581713796359        6.7728585436055448E-003
  -4.9090742571772206E-002   1.3401480297468547E-003
   2.2400020028511408E-002  -2.2287743463634928E-003
  0.12789603467043018        4.6502114942599477E-003
  0.15875717126535613       -5.4593737072498264E-003
  -8.9443463510071985E-002  -2.8915610890522516E-003
  -3.9516942198967814E-002  -3.4230545147837048E-003
   4.9018351822603182E-002  -3.1479813156236563E-003
   4.8785874821930739E-002   1.0378312096303243E-003
   1.8809757706461247E-002  0.15502508079457533     
  0.11840163241648635       0.15193625256534618     
  0.11373041786576114       0.14234849483706394     
  0.26411458997373299       0.14808115052818685     
   7.9382980958666041E-002  0.15622842766649297     
  0.20214098090076330       0.16013105653987095     
  -7.9565011302854899E-002  0.23712981313967793     
  -6.3823767341454951E-002  0.27819200677065820     
  -5.7199947169248366E-002  0.25379079357669648     
  -9.2132760682496803E-002  0.23963081729763375     
  0.50528227977499252       0.20000990441896402     
  0.51692297536224086       0.18849306004408550     
  0.53716919193481327       0.20000520977718561     
  0.49816371629297962       0.19102871679253400     
  0.48273769605817946       0.19544743668399317     
  0.33294145256281182       0.21606207179078721     
  0.34860261994067376       0.22397928138036893     
  0.31981592865309161       0.21680856679272215     
  0.30387475512805762       0.23013724365828847     
  0.35302996760876060       -9.8763709137592026E-004
  0.44362041111265255       -4.1869643802628563E-004
  0.46851602607339082        2.6979917087478181E-003
  0.28501887156208555       -2.0610140261236542E-002
  0.38848592345824196        1.2452667861203354E-003
  0.90091241353712725        1.8930705919911962E-002
  0.89807927934946208        1.1916057871492762E-002
  0.94705312028842492        2.6299998063288428E-002
  0.94171948346484646        3.0246794274645942E-002
  0.96503151452565017        1.8192433725313806E-002
  0.91453091877494186        2.2596442649661611E-002
  0.93371081810285683        3.6811161512725413E-002
  0.88554701543152914        1.8706940296745276E-002
  0.90361050346100813        4.3737613825485785E-002
  0.91168218194383888        5.4220707082015401E-002
  0.91650076222185006        2.2100578287264510E-002
  0.97100729309997591        3.8172727753038857E-002
  0.93145286390124959        3.4166946097695702E-002
  0.92377569940268511        3.9101947776732475E-002
  0.90368467753532622        3.1988908536078074E-002
  0.93960634041727253        1.7970343024593889E-002
  0.88077756941057173        4.5846785742042269E-002
   9.5355171271206893E-002  -1.9788785958775273E-003
  0.30344136441709751        3.0912012073850120E-003
  0.33907761042137008       -1.0990283110258188E-003
   6.7483378039977060E-002  -6.3503376515465252E-003
  0.25553704888876927       -6.4708599269172379E-004
  0.25516900026641876       -7.8571204327096563E-004
  0.44351312913239466        9.8326762151727080E-003
  0.67373501043341621        4.4944733756782226E-003
  0.60725714722047641        4.1619556586150374E-005
  0.61450880166326272        1.0181072196445450E-004
  0.64449244430141450        9.7886086240164469E-004
  0.52465220589871731        1.4547404301936036E-003
  0.95501145471236903       -6.6559077245274684E-002
  0.97239405138258561        1.2596067335274474E-002
  0.92089640578946919        7.0879289311199635E-003
  0.92951738857573585        6.6438648602652759E-003
  0.94830797602649397       -5.4175284405365660E-003
  0.98750307495051626        2.9433060817074527E-002
  0.47416306269473085       0.16996716393424466     
  0.48275322645504914       0.16878339842997775     
  0.46701975686619634       0.17779457800968479     
  0.45123118871254586       0.19331008144297543     
  0.86298937559761246        2.5771873650454365E-003
  0.88247314183879866       -1.3529777179666987E-003
  0.87235443685789460       -1.1808690353571833E-003
  0.77510052162685072        7.4402037411422828E-004
  0.91215217095165513        7.6328347695225137E-004
  0.77833150799211503        2.6846181032148721E-003
  0.85916328055722679        1.0945867007753183E-002
  0.73031236746701933        2.3432810183311586E-003
  0.73701103896444919       -3.2395965922499021E-004
  0.76075977545946250       -4.8797874420135490E-003
  0.62412488150730328       -5.2858658594888007E-004
  0.27175934777325972       -3.0756226850504678E-003
  0.41717768508036279        1.0429660983790989E-003
  0.38456566981384116       -3.9392958123306140E-003
  0.42503851006106930       -2.6960714250803385E-003
  0.34333571883415781       -1.8727780249503010E-003
  0.34598264469298162       -1.1094276968550666E-003
  0.91416214462774104       -6.5629287989389468E-002
  0.98159569950512959        3.7236779886469638E-002
  0.90225764172660572        2.3331244339242788E-002
  0.90429490604557650        5.3890500421188120E-002
  0.91367854003483084       -2.5957776823408510E-002
  0.91754628008015737        1.1119219847883991E-003
  0.96422464816660503        4.7128949035861690E-003
  0.62048588346325861        8.2660410074114427E-002
  0.63757924442773461        5.3228857593158180E-002
  0.62088403657123536        7.3020605151964693E-002
  0.62243282737626204        7.8166746204510071E-002
  0.52926257651797448        9.1071406014058096E-002
  0.62458556545416610        9.4915412526753465E-002
  0.60651605576854817       0.12187381817133008     
  0.57575554929973083        9.4451464532240188E-003
  0.55239745385116401        1.1453759532210719E-003
  0.55302594909146230        3.0972946582373577E-004
  0.56785537172925482        4.0459565148590155E-003
  0.48493016856937388       -2.9440414659286200E-003
  0.64819755358239250        9.1890626038973619E-002
  0.64656094654292573        8.9232693140954458E-002
  0.70937207677382130        7.9305013365230340E-002
  0.66719615398023546       0.10785865931896235     
  0.59742468938395510        9.8507271950027134E-002
  0.68668725131581732        8.8057338305888105E-002
  0.64086343252010336       0.10911163290952455     
  0.94598897668439474       -3.3425157168294802E-003
  0.93803090847009352       -3.8818913480724538E-003
  0.99199421556846334        8.9833006876898162E-003
  0.97204347099564936       -1.3661553311033220E-002
  0.99813585021744566       -8.8073565653271145E-004
  0.96606153724581978        4.9149835120062069E-003
  0.97559226148814848       -2.4785332552559099E-003
  0.54905729444272389        5.4750847723127635E-004
  0.52524106397188441       -4.2505274616567703E-004
  0.56094023330222198       -1.3171948025796579E-003
  0.48099863897147160       -1.8023279581236178E-003
  0.48512420880751178        8.3129325865411764E-004
  0.59074739831930945        1.6411836388117915E-003
  0.76967906498217009       0.13246439172701949     
  0.77451080393955996       0.11013581044319495     
  0.80358050814497106       0.11128465476742398     
  0.78346104526449045       0.11089543821439511     
  0.76287740134474280       0.11116968048219136     
  0.81595030468598373       0.10889889671508828     
  0.74529198390937201       0.12766311865842941     
   1.1618980365758869E-002  -4.2244938179285637E-004
  0.69117813455214894        9.8087097748654267E-004
  0.71649616601091459        9.4037645013731136E-004
  0.63662828971128260        1.0679193046887114E-003
  0.63130950192043866       -1.1549248023281166E-003
  0.75273142521392056        1.8992592505824720E-003
  0.77410459173181567        5.5251441139887595E-003
  0.76580449232558978        4.3041167197905104E-003
  0.80289132638220229        1.1148198628110624E-003
  0.68542251125962561       -1.3085628101525500E-003
  0.81764828263792311        6.9246880664974152E-003
  0.71346884755985196        5.5167347462069475E-003
  0.80763919614531932        2.1253009273816455E-003
  0.85479866103611213        8.4135536254450499E-002
  0.86129244029088436        8.2703558476082906E-002
  0.87628862820995523        7.5380639790021020E-002
  0.88913228393688992        5.4533390711802091E-002
  0.85787219481285149        6.4489324284025470E-002
  0.89210238465480429        7.1651545479248444E-002
  0.83744845543911828        9.0258191014254516E-002
  0.51689639809425136       0.22177906897442204     
  0.52141444278211257       0.19590597892690828     
  0.53755429420758294       0.20224077677783442     
  0.50580962122923345       0.19946131417052668     
  0.59102477776813911       0.21899558070053621     
  0.49045426809975817       0.20788173597004292     
  0.89437926576777316        2.4799101011279450E-002
  0.92663310122144871        8.4751966823167141E-004
  0.85312589011003914       -1.8370760649632202E-002
  0.86090389431628001       -1.0370612665447969E-002
  0.88250094265493262       -6.4404368176136234E-003
  0.96103605119798674        2.5476774128805581E-002
  0.90906718662043406        1.9621664489074078E-003
  0.89751209698531942       -8.6461834010806492E-004
  0.92899762718839796       -6.8462720169913715E-004
  0.80177491224222752        3.7369930714168309E-003
  0.93810385337720015        8.6660225717047866E-004
  0.86630806189294896       -5.3442707312885435E-003
  0.93974086575589000        3.7478703672659777E-002
  0.83951378384008923       -2.1772687804446937E-003
  0.84436342420781507        1.0759656352642602E-003
  0.86000222053965880        4.2652573153633314E-002
  0.95076623739365163       -3.3462569972034603E-002
  0.80219037501798029       -5.4098435224847240E-003
  0.82735100090457148        1.0679439633908623E-003
  0.73470954572511016       -1.1953104522261194E-003
  0.72574754238092043        8.8012785027625573E-004
  0.85327953260098266        8.7154376573935952E-004
