 cosx vtec
  0.91952337393884442       -9.6162401822252549E-004
  0.94210133071149305       -3.1685733285309186E-004
  0.86772971185754932        1.2930267714109428E-003
  0.90219002146644878        7.5567409252068395E-005
  0.93789711740159920        3.9073304018642291E-003
  0.93848885876745125       -7.3190681211835254E-004
  0.90449683985506202       -5.0381838196475351E-004
  0.36941925673879683       -1.2897270245265243E-003
  0.49876699105885502       -1.5853890733796313E-003
  0.52124096944165621        2.7911010227498938E-003
  0.62837690560929438        2.5617719413499748E-004
  0.55542828786574328        1.3981685127904576E-003
  0.43964672127359633       -5.1007868414364495E-003
  0.92613128997105176       -1.4334823602417959E-004
  0.94615772560741151        9.1280395362138908E-005
  0.86722593389376490        2.6484931139093269E-003
  0.85744303608782280        2.4790802105653944E-003
  0.91111928846538981        4.0766235908728171E-004
  0.90520270792495894       -1.5515789069554193E-003
  0.95487241205338746       -3.5281456368758475E-003
  0.93360823166469309       -1.1035258684171378E-003
  0.89744799955072374        4.7901094501673130E-004
  0.89832998285022692        1.5687779507678255E-003
  0.78444823315951651        2.7623175054397550E-003
  0.86319666250678107        4.0197458449612528E-003
  0.89441241992599119       -4.7835043372671920E-004
  0.82362637771294622       -3.4377783499088652E-003
  0.70883486235055448        1.7863194930720187E-002
  0.59660890670610200        1.9575283317887330E-002
  0.49582564016579500        3.0287222014354839E-002
  0.58905847878567286        1.6668697761839574E-002
  0.63052362042891130        1.3116161486377044E-002
  0.64440503522689008        2.5127913673000962E-002
  0.68986076274983066        1.0602088710713380E-002
  0.61719748272783159        1.3917213258329682E-002
  0.50197156507523688        1.0555076789434181E-002
  0.17904451785043141       -2.7604670143527199E-003
  0.13462877162259262       -1.1527491207212459E-004
   7.1699837051405257E-002  -1.3811317215394021E-003
  -2.7225399559801244E-002   4.4922859168688416E-003
   8.2786792348195137E-002  -1.2436391499969313E-003
   8.5179660163730075E-002   2.0479110461447654E-004
   7.6866681965402917E-002   3.3594982712548912E-003
   4.7710689747549273E-002  -1.0845568661108529E-002
  -4.7405541057197187E-002   2.4618362171800252E-002
   5.2237458075437559E-003   4.1191537438215890E-004
  0.23822506909784316        2.3041674179984772E-003
  0.31380554707367708       -2.7525199677435008E-004
  0.33339507806774477       -1.2724938539822386E-003
  0.48054740285723352       -2.9124891541573404E-003
  0.36510817144761598        1.6272398366837053E-003
  0.27263746239916309       -1.8118724865727565E-004
  0.59775110157841616        5.2849905566731969E-002
  0.68220736208297295        3.8106920053663500E-002
  0.54534098448270552        6.3276848475789002E-002
  0.48200984009685588        7.0919116972806243E-002
  0.57339673101273236       0.10519336145341916     
  0.63489268382457631        5.0497807114577992E-002
  0.37951780227515264       0.10388572255787835     
  0.70996204854467804        5.3512534605510184E-002
  0.50699471522231998        7.5890816554633062E-002
  0.58427526631032078        6.5135368128468984E-002
  0.61314076208531576        6.0586009130342254E-002
  0.85293126310266532       -1.1004490245101013E-003
  0.86472394435547362       -8.3599036980587562E-005
  0.72676301581332747       -7.6881997226430749E-004
  0.85281574686975548       -1.8436084074217239E-004
  0.84474392959001243        8.0550389157429145E-004
  0.89263268315529609        9.8471546486337408E-004
  0.80805202408591270       -6.6271548454806327E-004
  0.61172199324525822        5.8068373183961623E-002
  0.49538429995257394        6.6928927599418278E-002
  0.40840041730784138        7.8420673010781289E-002
  0.48984966842602568        6.1524758571879119E-002
  0.55156025829668276        3.4345231023820519E-002
  0.53918037038071076        6.3733997491919478E-002
  0.61719070942822840        4.5257741978062357E-002
  0.43505299254352847       0.10812904251234406     
  0.51757276972627198        6.0545584113714725E-002
   2.3890631016171560E-002   5.5964969898950119E-002
  0.68480049206311255        4.4498150413293282E-003
  0.73757739252112420        1.7487307358282290E-002
  0.63832087691492079        4.1352447010887541E-002
  0.57525324403142686        2.9894771136291815E-002
  0.66673201568068130        4.3363388991551628E-002
  0.70195323642176044       -3.1374722056225199E-002
  0.44784354351953026        4.4487769866509388E-002
  0.77059814051185827        9.1331953273705319E-003
  0.59130180334768334        3.6179897849154104E-002
  0.65734751476134434        1.7362169594392445E-002
  0.71906420852197517        2.1612762921603676E-002
   9.5395673115912918E-002   3.9713315750270527E-003
  0.11761984368693175        1.5067994553094507E-004
  0.21487273942734444       -6.6718014027117778E-004
   4.0779573883800616E-002   4.4953568808341338E-003
  0.13636378448772535       -1.1062818537919612E-003
   2.0576531171717316E-002  -4.5443046438902509E-003
   1.3082335491195363E-002  -1.2701386721718732E-002
  -3.8429266375852422E-002  -4.1639714671229781E-003
  -9.6176134368048727E-002  -1.2944937963955926E-003
  -8.4250894951037270E-002  -4.6381131940633384E-003
  0.86501663369174797       -1.8425442309917390E-003
  0.75749127142163819       -6.4994435822044718E-003
  0.78118310614614217       -1.5193500429710259E-003
  0.83383065509102661       -1.0268789279195456E-003
  0.80483115898437552       -2.8028151825057441E-004
  0.61065528204492381        5.2825112062993246E-004
  0.53159350795032845       -2.3291142227196697E-004
  0.46784959206102006       -1.0360885492778609E-003
  0.40009806018628025        2.9107282886670050E-005
  0.61332367162480972       -2.7870839953360914E-003
  0.64153823571704771        1.0504469837238101E-003
  0.90449075531655398        1.2428388263224378E-003
  0.92676625000458979       -2.6804108066335843E-004
  0.85648384224510576        5.3309663252945824E-003
  0.89020054690414241       -1.7674594537552189E-004
  0.91496280631887772        1.4058700887975260E-003
  0.93206751792405884        3.4385848994467221E-003
  0.77042747821199042        7.1561491682741601E-004
  0.87841866634488608       -1.9313477136490538E-003
  0.90474781710149077        4.6256906650562378E-004
  0.10407560696304168       0.14616974875789149     
   3.9247210194396212E-002  0.13480062142992202     
   8.8070467893051368E-002  0.13244874296649659     
  0.14716515487246379       0.12622566330818735     
  0.12442732064954108       0.13218300977472652     
   4.6322126000509681E-002  0.13403129489593524     
  -5.8298771888703568E-002  0.16718654530471480     
   2.2508284944797341E-002   4.4968026919053892E-003
   8.9768790456161096E-002   4.2981282663374643E-003
  0.10995812163455571        1.4764253058574511E-003
  0.16620536224435337        7.5457911314361602E-003
   4.9134882020710424E-002   8.4268154823119001E-004
  0.92266360050139351        4.5253359407055623E-004
  0.93602670498584351        9.6129781111855802E-004
  0.85225710954392775       -3.0777218663015225E-003
  0.84264030667269751        1.1174027867113141E-003
  0.88080098731430023        4.3087592295885479E-004
  0.89764316940719713       -2.2641791912794453E-003
  0.96227276646109194       -1.7650548315984085E-003
  0.91583856824574350        8.1385757764911872E-004
  0.87932197905392084       -4.3943034735775886E-004
  0.36778525666794781       0.13828575727672404     
  0.28187422372020765       0.13496985917050677     
  0.14457902254398436       0.17457448895407282     
  0.31485210269740010       0.13312764346030101     
  0.25168201901851789       0.13731931094613789     
  0.33481437247373741       0.14286392655987321     
   9.6961068220764113E-002  -2.4152062409891399E-004
   4.5771040485534820E-002  -1.6801410417189593E-004
  -1.0605827194545892E-002   3.3360350109583664E-003
  -8.9362588877394011E-002   4.1850298004085691E-003
  0.27054750858513171        1.8039901042231622E-002
  0.33155959850208172        9.4478455624341824E-003
  0.35795917495695195        7.0401137222157381E-004
  0.29077108491251902        6.7728585436055448E-003
  0.97545898534763609        1.3401480297468547E-003
  0.97025311632279343       -2.2287743463634928E-003
  0.88607422273523873        4.6502114942599477E-003
  0.92226008215562005       -5.4593737072498264E-003
  0.96190868895307924       -2.8915610890522516E-003
  0.98676615465043649       -3.4230545147837048E-003
  0.95848025088797550       -3.1479813156236563E-003
  0.93403167320860292        1.0378312096303243E-003
  0.82532017379776923        7.8589178373334942E-004
  0.85250136908963015        8.1466062100912489E-003
  0.78123790253450442       -1.6584863994053397E-002
  0.70103840529662720       -1.3931294641972591E-003
  0.81296086110811994        5.5444735493517883E-003
  0.83110372960815238        9.1762047814772235E-003
  0.87302007559643879       -1.2828109273727184E-002
  0.71025289562873661        3.2156347579018912E-003
  0.79256545614791807       -1.6253284049114482E-003
  0.85766544594757166        7.0115968919918338E-003
   8.9712675531805647E-002  0.15502508079457533     
   2.8921410040928359E-002  0.15193625256534618     
   7.9566540347281944E-002  0.14234849483706394     
  0.16506471770679737       0.14808115052818685     
  0.11458074248373573       0.15622842766649297     
   3.1674579053375576E-002  0.16013105653987095     
  0.35705473199045790       0.12439328161424504     
  0.28581156299272154       0.12268714835724899     
  0.23629956228139976       0.13250280893800487     
  0.15198134691305379       0.14929554268333578     
  0.31705706002479395       0.12294461422415401     
  0.18069259939777763       0.13888483793408246     
  0.25220612632902850       0.16177407630208820     
  0.38355908199603617       0.14745223535839036     
  0.59918638023545845       -9.8763709137592026E-004
  0.45732074986907645       -4.1869643802628563E-004
  0.39279574590251282        2.6979917087478181E-003
  0.59628700814656677       -2.0610140261236542E-002
  0.63798375275297103        1.2452667861203354E-003
  0.98847528400960494        1.2527483998860428E-003
  0.98799503891300766       -1.7301745083221845E-004
  0.98187557052517127       -3.1242440398636237E-003
  0.99333786412805058       -1.7347450135841900E-003
  0.94509153545220992        2.6230552523900720E-003
  0.89374672398052546       -1.9788785958775273E-003
  0.75869429724681969        3.0912012073850120E-003
  0.78408199296570180       -1.0990283110258188E-003
  0.85601823251665909       -6.3503376515465252E-003
  0.83443640745333436       -6.4708599269172379E-004
  0.79620139352977581       -7.8571204327096563E-004
  0.66684693242682147        9.8326762151727080E-003
  -6.0378848380103739E-002   4.1619556586150374E-005
  -5.5847536804789211E-002   1.2596067335274474E-002
  0.78989075250200114        9.9820059252443555E-003
  0.84075375833427257       -3.7000416006854219E-004
  0.72960656571839655        1.8675346546876515E-002
  0.72435583265145453        1.4043305679535661E-002
  0.76158831246153369        1.3691458398637160E-002
  0.85341977853758633       -3.2657256707119119E-003
  0.81499396033656091        3.4037502207289396E-003
  0.66802098390112907        3.1281954673396055E-002
  0.75782787552070652        1.2257620280420930E-002
  0.30517230042739085        2.5771873650454365E-003
  0.30955921293694300       -1.3529777179666987E-003
  0.27912973624067794       -1.1808690353571833E-003
  0.48728061366659337        7.4402037411422828E-004
  0.23942495834132327        7.6328347695225137E-004
  -2.7087248359184413E-003   1.0945867007753183E-002
  0.79017336461589660       -3.0756226850504678E-003
  0.50116464903605229        1.0429660983790989E-003
  0.60443732106033299       -3.9392958123306140E-003
  0.62833724132399116       -2.6960714250803385E-003
  0.69684130740682704       -1.8727780249503010E-003
  0.63821579406312168       -1.1094276968550666E-003
   7.1460093966421112E-002   7.6485740926834231E-002
  -6.2466007574893401E-002   9.7090992999645923E-002
  0.25654082443744664       0.13561832585111258     
  0.17424532323292716       0.14488049082489490     
  0.12833564647609352       0.14099650179983431     
   5.6784473134627589E-002  0.14005128467219471     
  0.20846354496765579       0.12712883641484735     
   8.3157506415792420E-002  0.14563795754615758     
  0.13820996538421185       0.14434854905661090     
  -6.8757168631187277E-002   9.8507271950027134E-002
  -1.6881072657737695E-002  -3.8818913480724538E-003
  -1.0537656523822436E-002  -1.3661553311033220E-002
  -7.7668111136476203E-002  -2.4785332552559099E-003
  0.41981180268467533        5.4750847723127635E-004
  0.51158224291863097       -4.2505274616567703E-004
  0.53294178646983370       -1.3171948025796579E-003
  0.61938326177692471       -1.8023279581236178E-003
  0.55002126889170921        8.3129325865411764E-004
  0.46300556128081338        1.6411836388117915E-003
  0.98347002546414175        8.4916412160106983E-004
  0.99047678541085860       -5.4668864384596884E-005
  0.92285739986939719       -1.3352013552095448E-003
  0.95924858601766083       -4.2244938179285637E-004
  0.96947006436661765       -3.3303824079798957E-003
  0.99409040910331437        2.9710001599958600E-004
  0.98457930701386975        4.4567733278943306E-004
  0.95997996583259582       -2.3710797897497052E-003
  0.49963364987620384        9.8087097748654267E-004
  0.51615846765271944        9.4037645013731136E-004
  0.61091407267585629        1.0679193046887114E-003
  0.56081012743172587       -1.1549248023281166E-003
  0.44580647227669856        1.8992592505824720E-003
   8.7939219435320765E-002   5.5251441139887595E-003
  0.15498157326186085        4.3041167197905104E-003
  0.17524007595036251        1.1148198628110624E-003
  0.41380183063906839       -1.3085628101525500E-003
  0.21981233616095230        5.5167347462069475E-003
  0.11531469621200885        2.1253009273816455E-003
  0.89991462224465735       -8.5020807505557317E-004
  0.89632924575580752       -1.5506346889086720E-004
  0.89494676179121324       -5.1013352026934482E-003
  0.93009314644446106       -2.5845571095877728E-003
  0.85862095034047381        4.6924016013175840E-003
  -2.7642346795161810E-002   8.4751966823167141E-004
  -9.4095295690729636E-002  -1.8370760649632202E-002
   1.2330024311091536E-002   1.9621664489074078E-003
  0.11220458871937450       -8.6461834010806492E-004
  0.12321297850004986       -6.8462720169913715E-004
  0.24212302209553357        3.7369930714168309E-003
   6.0832668262669920E-002   8.6660225717047866E-004
  0.79003629469965486        8.3818313049875796E-003
  0.84113447000219510        2.6070822242617044E-003
  0.72748397613019866        1.8072617873496892E-002
  0.72206949707008317        1.3724598829335260E-002
  0.76028804920041115        1.3313824791760968E-002
  0.86036110508786967        2.0056339037771636E-004
  0.81166478249915319        4.3708906987681489E-003
  0.66247052021187747        3.5249432613144997E-002
  0.75456821314723277        1.1506305277751162E-002
  0.36414333013426115       -5.4098435224847240E-003
  0.37696973480612062        1.0679439633908623E-003
  0.51571341774003487       -1.1953104522261194E-003
  0.45163009096834938        8.8012785027625573E-004
  0.31158738686798254        8.7154376573935952E-004
