 cosx vtec
  0.67296091361365196        3.1388095203105523E-002
  0.64950116585257589        1.1266557126342261E-002
  0.65367163244852255        1.6147304182509994E-002
  0.66768968247802041        2.6590208887822465E-002
  0.58974623909563351        2.7965496839924199E-002
  0.70801949130958641        4.8858144319178523E-002
  0.56105802934097160       -1.2897270245265243E-003
  0.50782404358783717       -1.5853890733796313E-003
  0.53828545844280051        2.7911010227498938E-003
  0.42956565092086146        2.5617719413499748E-004
  0.44333714276289343        1.3981685127904576E-003
  0.58798289923001335       -5.1007868414364495E-003
  -4.0114311475962096E-002  0.24579306243113461     
  -7.1880388141461998E-002  0.24387617783107565     
  0.26419291159413633       0.24536648206127828     
  0.43785342862321269       0.18116790074331321     
  0.43221168438018370       0.18711093450550123     
  0.46247610279064161       0.18987606643068172     
  0.37135164631915712       0.21150504713415480     
  0.48871262891737910       0.18739092016021178     
  0.43826136004970584       0.18751340178758585     
  -2.0837746292797010E-002   3.0287222014354839E-002
  -7.0400686146753447E-002   1.6668697761839574E-002
   5.8467904209289082E-003   1.3116161486377044E-002
   9.9198157854239549E-002   1.0555076789434181E-002
  0.82219371079034254       -2.7604670143527199E-003
  0.78527370486043246       -1.1527491207212459E-004
  0.81013373678854628       -1.3811317215394021E-003
  0.86483614343124782        4.4922859168688416E-003
  0.88759841855423027       -1.2436391499969313E-003
  0.88623591721442041        2.0479110461447654E-004
  0.98363127943357975       -4.5297425071958546E-003
  0.91046723011804864        3.3594982712548912E-003
  0.89363002666890612       -1.0845568661108529E-002
  0.92722307801673254        2.4618362171800252E-002
  0.96589419845414559       -3.8686800322529163E-002
  0.93768289032730201        4.1191537438215890E-004
  0.63470353293263237        2.3041674179984772E-003
  0.60870603118071831       -2.7525199677435008E-004
  0.63824394508001037       -1.2724938539822386E-003
  0.52358446332432995       -2.9124891541573404E-003
  0.55558473262407215        1.6272398366837053E-003
  0.66180920421968914       -1.8118724865727565E-004
  0.76413392020174942       0.16537621692818413     
  0.79501850547604647       0.15934392381651821     
  0.81509750112806711        2.5444023499378923E-002
  0.77202412815197974       0.16245428121964881     
  0.80649623651079738       0.15838180996555629     
  0.75623048502442614       0.16540010551223430     
  0.63466312508479150       0.19077796878947312     
  0.64823956316593623       0.19748407119543368     
  0.62046369007358371       0.19677924073786038     
  0.60572462576142994       0.19784547479312053     
  0.69660184753116472        7.1904269094688437E-003
  0.62576013313366563       -4.0428397746459149E-004
  0.63778702986547853        8.0264766956408590E-004
  0.66918250346614150       -4.8977605447199585E-004
  0.56946606519065746       -4.6278575108834206E-003
  -3.9068002955222600E-002   3.4345231023820519E-002
  0.77774973377775580       -1.9673738106778019E-003
  0.73582533388514471        3.1601492638171458E-003
  0.74573189825927588       -3.5944424831929598E-003
  0.76634728960734044       -4.0640839485871225E-003
  0.67230223535497791        8.8320842817718771E-003
  -6.7179409859344161E-002   5.4977674025444352E-002
  0.65959513221926025        7.7012684142695968E-003
  0.62620930161962429        2.1670522914370286E-003
  0.63284050701521566        1.8489583781809297E-003
  0.65065497592871802        4.0539128396376491E-003
  0.57241784734128898        1.1603254861881261E-002
  0.74188225643830896       0.15621543594884907     
  0.73692352576362063       0.16669204073483934     
  0.78604037892322309       0.15831919765343447     
  0.75382725288354391       0.15216228660618406     
  0.78164026487738414       0.14958327736875440     
  0.73699431565845097       0.15520144799549179     
  0.93115768010509259       -2.0566632077150596E-002
  0.89888583753739948       -1.2701386721718732E-002
  0.85519243185013438       -4.1639714671229781E-003
  0.87459432629136524       -1.2944937963955926E-003
  0.90871228373198376       -5.6288340745692606E-003
  0.94368552306094899       -4.6381131940633384E-003
  0.15010476292275984       -1.8425442309917390E-003
  0.25996521409613055       -6.4994435822044718E-003
  0.27842117398003136       -1.5193500429710259E-003
  0.19366929287727780       -1.0268789279195456E-003
  0.19503893276801201       -2.8028151825057441E-004
  0.25222133698126709        5.2825112062993246E-004
  0.44597910576536975       -2.3291142227196697E-004
  0.36559165832929152       -1.0360885492778609E-003
  0.40245910194416867        2.9107282886670050E-005
  0.18089676983743047       -2.7870839953360914E-003
  0.28182235003431294        1.0504469837238101E-003
  0.94438786340575076        1.7706911728363754E-002
  0.95797282837785458        8.3064049308213578E-004
  0.89916862836001477       -9.0239836387568228E-003
  0.91405586921464566        2.1763725522982606E-002
  0.93525883698771606       -7.8960665841218552E-003
  0.97357891826017806        8.2147199687336817E-002
  0.76325506307619839       0.17979436456887404     
  0.77917393552187597       0.16086609414302988     
  0.79140498336534459       0.16159190962225733     
  0.76412266798623696       0.16379153790527184     
  0.81216503453467914       0.16523917677199620     
  0.74921013543410053       0.16719070424129434     
  0.12611239653558606       0.14616974875789149     
  0.24454591065060410       0.13480062142992202     
  0.23130644650006701       0.13244874296649659     
  0.31692394595959972       0.12622566330818735     
  0.19296723961830153       0.13218300977472652     
  0.30313506492386000       0.13403129489593524     
  0.26422656667670169       0.16718654530471480     
  0.76671715093945614        4.4968026919053892E-003
  0.74813403748021856        4.2981282663374643E-003
  0.78081219874713126        1.4764253058574511E-003
  0.67881355849089065        7.5457911314361602E-003
  0.79356579038927066        8.4268154823119001E-004
  -9.0093783683689518E-002   4.3087592295885479E-004
  0.90458911847784462       -6.3980360992366920E-003
  0.85106779853443126       -2.4152062409891399E-004
  0.80654779546130395       -1.6801410417189593E-004
  0.82720808822153413        3.3360350109583664E-003
  0.87006333748235687        4.1850298004085691E-003
  0.17043311897608129       0.15366162381360923     
  -2.3856349747315733E-002   9.2524625267465410E-002
  0.16828297196499706       0.11551612918117631     
   7.7449924008340068E-002  0.16378948154012907     
   2.3263178524567080E-002  0.16060041294835464     
  0.90406020291649813        8.7806748522432240E-002
  0.89472402909153725        4.9557197440978550E-002
  0.89301039471792765        3.7410694713585532E-002
  0.89668742939279511        4.7976232722304335E-002
  0.89272745520919261        6.5191784758076146E-002
  0.93866168198308608        6.2451256859090268E-002
  0.87772388492377396        8.2339747719577638E-002
  0.43304563225946829        1.8039901042231622E-002
  0.41135527124358529        9.4478455624341824E-003
  0.45076847518821184        7.0401137222157381E-004
  0.47221232483446401        6.7728585436055448E-003
  -3.4201823461034224E-002   4.6502114942599477E-003
  -1.1135013548410278E-002  -5.4593737072498264E-003
   2.1292959306574866E-003  0.15502508079457533     
  0.10787789637587836       0.15193625256534618     
   9.4490572140980639E-002  0.14234849483706394     
  0.22290984144500839       0.14808115052818685     
   5.5542680891155292E-002  0.15622842766649297     
  0.18729559383566433       0.16013105653987095     
  -2.8274103721523908E-003  0.23712981313967793     
  -6.9797123303677567E-005  0.27819200677065820     
   3.2352781047134543E-002  0.25379079357669648     
  -6.5623695024611892E-003  0.23963081729763375     
  0.62913052317141294       0.20000990441896402     
  0.64993900758651157       0.18849306004408550     
  0.67014171735122618       0.20000520977718561     
  0.62952387119994035       0.19102871679253400     
  0.61440918688001434       0.19544743668399317     
  0.49114707365380217       0.21606207179078721     
  0.50595854408624175       0.22397928138036893     
  0.47783355271542788       0.21680856679272215     
  0.46238327659256173       0.23013724365828847     
  0.23120454160149889       -9.8763709137592026E-004
  0.34265967493947769       -4.1869643802628563E-004
  0.37779229352972948        2.6979917087478181E-003
  0.16682034732655018       -2.0610140261236542E-002
  0.25819519673356234        1.2452667861203354E-003
  -4.3009059162138624E-002  0.24713170551468802     
   4.3131193036022045E-002  0.23721193722235798     
  0.90009077145832284        1.8930705919911962E-002
  0.88331604963292421        1.1916057871492762E-002
  0.96633568761624222        2.6299998063288428E-002
  0.92180227352160515        3.0246794274645942E-002
  0.98265166873874976        1.8192433725313806E-002
  0.92910676845924245        2.2596442649661611E-002
  0.92667958940006856        3.6811161512725413E-002
  0.90484192921209217        1.8706940296745276E-002
  0.94882092477569524        4.3737613825485785E-002
  0.93323600176880228        5.4220707082015401E-002
  0.97083378205740711        2.2100578287264510E-002
  0.98875116727479118        3.8172727753038857E-002
  0.97766969493305322        3.4166946097695702E-002
  0.97593581240716976        3.9101947776732475E-002
  0.95917096621812814        3.1988908536078074E-002
  0.97781250930457930        1.7970343024593889E-002
  0.94107573503708875        4.5846785742042269E-002
  -6.6604822612305992E-002  -1.9788785958775273E-003
  0.15576209725375564        3.0912012073850120E-003
  0.18528927115492796       -1.0990283110258188E-003
  -8.6547226657168005E-002  -6.3503376515465252E-003
   9.6696953805246511E-002  -6.4708599269172379E-004
  0.10308763070704231       -7.8571204327096563E-004
  0.30561218718268535        9.8326762151727080E-003
  0.68731575316622784        4.4944733756782226E-003
  0.59008443987705061        4.1619556586150374E-005
  0.60404289422282209        1.0181072196445450E-004
  0.64439061086360827        9.7886086240164469E-004
  0.53065913661196962        1.4547404301936036E-003
  0.95919563095894977       -6.6559077245274684E-002
  0.93769502236001001        1.2596067335274474E-002
  0.89717359438127153        7.0879289311199635E-003
  0.91646751540580085        6.6438648602652759E-003
  0.94461719508075714       -5.4175284405365660E-003
  0.96841365956373926        2.9433060817074527E-002
  0.61946400124206880       0.16996716393424466     
  0.62664466505711491       0.16878339842997775     
  0.61347236878430800       0.17779457800968479     
  0.59921928549009162       0.19331008144297543     
  0.76964475672149191        2.5771873650454365E-003
  0.78746241881715817       -1.3529777179666987E-003
  0.78317280095050523       -1.1808690353571833E-003
  0.65367157906170492        7.4402037411422828E-004
  0.82814838028093396        7.6328347695225137E-004
  0.79126623944382646        2.6846181032148721E-003
  0.82028167292810539        1.0945867007753183E-002
  0.71653330941222859        2.3432810183311586E-003
  0.73046035265363018       -3.2395965922499021E-004
  0.76343543131585323       -4.8797874420135490E-003
  0.63929139937606083       -5.2858658594888007E-004
  0.11998086005210500       -3.0756226850504678E-003
  0.30969745706151613        1.0429660983790989E-003
  0.26036967551206275       -3.9392958123306140E-003
  0.29477420883856542       -2.6960714250803385E-003
  0.20473519810322030       -1.8727780249503010E-003
  0.21759812546747617       -1.1094276968550666E-003
  0.95543823292180574       -6.5629287989389468E-002
  0.98367528295369455        3.7236779886469638E-002
  0.92126010896164612        2.3331244339242788E-002
  0.93475129849649563        5.3890500421188120E-002
  0.95082975604455144       -2.5957776823408510E-002
  0.96870026421784239        1.1119219847883991E-003
  0.98885015000249177        4.7128949035861690E-003
  0.73453576621646643        8.2660410074114427E-002
  0.72849058143624701        5.3228857593158180E-002
  0.72688642602923059        7.3020605151964693E-002
  0.73409741109074778        7.8166746204510071E-002
  0.64661676090234155        9.1071406014058096E-002
  0.74383350752393584        9.4915412526753465E-002
  0.73235282154676140       0.12187381817133008     
  0.64649691848133073        9.4451464532240188E-003
  0.60388989492204115        1.1453759532210719E-003
  0.61207929636572478        3.0972946582373577E-004
  0.63343492417888059        4.0459565148590155E-003
  0.55312988065390167       -2.9440414659286200E-003
  0.65250851209460448        9.1890626038973619E-002
  0.64179770523336577        8.9232693140954458E-002
  0.69455793389065124        7.9305013365230340E-002
  0.68570404353019832       0.10785865931896235     
  0.58217974187606902        9.8507271950027134E-002
  0.68684654447196980        8.8057338305888105E-002
  0.65843993063342254       0.10911163290952455     
  0.92446620570463811       -3.3425157168294802E-003
  0.89803525416196561       -3.8818913480724538E-003
  0.99195862999444406        8.9833006876898162E-003
  0.92937114777724583       -1.3661553311033220E-002
  0.99211032548550637       -8.8073565653271145E-004
  0.96729875382759545        4.9149835120062069E-003
  0.94459427501881343       -2.4785332552559099E-003
  0.44988021659629446        5.4750847723127635E-004
  0.41097342899902034       -4.2505274616567703E-004
  0.44127091557366077       -1.3171948025796579E-003
  0.34974957001428775       -1.8023279581236178E-003
  0.36591653411398661        8.3129325865411764E-004
  0.48204422496424554        1.6411836388117915E-003
  0.85875431441380112       0.13246439172701949     
  0.87136802558119286       0.11013581044319495     
  0.89330083142794880       0.11128465476742398     
  0.87897533110564485       0.11089543821439511     
  0.86007499198751258       0.11116968048219136     
  0.89867162595489192       0.10889889671508828     
  0.84467380804376624       0.12766311865842941     
  0.57141559656069019        9.8087097748654267E-004
  0.59266000940672503        9.4037645013731136E-004
  0.49974299933019384        1.0679193046887114E-003
  0.50350254885059853       -1.1549248023281166E-003
  0.63964024631763894        1.8992592505824720E-003
  0.72313593868612436        5.5251441139887595E-003
  0.70339469984196246        4.3041167197905104E-003
  0.73521042389076141        1.1148198628110624E-003
  0.58105811087715631       -1.3085628101525500E-003
  0.79811003085830923        6.9246880664974152E-003
  0.64202519629050492        5.5167347462069475E-003
  0.75030725009885746        2.1253009273816455E-003
  0.90490880209624780        8.4135536254450499E-002
  0.89334787928271542        8.2703558476082906E-002
  0.93742794035679022        7.5380639790021020E-002
  0.94920056873160219        5.4533390711802091E-002
  0.91767145148998175        6.4489324284025470E-002
  0.93664164377528170        7.1651545479248444E-002
  0.89979400563038126        9.0258191014254516E-002
  0.64461750469654500       0.22177906897442204     
  0.65766459172561165       0.19590597892690828     
  0.67329650863544910       0.20224077677783442     
  0.64112827239099279       0.19946131417052668     
  0.71164608355188452       0.21899558070053621     
  0.62631817348766450       0.20788173597004292     
  0.89915335316935008        2.4799101011279450E-002
  0.88905709623185980        8.4751966823167141E-004
  0.83063478077447983       -1.8370760649632202E-002
  0.84702917014485446       -1.0370612665447969E-002
  0.87804146191153465       -6.4404368176136234E-003
  0.94226219583676873        2.5476774128805581E-002
  0.86524768802314322        1.9621664489074078E-003
  0.83661136891493992       -8.6461834010806492E-004
  0.86471343563130143       -6.8462720169913715E-004
  0.72235188554822993        3.7369930714168309E-003
  0.88440182759060504        8.6660225717047866E-004
  0.89329297095513305       -5.3442707312885435E-003
  0.92351176212889441        3.7478703672659777E-002
  0.84423440617587042       -2.1772687804446937E-003
  0.85763439615924641        1.0759656352642602E-003
  0.88080813098949640        4.2652573153633314E-002
  0.95868579781276642       -3.3462569972034603E-002
  0.70123284223199511       -5.4098435224847240E-003
  0.72297919047052372        1.0679439633908623E-003
  0.61011748817583777       -1.1953104522261194E-003
  0.61286566414004373        8.8012785027625573E-004
  0.75924857960719527        8.7154376573935952E-004
