 cosx vtec
  0.96586003608146109       -9.6162401822252549E-004
  0.97179033270672566       -3.1685733285309186E-004
  0.92492806814227202        1.2930267714109428E-003
  0.95388519785219195        7.5567409252068395E-005
  0.98185394917898527        3.9073304018642291E-003
  0.95972863956090793       -7.3190681211835254E-004
  0.92821391809721043       -5.0381838196475351E-004
   9.6944895425350508E-002  -1.2897270245265243E-003
  0.22176571817698787       -1.5853890733796313E-003
  0.22899962378824174        2.7911010227498938E-003
  0.35590841187050454        2.5617719413499748E-004
  0.29142774247680120        1.3981685127904576E-003
  0.14439499547673773       -5.1007868414364495E-003
  0.91886263116178157       -1.4334823602417959E-004
  0.92049724320414883        9.1280395362138908E-005
  0.87003091408909072        2.6484931139093269E-003
  0.80465502537940747        2.4790802105653944E-003
  0.81613051595394104        4.0766235908728171E-004
  0.90341037468155494       -1.5515789069554193E-003
  0.94688180856040471       -3.5281456368758475E-003
  0.90007041001325194       -1.1035258684171378E-003
  0.86751599290972392        4.7901094501673130E-004
  0.85816452940674037        1.5687779507678255E-003
  0.69618710805103179        2.7623175054397550E-003
  0.80869479714749515        4.0197458449612528E-003
  0.81834236516907954       -4.7835043372671920E-004
  0.78533024559698517       -3.4377783499088652E-003
  0.66988825609848635        1.7863194930720187E-002
  0.54814220451071072        1.9575283317887330E-002
  0.41178507142739401        3.0287222014354839E-002
  0.50582861094835230        1.6668697761839574E-002
  0.51187948980065867        1.3116161486377044E-002
  0.60205345027558643        2.5127913673000962E-002
  0.60825559448577016        1.0602088710713380E-002
  0.54374061858464295        1.3917213258329682E-002
  0.37310577698177305        1.0555076789434181E-002
  -3.6810355086489110E-002   2.3041674179984772E-003
   3.4265730250567672E-002  -2.7525199677435008E-004
   3.9484339759852771E-002  -1.2724938539822386E-003
  0.20117665036099452       -2.9124891541573404E-003
   9.5422583794085969E-002   1.6272398366837053E-003
  -1.8622773961965544E-002  -1.8118724865727565E-004
  -7.5439318246913467E-002  0.19583999216562853     
  -5.5358712843648794E-002  0.15789407856856472     
  0.81864260961482094        5.2849905566731969E-002
  0.87964066424669829        3.8106920053663500E-002
  0.76951801943755305        6.3276848475789002E-002
  0.74806630309172051        7.0919116972806243E-002
  0.79720965094375640       0.10519336145341916     
  0.85246398711904381        5.0497807114577992E-002
  0.66426741501116771       0.10388572255787835     
  0.88680964637942616        5.3512534605510184E-002
  0.74953649410072565        7.5890816554633062E-002
  0.82605162566322476        6.5135368128468984E-002
  0.80082679341970642        6.0586009130342254E-002
  0.95369939609385446       -1.1004490245101013E-003
  0.94867125423019805       -8.3599036980587562E-005
  0.87752213672097368       -7.6881997226430749E-004
  0.96631984353435185       -1.8436084074217239E-004
  0.93927428465412932        8.0550389157429145E-004
  0.96374162473848113        9.8471546486337408E-004
  0.91431095347043967       -6.6271548454806327E-004
  0.62222783180030816        5.8068373183961623E-002
  0.49421517383827995        6.6928927599418278E-002
  0.37581842459854797        7.8420673010781289E-002
  0.45707583132197299        6.1524758571879119E-002
  0.46385561798551356        3.4345231023820519E-002
  0.54428056119251611        6.3733997491919478E-002
  0.58262911065137502        4.5257741978062357E-002
  0.49629383953684070       0.10812904251234406     
  0.49489775533631075        6.0545584113714725E-002
  0.11903963415050534        9.8655685494388690E-002
   3.6378621394981270E-002  0.13308650335389738     
  0.30144019525320370        5.5964969898950119E-002
   8.8880586111352688E-002  0.10687066290385225     
   4.5823869478586798E-002  0.10745699758102502     
  0.14724320797497703       0.13555866064375602     
  0.15743190888511571        9.3728464902475037E-002
   7.5754556132461404E-002  0.10544067617861003     
  0.88931353941709568        4.4498150413293282E-003
  0.92261542084260340        1.7487307358282290E-002
  0.85008789343073665        4.1352447010887541E-002
  0.82030435523210254        2.9894771136291815E-002
  0.87545218621882070        4.3363388991551628E-002
  0.90252150321030111       -3.1374722056225199E-002
  0.72597325716025540        4.4487769866509388E-002
  0.93741914050558117        9.1331953273705319E-003
  0.82469448507991272        3.6179897849154104E-002
  0.87510233871545706        1.7362169594392445E-002
  0.88589904173194900        2.1612762921603676E-002
  0.25953779440541525        3.9713315750270527E-003
  0.22400987526373289        1.5067994553094507E-004
  0.35686483892751814       -6.6718014027117778E-004
  0.18502905526516711        4.4953568808341338E-003
  0.28263270973804655       -1.1062818537919612E-003
  0.19445143955146627       -4.5443046438902509E-003
  0.65053432878434736       -1.8425442309917390E-003
  0.52289291728915610       -6.4994435822044718E-003
  0.53548925691303317       -1.5193500429710259E-003
  0.60925509404578482       -1.0268789279195456E-003
  0.58511598083751304       -2.8028151825057441E-004
  0.40600966692896734        5.2825112062993246E-004
  0.27103585657978807       -2.3291142227196697E-004
  0.24832998140517193       -1.0360885492778609E-003
  0.17967977572201105        2.9107282886670050E-005
  0.43414497858189544       -2.7870839953360914E-003
  0.42041179243349275        1.0504469837238101E-003
  0.98878529211803023        1.2428388263224378E-003
  0.99506844798155614       -2.6804108066335843E-004
  0.95444341096265417        5.3309663252945824E-003
  0.98042737765888099       -1.7674594537552189E-004
  0.99575614265404577        1.4058700887975260E-003
  0.99085141856390313        3.4385848994467221E-003
  0.92506030262185046        7.1561491682741601E-004
  0.98708130092968727       -1.9313477136490538E-003
  0.96343231186917455        4.6256906650562378E-004
   3.8942048673291207E-002  0.14616974875789149     
  -5.7012818675809582E-002  0.13480062142992202     
  -1.2392964578246957E-002  0.13244874296649659     
   4.6192412425646312E-003  0.12622566330818735     
   3.1199743101848337E-002  0.13218300977472652     
  -7.2570003850923603E-002  0.13403129489593524     
  0.86193126742905268        4.5253359407055623E-004
  0.85348552976451564        9.6129781111855802E-004
  0.80293524312013853       -3.0777218663015225E-003
  0.73963145540742969        1.1174027867113141E-003
  0.75082697663274234        4.3087592295885479E-004
  0.84356153125973210       -2.2641791912794453E-003
  0.90262466322802926       -1.7650548315984085E-003
  0.82531399311519338        8.1385757764911872E-004
  0.79281416135645311       -4.3943034735775886E-004
  0.58833836797231731       0.13828575727672404     
  0.49906662838764310       0.13496985917050677     
  0.39356813503434945       0.17457448895407282     
  0.53502521775573308       0.13312764346030101     
  0.48495173831869465       0.13731931094613789     
  0.52519261867648714       0.14286392655987321     
   6.2936614855029049E-002   1.8039901042231622E-002
  0.12056877073702843        9.4478455624341824E-003
  0.12774466818760821        7.0401137222157381E-004
   6.5167513846477676E-002   6.7728585436055448E-003
  0.87485325053199536        1.3401480297468547E-003
  0.84544680409046369       -2.2287743463634928E-003
  0.73478274659571108        4.6502114942599477E-003
  0.75588609588663758       -5.4593737072498264E-003
  0.87695167356631976       -2.8915610890522516E-003
  0.88147166199802163       -3.4230545147837048E-003
  0.82584947029273792       -3.1479813156236563E-003
  0.80443049086127794        1.0378312096303243E-003
  0.96867397422886592        7.8589178373334942E-004
  0.97944738100444650        8.1466062100912489E-003
  0.93985363311935388       -1.6584863994053397E-002
  0.89862603126049501       -1.3931294641972591E-003
  0.96249834741279239        5.5444735493517883E-003
  0.97018505127937182        9.1762047814772235E-003
  0.98714973477124390       -1.2828109273727184E-002
  0.90592023944565181        3.2156347579018912E-003
  0.94790355908186941       -1.6253284049114482E-003
  0.96557412124012276        7.0115968919918338E-003
   7.2359440339120382E-002  0.15502508079457533     
  -1.5687396335952390E-002  0.15193625256534618     
   3.0471478541367697E-002  0.14234849483706394     
   5.3429435292436156E-002  0.14808115052818685     
   7.3191190446585702E-002  0.15622842766649297     
  -4.2348671751417294E-002  0.16013105653987095     
  0.63085552084642849       0.12439328161424504     
  0.55978673537399215       0.12268714835724899     
  0.54352677386450154       0.13250280893800487     
  0.45244333035930118       0.14929554268333578     
  0.59267901285454450       0.12294461422415401     
  0.48860828801686146       0.13888483793408246     
  0.53967604914333744       0.16177407630208820     
  0.61446430795706719       0.14745223535839036     
  0.40430962111588964       -9.8763709137592026E-004
  0.24809335064883270       -4.1869643802628563E-004
  0.18270485922721133        2.6979917087478181E-003
  0.42537996276697321       -2.0610140261236542E-002
  0.42611373238821748        1.2452667861203354E-003
  0.96325635632176065        1.2527483998860428E-003
  0.98008539542269313       -1.7301745083221845E-004
  0.94970740073938975       -3.1242440398636237E-003
  0.94129041008529579       -1.7347450135841900E-003
  0.94092660219932089        2.6230552523900720E-003
  0.75283115444386639       -1.9788785958775273E-003
  0.56180046749254287        3.0912012073850120E-003
  0.57174969307384926       -1.0990283110258188E-003
  0.72933304924310172       -6.3503376515465252E-003
  0.64504395447706087       -6.4708599269172379E-004
  0.61154847031447046       -7.8571204327096563E-004
  0.43238483733299926        9.8326762151727080E-003
  0.84909976800362119        9.9820059252443555E-003
  0.88003278602843005       -3.7000416006854219E-004
  0.79056140196454305        1.8675346546876515E-002
  0.74081750527858714        1.4043305679535661E-002
  0.82292616165928900        1.3691458398637160E-002
  0.91519806142348537       -3.2657256707119119E-003
  0.84537210969975107        3.4037502207289396E-003
  0.77720499813026500        3.1281954673396055E-002
  0.79498168980455353        1.2257620280420930E-002
  -3.1349065001935683E-002   2.5771873650454365E-003
  -3.4257920224019744E-002  -1.3529777179666987E-003
  -5.7502962783760769E-002  -1.1808690353571833E-003
  0.15931777374546091        7.4402037411422828E-004
  0.60048574335885097       -3.0756226850504678E-003
  0.29583249024189934        1.0429660983790989E-003
  0.39797498604101245       -3.9392958123306140E-003
  0.40493615226502100       -2.6960714250803385E-003
  0.49355269806874580       -1.8727780249503010E-003
  0.44107902041195579       -1.1094276968550666E-003
  0.20122537697359999        9.8461162684642806E-002
  0.12283392779238683       0.13174878465105111     
  0.36742296739074964        7.6485740926834231E-002
  0.17100436191627116       0.10454917800673171     
  0.11425718341802793       0.11754210326410783     
  0.21853700529630898       0.11888509311478077     
  0.24122967858853389        9.7090992999645923E-002
  0.15655523670163835       0.10509869906497141     
  -6.7136270563055045E-002  0.24900590984499346     
  -5.5632660650522414E-002  0.22365486852961142     
   3.5298487960732539E-002  0.27576256098499924     
  -9.6379020081597599E-002  0.23544226493101264     
  0.55549775899038845       0.13561832585111258     
  0.47308139654581238       0.14488049082489490     
  0.45236938649640568       0.14099650179983431     
  0.37536927928306690       0.14005128467219471     
  0.50931131456016288       0.12712883641484735     
  0.40684309765872489       0.14563795754615758     
  0.44906315775878708       0.14434854905661090     
  0.17849069030625897        5.4750847723127635E-004
  0.26746354936802891       -4.2505274616567703E-004
  0.27384862442855351       -1.3171948025796579E-003
  0.37762740549580764       -1.8023279581236178E-003
  0.31519869873839101        8.3129325865411764E-004
  0.20199582155065093        1.6411836388117915E-003
  0.94315680365101240        8.4916412160106983E-004
  0.93132612162803918       -5.4668864384596884E-005
  0.90753834871523476       -1.3352013552095448E-003
  0.83951379870602949       -4.2244938179285637E-004
  0.93923504700658100       -3.3303824079798957E-003
  0.95005082679129604        2.9710001599958600E-004
  0.91778844079850330        4.4567733278943306E-004
  0.89526121605700637       -2.3710797897497052E-003
  0.19932679139370379        9.8087097748654267E-004
  0.20506561154168340        9.4037645013731136E-004
  0.31613011338990393        1.0679193046887114E-003
  0.27391664018263356       -1.1549248023281166E-003
  0.13061473274540814        1.8992592505824720E-003
  0.12584646525534882       -1.3085628101525500E-003
  -5.4485419650272815E-002   5.5167347462069475E-003
  0.97999853404627157       -8.5020807505557317E-004
  0.98785341132989468       -1.5506346889086720E-004
  0.96928196566067482       -5.1013352026934482E-003
  0.98287155350287736       -2.5845571095877728E-003
  0.94744166443227251        4.6924016013175840E-003
  -6.5534107701404720E-002   3.7369930714168309E-003
  0.83650334038488183        8.3818313049875796E-003
  0.86723291921926005        2.6070822242617044E-003
  0.77526650088331261        1.8072617873496892E-002
  0.72754025640167275        1.3724598829335260E-002
  0.80871369819859407        1.3313824791760968E-002
  0.91049645144844416        2.0056339037771636E-004
  0.82900499967000929        4.3708906987681489E-003
  0.76300533784732394        3.5249432613144997E-002
  0.77869108588747826        1.1506305277751162E-002
   4.1624458955307697E-002  -5.4098435224847240E-003
   4.4165615666854563E-002   1.0679439633908623E-003
  0.19834880061048765       -1.1953104522261194E-003
  0.14510734143793824        8.8012785027625573E-004
  -2.2335539601715859E-002   8.7154376573935952E-004
