 cosx vtec
  0.51309180200342186       -9.6162401822252549E-004
  0.55911588294125492       -3.1685733285309186E-004
  0.45887258334479836        1.2930267714109428E-003
  0.49170754743845924        7.5567409252068395E-005
  0.52955702904096402        3.9073304018642291E-003
  0.57263735097659596       -7.3190681211835254E-004
  0.54579484071842288       -5.0381838196475351E-004
  0.75320558006028637       -1.2897270245265243E-003
  0.84613912607077135       -1.5853890733796313E-003
  0.88944994100547348        2.7911010227498938E-003
  0.92221714911218189        2.5617719413499748E-004
  0.85868878467597831        1.3981685127904576E-003
  0.84185074333117482       -5.1007868414364495E-003
  0.61814986147067807       -1.4334823602417959E-004
  0.66578651033903979        9.1280395362138908E-005
  0.56076987354122831        2.6484931139093269E-003
  0.65886518693715901        2.4790802105653944E-003
  0.77321136014739755        4.0766235908728171E-004
  0.59419757466499101       -1.5515789069554193E-003
  0.63826610825777130       -3.5281456368758475E-003
  0.67239996520749334       -1.1035258684171378E-003
  0.64202133508707193        4.7901094501673130E-004
  0.66182959760803262        1.5687779507678255E-003
  0.67788886180259100        2.7623175054397550E-003
  0.66584159289105038        4.0197458449612528E-003
  0.72675116765538894       -4.7835043372671920E-004
  0.60955710873231350       -3.4377783499088652E-003
  -9.5005824644046999E-002  0.18116790074331321     
  -4.5647934191131834E-002  0.18711093450550123     
  -4.7691238815216475E-003  0.21150504713415480     
  -5.0726734917093980E-002  0.18739092016021178     
  0.53585476186984327        1.7863194930720187E-002
  0.48049640140272354        1.9575283317887330E-002
  0.48157179738814171        3.0287222014354839E-002
  0.54090158994544868        1.6668697761839574E-002
  0.63452308085761522        1.3116161486377044E-002
  0.50020044675464803        2.5127913673000962E-002
  0.60364216984257013        1.0602088710713380E-002
  0.54090078101632100        1.3917213258329682E-002
  0.56982712027200189        1.0555076789434181E-002
  0.74145816911695783       -2.7604670143527199E-003
  0.67178764896058252       -1.1527491207212459E-004
  0.62586397647769387       -1.3811317215394021E-003
  0.56435738823309500        4.4922859168688416E-003
  0.68993989750482188       -1.2436391499969313E-003
  0.69140075954974844        2.0479110461447654E-004
  0.48006994270695424       -4.5297425071958546E-003
  0.69966297601750882        3.3594982712548912E-003
  0.65898965690756284       -1.0845568661108529E-002
  0.58685242452859709        2.4618362171800252E-002
  0.53126913408516585       -3.8686800322529163E-002
  0.64663664638398921        4.1191537438215890E-004
  0.67238788177816911        2.3041674179984772E-003
  0.73018502285079356       -2.7525199677435008E-004
  0.76997967841963155       -1.2724938539822386E-003
  0.83870029978294658       -2.9124891541573404E-003
  0.74515053901729045        1.6272398366837053E-003
  0.72534164812136126       -1.8118724865727565E-004
  -2.4985927078215231E-002   5.2849905566731969E-002
   7.4225986174837000E-002   3.8106920053663500E-002
  -6.5368971342726956E-002   6.3276848475789002E-002
  -4.6372571443442367E-002  0.10519336145341916     
   5.4964621106216027E-003   5.0497807114577992E-002
  0.13103003944265362        5.3512534605510184E-002
  -7.3032334823480149E-002   6.5135368128468984E-002
   4.7464842775196525E-002   6.0586009130342254E-002
  0.14085848093383174        7.1904269094688437E-003
  0.24357874723837647       -4.0428397746459149E-004
  0.21232530393076712        8.0264766956408590E-004
  0.17981148808002953       -4.8977605447199585E-004
  0.10898717887781725       -4.6278575108834206E-003
  0.36732918714713425       -1.1004490245101013E-003
  0.40663911956946774       -8.3599036980587562E-005
  0.19102639004338029       -7.6881997226430749E-004
  0.34331800720264155       -1.8436084074217239E-004
  0.37370847260830320        8.0550389157429145E-004
  0.44898349439823793        9.8471546486337408E-004
  0.32771702342409437       -6.6271548454806327E-004
  0.37952864543942427        5.8068373183961623E-002
  0.32553636736565339        6.6928927599418278E-002
  0.32779854939608422        7.8420673010781289E-002
  0.38132132048614192        6.1524758571879119E-002
  0.52483618676816990        3.4345231023820519E-002
  0.34233975968934938        6.3733997491919478E-002
  0.46779717262103826        4.5257741978062357E-002
  0.16886552226756738       0.10812904251234406     
  0.38043671093906539        6.0545584113714725E-002
   3.6486522959250561E-002  -1.9673738106778019E-003
  0.12454148934703635        3.1601492638171458E-003
   8.6567297195117965E-002  -3.5944424831929598E-003
   5.9559914023461835E-002  -4.0640839485871225E-003
  -1.7480312964960470E-002   8.8320842817718771E-003
   6.2612962938815186E-002   4.4498150413293282E-003
  0.13366170047411946        1.7487307358282290E-002
   1.8642547043549063E-002   4.1352447010887541E-002
  -8.5075561752546325E-002   2.9894771136291815E-002
   4.2912797687822579E-002   4.3363388991551628E-002
   8.1222383733030090E-002  -3.1374722056225199E-002
  0.18945127649541682        9.1331953273705319E-003
  -5.2689928683927578E-002   3.6179897849154104E-002
   1.9807905673757675E-002   1.7362169594392445E-002
  0.15578889426392356        2.1612762921603676E-002
  -9.1317626001629515E-002   2.1670522914370286E-003
  -9.6961580680364701E-002  0.15621543594884907     
  -1.9308876325837998E-002  0.16669204073483934     
  -5.5213763187619003E-002  0.14958327736875440     
  0.41358801993157229       -2.0566632077150596E-002
  0.62795648807557503       -1.2701386721718732E-002
  0.54655683354521367       -4.1639714671229781E-003
  0.50208164171605396       -1.2944937963955926E-003
  0.45959498734791626       -5.6288340745692606E-003
  0.56126804556908283       -4.6381131940633384E-003
  0.96769437064720965       -1.8425442309917390E-003
  0.93531798266916732       -6.4994435822044718E-003
  0.97163443877471700       -1.5193500429710259E-003
  0.96630828588149753       -1.0268789279195456E-003
  0.93824567775547929       -2.8028151825057441E-004
  0.78318486447314695        5.2825112062993246E-004
  0.83666121320867681       -2.3291142227196697E-004
  0.71792904036136707       -1.0360885492778609E-003
  0.67539632410350658        2.9107282886670050E-005
  0.73706437470529440       -2.7870839953360914E-003
  0.83431610544444956        1.0504469837238101E-003
  0.43194248813225333        1.2428388263224378E-003
  0.47653754975228846       -2.6804108066335843E-004
  0.37492634266347330        5.3309663252945824E-003
  0.41146615161537359       -1.7674594537552189E-004
  0.44535773825753977        1.4058700887975260E-003
  0.49788625402453646        3.4385848994467221E-003
  0.21224616182642797        7.1561491682741601E-004
  0.36912809793706081       -1.9313477136490538E-003
  0.48024140815565131        4.6256906650562378E-004
  0.26228258181235836        1.7706911728363754E-002
  0.47806943578728378        8.3064049308213578E-004
  0.36764741916707794       -9.0239836387568228E-003
  0.31998210482141576        2.1763725522982606E-002
  0.28838452729148978       -7.8960665841218552E-003
  0.18530663859394178        8.2147199687336817E-002
  0.19034157382587114       0.14616974875789149     
  0.20652647338977098       0.13480062142992202     
  0.24629340540352576       0.13244874296649659     
  0.36395391563072560       0.12622566330818735     
  0.25642469613432939       0.13218300977472652     
  0.25367873301194160       0.13403129489593524     
  0.12244285036587048       0.16718654530471480     
  0.54697372771111685        4.4968026919053892E-003
  0.60152263656364680        4.2981282663374643E-003
  0.64406514813690219        1.4764253058574511E-003
  0.63054120844543271        7.5457911314361602E-003
  0.59196587744204843        8.4268154823119001E-004
  0.71636532799380448        4.5253359407055623E-004
  0.76607469067557066        9.6129781111855802E-004
  0.64896609348539580       -3.0777218663015225E-003
  0.74358769799643132        1.1174027867113141E-003
  0.81917323509906959        4.3087592295885479E-004
  0.68753518404232916       -2.2641791912794453E-003
  0.74018068870061438       -1.7650548315984085E-003
  0.76790170453026407        8.1385757764911872E-004
  0.73651815973134060       -4.3943034735775886E-004
  0.44423579970786087       -6.3980360992366920E-003
  0.67912575697406385       -2.4152062409891399E-004
  0.59748225064889682       -1.6801410417189593E-004
  0.55523785435896267        3.3360350109583664E-003
  0.50579580840775640        4.1850298004085691E-003
  -6.6366088973536297E-002   8.7806748522432240E-002
  -9.9142572019289443E-002   4.9557197440978550E-002
  -5.6984872368678330E-002   3.7410694713585532E-002
  -8.6502343744203347E-002   4.7976232722304335E-002
  -2.8747886185479521E-003   6.2451256859090268E-002
  0.56676818823594477        1.8039901042231622E-002
  0.61294319869535574        9.4478455624341824E-003
  0.66630299646281399        7.0401137222157381E-004
  0.61378336196427619        6.7728585436055448E-003
  0.82576254963940365        1.3401480297468547E-003
  0.86784686792230126       -2.2287743463634928E-003
  0.86267882480861768        4.6502114942599477E-003
  0.91464331331730320       -5.4593737072498264E-003
  0.78750824980459733       -2.8915610890522516E-003
  0.84195476229551303       -3.4230545147837048E-003
  0.87486786627304203       -3.1479813156236563E-003
  0.85321640874808335        1.0378312096303243E-003
  0.26927245442467107        7.8589178373334942E-004
  0.31785027463510668        8.1466062100912489E-003
  0.21181674992658123       -1.6584863994053397E-002
   8.6227042496682449E-002  -1.3931294641972591E-003
  0.24958395828489655        5.5444735493517883E-003
  0.28107703577307508        9.1762047814772235E-003
  0.35532977288501061       -1.2828109273727184E-002
   9.5850323665160497E-002   3.2156347579018912E-003
  0.22537021026025300       -1.6253284049114482E-003
  0.35699937568718609        7.0115968919918338E-003
   9.1169202647216396E-002  0.15502508079457533     
  0.10271424126488798       0.15193625256534618     
  0.14420190368551314       0.14234849483706394     
  0.31754404129374925       0.14808115052818685     
  0.15257417910621462       0.15622842766649297     
  0.15979231721463405       0.16013105653987095     
  0.75733962695028190       -9.8763709137592026E-004
  0.69171379667474719       -4.1869643802628563E-004
  0.65122091817004391        2.6979917087478181E-003
  0.71039887018542291       -2.0610140261236542E-002
  0.81459969696221091        1.2452667861203354E-003
  0.69257748275324360        1.2527483998860428E-003
  0.65973321188916634       -1.7301745083221845E-004
  0.70133012882197654       -3.1242440398636237E-003
  0.74617244273617578       -1.7347450135841900E-003
  0.62469218646851099        2.6230552523900720E-003
  0.38629411258445551        1.8930705919911962E-002
  0.45462226895463881        1.1916057871492762E-002
  0.30560395595109380        2.6299998063288428E-002
  0.49884000870771233        3.0246794274645942E-002
  0.32152183191652600        1.8192433725313806E-002
  0.31528051640820048        2.2596442649661611E-002
  0.43117697190276155        3.6811161512725413E-002
  0.27944948850864737        1.8706940296745276E-002
  0.15786571425356952        4.3737613825485785E-002
  0.27927116734362495        5.4220707082015401E-002
  0.11783758006268524        2.2100578287264510E-002
  0.32343993047132058        3.8172727753038857E-002
  0.16465814198597334        3.4166946097695702E-002
  0.13176065641096851        3.9101947776732475E-002
  0.10664894933532260        3.1988908536078074E-002
  0.20806821877724541        1.7970343024593889E-002
   7.2933015783083449E-002   4.5846785742042269E-002
  0.84818636852606377       -1.9788785958775273E-003
  0.86524187558148313        3.0912012073850120E-003
  0.91082734946792365       -1.0990283110258188E-003
  0.79681646750124735       -6.3503376515465252E-003
  0.90058104882136703       -6.4708599269172379E-004
  0.86671751432721278       -7.8571204327096563E-004
  0.87589801067508988        9.8326762151727080E-003
  0.21808988894396480        4.4944733756782226E-003
  0.34326269629486017        4.1619556586150374E-005
  0.31289065359751222        1.0181072196445450E-004
  0.27392255149571504        9.7886086240164469E-004
  0.19261653765993172        1.4547404301936036E-003
  0.38427946286065368       -6.6559077245274684E-002
  0.58557366062789606        1.2596067335274474E-002
  0.50898563450953016        7.0879289311199635E-003
  0.45941441587017928        6.6438648602652759E-003
  0.42070994205403556       -5.4175284405365660E-003
  0.51413448786560478        2.9433060817074527E-002
  0.40428800905854895        9.9820059252443555E-003
  0.47494260222921847       -3.7000416006854219E-004
  0.36165923200411521        1.8675346546876515E-002
  0.44185185425118173        1.4043305679535661E-002
  0.38181400519386249        1.3691458398637160E-002
  0.44092499154293874       -3.2657256707119119E-003
  0.47485726797554817        3.4037502207289396E-003
  0.23082089442809645        3.1281954673396055E-002
  0.42481067250414417        1.2257620280420930E-002
  0.83164035257153091        2.5771873650454365E-003
  0.84821526442722794       -1.3529777179666987E-003
  0.81485151520259547       -1.1808690353571833E-003
  0.93441834253573741        7.4402037411422828E-004
  0.80591184552788087        7.6328347695225137E-004
  0.26568494377748259        2.6846181032148721E-003
  0.55839700966426176        1.0945867007753183E-002
  0.37854177966675229        2.3432810183311586E-003
  0.34533393887551328       -3.2395965922499021E-004
  0.30939492994269913       -4.8797874420135490E-003
  0.18913501310434053       -5.2858658594888007E-004
  0.87224513515743296       -3.0756226850504678E-003
  0.71301021131043008        1.0429660983790989E-003
  0.78254069535247306       -3.9392958123306140E-003
  0.82997470421787312       -2.6960714250803385E-003
  0.83688845914364840       -1.8727780249503010E-003
  0.78706170483074822       -1.1094276968550666E-003
  0.18196353289811795       -6.5629287989389468E-002
  0.40605347774964295        3.7236779886469638E-002
  0.28799718192719687        2.3331244339242788E-002
  0.23173796485752327        5.3890500421188120E-002
  0.20233010623477091       -2.5957776823408510E-002
  0.13413574148398705        1.1119219847883991E-003
  0.28624217268773083        4.7128949035861690E-003
  -2.2460248572937574E-002   1.1453759532210719E-003
  -5.9901685464453791E-002   3.0972946582373577E-004
  -8.6158322597693487E-002   4.0459565148590155E-003
  0.25348672046053217        9.1890626038973619E-002
  0.29804764420074353        8.9232693140954458E-002
  0.37482044439963486        7.9305013365230340E-002
  0.19074302210863370       0.10785865931896235     
  0.32947724366036957        9.8507271950027134E-002
  0.29052066137549298        8.8057338305888105E-002
  0.18421689811472072       0.10911163290952455     
  0.50865858737185321       -3.3425157168294802E-003
  0.59741124565249026       -3.8818913480724538E-003
  0.42101372558958877        8.9833006876898162E-003
  0.62518967655240198       -1.3661553311033220E-002
  0.45349248004554965       -8.8073565653271145E-004
  0.40366446720942273        4.9149835120062069E-003
  0.56847245256933587       -2.4785332552559099E-003
  0.72754802147092601        5.4750847723127635E-004
  0.79270465335054396       -4.2505274616567703E-004
  0.83478889986554805       -1.3171948025796579E-003
  0.85862608780519978       -1.8023279581236178E-003
  0.80032294794105585        8.3129325865411764E-004
  0.79274325988253957        1.6411836388117915E-003
  -6.6398513012680849E-002  0.10889889671508828     
  0.71767852586058334        8.4916412160106983E-004
  0.75765467378830242       -5.4668864384596884E-005
  0.63114277003746722       -1.3352013552095448E-003
  0.85113282203149698       -4.2244938179285637E-004
  0.68959987183995364       -3.3303824079798957E-003
  0.73161375567657305        2.9710001599958600E-004
  0.76816425189593773        4.4567733278943306E-004
  0.74821386765949094       -2.3710797897497052E-003
  0.89050497089281400        9.8087097748654267E-004
  0.92156182406710940        9.4037645013731136E-004
  0.95275845119030300        1.0679193046887114E-003
  0.90522618779306585       -1.1549248023281166E-003
  0.88334620254496143        1.8992592505824720E-003
  0.58259335809133250        5.5251441139887595E-003
  0.63613191079806941        4.3041167197905104E-003
  0.67815365205660549        1.1148198628110624E-003
  0.81126901746261459       -1.3085628101525500E-003
  0.44431500891517484        6.9246880664974152E-003
  0.65898346117082429        5.5167347462069475E-003
  0.62855510817827931        2.1253009273816455E-003
  0.11272205552764109        8.4135536254450499E-002
  0.20552008722044346        8.2703558476082906E-002
   6.6833659921497091E-002   7.5380639790021020E-002
   7.7623828986276788E-002   5.4533390711802091E-002
   6.5703989344305963E-002   6.4489324284025470E-002
  0.15633084341457112        7.1651545479248444E-002
   4.4340593345453316E-002   9.0258191014254516E-002
  0.43686901593618954       -8.5020807505557317E-004
  0.41302818367633265       -1.5506346889086720E-004
  0.44443051221069552       -5.1013352026934482E-003
  0.50788421056545641       -2.5845571095877728E-003
  0.39349666931497218        4.6924016013175840E-003
  0.35561528436817652        2.4799101011279450E-002
  0.58050854918692929        8.4751966823167141E-004
  0.47409237906223511       -1.8370760649632202E-002
  0.43442006825271340       -1.0370612665447969E-002
  0.39662614692815534       -6.4404368176136234E-003
  0.50133254041031572        2.5476774128805581E-002
  0.60419432645521509        1.9621664489074078E-003
  0.68448049727560156       -8.6461834010806492E-004
  0.71471183399756344       -6.8462720169913715E-004
  0.73624084170152337        3.7369930714168309E-003
  0.66579917562852264        8.6660225717047866E-004
  0.42833007491556074        8.3818313049875796E-003
  0.49996247869310817        2.6070822242617044E-003
  0.38502965781254483        1.8072617873496892E-002
  0.46101571489221033        1.3724598829335260E-002
  0.40523231705363866        1.3313824791760968E-002
  0.46733718355077758        2.0056339037771636E-004
  0.49718759878461277        4.3708906987681489E-003
  0.24345325902244230        3.5249432613144997E-002
  0.44717323818659438        1.1506305277751162E-002
  0.23293583443203927       -5.3442707312885435E-003
  0.47960713783828740        3.7478703672659777E-002
  0.33260620336733859       -2.1772687804446937E-003
  0.29202092047831840        1.0759656352642602E-003
  0.26107684935389314        4.2652573153633314E-002
  0.36384924053626044       -3.3462569972034603E-002
  0.84381487656363374       -5.4098435224847240E-003
  0.87151666055997967        1.0679439633908623E-003
  0.93305839343038222       -1.1953104522261194E-003
  0.87085492777401219        8.8012785027625573E-004
  0.83094403493997526        8.7154376573935952E-004
