 cosx vtec
  0.59054287545915862        3.1388095203105523E-002
  0.58937445849342784        1.1266557126342261E-002
  0.58224873985721559        1.6147304182509994E-002
  0.58925549651473375        2.6590208887822465E-002
  0.51001666898593001        2.7965496839924199E-002
  0.60997500993484288        4.8858144319178523E-002
  0.63740479440910536       -1.2897270245265243E-003
  0.60802375922567820       -1.5853890733796313E-003
  0.64691570866254100        2.7911010227498938E-003
  0.55306281623718589        2.5617719413499748E-004
  0.55058733434833407        1.3981685127904576E-003
  0.68253641571113155       -5.1007868414364495E-003
  -5.7199182265728760E-002   4.0766235908728171E-004
  -2.0016801108361515E-003   2.7623175054397550E-003
  -8.0522727655271242E-002  -4.7835043372671920E-004
  0.19424815542815721       0.24536648206127828     
  0.36071178343645621       0.18116790074331321     
  0.36396267131343452       0.18711093450550123     
  0.37599721706673617       0.18987606643068172     
  0.31405190719744747       0.21150504713415480     
  0.41627633894278637       0.18739092016021178     
  0.35299606363844904       0.18751340178758585     
  -9.3332013584698822E-002   1.9575283317887330E-002
   4.2667272781741455E-002   3.0287222014354839E-002
   9.4856390118730344E-003   1.6668697761839574E-002
   9.8568774647036617E-002   1.3116161486377044E-002
  -2.7971915230660352E-002   1.0602088710713380E-002
  -2.7974598438602838E-002   1.3917213258329682E-002
  0.17062859640849265        1.0555076789434181E-002
  0.90220641789073885       -2.7604670143527199E-003
  0.86018072304851789       -1.1527491207212459E-004
  0.87498234202141978       -1.3811317215394021E-003
  0.91301877202895043        4.4922859168688416E-003
  0.95068749719895740       -1.2436391499969313E-003
  0.93712121720934916        2.0479110461447654E-004
  0.99770620757309070       -4.5297425071958546E-003
  0.96784085501026895        3.3594982712548912E-003
  0.95174614212045316       -1.0845568661108529E-002
  0.96947589910490983        2.4618362171800252E-002
  0.99218778085846637       -3.8686800322529163E-002
  0.98211398390498550        4.1191537438215890E-004
  0.68976792884752502        2.3041674179984772E-003
  0.67737229294566315       -2.7525199677435008E-004
  0.71393110374625401       -1.2724938539822386E-003
  0.62111295512252973       -2.9124891541573404E-003
  0.63052676362013038        1.6272398366837053E-003
  0.72660674255715263       -1.8118724865727565E-004
  0.66116345107405028       0.16537621692818413     
  0.68586898517000561       0.15934392381651821     
  0.70733557448194573        2.5444023499378923E-002
  0.66321805134413880       0.16245428121964881     
  0.70981375233809751       0.15838180996555629     
  0.64607816017298181       0.16540010551223430     
  0.49082924257093813       0.19077796878947312     
  0.50629373191266580       0.19748407119543368     
  0.47529300264472107       0.19677924073786038     
  0.45916331102951213       0.19784547479312053     
  0.68970183024374432        7.1904269094688437E-003
  0.64513343066995243       -4.0428397746459149E-004
  0.65026415642865043        8.0264766956408590E-004
  0.67243926109811403       -4.8977605447199585E-004
  0.56983706601935713       -4.6278575108834206E-003
  -7.6568737564639638E-002   7.8420673010781289E-002
   3.4779562956536142E-002   3.4345231023820519E-002
  0.74162918741598904       -1.9673738106778019E-003
  0.72151911333625840        3.1601492638171458E-003
  0.72308883188194273       -3.5944424831929598E-003
  0.73609298096986231       -4.0640839485871225E-003
  0.63792387636091419        8.8320842817718771E-003
  0.59465485430931386        7.7012684142695968E-003
  0.58246858573236460        2.1670522914370286E-003
  0.57986341837762778        1.8489583781809297E-003
  0.59055257713008646        4.0539128396376491E-003
  0.51125761923468893        1.1603254861881261E-002
  0.64999146130045071       0.15621543594884907     
  0.65791631588350619       0.16669204073483934     
  0.68548243605140358       0.15831919765343447     
  0.65532526538244384       0.15216228660618406     
  0.69536241667068643       0.14958327736875440     
  0.63752832002558679       0.15520144799549179     
  0.94488293720899486       -2.0566632077150596E-002
  0.95185380861577429       -1.2701386721718732E-002
  0.90177012291357905       -4.1639714671229781E-003
  0.91133121973813080       -1.2944937963955926E-003
  0.93363181349467439       -5.6288340745692606E-003
  0.97915290845780500       -4.6381131940633384E-003
  0.30967675342379397       -1.8425442309917390E-003
  0.39955495806360408       -6.4994435822044718E-003
  0.42676662079796662       -1.5193500429710259E-003
  0.34812641995035937       -1.0268789279195456E-003
  0.34106410024499528       -2.8028151825057441E-004
  0.39396112073351308        5.2825112062993246E-004
  0.57940402621188059       -2.3291142227196697E-004
  0.48856851385817923       -1.0360885492778609E-003
  0.51575241255885840        2.9107282886670050E-005
  0.32127389040026133       -2.7870839953360914E-003
  0.42845553246107987        1.0504469837238101E-003
  0.92871313038684922        1.7706911728363754E-002
  0.97797170011315415        8.3064049308213578E-004
  0.90950159284379350       -9.0239836387568228E-003
  0.91373580322415948        2.1763725522982606E-002
  0.92594431775470998       -7.8960665841218552E-003
  0.93690862300424993        8.2147199687336817E-002
  0.64703679160370298       0.17979436456887404     
  0.65929296687860572       0.16086609414302988     
  0.67344272884102385       0.16159190962225733     
  0.64305024216687778       0.16379153790527184     
  0.70365902739955499       0.16523917677199620     
  0.62629885308099253       0.16719070424129434     
  0.12144864017564520       0.14616974875789149     
  0.23422327209281218       0.13480062142992202     
  0.22937575668203464       0.13244874296649659     
  0.33121885113574673       0.12622566330818735     
  0.19574126348643181       0.13218300977472652     
  0.29749873750681305       0.13403129489593524     
  0.23698518172717398       0.16718654530471480     
  0.78982142323390292        4.4968026919053892E-003
  0.78301773144422349        4.2981282663374643E-003
  0.82311920199314381        1.4764253058574511E-003
  0.72291955614802661        7.5457911314361602E-003
  0.82465150085558059        8.4268154823119001E-004
  -1.3841824875328063E-002   1.1174027867113141E-003
   5.3392873991621043E-002   4.3087592295885479E-004
  -7.1477288573398051E-002   8.1385757764911872E-004
  -7.2617620770146163E-002  -4.3943034735775886E-004
  0.92749055460543550       -6.3980360992366920E-003
  0.91853456871595041       -2.4152062409891399E-004
  0.86736015866631289       -1.6801410417189593E-004
  0.87871442279178646        3.3360350109583664E-003
  0.90801508462460345        4.1850298004085691E-003
   3.5560743566593750E-002  0.15366162381360923     
   3.7682819864873734E-002  0.11551612918117631     
  -5.0436190370548403E-002  0.16378948154012907     
  0.81741035593799161        8.7806748522432240E-002
  0.81091157249996693        4.9557197440978550E-002
  0.82048335277055950        3.7410694713585532E-002
  0.81586714283134554        4.7976232722304335E-002
  0.80366187171073999        6.5191784758076146E-002
  0.86574465631012354        6.2451256859090268E-002
  0.78195999721802190        8.2339747719577638E-002
  0.47902875863153127        1.8039901042231622E-002
  0.46811947980903074        9.4478455624341824E-003
  0.51580325478143030        7.0401137222157381E-004
  0.52507799440725600        6.7728585436055448E-003
  -5.7142994444295298E-002   1.3401480297468547E-003
   1.5446042158942130E-002  -2.2287743463634928E-003
  0.11444389165745836        4.6502114942599477E-003
  0.14981253479290577       -5.4593737072498264E-003
  -9.9792502631490393E-002  -2.8915610890522516E-003
  -4.4842981241810381E-002  -3.4230545147837048E-003
   4.0929901514118142E-002  -3.1479813156236563E-003
   3.7658800268914341E-002   1.0378312096303243E-003
  -1.1457778596763698E-002  0.15502508079457533     
   8.8313634791069878E-002  0.15193625256534618     
   8.3613013052318760E-002  0.14234849483706394     
  0.23508034333220798       0.14808115052818685     
   4.9207523659527283E-002  0.15622842766649297     
  0.17241187785555492       0.16013105653987095     
  -9.0902981621837367E-002  0.27819200677065820     
  -8.1714203042202935E-002  0.25379079357669648     
  0.49454924090731756       0.20000990441896402     
  0.51055290586308388       0.18849306004408550     
  0.53223306278588378       0.20000520977718561     
  0.48993433931285513       0.19102871679253400     
  0.47388580763519050       0.19544743668399317     
  0.33306201760267079       0.21606207179078721     
  0.34986937140265228       0.22397928138036893     
  0.31806807833498846       0.21680856679272215     
  0.30139050607040468       0.23013724365828847     
  0.37079655015262941       -9.8763709137592026E-004
  0.46351594715056155       -4.1869643802628563E-004
  0.48938629234950609        2.6979917087478181E-003
  0.30426565938613070       -2.0610140261236542E-002
  0.40392449755600024        1.2452667861203354E-003
  0.88779755307735009        1.8930705919911962E-002
  0.88438994047776842        1.1916057871492762E-002
  0.93940621739505603        2.6299998063288428E-002
  0.93110735823969004        3.0246794274645942E-002
  0.95949964251362074        1.8192433725313806E-002
  0.90338702197834997        2.2596442649661611E-002
  0.92266596214427354        3.6811161512725413E-002
  0.87282965023431747        1.8706940296745276E-002
  0.89619863705181313        4.3737613825485785E-002
  0.90103708890584511        5.4220707082015401E-002
  0.91486210607789842        2.2100578287264510E-002
  0.96656342012447560        3.8172727753038857E-002
  0.93516851236431053        3.4166946097695702E-002
  0.92324463388544098        3.9101947776732475E-002
  0.89958876634583906        3.1988908536078074E-002
  0.93511772413273953        1.7970343024593889E-002
  0.87513703477741989        4.5846785742042269E-002
   8.1769932516058616E-002  -1.9788785958775273E-003
  0.28672874636334189        3.0912012073850120E-003
  0.32492893064330508       -1.0990283110258188E-003
   5.1049924587892481E-002  -6.3503376515465252E-003
  0.24188450808423967       -6.4708599269172379E-004
  0.23913338220330485       -7.8571204327096563E-004
  0.42679981701087699        9.8326762151727080E-003
  0.69567830635819450        4.4944733756782226E-003
  0.63077754567626032        4.1619556586150374E-005
  0.63799811752344537        1.0181072196445450E-004
  0.66733652147213629        9.7886086240164469E-004
  0.55017631485367735        1.4547404301936036E-003
  0.96318636707619409       -6.6559077245274684E-002
  0.97777710193381950        1.2596067335274474E-002
  0.93196093274085845        7.0879289311199635E-003
  0.94022607397667257        6.6438648602652759E-003
  0.95742052834284475       -5.4175284405365660E-003
  0.99168846947716682        2.9433060817074527E-002
  0.47810247950511292       0.16996716393424466     
  0.48757943506909479       0.16878339842997775     
  0.46906320779557154       0.17779457800968479     
  0.45227553014298183       0.19331008144297543     
  0.85523159622754208        2.5771873650454365E-003
  0.88024570115431799       -1.3529777179666987E-003
  0.87741174561560797       -1.1808690353571833E-003
  0.77245378098805528        7.4402037411422828E-004
  0.90859608133629222        7.6328347695225137E-004
  0.79678283217235901        2.6846181032148721E-003
  0.87314667811214974        1.0945867007753183E-002
  0.75053076425167398        2.3432810183311586E-003
  0.75710724338892477       -3.2395965922499021E-004
  0.78003827786084201       -4.8797874420135490E-003
  0.64737550674973776       -5.2858658594888007E-004
  0.25583427724211683       -3.0756226850504678E-003
  0.39443678006035260        1.0429660983790989E-003
  0.36384654443290998       -3.9392958123306140E-003
  0.40617535321177972       -2.6960714250803385E-003
  0.32488598060361717       -1.8727780249503010E-003
  0.32545476283567620       -1.1094276968550666E-003
  0.92216048964169528       -6.5629287989389468E-002
  0.98634531465216813        3.7236779886469638E-002
  0.91402962217118033        2.3331244339242788E-002
  0.91487701055992143        5.3890500421188120E-002
  0.92248937941840592       -2.5957776823408510E-002
  0.92209899928597727        1.1119219847883991E-003
  0.96853974878127025        4.7128949035861690E-003
  0.63202132915237563        8.2660410074114427E-002
  0.65410494617623305        5.3228857593158180E-002
  0.63485379406888010        7.3020605151964693E-002
  0.63466596116477847        7.8166746204510071E-002
  0.54432808988299830        9.1071406014058096E-002
  0.63362823220901610        9.4915412526753465E-002
  0.61323887053939918       0.12187381817133008     
  0.59710927041563022        9.4451464532240188E-003
  0.57592395570387833        1.1453759532210719E-003
  0.57600701015342293        3.0972946582373577E-004
  0.58991880031870325        4.0459565148590155E-003
  0.50871307140607069       -2.9440414659286200E-003
  0.62528326143131396        9.1890626038973619E-002
  0.62335412686049385        8.9232693140954458E-002
  0.68774492739734938        7.9305013365230340E-002
  0.64541579946398098       0.10785865931896235     
  0.57290145911960078        9.8507271950027134E-002
  0.66468812983766190        8.8057338305888105E-002
  0.61832195723248851       0.10911163290952455     
  0.93575202769645094       -3.3425157168294802E-003
  0.92777076734643860       -3.8818913480724538E-003
  0.98899275106270401        8.9833006876898162E-003
  0.96601850823933932       -1.3661553311033220E-002
  0.99688332187128770       -8.8073565653271145E-004
  0.95857470099485820        4.9149835120062069E-003
  0.96890724199433675       -2.4785332552559099E-003
  0.52779123822505203        5.4750847723127635E-004
  0.50558459037469072       -4.2505274616567703E-004
  0.54318883448033306       -1.3171948025796579E-003
  0.46357221655031050       -1.8023279581236178E-003
  0.46539317360050070        8.3129325865411764E-004
  0.57189571665730965        1.6411836388117915E-003
  0.76280826958331360       0.13246439172701949     
  0.77294712818549327       0.11013581044319495     
  0.80770861815356831       0.11128465476742398     
  0.78291600817239615       0.11089543821439511     
  0.75933673073294017       0.11116968048219136     
  0.81142446887214470       0.10889889671508828     
  0.74072063954029144       0.12766311865842941     
   2.5334150611920070E-003  -4.2244938179285637E-004
  0.67850794191614239        9.8087097748654267E-004
  0.70687734180614059        9.4037645013731136E-004
  0.62717065473384814        1.0679193046887114E-003
  0.61805046715202716       -1.1549248023281166E-003
  0.74178498088241085        1.8992592505824720E-003
  0.75532979984463444        5.5251441139887595E-003
  0.74742346402823301        4.3041167197905104E-003
  0.78651811530908522        1.1148198628110624E-003
  0.66900878990500390       -1.3085628101525500E-003
  0.79985126286926134        6.9246880664974152E-003
  0.69391443229530703        5.5167347462069475E-003
  0.79062843858868304        2.1253009273816455E-003
  0.84417833722568159        8.4135536254450499E-002
  0.84840883521111676        8.2703558476082906E-002
  0.87037487817489312        7.5380639790021020E-002
  0.88461041567382526        5.4533390711802091E-002
  0.84961680909791437        6.4489324284025470E-002
  0.88340505760708166        7.1651545479248444E-002
  0.82810579108344529        9.0258191014254516E-002
  0.50810131422845894       0.22177906897442204     
  0.51739224612320678       0.19590597892690828     
  0.53476755270972809       0.20224077677783442     
  0.49997265364544363       0.19946131417052668     
  0.58346439414961204       0.21899558070053621     
  0.48393590374974804       0.20788173597004292     
  0.90735000888010320        2.4799101011279450E-002
  0.93643402729095093        8.4751966823167141E-004
  0.86823652807147367       -1.8370760649632202E-002
  0.87583820378402932       -1.0370612665447969E-002
  0.89632676322195382       -6.4404368176136234E-003
  0.96883696279318876        2.5476774128805581E-002
  0.89676988594455653        1.9621664489074078E-003
  0.88593154270191554       -8.6461834010806492E-004
  0.92084764227545524       -6.8462720169913715E-004
  0.78667559479753879        3.7369930714168309E-003
  0.92920063265545250        8.6660225717047866E-004
  0.87986351545757291       -5.3442707312885435E-003
  0.94958475245599572        3.7478703672659777E-002
  0.85549084075555326       -2.1772687804446937E-003
  0.85987386801871235        1.0759656352642602E-003
  0.87433365124706119        4.2652573153633314E-002
  0.95916504918847556       -3.3462569972034603E-002
  0.79119312462555980       -5.4098435224847240E-003
  0.81987731765151750        1.0679439633908623E-003
  0.72715622602206031       -1.1953104522261194E-003
  0.71305131320988402        8.8012785027625573E-004
  0.84467095697599071        8.7154376573935952E-004
