 cosx vtec
  0.79983808344089435       -9.6162401822252549E-004
  0.78209438236997508       -3.1685733285309186E-004
  0.77684122293993296        1.2930267714109428E-003
  0.79591168203562357        7.5567409252068395E-005
  0.81300334658330808        3.9073304018642291E-003
  0.75798491267009294       -7.3190681211835254E-004
  0.73131021761923809       -5.0381838196475351E-004
  0.67909942156107905       -1.4334823602417959E-004
  0.65561410702681511        9.1280395362138908E-005
  0.64893565493314620        2.6484931139093269E-003
  0.51398647676833198        2.4790802105653944E-003
  0.46784645138431019        4.0766235908728171E-004
  0.67244678750552722       -1.5515789069554193E-003
  0.70506215281340112       -3.5281456368758475E-003
  0.62575207205626859       -1.1035258684171378E-003
  0.60093401678678227        4.7901094501673130E-004
  0.15940697611959634       0.10729922832570163     
  0.13940209815842797       0.12261495911962182     
   8.0357737448716438E-002  0.10407521999405821     
  0.18581429117653092        7.9455081797138630E-002
  0.11420872426635614       0.11227182130513493     
  0.63048019218656015        1.5687779507678255E-003
  0.44460633564508656        2.7623175054397550E-003
  0.57513073368411716        4.0197458449612528E-003
  0.54715107280923647       -4.7835043372671920E-004
  0.58455558272233099       -3.4377783499088652E-003
  0.41881533735200294        1.7863194930720187E-002
  0.30493344187919724        1.9575283317887330E-002
  0.14403797207640859        3.0287222014354839E-002
  0.22139370415798829        1.6668697761839574E-002
  0.17730736324666024        1.3116161486377044E-002
  0.35782454710086553        2.5127913673000962E-002
  0.30783288733487746        1.0602088710713380E-002
  0.26606259304115165        1.3917213258329682E-002
   5.0442961528023619E-002   1.0555076789434181E-002
   6.9787344120456452E-002  0.18163321329719903     
   3.3557336515297187E-002  0.18364688198242726     
  -1.9541489691709185E-002  0.17466758563093754     
   1.4091416484851627E-002  0.17416515867053778     
  0.36711964525818130       0.15282663361311893     
  0.32414085791667635       0.18282056158905738     
  0.34569848332381159       0.16106935157295429     
  0.29363529525730769       0.15907872351079722     
  0.42773301419788612       0.19583999216562853     
  0.40310690028962803       0.15789407856856472     
  0.32968607638863823       0.15939434382024795     
  0.94150730441458963        5.2849905566731969E-002
  0.95776111133876829        3.8106920053663500E-002
  0.90293871908152568        6.3276848475789002E-002
  0.96099603139798351        7.0919116972806243E-002
  0.92703114286474642       0.10519336145341916     
  0.96792933318235563        5.0497807114577992E-002
  0.91986543990362279       0.10388572255787835     
  0.92886592715326377        5.3512534605510184E-002
  0.91728058354936615        7.5890816554633062E-002
  0.99154510846158539        6.5135368128468984E-002
  0.86942170136617547        6.0586009130342254E-002
  0.90199261997332703       -1.1004490245101013E-003
  0.87534346995507162       -8.3599036980587562E-005
  0.92330654092951692       -7.6881997226430749E-004
  0.92618897855697169       -1.8436084074217239E-004
  0.88474124736738213        8.0550389157429145E-004
  0.86558942457339449        9.8471546486337408E-004
  0.88576405788733203       -6.6271548454806327E-004
  0.45036904021335639        5.8068373183961623E-002
  0.32910217380526852        6.6928927599418278E-002
  0.18847289105123316        7.8420673010781289E-002
  0.25344655844435815        6.1524758571879119E-002
  0.18099414482259341        3.4345231023820519E-002
  0.37880358507159562        6.3733997491919478E-002
  0.35295207835131248        4.5257741978062357E-002
  0.42263325575618593       0.10812904251234406     
  0.29853489362943764        6.0545584113714725E-002
  0.55570136102406764        9.8655685494388690E-002
  0.51394338999596978       0.13308650335389738     
  0.67588805995094348        5.5964969898950119E-002
  0.53907662317564597       0.10687066290385225     
  0.48092258024164514       0.10745699758102502     
  0.60910508264885155       0.13555866064375602     
  0.57387879595205471        9.3728464902475037E-002
  0.52279283576389690       0.10544067617861003     
  0.98152029444001665        4.4498150413293282E-003
  0.98130389322390232        1.7487307358282290E-002
  0.95482114022901887        4.1352447010887541E-002
  0.99437477654012296        2.9894771136291815E-002
  0.97461758791367559        4.3363388991551628E-002
  0.98989363592073876       -3.1374722056225199E-002
  0.96720064075335022        4.4487769866509388E-002
  0.96260050351606952        9.1331953273705319E-003
  0.97066016227180785        3.6179897849154104E-002
  0.99948581735279696        1.7362169594392445E-002
  0.91131813421545482        2.1612762921603676E-002
  0.49349452061876103        3.9713315750270527E-003
  0.38538531386240465        1.5067994553094507E-004
  0.53631164484821370       -6.6718014027117778E-004
  0.40896396713397054        4.4953568808341338E-003
  0.48618124258416218       -1.1062818537919612E-003
  0.45725527596733495       -4.5443046438902509E-003
  0.17773461034215579       -1.8425442309917390E-003
   3.8429556166146406E-002  -6.4994435822044718E-003
   3.8884248304460578E-002  -1.5193500429710259E-003
  0.12802660510972094       -1.0268789279195456E-003
  0.11017283150609247       -2.8028151825057441E-004
   4.9709473622716160E-002   5.2825112062993246E-004
  -9.0387161167945818E-002  -1.0360885492778609E-003
  0.11191448773935203       -2.7870839953360914E-003
   3.2417476817945046E-002   1.0504469837238101E-003
  0.88090662966222910        1.2428388263224378E-003
  0.86428480641841454       -2.6804108066335843E-004
  0.86595372663638803        5.3309663252945824E-003
  0.88056991693343734       -1.7674594537552189E-004
  0.88480050794248444        1.4058700887975260E-003
  0.84471490492868950        3.4385848994467221E-003
  0.92827304656283882        7.1561491682741601E-004
  0.92743114297143658       -1.9313477136490538E-003
  0.81546546405594555        4.6256906650562378E-004
  0.21387750423610075       0.26215514191980205     
  0.17050537351113279       0.25579646739042927     
  0.21867390177959589       0.25371490527562868     
  0.55426270884898909        4.5253359407055623E-004
  0.51811634915328120        9.6129781111855802E-004
  0.51725165884710045       -3.0777218663015225E-003
  0.38968698399383905        1.1174027867113141E-003
  0.36457806755407707        4.3087592295885479E-004
  0.54655461711047204       -2.2641791912794453E-003
  0.59405365795093323       -1.7650548315984085E-003
  0.48193966735067750        8.1385757764911872E-004
  0.45808671717706628       -4.3943034735775886E-004
  0.74385175346813914       0.13828575727672404     
  0.66564391610965667       0.13496985917050677     
  0.63268097513450683       0.17457448895407282     
  0.69963557782986963       0.13312764346030101     
  0.68032349761268340       0.13731931094613789     
  0.64393489036534257       0.14286392655987321     
  0.51757942590460970        1.3401480297468547E-003
  0.46148957202504176       -2.2287743463634928E-003
  0.32389061006255371        4.6502114942599477E-003
  0.32713500266199996       -5.4593737072498264E-003
  0.53756481821065971       -2.8915610890522516E-003
  0.52124272238836078       -3.4230545147837048E-003
  0.43257247040634683       -3.1479813156236563E-003
  0.41435551648817881        1.0378312096303243E-003
  0.96007556086561907        7.8589178373334942E-004
  0.94635941872254969        8.1466062100912489E-003
  0.95030052868563686       -1.6584863994053397E-002
  0.99335825926561583       -1.3931294641972591E-003
  0.96168073712192670        5.5444735493517883E-003
  0.95830134262838418        9.1762047814772235E-003
  0.93088354345723601       -1.2828109273727184E-002
  0.98277982560314159        3.2156347579018912E-003
  0.96981837269995341       -1.6253284049114482E-003
  0.89266034060661115        7.0115968919918338E-003
  -2.8698497222307866E-002  0.15502508079457533     
  -6.3008894670746995E-002  0.15622842766649297     
  -8.2283857446848838E-002  0.24981006337795672     
  -4.7400749264828984E-002  0.25112652606919900     
  0.86962415155864237       0.12439328161424504     
  0.80996397658744856       0.12268714835724899     
  0.85781169763450982       0.13250280893800487     
  0.76849224889781320       0.14929554268333578     
  0.84041846784663266       0.12294461422415401     
  0.81235133623072509       0.13888483793408246     
  0.81714083194413212       0.16177407630208820     
  0.78238155937948006       0.14745223535839036     
   6.4599629063584268E-002  -9.8763709137592026E-004
  -7.3701068073577819E-002  -4.1869643802628563E-004
  0.11894625792676536       -2.0610140261236542E-002
   5.2132448436017886E-002   1.2452667861203354E-003
  0.71448559335360384        1.2527483998860428E-003
  0.74816718473675192       -1.7301745083221845E-004
  0.69729043648561440       -3.1242440398636237E-003
  0.65800306201490266       -1.7347450135841900E-003
  0.73858657349500589        2.6230552523900720E-003
  0.35283619210655859       -1.9788785958775273E-003
  0.11624622153394931        3.0912012073850120E-003
  0.10646578486035013       -1.0990283110258188E-003
  0.34975145572753258       -6.3503376515465252E-003
  0.19799161416456290       -6.4708599269172379E-004
  0.17417173562343410       -7.8571204327096563E-004
  -3.9343763335141141E-002   9.8326762151727080E-003
  0.71239696951789400        9.9820059252443555E-003
  0.71022473350972337       -3.7000416006854219E-004
  0.66474354377069234        1.8675346546876515E-002
  0.55750336282005386        1.4043305679535661E-002
  0.69294993203726096        1.3691458398637160E-002
  0.77472538585922834       -3.2657256707119119E-003
  0.66690345083793012        3.4037502207289396E-003
  0.72591843046694216        3.1281954673396055E-002
  0.63345157502169602        1.2257620280420930E-002
  0.15842396182636753       -3.0756226850504678E-003
  -3.3066877804886041E-002  -3.9392958123306140E-003
  -4.8759308708397120E-002  -2.6960714250803385E-003
   5.0388880243145390E-002  -1.8727780249503010E-003
   1.4471843248294841E-002  -1.1094276968550666E-003
  0.64179016994267035        9.8461162684642806E-002
  0.59769618902870492       0.13174878465105111     
  0.74780088688642166        7.6485740926834231E-002
  0.62422204267137726       0.10454917800673171     
  0.55891229391660380       0.11754210326410783     
  0.67316718928591346       0.11888509311478077     
  0.66178231745467220        9.7090992999645923E-002
  0.60895056199307429       0.10509869906497141     
  0.29584321424750110       0.24900590984499346     
  0.39862175935678218       0.22365486852961142     
   9.9218765160990846E-002  0.31946926041257023     
  0.24886257757335212       0.23657501750403848     
  0.39344433692446601       0.27576256098499924     
  0.28707714706317544       0.24673764574183799     
  0.29433120980339300       0.23544226493101264     
   1.2653895266871384E-002  0.16105346369551943     
  0.12418597067523807       0.27503329833987039     
  0.27788084064500224       0.28070750620823104     
  0.85180690903121492       0.13561832585111258     
  0.78249427268057348       0.14488049082489490     
  0.81443257325736707       0.14099650179983431     
  0.73939047690219284       0.14005128467219471     
  0.81629748534696411       0.12712883641484735     
  0.77531411734285127       0.14563795754615758     
  0.78503610682823022       0.14434854905661090     
  -9.4004802173770469E-002  -1.8023279581236178E-003
  0.65977293119002778        8.4916412160106983E-004
  0.62496111238200602       -5.4668864384596884E-005
  0.65747287178796965       -1.3352013552095448E-003
  0.46009017840677729       -4.2244938179285637E-004
  0.66809420028550015       -3.3303824079798957E-003
  0.66403044392796218        2.9710001599958600E-004
  0.60111526760010658        4.4567733278943306E-004
  0.58046302499741897       -2.3710797897497052E-003
  0.88692595381651596       -8.5020807505557317E-004
  0.90596777593623812       -1.5506346889086720E-004
  0.87327998630629633       -5.1013352026934482E-003
  0.84860656923986810       -2.5845571095877728E-003
  0.88155115941691076        4.6924016013175840E-003
  0.68270910719025157        8.3818313049875796E-003
  0.67981412616308523        2.6070822242617044E-003
  0.63231474228012807        1.8072617873496892E-002
  0.53045587861087962        1.3724598829335260E-002
  0.66170476824975966        1.3313824791760968E-002
  0.75331744865883377        2.0056339037771636E-004
  0.63385607650849274        4.3708906987681489E-003
  0.70077586695878036        3.5249432613144997E-002
  0.60060604765741077        1.1506305277751162E-002
