 cosx vtec
  0.70775298165726597       -9.6162401822252549E-004
  0.68134191696430124       -3.1685733285309186E-004
  0.69787748530226290        1.2930267714109428E-003
  0.70876618566929028        7.5567409252068395E-005
  0.71585371301637246        3.9073304018642291E-003
  0.65638394247538701       -7.3190681211835254E-004
  0.63753428630271736       -5.0381838196475351E-004
  0.57337998317311178       -1.4334823602417959E-004
  0.54096312484162645        9.1280395362138908E-005
  0.55693326960840472        2.6484931139093269E-003
  0.40834763484804959        2.4790802105653944E-003
  0.33989086335180496        4.0766235908728171E-004
  0.57224662889809708       -1.5515789069554193E-003
  0.59296322325045048       -3.5281456368758475E-003
  0.51157851110839769       -1.1035258684171378E-003
  0.49468679316231079        4.7901094501673130E-004
  0.25473111095735151       0.10729922832570163     
  0.24297482050814556       0.12261495911962182     
  0.17378736810875606       0.10407521999405821     
  0.26890421452474550        7.9455081797138630E-002
  0.21409337438581458       0.11227182130513493     
  -2.5885033525779588E-003  0.23299099210043162     
   3.3725591841670122E-002  0.23848472930534723     
   1.4509063362281638E-002  0.23595003965126718     
  0.49564017711053876        1.5687779507678255E-003
  0.30482379503899815        2.7623175054397550E-003
  0.43848380341054449        4.0197458449612528E-003
  0.40223859813965956       -4.7835043372671920E-004
  0.45567465861332379       -3.4377783499088652E-003
  0.34102864007251604        1.7863194930720187E-002
  0.24100061391565414        1.9575283317887330E-002
   8.3709576497249083E-002   3.0287222014354839E-002
  0.14814787126779994        1.6668697761839574E-002
   8.7052787542817450E-002   1.3116161486377044E-002
  0.28870483856283913        2.5127913673000962E-002
  0.22028462381095265        1.0602088710713380E-002
  0.19171299409220594        1.3917213258329682E-002
  -2.4753683907954890E-002   1.0555076789434181E-002
  0.20997915495591515       0.18163321329719903     
  0.17906979318289323       0.18364688198242726     
  0.11895768658242722       0.17466758563093754     
  0.15768713611821764       0.17416515867053778     
  0.48537684091225158       0.15282663361311893     
  0.45775412164050572       0.18282056158905738     
  0.46979782712916424       0.16106935157295429     
  0.41200081032739067       0.15907872351079722     
  0.55798399316622493       0.19583999216562853     
  0.50949700644780105       0.15789407856856472     
  0.45248467384602858       0.15939434382024795     
  0.94022812945494394        5.2849905566731969E-002
  0.93752835461411588        3.8106920053663500E-002
  0.91171952655503319        6.3276848475789002E-002
  0.98328985508911804        7.0919116972806243E-002
  0.93067566323742934       0.10519336145341916     
  0.95858557800361388        5.0497807114577992E-002
  0.96206329910392419       0.10388572255787835     
  0.90129665479907228        5.3512534605510184E-002
  0.93473400442184362        7.5890816554633062E-002
  0.99129220673991181        6.5135368128468984E-002
  0.86127700291384790        6.0586009130342254E-002
  0.81838069951205483       -1.1004490245101013E-003
  0.78442651898919757       -8.3599036980587562E-005
  0.86641328939758511       -7.6881997226430749E-004
  0.84840152437683203       -1.8436084074217239E-004
  0.79881020738759223        8.0550389157429145E-004
  0.76875973828573085        9.8471546486337408E-004
  0.80623187674012797       -6.6271548454806327E-004
  0.40099855968011999        5.8068373183961623E-002
  0.29315529858222034        6.6928927599418278E-002
  0.15551508673977033        7.8420673010781289E-002
  0.20923087302565516        6.1524758571879119E-002
  0.11172845858401789        3.4345231023820519E-002
  0.33842406495355876        6.3733997491919478E-002
  0.29008240061123347        4.5257741978062357E-002
  0.41214809932891616       0.10812904251234406     
  0.25335624092853154        6.0545584113714725E-002
  0.64658506652233649        9.8655685494388690E-002
  0.62675086985627548       0.13308650335389738     
  0.73647815650161008        5.5964969898950119E-002
  0.63693312527468460       0.10687066290385225     
  0.57322990712344624       0.10745699758102502     
  0.71242951269070609       0.13555866064375602     
  0.65491206939723001        9.3728464902475037E-002
  0.61949052507036440       0.10544067617861003     
  0.96013540078529980        4.4498150413293282E-003
  0.94646367529011455        1.7487307358282290E-002
  0.94471749054707921        4.1352447010887541E-002
  0.99497128716879590        2.9894771136291815E-002
  0.95784188925241887        4.3363388991551628E-002
  0.96330547215808904       -3.1374722056225199E-002
  0.99447422538929287        4.4487769866509388E-002
  0.92006807162874094        9.1331953273705319E-003
  0.97080524185434980        3.6179897849154104E-002
  0.98065146704202366        1.7362169594392445E-002
  0.88076658211104220        2.1612762921603676E-002
  0.50411104470252088        3.9713315750270527E-003
  0.37439117791266668        1.5067994553094507E-004
  0.52575005682272380       -6.6718014027117778E-004
  0.41936635695034197        4.4953568808341338E-003
  0.48602658828838041       -1.1062818537919612E-003
  0.48000212384419849       -4.5443046438902509E-003
  -1.3822130633848018E-002   6.7539068959038440E-002
  -8.3265990564850609E-002   5.4977674025444352E-002
  -4.0449877560395642E-002   5.8772998018942098E-002
   1.4027998861000313E-002  -1.8425442309917390E-003
  -3.3327707419253894E-002  -1.0268789279195456E-003
  -4.3087688495544840E-002  -2.8028151825057441E-004
  -3.5023256763574290E-002  -2.7870839953360914E-003
  0.79798617018771889        1.2428388263224378E-003
  0.77298085922139459       -2.6804108066335843E-004
  0.79708128128024702        5.3309663252945824E-003
  0.80240672964498949       -1.7674594537552189E-004
  0.79777862110438913        1.4058700887975260E-003
  0.75113411624288595        3.4385848994467221E-003
  0.88559391148925870        7.1561491682741601E-004
  0.84887841954018017       -1.9313477136490538E-003
  0.72910284663600544        4.6256906650562378E-004
  0.34160842803762659       0.26215514191980205     
  0.31068650980283419       0.25579646739042927     
  0.35366501832576835       0.25371490527562868     
  0.43452671993595404        4.5253359407055623E-004
  0.38919755052900806        9.6129781111855802E-004
  0.41350365202737449       -3.0777218663015225E-003
  0.27136878902860562        1.1174027867113141E-003
  0.23084291067134136        4.3087592295885479E-004
  0.43344089246317008       -2.2641791912794453E-003
  0.46645170462539975       -1.7650548315984085E-003
  0.35448992504350374        8.1385757764911872E-004
  0.33856958087069811       -4.3943034735775886E-004
  0.78012480020283825       0.13828575727672404     
  0.71358416095918553       0.13496985917050677     
  0.70581167806064449       0.17457448895407282     
  0.74350086443826835       0.13312764346030101     
  0.73568119264690535       0.13731931094613789     
  0.67880483348471377       0.14286392655987321     
  0.37389070469951946        1.3401480297468547E-003
  0.31031307659880730       -2.2287743463634928E-003
  0.18180825383177016        4.6502114942599477E-003
  0.17174414613936387       -5.4593737072498264E-003
  0.40237353801487263       -2.8915610890522516E-003
  0.37212479644507235       -3.4230545147837048E-003
  0.28168216301120474       -3.1479813156236563E-003
  0.27035707543424436        1.0378312096303243E-003
  0.90015685522989120        7.8589178373334942E-004
  0.87731182976397148        8.1466062100912489E-003
  0.90512006878228024       -1.6584863994053397E-002
  0.96067090049342196       -1.3931294641972591E-003
  0.90641174428584814        5.5444735493517883E-003
  0.89478709179628557        9.1762047814772235E-003
  0.85686576083368338       -1.2828109273727184E-002
  0.95499667394271581        3.2156347579018912E-003
  0.91337740796780764       -1.6253284049114482E-003
  0.82482348505642067        7.0115968919918338E-003
  -1.5651681193632513E-002  0.15502508079457533     
  -6.0190214857720151E-002  0.15622842766649297     
   1.7573098727367509E-002  0.24981006337795672     
  -9.9875365349026093E-002  0.23712981313967793     
  -9.0765476514866730E-002  0.27819200677065820     
  -7.5999508148688610E-003  0.24906902391523478     
   6.4036428197248807E-002  0.25112652606919900     
  0.91549190882566667       0.12439328161424504     
  0.86708034705597836       0.12268714835724899     
  0.92499471892673046       0.13250280893800487     
  0.84847408008247904       0.14929554268333578     
  0.89289388105372491       0.12294461422415401     
  0.88854030473175383       0.13888483793408246     
  0.88088580805445016       0.16177407630208820     
  0.81819344193335863       0.14745223535839036     
  -8.4587565311288249E-002  -9.8763709137592026E-004
  -2.4306345538979840E-002  -2.0610140261236542E-002
  0.58237721350967808        1.2527483998860428E-003
  0.62349926590647364       -1.7301745083221845E-004
  0.56225206477545764       -3.1242440398636237E-003
  0.51752978322065846       -1.7347450135841900E-003
  0.61279931711468039        2.6230552523900720E-003
  0.21295574501008113       -1.9788785958775273E-003
  -2.0062772132911327E-002   3.0912012073850120E-003
  -4.0019771067498489E-002  -1.0990283110258188E-003
  0.22151460966678016       -6.3503376515465252E-003
   5.1428607698121284E-002  -6.4708599269172379E-004
   3.6090308714015557E-002  -7.8571204327096563E-004
  0.64789824578122024        9.9820059252443555E-003
  0.63210551697817874       -3.7000416006854219E-004
  0.61059964398180400        1.8675346546876515E-002
  0.49273399583008015        1.4043305679535661E-002
  0.63369870307964149        1.3691458398637160E-002
  0.69950321611988686       -3.2657256707119119E-003
  0.59105444102128391        3.4037502207289396E-003
  0.69306022777713128        3.1281954673396055E-002
  0.56878620158436188        1.2257620280420930E-002
   1.9518037082930970E-002  -3.0756226850504678E-003
  -7.8363713232329352E-002  -1.8727780249503010E-003
  0.73360498249235728        9.8461162684642806E-002
  0.70886152957791071       0.13174878465105111     
  0.81093666173021794        7.6485740926834231E-002
  0.72276075197707301       0.10454917800673171     
  0.65360728567320425       0.11754210326410783     
  0.77373010700727085       0.11888509311478077     
  0.74352812359026332        9.7090992999645923E-002
  0.70701437349916241       0.10509869906497141     
  0.43035541240337072       0.24900590984499346     
  0.54596625055411396       0.22365486852961142     
  0.23431499140241996       0.31946926041257023     
  0.39523258164547664       0.23657501750403848     
  0.51969117735476533       0.27576256098499924     
  0.43558454301757371       0.24673764574183799     
  0.43570659255142408       0.23544226493101264     
  0.16435284181980275       0.16105346369551943     
  0.27158639820456698       0.27503329833987039     
  0.43151902215497445       0.28070750620823104     
  0.91562719028863171       0.13561832585111258     
  0.85905410894683776       0.14488049082489490     
  0.89858434501498219       0.14099650179983431     
  0.83443964333244480       0.14005128467219471     
  0.88784315322543728       0.12712883641484735     
  0.86659204602755013       0.14563795754615758     
  0.86781874685821980       0.14434854905661090     
  0.53225315239858717        8.4916412160106983E-004
  0.49010795222982917       -5.4668864384596884E-005
  0.55032623593557806       -1.3352013552095448E-003
  0.31384034408884798       -4.2244938179285637E-004
  0.54692756070284065       -3.3303824079798957E-003
  0.53195437876669338        2.9710001599958600E-004
  0.46582333633886519        4.4567733278943306E-004
  0.45188733668646303       -2.3710797897497052E-003
  0.79398912673619426       -8.5020807505557317E-004
  0.81869106358640831       -1.5506346889086720E-004
  0.77776125811262353       -5.1013352026934482E-003
  0.74422377741565260       -2.5845571095877728E-003
  0.79280312150745458        4.6924016013175840E-003
  0.61508867347323437        8.3818313049875796E-003
  0.59837778895120430        2.6070822242617044E-003
  0.57521350086465450        1.8072617873496892E-002
  0.46308070938783341        1.3724598829335260E-002
  0.59948831918827072        1.3313824791760968E-002
  0.67418231563791153        2.0056339037771636E-004
  0.55523066445288405        4.3708906987681489E-003
  0.66679922438059780        3.5249432613144997E-002
  0.53309257606383131        1.1506305277751162E-002
