 cosx vtec
  0.86675172154093016       -9.6162401822252549E-004
  0.89477132730593867       -3.1685733285309186E-004
  0.79562632130928845        1.2930267714109428E-003
  0.84270008633418003        7.5567409252068395E-005
  0.89667390142246528        3.9073304018642291E-003
  0.88463303792106474       -7.3190681211835254E-004
  0.83475466223814887       -5.0381838196475351E-004
  0.26738127822890390       -1.2897270245265243E-003
  0.41029150222078337       -1.5853890733796313E-003
  0.44799901247876367        2.7911010227498938E-003
  0.55669718314396721        2.5617719413499748E-004
  0.46519916419195240        1.3981685127904576E-003
  0.35891135381095446       -5.1007868414364495E-003
  0.85738186087436397       -1.4334823602417959E-004
  0.88326105687909995        9.1280395362138908E-005
  0.77950212362762905        2.6484931139093269E-003
  0.76195966347038357        2.4790802105653944E-003
  0.83384348917431639        4.0766235908728171E-004
  0.82920333139059055       -1.5515789069554193E-003
  0.90047331477650383       -3.5281456368758475E-003
  0.86396133972228695       -1.1035258684171378E-003
  0.81470508120099872        4.7901094501673130E-004
  0.95785316412413346        1.5687779507678255E-003
  0.87263688346246593        2.7623175054397550E-003
  0.93395591082235929        4.0197458449612528E-003
  0.95430936968830482       -4.7835043372671920E-004
  0.90512289646538624       -3.4377783499088652E-003
  0.58429421095545053        1.7863194930720187E-002
  0.45760874437297766        1.9575283317887330E-002
  0.34906952064241648        3.0287222014354839E-002
  0.45059336817410778        1.6668697761839574E-002
  0.50024351935891020        1.3116161486377044E-002
  0.51094350692139323        2.5127913673000962E-002
  0.56345703274092440        1.0602088710713380E-002
  0.48118149281836015        1.3917213258329682E-002
  0.36077146542678989        1.0555076789434181E-002
  0.21937439374344020       -2.7604670143527199E-003
  0.20133720189682930       -1.1527491207212459E-004
  0.14044753477438671       -1.3811317215394021E-003
   3.6047927478080277E-002   4.4922859168688416E-003
  0.11079996786585306       -1.2436391499969313E-003
   4.5113508979832351E-002   2.0479110461447654E-004
   7.3929436764956613E-002   3.3594982712548912E-003
   8.2321850731813306E-002  -1.0845568661108529E-002
  -1.2249686914336089E-002   2.4618362171800252E-002
  -3.1795739502006315E-003   4.1191537438215890E-004
  0.13307862082353003        2.3041674179984772E-003
  0.21343911597319637       -2.7525199677435008E-004
  0.24375834026070270       -1.2724938539822386E-003
  0.39174156506123359       -2.9124891541573404E-003
  0.26120160086319971        1.6272398366837053E-003
  0.17870700647568522       -1.8118724865727565E-004
  0.54773224423252298        5.2849905566731969E-002
  0.64070389110049031        3.8106920053663500E-002
  0.48114635886521057        6.3276848475789002E-002
  0.45496154465442795        7.0919116972806243E-002
  0.51767658816044393       0.10519336145341916     
  0.59852187333116924        5.0497807114577992E-002
  0.34347375455723811       0.10388572255787835     
  0.65643183516763970        5.3512534605510184E-002
  0.45114492728587252        7.5890816554633062E-002
  0.57201500193049981        6.5135368128468984E-002
  0.53651478423549614        6.0586009130342254E-002
  -5.7739199897966109E-002  -4.0428397746459149E-004
  -9.8182330075214860E-002   8.0264766956408590E-004
  0.88818975181794002       -1.1004490245101013E-003
  0.90507199328732357       -8.3599036980587562E-005
  0.78259289644857943       -7.6881997226430749E-004
  0.87642674376201768       -1.8436084074217239E-004
  0.88848770983595460        8.0550389157429145E-004
  0.92553981081089431        9.8471546486337408E-004
  0.86084821078752360       -6.6271548454806327E-004
  0.47710439979798591        5.8068373183961623E-002
  0.34806500634017168        6.6928927599418278E-002
  0.25390904329346026        7.8420673010781289E-002
  0.34098261263527335        6.1524758571879119E-002
  0.40977430575591212        3.4345231023820519E-002
  0.39623595598383543        6.3733997491919478E-002
  0.48056624937365028        4.5257741978062357E-002
  0.28959343974150242       0.10812904251234406     
  0.37119111062367632        6.0545584113714725E-002
  -8.0976394030669530E-002   9.8655685494388690E-002
  0.12186265827202963        5.5964969898950119E-002
  -2.7055494048325024E-002   9.3728464902475037E-002
  0.65946627600661190        4.4498150413293282E-003
  0.71869949375762121        1.7487307358282290E-002
  0.59432685829114928        4.1352447010887541E-002
  0.56989707193518835        2.9894771136291815E-002
  0.63515857841421963        4.3363388991551628E-002
  0.68724146421718535       -3.1374722056225199E-002
  0.43656586993421165        4.4487769866509388E-002
  0.74186469460484250        9.1331953273705319E-003
  0.55823444689784885        3.6179897849154104E-002
  0.65855858223094876        1.7362169594392445E-002
  0.65948463821059922        2.1612762921603676E-002
  0.23730352782924341        3.9713315750270527E-003
  0.27039263968235761        1.5067994553094507E-004
  0.35538292438401731       -6.6718014027117778E-004
  0.18957824001293466        4.4953568808341338E-003
  0.28060955527860643       -1.1062818537919612E-003
  0.16292554357135125       -4.5443046438902509E-003
   5.3097303034322751E-002  -1.2701386721718732E-002
   2.9868362191993958E-002  -4.1639714671229781E-003
  -2.8425619521583401E-002  -1.2944937963955926E-003
  -5.3245966636854047E-002  -4.6381131940633384E-003
  0.82452126744514920       -1.8425442309917390E-003
  0.68784525902551819       -6.4994435822044718E-003
  0.73043151997853539       -1.5193500429710259E-003
  0.78552391344868511       -1.0268789279195456E-003
  0.73953873686436256       -2.8028151825057441E-004
  0.70149210470691148        5.2825112062993246E-004
  0.60615666660372125       -2.3291142227196697E-004
  0.57050252483149333       -1.0360885492778609E-003
  0.50852182879412022        2.9107282886670050E-005
  0.71264876538782995       -2.7870839953360914E-003
  0.72028202825477350        1.0504469837238101E-003
  0.87299876412031419        1.2428388263224378E-003
  0.90041199936889882       -2.6804108066335843E-004
  0.80241691988608488        5.3309663252945824E-003
  0.85181831289618992       -1.7674594537552189E-004
  0.89333407280053978        1.4058700887975260E-003
  0.89918851564535196        3.4385848994467221E-003
  0.72274724184504235        7.1561491682741601E-004
  0.88051790699449217       -1.9313477136490538E-003
  0.85050486604944198        4.6256906650562378E-004
  -5.8002815347236128E-002  0.14616974875789149     
  -7.0543124767582233E-002  0.13244874296649659     
  -4.9828288196726717E-003  0.12622566330818735     
  -3.5122867075991923E-002  0.13218300977472652     
  -7.4170910826019176E-002   4.4968026919053892E-003
  -5.5988411355863965E-003   4.2981282663374643E-003
   2.6082166861792100E-002   1.4764253058574511E-003
   6.2317409178548139E-002   7.5457911314361602E-003
  -3.7955048528782703E-002   8.4268154823119001E-004
  0.84733860301391162        4.5253359407055623E-004
  0.86703643524696561        9.6129781111855802E-004
  0.75549827874564723       -3.0777218663015225E-003
  0.74632670728263961        1.1174027867113141E-003
  0.79988134030728419        4.3087592295885479E-004
  0.81368658793687676       -2.2641791912794453E-003
  0.90494943190519717       -1.7650548315984085E-003
  0.83972637793977900        8.1385757764911872E-004
  0.79099814134617086       -4.3943034735775886E-004
  0.26826797160766491       0.13828575727672404     
  0.17176890747845663       0.13496985917050677     
   4.1662867930749581E-002  0.17457448895407282     
  0.20931677032539189       0.13312764346030101     
  0.14749904235904238       0.13731931094613789     
  0.21692885604334114       0.14286392655987321     
  0.14398067413364229       -2.4152062409891399E-004
  0.11953717313397694       -1.6801410417189593E-004
   6.3810138485283774E-002   3.3360350109583664E-003
  -2.0674284272561905E-002   4.1850298004085691E-003
  0.13632784397552727        1.8039901042231622E-002
  0.20030471307924241        9.4478455624341824E-003
  0.23482083876175383        7.0401137222157381E-004
  0.16339673856304990        6.7728585436055448E-003
  0.93188442322104459        1.3401480297468547E-003
  0.93262183683705346       -2.2287743463634928E-003
  0.81327828307334826        4.6502114942599477E-003
  0.87385640280741850       -5.4593737072498264E-003
  0.90590511935715323       -2.8915610890522516E-003
  0.95794442591726969       -3.4230545147837048E-003
  0.91470980181923656       -3.1479813156236563E-003
  0.87381778409118471        1.0378312096303243E-003
  0.81711001125230742        7.8589178373334942E-004
  0.84948453628732890        8.1466062100912489E-003
  0.74646447728059240       -1.6584863994053397E-002
  0.71614272212684782       -1.3931294641972591E-003
  0.79752213181478249        5.5444735493517883E-003
  0.83195012875589702        9.1762047814772235E-003
  0.86249991268741111       -1.2828109273727184E-002
  0.68841722242153103        3.2156347579018912E-003
  0.80737764061886708       -1.6253284049114482E-003
  0.81322523952566017        7.0115968919918338E-003
  -7.4079349598982602E-002  0.15502508079457533     
  -8.3413051934626947E-002  0.14234849483706394     
   7.9466091194302507E-003  0.14808115052818685     
  -4.8712999390688044E-002  0.15622842766649297     
  0.29835679917553237       0.12439328161424504     
  0.21438345058782637       0.12268714835724899     
  0.19752383838851628       0.13250280893800487     
   8.9634994807780921E-002  0.14929554268333578     
  0.25239161607063415       0.12294461422415401     
  0.13161974223525089       0.13888483793408246     
  0.18927372773435741       0.16177407630208820     
  0.29248659097460428       0.14745223535839036     
  0.69532980285699264       -9.8763709137592026E-004
  0.56498495174085150       -4.1869643802628563E-004
  0.50573467638360037        2.6979917087478181E-003
  0.70044052508236909       -2.0610140261236542E-002
  0.72152921516756907        1.2452667861203354E-003
  0.99417019607167179        1.2527483998860428E-003
  0.98073955678277169       -1.7301745083221845E-004
  0.99719536881604609       -3.1242440398636237E-003
  0.99855093183642951       -1.7347450135841900E-003
  0.98016128192449159        2.6230552523900720E-003
  0.82023053999716244       -1.9788785958775273E-003
  0.66825437743179505        3.0912012073850120E-003
  0.70751676180318457       -1.0990283110258188E-003
  0.76708900504852562       -6.3503376515465252E-003
  0.76055602009202938       -6.4708599269172379E-004
  0.70942504244297067       -7.8571204327096563E-004
  0.57640325668124526        9.8326762151727080E-003
   6.6901206935975732E-002   4.1619556586150374E-005
   2.6812817291849089E-002   1.0181072196445450E-004
  -4.3246440755526111E-002   9.7886086240164469E-004
  -3.2252615110682004E-002   1.4547404301936036E-003
  -2.6717291702082868E-002   1.2596067335274474E-002
  -4.4841856661254120E-002   7.0879289311199635E-003
  0.69470938802160065        9.9820059252443555E-003
  0.75354513652115263       -3.7000416006854219E-004
  0.62159206215693574        1.8675346546876515E-002
  0.60672063710240143        1.4043305679535661E-002
  0.66036323085048287        1.3691458398637160E-002
  0.77790226146720087       -3.2657256707119119E-003
  0.71858719683964878        3.4037502207289396E-003
  0.56291326522262297        3.1281954673396055E-002
  0.64999037564545659        1.2257620280420930E-002
  0.26319126897468237        2.5771873650454365E-003
  0.29750547268815619       -1.3529777179666987E-003
  0.30649723767320447       -1.1808690353571833E-003
  0.47295784207126967        7.4402037411422828E-004
  0.22018126721920139        7.6328347695225137E-004
   7.2962085658350884E-002   1.0945867007753183E-002
  -2.1845331981431015E-003   2.3432810183311586E-003
  -4.5580272625563162E-002  -3.2395965922499021E-004
  0.70399523876795256       -3.0756226850504678E-003
  0.37810280319505091        1.0429660983790989E-003
  0.49231628580052400       -3.9392958123306140E-003
  0.52625973393282510       -2.6960714250803385E-003
  0.59700100466004569       -1.8727780249503010E-003
  0.52712966840791342       -1.1094276968550666E-003
  -3.5516820425121221E-002   9.8461162684642806E-002
  0.15203752461598891        7.6485740926834231E-002
  -7.5294271458424600E-002  0.10454917800673171     
  -9.5941034202933151E-002  0.11754210326410783     
  -5.6042995457247891E-002  0.11888509311478077     
   2.0413167004840971E-002   9.7090992999645923E-002
  -8.1992092586591514E-002  0.10509869906497141     
  0.20890111752280333       0.13561832585111258     
  0.11279294534209966       0.14488049082489490     
   9.7690350332647669E-002  0.14099650179983431     
   6.4099845615557260E-003  0.14005128467219471     
  0.15437560660330049       0.12712883641484735     
   4.3730362642258769E-002  0.14563795754615758     
   8.6804712928765626E-002  0.14434854905661090     
  -7.2403572934446742E-002  -3.8818913480724538E-003
  -4.3141593669788425E-002  -1.3661553311033220E-002
  0.30473106471042077        5.4750847723127635E-004
  0.40521172154021329       -4.2505274616567703E-004
  0.43688053018477224       -1.3171948025796579E-003
  0.52508060725785077       -1.8023279581236178E-003
  0.44324725920335234        8.3129325865411764E-004
  0.36099015158224157        1.6411836388117915E-003
  0.94242593506283368        8.4916412160106983E-004
  0.95473344714971731       -5.4668864384596884E-005
  0.85122604354585230       -1.3352013552095448E-003
  0.91008227377524420       -4.2244938179285637E-004
  0.91919034134675570       -3.3303824079798957E-003
  0.96497721132669945        2.9710001599958600E-004
  0.94293941487853239        4.4567733278943306E-004
  0.90141999539671991       -2.3710797897497052E-003
  0.43106921536596599        9.8087097748654267E-004
  0.46410643804272711        9.4037645013731136E-004
  0.55973431458841927        1.0679193046887114E-003
  0.48905918826571737       -1.1549248023281166E-003
  0.38657005914160036        1.8992592505824720E-003
  -1.3660103145911540E-002   5.5251441139887595E-003
   5.5513092621446047E-002   4.3041167197905104E-003
   8.6636848628092789E-002   1.1148198628110624E-003
  0.32497938292899464       -1.3085628101525500E-003
  0.11399410092893725        5.5167347462069475E-003
   2.3261401840856399E-002   2.1253009273816455E-003
  0.92065144086889905       -8.5020807505557317E-004
  0.90664565144926867       -1.5506346889086720E-004
  0.92418452774322879       -5.1013352026934482E-003
  0.94908196605460227       -2.5845571095877728E-003
  0.89907807463991496        4.6924016013175840E-003
   2.5395122558095840E-002   8.4751966823167141E-004
  -1.2324451578193396E-002  -1.8370760649632202E-002
  -6.4165381339090527E-002  -1.0370612665447969E-002
  -5.4216514566920226E-002   1.9621664489074078E-003
   4.9536705241404355E-002  -8.6461834010806492E-004
   7.9109536439123496E-002  -6.8462720169913715E-004
  0.16041343867976357        3.7369930714168309E-003
   1.2653109226473447E-002   8.6660225717047866E-004
  0.69138742792713859        8.3818313049875796E-003
  0.75066909265943749        2.6070822242617044E-003
  0.61596685195797929        1.8072617873496892E-002
  0.60264300694505901        1.3724598829335260E-002
  0.65545427633306597        1.3313824791760968E-002
  0.78283820563922102        2.0056339037771636E-004
  0.71180762315438595        4.3708906987681489E-003
  0.55337096581742651        3.5249432613144997E-002
  0.64364330354104526        1.1506305277751162E-002
  -9.8842184979215236E-002   3.7478703672659777E-002
  0.30463198125539692       -5.4098435224847240E-003
  0.33652608247379190        1.0679439633908623E-003
  0.47483881472548467       -1.1953104522261194E-003
  0.38292476039187073        8.8012785027625573E-004
  0.26500229249547685        8.7154376573935952E-004
