 cosx vtec
  0.59221728474881008       -9.6162401822252549E-004
  0.63981997350483655       -3.1685733285309186E-004
  0.51579036871757289        1.2930267714109428E-003
  0.56385987547992522        7.5567409252068395E-005
  0.62209148191603603        3.9073304018642291E-003
  0.64252277890165632       -7.3190681211835254E-004
  0.59581104677308439       -5.0381838196475351E-004
  0.57875115786041453       -1.2897270245265243E-003
  0.70019736629830798       -1.5853890733796313E-003
  0.75592341545602515        2.7911010227498938E-003
  0.81199164099342569        2.5617719413499748E-004
  0.72342841050962503        1.3981685127904576E-003
  0.68900206671746622       -5.1007868414364495E-003
  0.65897818927388774       -1.4334823602417959E-004
  0.70757679237202398        9.1280395362138908E-005
  0.57854593084298722        2.6484931139093269E-003
  0.64407559994397789        2.4790802105653944E-003
  0.76660342657225367        4.0766235908728171E-004
  0.62709476905694272       -1.5515789069554193E-003
  0.69742952443171469       -3.5281456368758475E-003
  0.70225661374705450       -1.1035258684171378E-003
  0.65513282445617926        4.7901094501673130E-004
  0.81987555361072129        1.5687779507678255E-003
  0.83164416058909285        2.7623175054397550E-003
  0.82528063084082892        4.0197458449612528E-003
  0.86970895955181871       -4.7835043372671920E-004
  0.78206198923746506       -3.4377783499088652E-003
  0.47779184980733452        1.7863194930720187E-002
  0.38925928411487032        1.9575283317887330E-002
  0.35474100970511380        3.0287222014354839E-002
  0.43476718199109476        1.6668697761839574E-002
  0.52737150066173899        1.3116161486377044E-002
  0.42330291493448025        2.5127913673000962E-002
  0.52344274018760872        1.0602088710713380E-002
  0.44493496979004260        1.3917213258329682E-002
  0.43087454453929269        1.0555076789434181E-002
  0.66738683310423785       -2.7604670143527199E-003
  0.62883893941829516       -1.1527491207212459E-004
  0.57825367322180399       -1.3811317215394021E-003
  0.49794832757957797        4.4922859168688416E-003
  0.58840080945840934       -1.2436391499969313E-003
  0.51883573748604916        2.0479110461447654E-004
  0.33537782340024147       -4.5297425071958546E-003
  0.56192834572107975        3.3594982712548912E-003
  0.56176479392524770       -1.0845568661108529E-002
  0.48052731494864664        2.4618362171800252E-002
  0.40006502617733258       -3.8686800322529163E-002
  0.49559844022033406        4.1191537438215890E-004
  0.47718651202154960        2.3041674179984772E-003
  0.54757217613063625       -2.7525199677435008E-004
  0.59506383915071337       -1.2724938539822386E-003
  0.68914278104863758       -2.9124891541573404E-003
  0.56936251035695495        1.6272398366837053E-003
  0.53942816830763685       -1.8118724865727565E-004
   8.9625738455029608E-002   5.2849905566731969E-002
  0.19853886308550631        3.8106920053663500E-002
   2.9198431763462596E-002   6.3276848475789002E-002
  -4.2358335587137058E-002   7.0919116972806243E-002
   6.0435575779659606E-002  0.10519336145341916     
  0.13767387158224617        5.0497807114577992E-002
  0.23761831007927511        5.3512534605510184E-002
  -1.8731651953939887E-002   7.5890816554633062E-002
   8.8183192356063117E-002   6.5135368128468984E-002
  0.12225538611991726        6.0586009130342254E-002
  0.14185058129682096        7.1904269094688437E-003
  0.27244873347822018       -4.0428397746459149E-004
  0.23646328483576073        8.0264766956408590E-004
  0.19232875862768067       -4.8977605447199585E-004
  0.15005572797339675       -4.6278575108834206E-003
  0.55310084621438604       -1.1004490245101013E-003
  0.59219823463004984       -8.3599036980587562E-005
  0.40343647358611817       -7.6881997226430749E-004
  0.52218556324499699       -1.8436084074217239E-004
  0.56474392748369562        8.0550389157429145E-004
  0.62487765427890329        9.8471546486337408E-004
  0.52854368075433156       -6.6271548454806327E-004
  0.31939606971745310        5.8068373183961623E-002
  0.23265755147540290        6.6928927599418278E-002
  0.20340222610999256        7.8420673010781289E-002
  0.27293329788320819        6.1524758571879119E-002
  0.40866014732726380        3.4345231023820519E-002
  0.26214463735711363        6.3733997491919478E-002
  0.38743094405360734        4.5257741978062357E-002
   9.6439877059325954E-002  0.10812904251234406     
  0.28233927293605066        6.0545584113714725E-002
  -2.7844332791465143E-003  -1.9673738106778019E-003
  0.11003847653527461        3.1601492638171458E-003
   6.5331675868781608E-002  -3.5944424831929598E-003
   2.7522212054121226E-002  -4.0640839485871225E-003
  -2.0300060695145089E-002   8.8320842817718771E-003
  0.20715161437106766        4.4498150413293282E-003
  0.28344161610868601        1.7487307358282290E-002
  0.14083662963205412        4.1352447010887541E-002
   8.3613499397518026E-002   2.9894771136291815E-002
  0.18040766285864240        4.3363388991551628E-002
  0.23739339703597875       -3.1374722056225199E-002
  -7.0057129990885245E-002   4.4487769866509388E-002
  0.32542999455611449        9.1331953273705319E-003
   8.4098933099474221E-002   3.6179897849154104E-002
  0.19425854342158549        1.7362169594392445E-002
  0.25299642642986636        2.1612762921603676E-002
  -1.7034143075281255E-002   3.9713315750270527E-003
   9.6067672193560272E-002   1.5067994553094507E-004
  0.10681890782635771       -6.6718014027117778E-004
  -2.3215188986203859E-002   4.4953568808341338E-003
   4.3412415160931403E-002  -1.1062818537919612E-003
  -8.8999148031954009E-002  -4.5443046438902509E-003
  -8.5371920219568034E-002   2.1670522914370286E-003
  0.31976170823737399       -2.0566632077150596E-002
  0.53393371820632973       -1.2701386721718732E-002
  0.48634076586673369       -4.1639714671229781E-003
  0.43557159099717963       -1.2944937963955926E-003
  0.37741609737620185       -5.6288340745692606E-003
  0.44632226589362489       -4.6381131940633384E-003
  0.94397606641912535       -1.8425442309917390E-003
  0.85919369631157150       -6.4994435822044718E-003
  0.91364475812070323       -1.5193500429710259E-003
  0.92628663152022239       -1.0268789279195456E-003
  0.87882245200329212       -2.8028151825057441E-004
  0.86937529943366654        5.2825112062993246E-004
  0.87255911505953276       -2.3291142227196697E-004
  0.79241992840515318       -1.0360885492778609E-003
  0.74708026290124552        2.9107282886670050E-005
  0.84311658611425422       -2.7870839953360914E-003
  0.90481770858687027        1.0504469837238101E-003
  0.54733459193099820        1.2428388263224378E-003
  0.59342549203771533       -2.6804108066335843E-004
  0.46635613762385725        5.3309663252945824E-003
  0.52032530269677146       -1.7674594537552189E-004
  0.57093561193724174        1.4058700887975260E-003
  0.60462595779287065        3.4385848994467221E-003
  0.32325872773738462        7.1561491682741601E-004
  0.52663429599940204       -1.9313477136490538E-003
  0.56113068188512127        4.6256906650562378E-004
  0.15646338457772424        1.7706911728363754E-002
  0.36230792011403146        8.3064049308213578E-004
  0.29221206413048956       -9.0239836387568228E-003
  0.23566354556378510        2.1763725522982606E-002
  0.19016215880244008       -7.8960665841218552E-003
   4.4975690081861627E-002   8.2147199687336817E-002
   6.3154492980904888E-003  0.14616974875789149     
   4.9922688574502924E-003  0.13480062142992202     
   4.9145660044075792E-002  0.13244874296649659     
  0.16340966356411635       0.12622566330818735     
   6.5866596957321666E-002  0.13218300977472652     
   4.6791571122706696E-002  0.13403129489593524     
  -8.5845522636924632E-002  0.16718654530471480     
  0.33022979858856699        4.4968026919053892E-003
  0.39220618233735971        4.2981282663374643E-003
  0.44279589983027345        1.4764253058574511E-003
  0.42649847118342382        7.5457911314361602E-003
  0.38247026736106660        8.4268154823119001E-004
  0.72754820379267149        4.5253359407055623E-004
  0.77646410927380582        9.6129781111855802E-004
  0.63363780771770517       -3.0777218663015225E-003
  0.70510899149365858        1.1174027867113141E-003
  0.79034618101503740        4.3087592295885479E-004
  0.68931710730841889       -2.2641791912794453E-003
  0.77563955915131177       -1.7650548315984085E-003
  0.76496762901414683        8.1385757764911872E-004
  0.71789272400297643       -4.3943034735775886E-004
  0.36489969064471434       -6.3980360992366920E-003
  0.60373700137409358       -2.4152062409891399E-004
  0.55443135391380782       -1.6801410417189593E-004
  0.50702194640592513        3.3360350109583664E-003
  0.44128418318305374        4.1850298004085691E-003
  0.37329180031415399        1.8039901042231622E-002
  0.42879903336922837        9.4478455624341824E-003
  0.48594362570314475        7.0401137222157381E-004
  0.42250044996907332        6.7728585436055448E-003
  0.86018152627490774        1.3401480297468547E-003
  0.89773957916716463       -2.2287743463634928E-003
  0.83412581034348121        4.6502114942599477E-003
  0.90988591197179025       -5.4593737072498264E-003
  0.81373863900102317       -2.8915610890522516E-003
  0.89129257252677430       -3.4230545147837048E-003
  0.89358660884260821       -3.1479813156236563E-003
  0.85290711716719181        1.0378312096303243E-003
  0.42381154698212137        7.8589178373334942E-004
  0.47438400955423093        8.1466062100912489E-003
  0.33937159953872015       -1.6584863994053397E-002
  0.27228676521522116       -1.3931294641972591E-003
  0.39758215051985579        5.5444735493517883E-003
  0.44404767275478119        9.1762047814772235E-003
  0.50121741493783523       -1.2828109273727184E-002
  0.24354813257134111        3.2156347579018912E-003
  0.40494068381477311       -1.6253284049114482E-003
  0.46281954096784722        7.0115968919918338E-003
  -7.6502960999138031E-002  0.15502508079457533     
  -8.2926976279662057E-002  0.15193625256534618     
  -3.7140368737206483E-002  0.14234849483706394     
  0.12693598863619196       0.14808115052818685     
  -2.1498088633115069E-002  0.15622842766649297     
  -3.5748957281123546E-002  0.16013105653987095     
  0.85173433821513223       -9.8763709137592026E-004
  0.77443559943382223       -4.1869643802628563E-004
  0.73103436246032394        2.6979917087478181E-003
  0.82283231306559723       -2.0610140261236542E-002
  0.89355302726205588        1.2452667861203354E-003
  0.81173319751231909        1.2527483998860428E-003
  0.77248300313492735       -1.7301745083221845E-004
  0.82684562618709512       -3.1242440398636237E-003
  0.85423131702184962       -1.7347450135841900E-003
  0.77799288722319937        2.6230552523900720E-003
  0.16413215167832865        1.8930705919911962E-002
  0.23558259169363488        1.1916057871492762E-002
   9.8336788300619385E-002   2.6299998063288428E-002
  0.29226303072421111        3.0246794274645942E-002
  0.12399875701751079        1.8192433725313806E-002
   9.5525109408302555E-002   2.2596442649661611E-002
  0.21799602662821368        3.6811161512725413E-002
   5.3534191833269518E-002   1.8706940296745276E-002
  -5.1924886650288049E-002   4.3737613825485785E-002
   5.9852738768748290E-002   5.4220707082015401E-002
  -6.5201094249741604E-002   2.2100578287264510E-002
  0.13105215319318361        3.8172727753038857E-002
   1.2969898349331765E-002   3.4166946097695702E-002
  -4.5270920985579111E-002   3.9101947776732475E-002
  -8.8707484537611875E-002   3.1988908536078074E-002
   1.1909016540234546E-002   1.7970343024593889E-002
  0.82417057245363978       -1.9788785958775273E-003
  0.78321692340148497        3.0912012073850120E-003
  0.84007539781444851       -1.0990283110258188E-003
  0.75786655161547312       -6.3503376515465252E-003
  0.84852211034397118       -6.4708599269172379E-004
  0.79833671503996151       -7.8571204327096563E-004
  0.76668955098122404        9.8326762151727080E-003
  0.22599631992861205        4.4944733756782226E-003
  0.38409055385402124        4.1619556586150374E-005
  0.34950463739801652        1.0181072196445450E-004
  0.29755036860126677        9.7886086240164469E-004
  0.24855675731751814        1.4547404301936036E-003
  0.27183896890258480       -6.6559077245274684E-002
  0.47093711812037048        1.2596067335274474E-002
  0.43038137965027634        7.0879289311199635E-003
  0.37284677055847587        6.6438648602652759E-003
  0.31803010185518948       -5.4175284405365660E-003
  0.38359929274316773        2.9433060817074527E-002
  0.42811706111334569        9.9820059252443555E-003
  0.50517266674108308       -3.7000416006854219E-004
  0.36522280496347953        1.8675346546876515E-002
  0.41610052699651329        1.4043305679535661E-002
  0.39665564547394094        1.3691458398637160E-002
  0.49438577148689777       -3.2657256707119119E-003
  0.48850756560297376        3.4037502207289396E-003
  0.24985772703968911        3.1281954673396055E-002
  0.42215535471302368        1.2257620280420930E-002
  0.68534666689232449        2.5771873650454365E-003
  0.73078889400933533       -1.3529777179666987E-003
  0.73792989949233145       -1.1808690353571833E-003
  0.84347620583899030        7.4402037411422828E-004
  0.67140086009136235        7.6328347695225137E-004
  0.23686320390659510        2.6846181032148721E-003
  0.51292781478756266        1.0945867007753183E-002
  0.37897001104975414        2.3432810183311586E-003
  0.34090124364527408       -3.2395965922499021E-004
  0.29250581640980677       -4.8797874420135490E-003
  0.21194008221986199       -5.2858658594888007E-004
  0.80163492348638965       -3.0756226850504678E-003
  0.56104231156433260        1.0429660983790989E-003
  0.65449248032428953       -3.9392958123306140E-003
  0.70837184240720508       -2.6960714250803385E-003
  0.73460068120578270       -1.8727780249503010E-003
  0.66821900505658105       -1.1094276968550666E-003
   5.9502722606053715E-002  -6.5629287989389468E-002
  0.27070887845014702        3.7236779886469638E-002
  0.19834431857913914        2.3331244339242788E-002
  0.13014287320838941        5.3890500421188120E-002
   8.6306603297096718E-002  -2.5957776823408510E-002
  -1.2613149368799342E-002   1.1119219847883991E-003
  0.14172483921164097        4.7128949035861690E-003
  -1.7074689165906126E-003   1.1453759532210719E-003
  -4.5553177842041673E-002   3.0972946582373577E-004
  -8.2220923722873346E-002   4.0459565148590155E-003
   1.5124610262202090E-002   9.1890626038973619E-002
   6.2145197609306473E-002   8.9232693140954458E-002
  0.14181296061472018        7.9305013365230340E-002
  -5.0334850425909086E-002  0.10785865931896235     
   9.8634965793439486E-002   9.8507271950027134E-002
   5.2781349690654275E-002   8.8057338305888105E-002
  -5.6452623833709817E-002  0.10911163290952455     
  0.30418846027041818       -3.3425157168294802E-003
  0.40195489273158730       -3.8818913480724538E-003
  0.24089810804193795        8.9833006876898162E-003
  0.44929523658101378       -1.3661553311033220E-002
  0.28482686405870761       -8.8073565653271145E-004
  0.20183505101124982        4.9149835120062069E-003
  0.38329850060692094       -2.4785332552559099E-003
  0.55873764719829055        5.4750847723127635E-004
  0.64334056505342085       -4.2505274616567703E-004
  0.69265076692305527       -1.3171948025796579E-003
  0.73638788502695152       -1.8023279581236178E-003
  0.65922793566340920        8.3129325865411764E-004
  0.63481187551836382        1.6411836388117915E-003
  0.78092321289143707        8.4916412160106983E-004
  0.81946724635234369       -5.4668864384596884E-005
  0.66518015109546946       -1.3352013552095448E-003
  0.86967666515073283       -4.2244938179285637E-004
  0.74562078711339452       -3.3303824079798957E-003
  0.80713568033460359        2.9710001599958600E-004
  0.81986940080803128        4.4567733278943306E-004
  0.77997285880422351       -2.3710797897497052E-003
  0.75580898846219491        9.8087097748654267E-004
  0.80173626238620754        9.4037645013731136E-004
  0.85251517509962871        1.0679193046887114E-003
  0.78044731231415310       -1.1549248023281166E-003
  0.74547498263506151        1.8992592505824720E-003
  0.37045668373100915        5.5251441139887595E-003
  0.43244682825538272        4.3041167197905104E-003
  0.48199364652001442        1.1148198628110624E-003
  0.64975640041600602       -1.3085628101525500E-003
  0.21723008978141778        6.9246880664974152E-003
  0.46108150975160900        5.5167347462069475E-003
  0.42360836365970406        2.1253009273816455E-003
  -2.2763376915550748E-002   8.2703558476082906E-002
  -5.8573018383430764E-002   7.1651545479248444E-002
  0.60466685663415276       -8.5020807505557317E-004
  0.57423269431302459       -1.5506346889086720E-004
  0.61811567827845215       -5.1013352026934482E-003
  0.66622763688839315       -2.5845571095877728E-003
  0.58044081989783736        4.6924016013175840E-003
  0.28009248678123266        2.4799101011279450E-002
  0.49967177628106896        8.4751966823167141E-004
  0.42905539783888957       -1.8370760649632202E-002
  0.38344882940067593       -1.0370612665447969E-002
  0.33182300814309096       -6.4404368176136234E-003
  0.39551993315829015        2.5476774128805581E-002
  0.40356922169058940        1.9621664489074078E-003
  0.49706662257102996       -8.6461834010806492E-004
  0.54301205920327189       -6.8462720169913715E-004
  0.55247040530311586        3.7369930714168309E-003
  0.48384099758878607        8.6660225717047866E-004
  0.44322380763169500        8.3818313049875796E-003
  0.52132441042076971        2.6070822242617044E-003
  0.37915757125366351        1.8072617873496892E-002
  0.42851241839154475        1.3724598829335260E-002
  0.41073864766008517        1.3313824791760968E-002
  0.51470433761621859        2.0056339037771636E-004
  0.50136205556947211        4.3708906987681489E-003
  0.25400102647223699        3.5249432613144997E-002
  0.43543411173622393        1.1506305277751162E-002
  0.15592214662144552       -5.3442707312885435E-003
  0.38780271308392777        3.7478703672659777E-002
  0.28317699587052125       -2.1772687804446937E-003
  0.23552067954506486        1.0759656352642602E-003
  0.19212211740438723        4.2652573153633314E-002
  0.25179189149020820       -3.3462569972034603E-002
  0.69237574992017792       -5.4098435224847240E-003
  0.73737209469027620        1.0679439633908623E-003
  0.82227283693313269       -1.1953104522261194E-003
  0.72740821308044079        8.8012785027625573E-004
  0.68171294821056594        8.7154376573935952E-004
