 cosx vtec
  0.11408788059679181        3.1388095203105523E-002
  0.19577359992698548        1.1266557126342261E-002
  0.14890099998132561        1.6147304182509994E-002
  0.12792098099743948        2.6590208887822465E-002
   6.6881565203361637E-002   2.7965496839924199E-002
   7.0037079513979139E-002   4.8858144319178523E-002
  0.15899869613561396       -9.6162401822252549E-004
  0.21342936517933792       -3.1685733285309186E-004
   9.7748795848927927E-002   1.2930267714109428E-003
  0.13393385813081138        7.5567409252068395E-005
  0.18082014314776346        3.9073304018642291E-003
  0.22824905079509372       -7.3190681211835254E-004
  0.19722033380238707       -5.0381838196475351E-004
  0.73504512369197728       -1.2897270245265243E-003
  0.80248590133160180       -1.5853890733796313E-003
  0.86129873870791429        2.7911010227498938E-003
  0.84971358254677942        2.5617719413499748E-004
  0.78781558790882555        1.3981685127904576E-003
  0.83447522222457904       -5.1007868414364495E-003
  0.28400183442613230       -1.4334823602417959E-004
  0.34229788745613821        9.1280395362138908E-005
  0.22256881467497253        2.6484931139093269E-003
  0.35361199016351275        2.4790802105653944E-003
  0.49395258373545703        4.0766235908728171E-004
  0.25695666063964440       -1.5515789069554193E-003
  0.30751004607595428       -3.5281456368758475E-003
  0.35238278500667963       -1.1035258684171378E-003
  0.32001824691761738        4.7901094501673130E-004
  0.46221293866732993        1.5687779507678255E-003
  0.56781304437837243        2.7623175054397550E-003
  0.49547206027172963        4.0197458449612528E-003
  0.55207072338124830       -4.7835043372671920E-004
  0.44944819216728227       -3.4377783499088652E-003
  -2.9516614624150506E-002  0.18116790074331321     
   5.7084469324834575E-003  0.18711093450550123     
  -5.3230242157107366E-002  0.18987606643068172     
   1.0811954376743399E-002  0.21150504713415480     
   2.7341195495190040E-002  0.18739092016021178     
  -6.5064338053805459E-002  0.18751340178758585     
  0.24326554139152215        1.7863194930720187E-002
  0.21660810736017844        1.9575283317887330E-002
  0.26535992652638390        3.0287222014354839E-002
  0.30244547416325374        1.6668697761839574E-002
  0.41319070656701840        1.3116161486377044E-002
  0.22223864256941334        2.5127913673000962E-002
  0.34317238049028609        1.0602088710713380E-002
  0.28946847443920842        1.3917213258329682E-002
  0.38552513112532238        1.0555076789434181E-002
  0.93657349977145521       -2.7604670143527199E-003
  0.88784378179091061       -1.1527491207212459E-004
  0.86111719848368451       -1.3811317215394021E-003
  0.82642386817836155        4.4922859168688416E-003
  0.90834012075749326       -1.2436391499969313E-003
  0.85353634156879576        2.0479110461447654E-004
  0.76028033653650551       -4.5297425071958546E-003
  0.89935900004952640        3.3594982712548912E-003
  0.89068330606500257       -1.0845568661108529E-002
  0.84454740382853810        2.4618362171800252E-002
  0.80159269618160978       -3.8686800322529163E-002
  0.86158124534260727        4.1191537438215890E-004
  0.69343265573154200        2.3041674179984772E-003
  0.73498370591773909       -2.7525199677435008E-004
  0.78692245422497087       -1.2724938539822386E-003
  0.80188873534319138       -2.9124891541573404E-003
  0.72496318670413173        1.6272398366837053E-003
  0.75560998020723902       -1.8118724865727565E-004
   8.8136646919177719E-002  0.16537621692818413     
   8.2800045987944715E-002  0.15934392381651821     
  0.10317360864686131        2.5444023499378923E-002
   6.7993547848993585E-002  0.16245428121964881     
  0.14594503329164699       0.15838180996555629     
   5.0844157770563503E-002  0.16540010551223430     
  0.46401419674880817        7.1904269094688437E-003
  0.52963424477033083       -4.0428397746459149E-004
  0.50774875009000398        8.0264766956408590E-004
  0.48935808270356390       -4.8977605447199585E-004
  0.40584813797827429       -4.6278575108834206E-003
   6.9809007475781282E-002  -1.1004490245101013E-003
  0.12064542861591515       -8.3599036980587562E-005
  -8.3820432449259685E-002  -7.6881997226430749E-004
   2.8025175148802706E-002  -1.8436084074217239E-004
   8.9677457603219324E-002   8.0550389157429145E-004
  0.15678002580986894        9.8471546486337408E-004
   5.4616290597316930E-002  -6.6271548454806327E-004
   7.6105816036705493E-002   5.8068373183961623E-002
   5.4909690189869242E-002   6.6928927599418278E-002
   9.8393943737995079E-002   7.8420673010781289E-002
  0.13175172239900979        6.1524758571879119E-002
  0.29804582648912381        3.4345231023820519E-002
   5.7811871030834960E-002   6.3733997491919478E-002
  0.19048382450652451        4.5257741978062357E-002
  0.11783485095980581        6.0545584113714725E-002
  0.39270798885052638       -1.9673738106778019E-003
  0.45918305819576494        3.1601492638171458E-003
  0.42943703492640034       -3.5944424831929598E-003
  0.41049320147538815       -4.0640839485871225E-003
  0.32554614975684842        8.8320842817718771E-003
  0.18170343351657459        7.7012684142695968E-003
  0.25152723162897628        2.1670522914370286E-003
  0.21548809307257966        1.8489583781809297E-003
  0.19669981987584728        4.0539128396376491E-003
  0.13649991091163680        1.1603254861881261E-002
  0.12121993428764366       0.15621543594884907     
  0.17453578948463216       0.16669204073483934     
  0.11432881997178351       0.15831919765343447     
  0.10053348363346887       0.15216228660618406     
  0.17420184968056418       0.14958327736875440     
   8.4332636013171591E-002  0.15520144799549179     
  0.72149160907197873       -2.0566632077150596E-002
  0.87170301699354202       -1.2701386721718732E-002
  0.81249854699493795       -4.1639714671229781E-003
  0.78285773911582901       -1.2944937963955926E-003
  0.75494293640720533       -5.6288340745692606E-003
  0.82629880121075605       -4.6381131940633384E-003
  0.81049322696762027       -1.8425442309917390E-003
  0.80032186401017769       -6.4994435822044718E-003
  0.85204760784327271       -1.5193500429710259E-003
  0.81885158121974588       -1.0268789279195456E-003
  0.78262638803275020       -2.8028151825057441E-004
  0.80431007209040406        5.2825112062993246E-004
  0.90516004057313681       -2.3291142227196697E-004
  0.80200904055039857       -1.0360885492778609E-003
  0.78545913299744563        2.9107282886670050E-005
  0.74767198618147968       -2.7870839953360914E-003
  0.84690820142212275        1.0504469837238101E-003
   7.5012549869234613E-002   1.2428388263224378E-003
  0.12743109470049985       -2.6804108066335843E-004
   5.3355981049945655E-003   5.3309663252945824E-003
   4.9411540256892761E-002  -1.7674594537552189E-004
   9.5555406606394555E-002   1.4058700887975260E-003
  0.14805435401721523        3.4385848994467221E-003
   3.1639443011433566E-002  -1.9313477136490538E-003
  0.12140197648542311        4.6256906650562378E-004
  0.60118520112883156        1.7706911728363754E-002
  0.76820109558082961        8.3064049308213578E-004
  0.68382052205781074       -9.0239836387568228E-003
  0.64739203310517590        2.1763725522982606E-002
  0.62276326610917399       -7.8960665841218552E-003
  0.52928385640085884        8.2147199687336817E-002
   2.9070494144709469E-002  0.17979436456887404     
   2.4211944639750682E-002  0.16086609414302988     
   4.1357996500941741E-002  0.16159190962225733     
   8.2723533565668417E-003  0.16379153790527184     
   9.7809629193282011E-002  0.16523917677199620     
  -1.0424747243068799E-002  0.16719070424129434     
   6.8941494312135032E-002  0.14616974875789149     
  0.12804251463900904       0.13480062142992202     
  0.15566590421935414       0.13244874296649659     
  0.28801666617950439       0.12622566330818735     
  0.14920715856802783       0.13218300977472652     
  0.19030309400192516       0.13403129489593524     
   6.7375386476830154E-002  0.16718654530471480     
  0.64614569534305311        4.4968026919053892E-003
  0.68491987027189072        4.2981282663374643E-003
  0.74086282257567926        1.4764253058574511E-003
  0.67639960604731231        7.5457911314361602E-003
  0.70041297840983341        8.4268154823119001E-004
  0.41281184030975671        4.5253359407055623E-004
  0.47783884095553686        9.6129781111855802E-004
  0.34199458858558063       -3.0777218663015225E-003
  0.47495788058426380        1.1174027867113141E-003
  0.56903838926307926        4.3087592295885479E-004
  0.38024565440404312       -2.2641791912794453E-003
  0.43849768160377256       -1.7650548315984085E-003
  0.48523641051229061        8.1385757764911872E-004
  0.45242852055097593       -4.3943034735775886E-004
  0.74311351422196714       -6.3980360992366920E-003
  0.90172247785884085       -2.4152062409891399E-004
  0.84076609307561800       -1.6801410417189593E-004
  0.81437762585469808        3.3360350109583664E-003
  0.78500090369242748        4.1850298004085691E-003
  0.25945542400654781        8.7806748522432240E-002
  0.26534561681252478        4.9557197440978550E-002
  0.31391458326885674        3.7410694713585532E-002
  0.27993913499291218        4.7976232722304335E-002
  0.24075439774664320        6.5191784758076146E-002
  0.34459781354817853        6.2451256859090268E-002
  0.20055534946380144        8.2339747719577638E-002
  0.51023251477840881        1.8039901042231622E-002
  0.54239699270488284        9.4478455624341824E-003
  0.60685820348990238        7.0401137222157381E-004
  0.56839550084807022        6.7728585436055448E-003
  0.55799367148599532        1.3401480297468547E-003
  0.62230871316549630       -2.2287743463634928E-003
  0.63146998819252309        4.6502114942599477E-003
  0.70211221256140588       -5.4593737072498264E-003
  0.50353153561801900       -2.8915610890522516E-003
  0.58581958112132615       -3.4230545147837048E-003
  0.63302759263936625       -3.1479813156236563E-003
  0.60346066455224090        1.0378312096303243E-003
  -8.3046885220039668E-002   7.8589178373334942E-004
  -2.7827336353156151E-002   8.1466062100912489E-003
  -6.2837005031878057E-002   9.1762047814772235E-003
   5.6341083202814946E-003  -1.2828109273727184E-002
  -1.1598286577138239E-002   7.0115968919918338E-003
  -5.8427664666301143E-002  0.15502508079457533     
  -9.7346890568465599E-003  0.15193625256534618     
   1.9084046811094969E-002  0.14234849483706394     
  0.21191297065792364       0.14808115052818685     
   1.1477217925750887E-002  0.15622842766649297     
   6.7284717992715570E-002  0.16013105653987095     
  0.77991733307250621       -9.8763709137592026E-004
  0.77637684238470217       -4.1869643802628563E-004
  0.76045397082489352        2.6979917087478181E-003
  0.72474683526761774       -2.0610140261236542E-002
  0.82615001428780821        1.2452667861203354E-003
  0.41179293238267872        1.2527483998860428E-003
  0.35724024137487542       -1.7301745083221845E-004
  0.43494325370858217       -3.1242440398636237E-003
  0.48102109821534478       -1.7347450135841900E-003
  0.36736191533757623        2.6230552523900720E-003
  0.58466022259070904        1.8930705919911962E-002
  0.63172204977077218        1.1916057871492762E-002
  0.56711393995064263        2.6299998063288428E-002
  0.69535157305525752        3.0246794274645942E-002
  0.59535924890654746        1.8192433725313806E-002
  0.54602522447546087        2.2596442649661611E-002
  0.64005837663265985        3.6811161512725413E-002
  0.50104250676431261        1.8706940296745276E-002
  0.44133862603907059        4.3737613825485785E-002
  0.52037351228727491        5.4220707082015401E-002
  0.44218778966437461        2.2100578287264510E-002
  0.60394261371036095        3.8172727753038857E-002
  0.50646471166941698        3.4166946097695702E-002
  0.46028108118628941        3.9101947776732475E-002
  0.41798169710871569        3.1988908536078074E-002
  0.50571200191087895        1.7970343024593889E-002
  0.37709602265372488        4.5846785742042269E-002
  0.60727475358712102       -1.9788785958775273E-003
  0.68831711583552502        3.0912012073850120E-003
  0.74753649715978909       -1.0990283110258188E-003
  0.54557435666402809       -6.3503376515465252E-003
  0.70912737400593362       -6.4708599269172379E-004
  0.67333469792174350       -7.8571204327096563E-004
  0.75154198807938166        9.8326762151727080E-003
  0.52475328910364882        4.4944733756782226E-003
  0.59836314145008174        4.1619556586150374E-005
  0.57854696707000852        1.0181072196445450E-004
  0.55861879264832059        9.7886086240164469E-004
  0.46276554372760353        1.4547404301936036E-003
  0.69844957610460778       -6.6559077245274684E-002
  0.84240430059485816        1.2596067335274474E-002
  0.79028426657626660        7.0879289311199635E-003
  0.75532606550787629        6.6438648602652759E-003
  0.72697823352150015       -5.4175284405365660E-003
  0.79006379300180085        2.9433060817074527E-002
   4.6811107175920186E-002   9.9820059252443555E-003
  0.12143958150886375       -3.7000416006854219E-004
   1.0992386801163934E-002   1.8675346546876515E-002
  0.11398661064896731        1.4043305679535661E-002
   2.6664494439954389E-002   1.3691458398637160E-002
   7.8399006083812950E-002  -3.2657256707119119E-003
  0.12753271954870665        3.4037502207289396E-003
   8.1204141253762741E-002   1.2257620280420930E-002
  0.92386396889498801        2.5771873650454365E-003
  0.96825801069514683       -1.3529777179666987E-003
  0.97163482991972794       -1.1808690353571833E-003
  0.98798578912744683        7.4402037411422828E-004
  0.94271912492185983        7.6328347695225137E-004
  0.58598327084111534        2.6846181032148721E-003
  0.81545494269539032        1.0945867007753183E-002
  0.65857984135948744        2.3432810183311586E-003
  0.63603854201550558       -3.2395965922499021E-004
  0.61513546848931877       -4.8797874420135490E-003
  0.48943687295205585       -5.2858658594888007E-004
  0.68447716615187160       -3.0756226850504678E-003
  0.59365097745561446        1.0429660983790989E-003
  0.64129793375666044       -3.9392958123306140E-003
  0.70067627744632199       -2.6960714250803385E-003
  0.67536468775960534       -1.8727780249503010E-003
  0.63025958919694880       -1.1094276968550666E-003
  0.53137361404409822       -6.5629287989389468E-002
  0.70999916747989267        3.7236779886469638E-002
  0.62202051590413054        2.3331244339242788E-002
  0.57581886510962499        5.3890500421188120E-002
  0.54988354707022424       -2.5957776823408510E-002
  0.48201073343930079        1.1119219847883991E-003
  0.61229474351981439        4.7128949035861690E-003
   6.9139442552569486E-002   8.2660410074114427E-002
  0.18893800841551422        5.3228857593158180E-002
  0.10995009519633181        7.3020605151964693E-002
   8.2428813214480867E-002   7.8166746204510071E-002
   7.7298112606348779E-003   9.1071406014058096E-002
   4.1811115800051979E-002   9.4915412526753465E-002
  -5.6383588529404505E-003  0.12187381817133008     
  0.24101624445685529        9.4451464532240188E-003
  0.30527476255014757        1.1453759532210719E-003
  0.27532672327520746        3.0972946582373577E-004
  0.25764681663151279        4.0459565148590155E-003
  0.19667232179592944       -2.9440414659286200E-003
  0.34305212128845497        9.1890626038973619E-002
  0.37418962660416377        8.9232693140954458E-002
  0.46294721641695530        7.9305013365230340E-002
  0.30898751242942879       0.10785865931896235     
  0.37230479423042584        9.8507271950027134E-002
  0.38977774121146114        8.8057338305888105E-002
  0.29038637638648995       0.10911163290952455     
  0.70598042441838937       -3.3425157168294802E-003
  0.76860986363978478       -3.8818913480724538E-003
  0.69101607083396122        8.9833006876898162E-003
  0.82134376448034319       -1.3661553311033220E-002
  0.72526359510311322       -8.8073565653271145E-004
  0.64811025922689303        4.9149835120062069E-003
  0.77773640094609398       -2.4785332552559099E-003
  0.66303092019744625        5.4750847723127635E-004
  0.70908681432861220       -4.2505274616567703E-004
  0.76282577993526512       -1.3171948025796579E-003
  0.75038061295750536       -1.8023279581236178E-003
  0.69856900952916301        8.3129325865411764E-004
  0.73853626081415080        1.6411836388117915E-003
  0.18628701186661001       0.13246439172701949     
  0.18432257938755686       0.11013581044319495     
  0.25648406902133142       0.11128465476742398     
  0.20014032969356887       0.11089543821439511     
  0.16608370359301899       0.11116968048219136     
  0.25299555105760874       0.10889889671508828     
  0.14096934210759759       0.12766311865842941     
  0.41017273509664898        8.4916412160106983E-004
  0.46462544673108652       -5.4668864384596884E-005
  0.30089976464586043       -1.3352013552095448E-003
  0.59624188375129850       -4.2244938179285637E-004
  0.37226273424910084       -3.3303824079798957E-003
  0.43302278385416515        2.9710001599958600E-004
  0.47711603094615262        4.4567733278943306E-004
  0.44953261321237536       -2.3710797897497052E-003
  0.87803034245530764        9.8087097748654267E-004
  0.92454149099888827        9.4037645013731136E-004
  0.91686527048607447        1.0679193046887114E-003
  0.86271519792149243       -1.1549248023281166E-003
  0.90463047569193678        1.8992592505824720E-003
  0.65530989597376843        5.5251441139887595E-003
  0.69350677918793846        4.3041167197905104E-003
  0.74820062904709528        1.1148198628110624E-003
  0.80043170566734334       -1.3085628101525500E-003
  0.57418610757533239        6.9246880664974152E-003
  0.68462249367324290        5.5167347462069475E-003
  0.71044980035669436        2.1253009273816455E-003
  0.37440044245741727        8.4135536254450499E-002
  0.43585785097018442        8.2703558476082906E-002
  0.36959081053275883        7.5380639790021020E-002
  0.38881217506548837        5.4533390711802091E-002
  0.35114905332277330        6.4489324284025470E-002
  0.42998371452831635        7.1651545479248444E-002
  0.32243009237707537        9.0258191014254516E-002
  -6.0338269319757776E-002  0.21899558070053621     
  0.12666226766414368       -8.5020807505557317E-004
   8.7954542101221334E-002  -1.5506346889086720E-004
  0.14642322298371663       -5.1013352026934482E-003
  0.20485814073539860       -2.5845571095877728E-003
  0.10627490775278392        4.6924016013175840E-003
  0.67438540887476328        2.4799101011279450E-002
  0.84006177378845570        8.4751966823167141E-004
  0.75547019364529189       -1.8370760649632202E-002
  0.72831823037684473       -1.0370612665447969E-002
  0.70390582333673690       -6.4404368176136234E-003
  0.78605895847958374        2.5476774128805581E-002
  0.75321890502585820        1.9621664489074078E-003
  0.81140793255579124       -8.6461834010806492E-004
  0.86141493131160518       -6.8462720169913715E-004
  0.79649336493365330        3.7369930714168309E-003
  0.82538407433232719        8.6660225717047866E-004
   7.6298719557115202E-002   8.3818313049875796E-003
  0.15229126581928742        2.6070822242617044E-003
   4.0753320003281301E-002   1.8072617873496892E-002
  0.13956226713968420        1.3724598829335260E-002
   5.5965924061680716E-002   1.3313824791760968E-002
  0.10865585048867377        2.0056339037771636E-004
  0.15657692277403301        4.3708906987681489E-003
  0.11055069499024128        1.1506305277751162E-002
  0.57482263502288045       -5.3442707312885435E-003
  0.77053618170316851        3.7478703672659777E-002
  0.64890165001557487       -2.1772687804446937E-003
  0.61863496950900321        1.0759656352642602E-003
  0.59664249435424555        4.2652573153633314E-002
  0.68259686879351333       -3.3462569972034603E-002
  0.89459798544671876       -5.4098435224847240E-003
  0.94063983886940239        1.0679439633908623E-003
  0.94937950454560316       -1.1953104522261194E-003
  0.87698321190766593        8.8012785027625573E-004
  0.91575916004992042        8.7154376573935952E-004
