 cosx vtec
  0.24827895345269407        3.1388095203105523E-002
  0.31150351730559173        1.1266557126342261E-002
  0.27311810397304603        1.6147304182509994E-002
  0.25869141179076877        2.6590208887822465E-002
  0.18980491591771609        2.7965496839924199E-002
  0.21926307705503451        4.8858144319178523E-002
  -1.2701217950508714E-003  -9.6162401822252549E-004
   5.2172357008403059E-002  -3.1685733285309186E-004
  -5.3468686180263680E-002   1.2930267714109428E-003
  -2.3644431435944635E-002   7.5567409252068395E-005
   1.6407789857516897E-002   3.9073304018642291E-003
   7.0285503089551504E-002  -7.3190681211835254E-004
   4.6618567874948225E-002  -5.0381838196475351E-004
  0.74395762593590353       -1.2897270245265243E-003
  0.78847999260702317       -1.5853890733796313E-003
  0.84473486494715155        2.7911010227498938E-003
  0.81036898488076026        2.5617719413499748E-004
  0.76155214424576601        1.3981685127904576E-003
  0.83349275749616347       -5.1007868414364495E-003
  0.13624499592630984       -1.4334823602417959E-004
  0.19431083916349479        9.1280395362138908E-005
   8.5202058516352541E-002   2.6484931139093269E-003
  0.23090970194372770        2.4790802105653944E-003
  0.36877462322271520        4.0766235908728171E-004
  0.11254938643770418       -1.5515789069554193E-003
  0.15311256162325920       -3.5281456368758475E-003
  0.20912341216780578       -1.1035258684171378E-003
  0.18388228440877857        4.7901094501673130E-004
  0.30946970653244305        1.5687779507678255E-003
  0.44113939099440935        2.7623175054397550E-003
  0.35034964536941249        4.0197458449612528E-003
  0.40768168729049381       -4.7835043372671920E-004
  0.30619217790392428       -3.4377783499088652E-003
  -4.1671338651563278E-002  0.24536648206127828     
   7.4485936050222468E-002  0.18116790074331321     
  0.10276439272739157       0.18711093450550123     
   6.0169346952815228E-002  0.18987606643068172     
   9.3250893317683353E-002  0.21150504713415480     
  0.13372414847689781       0.18739092016021178     
   4.4750324859162804E-002  0.18751340178758585     
  0.14680078265927132        1.7863194930720187E-002
  0.14327768359223148        1.9575283317887330E-002
  0.21793988500362083        3.0287222014354839E-002
  0.23782334791271542        1.6668697761839574E-002
  0.34803353162126505        1.3116161486377044E-002
  0.13869293118067921        2.5127913673000962E-002
  0.25938415109943880        1.0602088710713380E-002
  0.21760920302791137        1.3917213258329682E-002
  0.34598039471732533        1.0555076789434181E-002
  0.97225466464842158       -2.7604670143527199E-003
  0.92299648990998207       -1.1527491207212459E-004
  0.90620553540748994       -1.3811317215394021E-003
  0.88949440370213084        4.4922859168688416E-003
  0.96339009050236624       -1.2436391499969313E-003
  0.91709540620651686        2.0479110461447654E-004
  0.86092206239533053       -4.5297425071958546E-003
  0.96103797449596851        3.3594982712548912E-003
  0.94994151826457829       -1.0845568661108529E-002
  0.91884382617977045        2.4618362171800252E-002
  0.89156657828514196       -3.8686800322529163E-002
  0.93550796378562917        4.1191537438215890E-004
  0.72573469983251937        2.3041674179984772E-003
  0.75470701551023911       -2.7525199677435008E-004
  0.80498450160642632       -1.2724938539822386E-003
  0.79155150798786766       -2.9124891541573404E-003
  0.73425718067505263        1.6272398366837053E-003
  0.78405202679080999       -1.8118724865727565E-004
  0.24717052737238232       0.16537621692818413     
  0.24969355441471325       0.15934392381651821     
  0.27134054211659137        2.5444023499378923E-002
  0.23205702515892285       0.16245428121964881     
  0.30528028070014929       0.15838180996555629     
  0.21408684999784233       0.16540010551223430     
  -1.0553568106785094E-002  0.19077796878947312     
   7.5990163651504239E-003  0.19748407119543368     
  -2.7177901622832734E-002  0.19677924073786038     
  -4.4445193829077412E-002  0.19784547479312053     
  0.54726096153420811        7.1904269094688437E-003
  0.58626420661832113       -4.0428397746459149E-004
  0.57062637223963253        8.0264766956408590E-004
  0.56231154616099310       -4.8977605447199585E-004
  0.46963450038373455       -4.6278575108834206E-003
  -5.0569515960766809E-002  -8.3599036980587562E-005
  -8.0846391173827303E-002   8.0550389157429145E-004
  -1.5465216707675589E-002   9.8471546486337408E-004
  -1.3085340233771364E-002   5.8068373183961623E-002
  -1.0210582990344913E-002   6.6928927599418278E-002
   5.5851963584506725E-002   7.8420673010781289E-002
   7.4588009250039611E-002   6.1524758571879119E-002
  0.24123414790891640        3.4345231023820519E-002
  -1.6720368706602762E-002   6.3733997491919478E-002
  0.11032792884273265        4.5257741978062357E-002
   5.3430163372136075E-002   6.0545584113714725E-002
  0.50582268139558173       -1.9673738106778019E-003
  0.55209839760668167        3.1601492638171458E-003
  0.52938415626233448       -3.5944424831929598E-003
  0.51816152247880209       -4.0640839485871225E-003
  0.42556419912618415        8.8320842817718771E-003
  0.30198536229940520        7.7012684142695968E-003
  0.35300653211429678        2.1670522914370286E-003
  0.32426927644376857        1.8489583781809297E-003
  0.31254225563931826        4.0539128396376491E-003
  0.24429361661620538        1.1603254861881261E-002
  0.26988665914755938       0.15621543594884907     
  0.31349992081324995       0.16669204073483934     
  0.27411416121843241       0.15831919765343447     
  0.25523637677777444       0.15216228660618406     
  0.32335617378566095       0.14958327736875440     
  0.23782653439559465       0.15520144799549179     
  0.81647965557290447       -2.0566632077150596E-002
  0.93520656021313353       -1.2701386721718732E-002
  0.87562361979070902       -4.1639714671229781E-003
  0.85515008121474101       -1.2944937963955926E-003
  0.83946069369745679       -5.6288340745692606E-003
  0.90726316381329708       -4.6381131940633384E-003
  0.71411055774132692       -1.8425442309917390E-003
  0.73047911380610997       -6.4994435822044718E-003
  0.77806579278897114       -1.5193500429710259E-003
  0.73099932710268667       -1.0268789279195456E-003
  0.70091325311472752       -2.8028151825057441E-004
  0.73207022160914692        5.2825112062993246E-004
  0.86061471412941126       -2.3291142227196697E-004
  0.75583839243172724       -1.0360885492778609E-003
  0.75030854206098041        2.9107282886670050E-005
  0.66837725749630250       -2.7870839953360914E-003
  0.77452430140395057        1.0504469837238101E-003
  -9.3653034311548256E-002   1.2428388263224378E-003
  -4.2272253839388430E-002  -2.6804108066335843E-004
  -7.5440195059412407E-002   1.4058700887975260E-003
  -1.9649383718156832E-002   3.4385848994467221E-003
  -3.8807268907130432E-002   4.6256906650562378E-004
  0.71852963188175900        1.7706911728363754E-002
  0.86175206946104521        8.3064049308213578E-004
  0.77761853073272602       -9.0239836387568228E-003
  0.75042606259668654        2.1763725522982606E-002
  0.73456639595022222       -7.8960665841218552E-003
  0.66481431510486977        8.2147199687336817E-002
  0.19740891925938947       0.17979436456887404     
  0.19694062733526702       0.16086609414302988     
  0.21410042657879730       0.16159190962225733     
  0.18015387685264733       0.16379153790527184     
  0.26617489270750194       0.16523917677199620     
  0.16108474991939969       0.16719070424129434     
   8.6436143960921169E-002  0.14616974875789149     
  0.16287448672000024       0.13480062142992202     
  0.18305211989543380       0.13244874296649659     
  0.31351550732198019       0.12622566330818735     
  0.16894179609402266       0.13218300977472652     
  0.22839839916023061       0.13403129489593524     
  0.11642996427210087       0.16718654530471480     
  0.71598128656919768        4.4968026919053892E-003
  0.74430423266305645        4.2981282663374643E-003
  0.79865348115027790        1.4764253058574511E-003
  0.72144120517648036        7.5457911314361602E-003
  0.76760303630965943        8.4268154823119001E-004
  0.27802583096993960        4.5253359407055623E-004
  0.34463461568541875        9.6129781111855802E-004
  0.21959966559904254       -3.0777218663015225E-003
  0.36571229682848294        1.1174027867113141E-003
  0.45705730183190968        4.3087592295885479E-004
  0.24943706996735465       -2.2641791912794453E-003
  0.29434495947978900       -1.7650548315984085E-003
  0.35813743347390925        8.1385757764911872E-004
  0.33230936620342610       -4.3943034735775886E-004
  0.82859998415806180       -6.3980360992366920E-003
  0.94955640922962170       -2.4152062409891399E-004
  0.88831606335291857       -1.6801410417189593E-004
  0.87085681836119244        3.3360350109583664E-003
  0.85592131802947058        4.1850298004085691E-003
  0.42264276336041845        8.7806748522432240E-002
  0.42546888271264338        4.9557197440978550E-002
  0.46583463509506784        3.7410694713585532E-002
  0.43815936514198489        4.7976232722304335E-002
  0.40438181337509582        6.5191784758076146E-002
  0.50192922953808139        6.2451256859090268E-002
  0.36724977349473720        8.2339747719577638E-002
  0.52629939372609758        1.8039901042231622E-002
  0.54837178962708222        9.4478455624341824E-003
  0.61139541595996127        7.0401137222157381E-004
  0.58398230243065929        6.7728585436055448E-003
  0.41860492544411232        1.3401480297468547E-003
  0.48824297417487905       -2.2287743463634928E-003
  0.52211331241543646        4.6502114942599477E-003
  0.58661799808023174       -5.4593737072498264E-003
  0.36471919884266313       -2.8915610890522516E-003
  0.44357247225442031       -3.4230545147837048E-003
  0.50346521143806866       -3.1479813156236563E-003
  0.47958254068380557        1.0378312096303243E-003
  -4.8543958075721712E-002  0.15502508079457533     
   1.6285561693543588E-002  0.15193625256534618     
   3.7432692342517462E-002  0.14234849483706394     
  0.22834565685796970       0.14808115052818685     
   2.2221034768091466E-002  0.15622842766649297     
   9.8915048513024934E-002  0.16013105653987095     
   1.9147110398490319E-002  0.20000990441896402     
   1.8471697975383949E-002  0.18849306004408550     
   4.0553021014763546E-002  0.20000520977718561     
   9.3168600989612660E-004  0.19102871679253400     
  -1.4953624412865685E-002  0.19544743668399317     
  0.70683816241038289       -9.8763709137592026E-004
  0.72913216563980998       -4.1869643802628563E-004
  0.72373520803658420        2.6979917087478181E-003
  0.64594990575913236       -2.0610140261236542E-002
  0.75175027325772048        1.2452667861203354E-003
  0.24747880663068966        1.2527483998860428E-003
  0.19097866855198270       -1.7301745083221845E-004
  0.27199179457466094       -3.1242440398636237E-003
  0.32171737887405949       -1.7347450135841900E-003
  0.20207727908329942        2.6230552523900720E-003
  0.69462219414666460        1.8930705919911962E-002
  0.73030923536009318        1.1916057871492762E-002
  0.69491561799116930        2.6299998063288428E-002
  0.79242486360519004        3.0246794274645942E-002
  0.72231477894610085        1.8192433725313806E-002
  0.66878097385829649        2.2596442649661611E-002
  0.74713396053615022        3.6811161512725413E-002
  0.62553559945390524        1.8706940296745276E-002
  0.58540732373182691        4.3737613825485785E-002
  0.64819265274123150        5.4220707082015401E-002
  0.59110976596602127        2.2100578287264510E-002
  0.73089972122353408        3.8172727753038857E-002
  0.64659408301591592        3.4166946097695702E-002
  0.60744837658321937        3.9101947776732475E-002
  0.56815469697634557        3.1988908536078074E-002
  0.64599485839156567        1.7970343024593889E-002
  0.52974568668374244        4.5846785742042269E-002
  0.49446593628824576       -1.9788785958775273E-003
  0.61287504178335750        3.0912012073850120E-003
  0.66925926978272687       -1.0990283110258188E-003
  0.43817257997797132       -6.3503376515465252E-003
  0.61694794047837154       -6.4708599269172379E-004
  0.58836296808568567       -7.8571204327096563E-004
  0.69989526683672765        9.8326762151727080E-003
  0.59612212493892303        4.4944733756782226E-003
  0.63584757545167936        4.1619556586150374E-005
  0.62238395553774817        1.0181072196445450E-004
  0.61480831662606272        9.7886086240164469E-004
  0.50859705804677890        1.4547404301936036E-003
  0.80350078179480855       -6.6559077245274684E-002
  0.91941934618881604        1.2596067335274474E-002
  0.86649998235232562        7.0879289311199635E-003
  0.84154014552786105        6.6438648602652759E-003
  0.82413450457530779       -5.4175284405365660E-003
  0.88246379530429997        2.9433060817074527E-002
  -1.3899660833179228E-002  0.16996716393424466     
   5.0496945609951327E-004  0.16878339842997775     
  -3.0107811615079472E-002  0.17779457800968479     
  -5.1210075326822146E-002  0.19331008144297543     
  -8.8504296072661581E-002   9.9820059252443555E-003
  -1.9324910064884182E-002  -3.7000416006854219E-004
   2.0281648733554980E-003   1.4043305679535661E-002
  -7.0910557727770440E-002  -3.2657256707119119E-003
  -5.7039939090776093E-003   3.4037502207289396E-003
  -4.2218984926107761E-002   1.2257620280420930E-002
  0.94967822190643503        2.5771873650454365E-003
  0.99096818192117009       -1.3529777179666987E-003
  0.99282929184415947       -1.1808690353571833E-003
  0.97719383217303779        7.4402037411422828E-004
  0.97876127108681366        7.6328347695225137E-004
  0.67106384277111442        2.6846181032148721E-003
  0.87019070362335571        1.0945867007753183E-002
  0.71503901834364525        2.3432810183311586E-003
  0.69928162675708772       -3.2395965922499021E-004
  0.68921670901158572       -4.8797874420135490E-003
  0.55560189572921681       -5.2858658594888007E-004
  0.60154199331991531       -3.0756226850504678E-003
  0.56833503353887083        1.0429660983790989E-003
  0.59713387661981865       -3.9392958123306140E-003
  0.65475709755327327       -2.6960714250803385E-003
  0.61310796501650655       -1.8727780249503010E-003
  0.57817608239860274       -1.1094276968550666E-003
  0.66245567027880392       -6.5629287989389468E-002
  0.81874112652604814        3.7236779886469638E-002
  0.73076990041865997        2.3331244339242788E-002
  0.69506031664733170        5.3890500421188120E-002
  0.67694269134556606       -2.5957776823408510E-002
  0.62404155390505545        1.1119219847883991E-003
  0.73793042734878911        4.7128949035861690E-003
  0.22452062191220606        8.2660410074114427E-002
  0.32367322218825489        5.3228857593158180E-002
  0.25703086078849413        7.3020605151964693E-002
  0.23557236088371408        7.8166746204510071E-002
  0.15306220193413755        9.1071406014058096E-002
  0.20369705995436577        9.4915412526753465E-002
  0.16127976304580960       0.12187381817133008     
  0.34878559610072529        9.4451464532240188E-003
  0.39304666674944644        1.1453759532210719E-003
  0.36977366461099381        3.0972946582373577E-004
  0.35977938932851056        4.0459565148590155E-003
  0.29041203732431953       -2.9440414659286200E-003
  0.43576658313058336        9.1890626038973619E-002
  0.45946610962513412        8.9232693140954458E-002
  0.54590234358868739        7.9305013365230340E-002
  0.41470779838661931       0.10785865931896235     
  0.44437025231126404        9.8507271950027134E-002
  0.48275783370080838        8.8057338305888105E-002
  0.39291931929966128       0.10911163290952455     
  0.80194739327280662       -3.3425157168294802E-003
  0.84850832242514129       -3.8818913480724538E-003
  0.80469009987829554        8.9833006876898162E-003
  0.89986058950824477       -1.3661553311033220E-002
  0.83346157141765043       -8.8073565653271145E-004
  0.76309790919038600        4.9149835120062069E-003
  0.86672046960388993       -2.4785332552559099E-003
  0.65832856999983358        5.4750847723127635E-004
  0.68815460098802561       -4.2505274616567703E-004
  0.74011482991307020       -1.3171948025796579E-003
  0.70892588993350647       -1.8023279581236178E-003
  0.66911554588241295        8.3129325865411764E-004
  0.72897606233331380        1.6411836388117915E-003
  0.35097716451256938       0.13246439172701949     
  0.35218810584734300       0.11013581044319495     
  0.41771054851714040       0.11128465476742398     
  0.36718521045068103       0.11089543821439511     
  0.33432394905811341       0.11116968048219136     
  0.41600079515485056       0.10889889671508828     
  0.30975933260313032       0.12766311865842941     
  0.25609611654503223        8.4916412160106983E-004
  0.31271297073230003       -5.4668864384596884E-005
  0.15581463748868496       -1.3352013552095448E-003
  0.46447825208265070       -4.2244938179285637E-004
  0.21962036282604075       -3.3303824079798957E-003
  0.27636807849960943        2.9710001599958600E-004
  0.32863088946414970        4.4567733278943306E-004
  0.30702625489421931       -2.3710797897497052E-003
  0.86628434013833955        9.8087097748654267E-004
  0.91012754512488536        9.4037645013731136E-004
  0.88262385492185391        1.0679193046887114E-003
  0.83803876979051950       -1.1549248023281166E-003
  0.90406977475614247        1.8992592505824720E-003
  0.71379190515221047        5.5251441139887595E-003
  0.74136792025767306        4.3041167197905104E-003
  0.79447354870076325        1.1148198628110624E-003
  0.80335713322168090       -1.3085628101525500E-003
  0.66271621104459788        6.9246880664974152E-003
  0.72000178243921642        5.5167347462069475E-003
  0.76621901491605127        2.1253009273816455E-003
  0.51928544844011293        8.4135536254450499E-002
  0.56823368906471661        8.2703558476082906E-002
  0.52262117803000085        7.5380639790021020E-002
  0.54141845610439221        5.4533390711802091E-002
  0.50266827396982727        6.4489324284025470E-002
  0.57311860283187999        7.1651545479248444E-002
  0.47451771642255280        9.0258191014254516E-002
   2.4719378937979097E-002  0.22177906897442204     
   2.1543722112743191E-002  0.19590597892690828     
   4.0850999061624815E-002  0.20224077677783442     
   4.6766361412582946E-003  0.19946131417052668     
  0.11068725256625600       0.21899558070053621     
  -1.2042080850272363E-002  0.20788173597004292     
  -4.7164723785583063E-002  -8.5020807505557317E-004
  -8.6356742787696450E-002  -1.5506346889086720E-004
  -2.6431256119928470E-002  -5.1013352026934482E-003
   3.1982118019399597E-002  -2.5845571095877728E-003
  -6.4960594139318151E-002   4.6924016013175840E-003
  0.76969806810919772        2.4799101011279450E-002
  0.90642840970806082        8.4751966823167141E-004
  0.82220438165149656       -1.8370760649632202E-002
  0.80313748562343146       -1.0370612665447969E-002
  0.78968295975808311       -6.4404368176136234E-003
  0.87317528431660729        2.5476774128805581E-002
  0.82816143690485500        1.9621664489074078E-003
  0.87049650194694250       -8.6461834010806492E-004
  0.91882757748522326       -6.8462720169913715E-004
  0.83208117158525619        3.7369930714168309E-003
  0.89305709480379858        8.6660225717047866E-004
  -5.5842270414811379E-002   8.3818313049875796E-003
   1.4727808952665566E-002   2.6070822242617044E-003
  -7.9288584703300469E-002   1.8072617873496892E-002
   3.0596990354249065E-002   1.3724598829335260E-002
  -7.0699630703229710E-002   1.3313824791760968E-002
  -3.9069672404133338E-002   2.0056339037771636E-004
   2.7170196420672421E-002   4.3708906987681489E-003
  -9.1034466752865639E-003   1.1506305277751162E-002
  0.68482654021751865       -5.3442707312885435E-003
  0.85589974960990078        3.7478703672659777E-002
  0.73586554052445241       -2.1772687804446937E-003
  0.71350631118028152        1.0759656352642602E-003
  0.70030549266054309        4.2652573153633314E-002
  0.79008321109464807       -3.3462569972034603E-002
  0.90961342397062839       -5.4098435224847240E-003
  0.95317662308340878        1.0679439633908623E-003
  0.93492640226479495       -1.1953104522261194E-003
  0.87480166085914846        8.8012785027625573E-004
  0.94052085777657235        8.7154376573935952E-004
