 cosx vtec
  -2.3569694972229160E-002   3.1388095203105523E-002
   7.4095200450597143E-002   1.1266557126342261E-002
   2.0159614201554599E-002   1.6147304182509994E-002
  -6.7362642881285129E-003   2.6590208887822465E-002
  -5.8073948138804676E-002   2.7965496839924199E-002
  -8.1316959365771491E-002   4.8858144319178523E-002
  0.31443641887322832       -9.6162401822252549E-004
  0.36820142972976488       -3.1685733285309186E-004
  0.24599623001464871        1.2930267714109428E-003
  0.28744263496615124        7.5567409252068395E-005
  0.33973836758287285        3.9073304018642291E-003
  0.37927736620681896       -7.3190681211835254E-004
  0.34182965935288179       -5.0381838196475351E-004
  0.70379864607560805       -1.2897270245265243E-003
  0.79210868066808138       -1.5853890733796313E-003
  0.85169248467842718        2.7911010227498938E-003
  0.86324006154967403        2.5617719413499748E-004
  0.79014165225834554        1.3981685127904576E-003
  0.81010257818298170       -5.1007868414364495E-003
  0.42312942041973722       -1.4334823602417959E-004
  0.47988438707214226        9.1280395362138908E-005
  0.35317292964952846        2.6484931139093269E-003
  0.46556995640202281        2.4790802105653944E-003
  0.60412204411028703        4.0766235908728171E-004
  0.39355643630096981       -1.5515789069554193E-003
  0.45256399286752824       -3.5281456368758475E-003
  0.48493518464303453       -1.1035258684171378E-003
  0.44643061639111803        4.7901094501673130E-004
  0.60091206377220174        1.5687779507678255E-003
  0.67723398477840069        2.7623175054397550E-003
  0.62553980650790941        4.0197458449612528E-003
  0.67968536897212006       -4.7835043372671920E-004
  0.57904794978528684       -3.4377783499088652E-003
  -9.1520947143483300E-002  0.18711093450550123     
  -7.1955500345058071E-002  0.21150504713415480     
  -7.9872505922444298E-002  0.18739092016021178     
  0.33233879933656540        1.7863194930720187E-002
  0.28335700302961225        1.9575283317887330E-002
  0.30471714051264709        3.0287222014354839E-002
  0.35787794721598420        1.6668697761839574E-002
  0.46579329028136690        1.3116161486377044E-002
  0.29903174488699269        2.5127913673000962E-002
  0.41653349017469110        1.0602088710713380E-002
  0.35253239224452304        1.3917213258329682E-002
  0.41335588085891900        1.0555076789434181E-002
  0.87243502145322038       -2.7604670143527199E-003
  0.82571438813517750       -1.1527491207212459E-004
  0.78986424977778524       -1.3811317215394021E-003
  0.73824286021667263        4.4922859168688416E-003
  0.82569069455353472       -1.2436391499969313E-003
  0.76404300566302807        2.0479110461447654E-004
  0.63653787609002477       -4.5297425071958546E-003
  0.81035345596719321        3.3594982712548912E-003
  0.80436213081577601       -1.0845568661108529E-002
  0.74458983454903716        2.4618362171800252E-002
  0.68726282427798402       -3.8686800322529163E-002
  0.76147581528771935        4.1191537438215890E-004
  0.64006101011036476        2.3041674179984772E-003
  0.69292828710089083       -2.7525199677435008E-004
  0.74495016494651867       -1.2724938539822386E-003
  0.78786097789780030       -2.9124891541573404E-003
  0.69364155193144295        1.6272398366837053E-003
  0.70420910545764026       -1.8118724865727565E-004
  -7.3575221100035726E-002  0.16537621692818413     
  -8.6609300076985862E-002  0.15934392381651821     
  -6.8128202887267064E-002   2.5444023499378923E-002
  -9.8135879120620273E-002  0.16245428121964881     
  -1.7824680347845290E-002  0.15838180996555629     
  -8.4973451076967632E-002   5.3512534605510184E-002
  0.36666859461503004        7.1904269094688437E-003
  0.45691161350948972       -4.0428397746459149E-004
  0.42944343824570719        8.0264766956408590E-004
  0.40153572070489729       -4.8977605447199585E-004
  0.32973028458484438       -4.6278575108834206E-003
  0.23984208201947871       -1.1004490245101013E-003
  0.28819462269013552       -8.3599036980587562E-005
   8.2775464485490002E-002  -7.6881997226430749E-004
  0.20052349221150195       -1.8436084074217239E-004
  0.25747650205871092        8.0550389157429145E-004
  0.32426158631325175        9.8471546486337408E-004
  0.22092103751455133       -6.6271548454806327E-004
  0.16298453546993610        5.8068373183961623E-002
  0.11836156012668876        6.6928927599418278E-002
  0.13794627353477576        7.8420673010781289E-002
  0.18491222591024134        6.1524758571879119E-002
  0.34580153294719373        3.4345231023820519E-002
  0.13058752622370440        6.3733997491919478E-002
  0.26485196523085186        4.5257741978062357E-002
  -5.0339116705941878E-002  0.10812904251234406     
  0.17865918602961478        6.0545584113714725E-002
  0.26766106212167606       -1.9673738106778019E-003
  0.35231567314487905        3.1601492638171458E-003
  0.31644168586549698       -3.5944424831929598E-003
  0.29035225157232525       -4.0640839485871225E-003
  0.21563654481233441        8.8320842817718771E-003
  -5.7361660612636201E-002   1.7487307358282290E-002
  -8.8776636056863145E-003   9.1331953273705319E-003
  -6.3501050311083940E-002   2.1612762921603676E-002
  -3.7775246845960675E-002   1.5067994553094507E-004
  -7.9440177093951347E-002  -6.6718014027117778E-004
   5.5900537546227425E-002   7.7012684142695968E-003
  0.14240540306526481        2.1670522914370286E-003
  0.10015941267214118        1.8489583781809297E-003
   7.4880759288575738E-002   4.0539128396376491E-003
   2.4558724256063924E-002   1.1603254861881261E-002
  -3.1129997139823951E-002  0.15621543594884907     
   3.0268476217495788E-002  0.16669204073483934     
  -4.8930344809378246E-002  0.15831919765343447     
  -5.7224068708217557E-002  0.15216228660618406     
   1.9754490229477006E-002  0.14958327736875440     
  -7.1723666982387246E-002  0.15520144799549179     
  0.60458140390479076       -2.0566632077150596E-002
  0.78171321723526166       -1.2701386721718732E-002
  0.72468611562234164       -4.1639714671229781E-003
  0.68677865943852301       -1.2944937963955926E-003
  0.64748661874037483       -5.6288340745692606E-003
  0.72022776626702978       -4.6381131940633384E-003
  0.88224946825475981       -1.8425442309917390E-003
  0.84584723800875217       -6.4994435822044718E-003
  0.90014038605295288       -1.5193500429710259E-003
  0.88182344301913318       -1.0268789279195456E-003
  0.84055981485835884       -2.8028151825057441E-004
  0.85211136667505372        5.2825112062993246E-004
  0.92220253569034427       -2.3291142227196697E-004
  0.82381104845530850       -1.0360885492778609E-003
  0.79674394431440443        2.9107282886670050E-005
  0.80424907864567241       -2.7870839953360914E-003
  0.89355922286778422        1.0504469837238101E-003
  0.24139891555389453        1.2428388263224378E-003
  0.29326251369621337       -2.6804108066335843E-004
  0.16561355132058597        5.3309663252945824E-003
  0.21450656584183936       -1.7674594537552189E-004
  0.26364760543465593        1.4058700887975260E-003
  0.31125953487516056        3.4385848994467221E-003
   8.7287053328261033E-004   7.1561491682741601E-004
  0.20454082571490323       -1.9313477136490538E-003
  0.27792248405005560        4.6256906650562378E-004
  0.46557406123994222        1.7706911728363754E-002
  0.65130871884413344        8.3064049308213578E-004
  0.56924497169661070       -9.0239836387568228E-003
  0.52468732319194766        2.1763725522982606E-002
  0.49203778851036700       -7.8960665841218552E-003
  0.37767137465788930        8.2147199687336817E-002
  -7.3527530574896027E-002  0.16523917677199620     
   4.9352092128466599E-002  0.14616974875789149     
   8.9320035327373745E-002  0.13480062142992202     
  0.12354985855174731       0.13244874296649659     
  0.25376658389281581       0.12622566330818735     
  0.12493893677973271       0.13218300977472652     
  0.14642552530938838       0.13403129489593524     
   1.6273641543405770E-002  0.16718654530471480     
  0.55667729303951796        4.4968026919053892E-003
  0.60472456305339817        4.2981282663374643E-003
  0.66056142078214108        1.4764253058574511E-003
  0.61080594602219129        7.5457911314361602E-003
  0.61194122540566709        8.4268154823119001E-004
  0.53505477007831925        4.5253359407055623E-004
  0.59652417403534386        9.6129781111855802E-004
  0.45399817847869606       -3.0777218663015225E-003
  0.56977210867763750        1.1174027867113141E-003
  0.66372953222397968        4.3087592295885479E-004
  0.49950066640386803       -2.2641791912794453E-003
  0.56932687282311989       -1.7650548315984085E-003
  0.59759172394025140        8.1385757764911872E-004
  0.55880086247832561       -4.3943034735775886E-004
  0.63504791493636903       -6.3980360992366920E-003
  0.82649016377092366       -2.4152062409891399E-004
  0.76766986909021895       -1.6801410417189593E-004
  0.73315397990791498        3.3360350109583664E-003
  0.69022863280220892        4.1850298004085691E-003
   8.8384662447379858E-002   8.7806748522432240E-002
   9.7159958169345195E-002   4.9557197440978550E-002
  0.15245639514896803        3.7410694713585532E-002
  0.11321309541092828        4.7976232722304335E-002
   6.9811781164168696E-002   6.5191784758076146E-002
  0.17679596678726939        6.2451256859090268E-002
   2.7767152287023811E-002   8.2339747719577638E-002
  0.47866247819865049        1.8039901042231622E-002
  0.51994173671057564        9.4478455624341824E-003
  0.58388191056824912        7.0401137222157381E-004
  0.53553828863546937        6.7728585436055448E-003
  0.68042806123699873        1.3401480297468547E-003
  0.73746591576030007       -2.2287743463634928E-003
  0.72163976685247577        4.6502114942599477E-003
  0.79627310156553177       -5.4593737072498264E-003
  0.62704432063353743       -2.8915610890522516E-003
  0.71026685746673723       -3.4230545147837048E-003
  0.74335574969797147       -3.1479813156236563E-003
  0.70900294047619572        1.0378312096303243E-003
   9.0380790701092895E-002   7.8589178373334942E-004
  0.14571681876365178        8.1466062100912489E-003
   9.3356776760551430E-003  -1.6584863994053397E-002
  -7.2702948809342360E-002  -1.3931294641972591E-003
   6.3593922768610700E-002   5.5444735493517883E-003
  0.11123309570139461        9.1762047814772235E-003
  0.17792493891548194       -1.2828109273727184E-002
  -9.7767729481220422E-002   3.2156347579018912E-003
   6.8126284716749974E-002  -1.6253284049114482E-003
  0.15280184483993642        7.0115968919918338E-003
  -6.6536076133266689E-002  0.15502508079457533     
  -3.5459156189814683E-002  0.15193625256534618     
   1.5554214212089301E-004  0.14234849483706394     
  0.18904141572012834       0.14808115052818685     
   3.8467160512962312E-004  0.15622842766649297     
   3.3609975250414814E-002  0.16013105653987095     
  0.82929910891090397       -9.8763709137592026E-004
  0.80003170032981508       -4.1869643802628563E-004
  0.77406672323526438        2.6979917087478181E-003
  0.78152269770361948       -2.0610140261236542E-002
  0.87544760379232545        1.2452667861203354E-003
  0.56359493756690360        1.2527483998860428E-003
  0.51264724963329966       -1.7301745083221845E-004
  0.58467918143683073       -3.1242440398636237E-003
  0.62570923408441170       -1.7347450135841900E-003
  0.52148444506876923        2.6230552523900720E-003
  0.45693364503750344        1.8930705919911962E-002
  0.51394030830038662        1.1916057871492762E-002
  0.42208079086163325        2.6299998063288428E-002
  0.57715037565002647        3.0246794274645942E-002
  0.45031402835105921        1.8192433725313806E-002
  0.40667877402802249        2.2596442649661611E-002
  0.51353494176073011        3.6811161512725413E-002
  0.36132549020129190        1.8706940296745276E-002
  0.28386007677780722        4.3737613825485785E-002
  0.37674308510642907        5.4220707082015401E-002
  0.27983016038573111        2.2100578287264510E-002
  0.45863501447060329        3.8172727753038857E-002
  0.35094666548807041        3.4166946097695702E-002
  0.29912837727459779        3.9101947776732475E-002
  0.25510853417834883        3.1988908536078074E-002
  0.35006334130173788        1.7970343024593889E-002
  0.21298848615909993        4.5846785742042269E-002
  0.70163183376977967       -1.9788785958775273E-003
  0.74284502146727338        3.0912012073850120E-003
  0.80310020508145863       -1.0990283110258188E-003
  0.63639913167654238       -6.3503376515465252E-003
  0.77976032991396560       -6.4708599269172379E-004
  0.73784749254949478       -7.8571204327096563E-004
  0.78035348504517121        9.8326762151727080E-003
  0.43744008923180638        4.4944733756782226E-003
  0.54269774517258984        4.1619556586150374E-005
  0.51713112079087020        1.0181072196445450E-004
  0.48545591838845381        9.7886086240164469E-004
  0.40287313175235639        1.4547404301936036E-003
  0.57217633229889342       -6.6559077245274684E-002
  0.73979322518353918        1.2596067335274474E-002
  0.69005616193040553        7.0879289311199635E-003
  0.64616178392681511        6.6438648602652759E-003
  0.60773309548464294       -5.4175284405365660E-003
  0.67365810080786692        2.9433060817074527E-002
  0.18070417854156567        9.9820059252443555E-003
  0.25851419264501907       -3.7000416006854219E-004
  0.13435978477068816        1.8675346546876515E-002
  0.22248163074775065        1.4043305679535661E-002
  0.15599664876017960        1.3691458398637160E-002
  0.22532645563511083       -3.2657256707119119E-003
  0.25689441564255655        3.4037502207289396E-003
  -2.2511069837708453E-003   3.1281954673396055E-002
  0.20215992055594401        1.2257620280420930E-002
  0.86997857512805898        2.5771873650454365E-003
  0.91612780814313099       -1.3529777179666987E-003
  0.92091773372022212       -1.1808690353571833E-003
  0.96875829615765963        7.4402037411422828E-004
  0.87803293359491263        7.6328347695225137E-004
  0.48309789276004056        2.6846181032148721E-003
  0.73594199459826315        1.0945867007753183E-002
  0.58211004804223765        2.3432810183311586E-003
  0.55346974695297224       -3.2395965922499021E-004
  0.52236364699298665       -4.8797874420135490E-003
  0.40840055763169381       -5.2858658594888007E-004
  0.74661484549791535       -3.0756226850504678E-003
  0.60092913582291418        1.0429660983790989E-003
  0.66597647660700532       -3.9392958123306140E-003
  0.72530576202659813       -2.6960714250803385E-003
  0.71710079507697455       -1.8727780249503010E-003
  0.66319297624119189       -1.1094276968550666E-003
  0.38414603853838797       -6.5629287989389468E-002
  0.57968424180917943        3.7236779886469638E-002
  0.49437135172222568        2.3331244339242788E-002
  0.43908144776270153        5.3890500421188120E-002
  0.40611646854413525       -2.5957776823408510E-002
  0.32533425993415865        1.1119219847883991E-003
  0.46805479271228839        4.7128949035861690E-003
  -8.8342503899402125E-002   8.2660410074114427E-002
   4.8462008545621271E-002   5.3228857593158180E-002
  -4.0471448586397174E-002   7.3020605151964693E-002
  -7.3219292372319222E-002   7.8166746204510071E-002
  0.12592373577873267        9.4451464532240188E-003
  0.20822723865232196        1.1453759532210719E-003
  0.17251411831033936        3.0972946582373577E-004
  0.14768577535215915        4.0459565148590155E-003
   9.6956816959028636E-002  -2.9440414659286200E-003
  0.23991419375508113        9.1890626038973619E-002
  0.27754358049674666        8.9232693140954458E-002
  0.36592567155610994        7.9305013365230340E-002
  0.19387879674110903       0.10785865931896235     
  0.28892704274422493        9.8507271950027134E-002
  0.28495444863499764        8.8057338305888105E-002
  0.17903018987960076       0.10911163290952455     
  0.58856259642053477       -3.3425157168294802E-003
  0.66535758178663351       -3.8818913480724538E-003
  0.55634586698276534        8.9833006876898162E-003
  0.71787082340329866       -1.3661553311033220E-002
  0.59502885022911234       -8.8073565653271145E-004
  0.51343010590320248        4.9149835120062069E-003
  0.66512120398730756       -2.4785332552559099E-003
  0.64758741027632227        5.4750847723127635E-004
  0.70847378243500814       -4.2505274616567703E-004
  0.76235865335589570       -1.3171948025796579E-003
  0.76903539950199273       -1.8023279581236178E-003
  0.70679680613602902        8.3129325865411764E-004
  0.72565640748179927        1.6411836388117915E-003
   1.5936622316639615E-002  0.13246439172701949     
   1.0856504313898507E-002  0.11013581044319495     
   8.7464450442884645E-002  0.11128465476742398     
   2.7014285957023376E-002  0.11089543821439511     
  -7.2029114434826735E-003  0.11116968048219136     
   8.2303164736665935E-002  0.10889889671508828     
  -3.2103930751726240E-002  0.12766311865842941     
  0.55178646195791115        8.4916412160106983E-004
  0.60242051285905918       -5.4668864384596884E-005
  0.43684220420935427       -1.3352013552095448E-003
  0.70988900648939957       -4.2244938179285637E-004
  0.51359409023811808       -3.3303824079798957E-003
  0.57652031031100948        2.9710001599958600E-004
  0.61110424245543871        4.4567733278943306E-004
  0.57838014979429941       -2.3710797897497052E-003
  0.86309783564053943        9.8087097748654267E-004
  0.91086370994998167        9.4037645013731136E-004
  0.92324819721626061        1.0679193046887114E-003
  0.86117845986338470       -1.1549248023281166E-003
  0.87770443586304880        1.8992592505824720E-003
  0.57691662610362304        5.5251441139887595E-003
  0.62457378439416444        4.3041167197905104E-003
  0.67919401062558582        1.1148198628110624E-003
  0.77318556442415698       -1.3085628101525500E-003
  0.46820964881106841        6.9246880664974152E-003
  0.62844129571791429        5.5167347462069475E-003
  0.63309392692008926        2.1253009273816455E-003
  0.21813946785489624        8.4135536254450499E-002
  0.29023869189345197        8.2703558476082906E-002
  0.20533061265604363        7.5380639790021020E-002
  0.22439203217984233        5.4533390711802091E-002
  0.18896034578819904        6.4489324284025470E-002
  0.27378398791579039        7.1651545479248444E-002
  0.16054559258835899        9.0258191014254516E-002
  0.29664068999144672       -8.5020807505557317E-004
  0.25959337258718124       -1.5506346889086720E-004
  0.31482870630374699       -5.1013352026934482E-003
  0.37150965216282744       -2.5845571095877728E-003
  0.27428130017125579        4.6924016013175840E-003
  0.55858188910962825        2.4799101011279450E-002
  0.74817028454707757        8.4751966823167141E-004
  0.66578142481724467       -1.8370760649632202E-002
  0.63136939301856954       -1.0370612665447969E-002
  0.59674086347951993       -6.4404368176136234E-003
  0.67505862762829372        2.5476774128805581E-002
  0.65539019659431075        1.9621664489074078E-003
  0.72766514235751023       -8.6461834010806492E-004
  0.77782862689407462       -6.8462720169913715E-004
  0.73670450909014129        3.7369930714168309E-003
  0.73263217503454059        8.6660225717047866E-004
  0.20612141141561641        8.3818313049875796E-003
  0.28522742938021062        2.6070822242617044E-003
  0.15955695563499722        1.8072617873496892E-002
  0.24428701482458695        1.3724598829335260E-002
  0.18093098244969996        1.3313824791760968E-002
  0.25307992016361969        2.0056339037771636E-004
  0.28122613829654319        4.3708906987681489E-003
   1.0624113228257126E-002   3.5249432613144997E-002
  0.22684580954336933        1.1506305277751162E-002
  0.44735303396777482       -5.3442707312885435E-003
  0.66176026052580028        3.7478703672659777E-002
  0.54222121013651381       -2.1772687804446937E-003
  0.50496671629010670        1.0759656352642602E-003
  0.47485081476627367        4.2652573153633314E-002
  0.55437016489339519       -3.3462569972034603E-002
  0.85240063831446511       -5.4098435224847240E-003
  0.89952218755144453        1.0679439633908623E-003
  0.93498618938863098       -1.1953104522261194E-003
  0.85251807035802973        8.8012785027625573E-004
  0.86317258209698333        8.7154376573935952E-004
