 cosx vtec
  0.86338478230377858       -9.6162401822252549E-004
  0.87720281195347405       -3.1685733285309186E-004
  0.79272585273437601        1.2930267714109428E-003
  0.84110227644091451        7.5567409252068395E-005
  0.89748991262318745        3.9073304018642291E-003
  0.85454024976298137       -7.3190681211835254E-004
  0.79827110054250761       -5.0381838196475351E-004
  -8.0795422040120357E-002  -1.2897270245265243E-003
   6.3049031127907829E-002  -1.5853890733796313E-003
   9.3927851105256477E-002   2.7911010227498938E-003
  0.22161235640533111        2.5617719413499748E-004
  0.12903817380751875        1.3981685127904576E-003
  -1.1084968327535472E-003  -5.1007868414364495E-003
  0.78934977158231079       -1.4334823602417959E-004
  0.79954384445653237        9.1280395362138908E-005
  0.71149210416802289        2.6484931139093269E-003
  0.63256337644296978        2.4790802105653944E-003
  0.67119284083438358        4.0766235908728171E-004
  0.76281251353596757       -1.5515789069554193E-003
  0.83980540071095855       -3.5281456368758475E-003
  0.76835206428330305       -1.1035258684171378E-003
  0.71559414733292326        4.7901094501673130E-004
  -2.9993827445888882E-002  0.10729922832570163     
  -7.3593237227183556E-002  0.12261495911962182     
  -8.6291076071370681E-002  0.10407521999405821     
   3.1142124178949376E-002   7.9455081797138630E-002
  -8.0958896993014978E-002  0.11227182130513493     
  0.93441532565571550        1.5687779507678255E-003
  0.81967599370174349        2.7623175054397550E-003
  0.90337216350616167        4.0197458449612528E-003
  0.89443777652994916       -4.7835043372671920E-004
  0.89843500460659576       -3.4377783499088652E-003
  0.45450487670666695        1.7863194930720187E-002
  0.31161748395910649        1.9575283317887330E-002
  0.16404190045495459        3.0287222014354839E-002
  0.26950839622890937        1.6668697761839574E-002
  0.28702847128636033        1.3116161486377044E-002
  0.37358583271004248        2.5127913673000962E-002
  0.38927622705874537        1.0602088710713380E-002
  0.31100433601975808        1.3917213258329682E-002
  0.13311445917043116        1.0555076789434181E-002
  -9.9940427061342763E-002  -2.7604670143527199E-003
  -7.8943150107217475E-002  -1.1527491207212459E-004
   4.2247315274455743E-002  -2.9124891541573404E-003
  -8.5164877241083514E-002   1.6272398366837053E-003
   4.7147559002716111E-002  0.15282663361311893     
  -4.3130381505499193E-002  0.18282056158905738     
   9.6072952422400215E-003  0.16106935157295429     
  -7.2677903441462077E-003  0.15907872351079722     
   4.2606727749335715E-002  0.19583999216562853     
  0.11657971926967753       0.15789407856856472     
   2.8981282737733371E-003  0.15939434382024795     
  0.73123646745087334        5.2849905566731969E-002
  0.80363251195164098        3.8106920053663500E-002
  0.66049985016106194        6.3276848475789002E-002
  0.70096303366140988        7.0919116972806243E-002
  0.70121576165352661       0.10519336145341916     
  0.78613425491052424        5.0497807114577992E-002
  0.60525311220260392       0.10388572255787835     
  0.79044356635361268        5.3512534605510184E-002
  0.65512951833245092        7.5890816554633062E-002
  0.80003433168902838        6.5135368128468984E-002
  0.66961116547928756        6.0586009130342254E-002
  0.99519929821424591       -1.1004490245101013E-003
  0.99771028716197585       -8.3599036980587562E-005
  0.95579845015906539       -7.6881997226430749E-004
  0.98941681085704491       -1.8436084074217239E-004
  0.99442094718915397        8.0550389157429145E-004
  0.99996310463582849        9.8471546486337408E-004
  0.98501658903243672       -6.6271548454806327E-004
  0.39380325796972337        5.8068373183961623E-002
  0.24750568384945582        6.6928927599418278E-002
  0.11864238195729436        7.8420673010781289E-002
  0.20725884246489343        6.1524758571879119E-002
  0.22286668577077268        3.4345231023820519E-002
  0.30384506096363390        6.3733997491919478E-002
  0.34982130081071616        4.5257741978062357E-002
  0.25525796912758858       0.10812904251234406     
  0.24873904160728882        6.0545584113714725E-002
  0.27955433179360223        9.8655685494388690E-002
  0.17030175166407063       0.13308650335389738     
  0.46471971961843972        5.5964969898950119E-002
  0.24319703547601326       0.10687066290385225     
  0.22222495783801255       0.10745699758102502     
  0.26877726676922392       0.13555866064375602     
  0.32643170302848867        9.3728464902475037E-002
  0.23616921412022113       0.10544067617861003     
  0.83937918436651282        4.4498150413293282E-003
  0.88151406104520902        1.7487307358282290E-002
  0.77131272362102665        4.1352447010887541E-002
  0.80563347384707540        2.9894771136291815E-002
  0.81596761361692927        4.3363388991551628E-002
  0.86920011620291548       -3.1374722056225199E-002
  0.70517235872216588        4.4487769866509388E-002
  0.87939336715434535        9.1331953273705319E-003
  0.76492942274851206        3.6179897849154104E-002
  0.86866042614287675        1.7362169594392445E-002
  0.77940047744089569        2.1612762921603676E-002
  0.48925941604259482        3.9713315750270527E-003
  0.46937761337745121        1.5067994553094507E-004
  0.58138122613966903       -6.6718014027117778E-004
  0.42646976436937384        4.4953568808341338E-003
  0.51485362683221381       -1.1062818537919612E-003
  0.42663937564245236       -4.5443046438902509E-003
  0.56281531523451067       -1.8425442309917390E-003
  0.39010096713587467       -6.4994435822044718E-003
  0.43229185977755225       -1.5193500429710259E-003
  0.50939718228626552       -1.0268789279195456E-003
  0.45869179657707809       -2.8028151825057441E-004
  0.53459890126745002        5.2825112062993246E-004
  0.37381223084403498       -2.3291142227196697E-004
  0.39846850407253159       -1.0360885492778609E-003
  0.34045006561745716        2.9107282886670050E-005
  0.57690151213024388       -2.7870839953360914E-003
  0.52856817823074209        1.0504469837238101E-003
  0.92166882251131255        1.2428388263224378E-003
  0.93537318637863520       -2.6804108066335843E-004
  0.85238030348746374        5.3309663252945824E-003
  0.90267820028985857       -1.7674594537552189E-004
  0.94418072563313715        1.4058700887975260E-003
  0.92034966500375504        3.4385848994467221E-003
  0.83633250792716884        7.1561491682741601E-004
  0.97500127744082521       -1.9313477136490538E-003
  0.85918451387755901        4.6256906650562378E-004
  0.72068694223097440        4.5253359407055623E-004
  0.72163138806548399        9.6129781111855802E-004
  0.62898248627890974       -3.0777218663015225E-003
  0.56534081192597396        1.1174027867113141E-003
  0.59984483167605829        4.3087592295885479E-004
  0.68912487465970018       -2.2641791912794453E-003
  0.78949912038789727       -1.7650548315984085E-003
  0.68225197294188644        8.1385757764911872E-004
  0.63098549941001358       -4.3943034735775886E-004
  0.42615448060840222       0.13828575727672404     
  0.32156236217926792       0.13496985917050677     
  0.23115742948475954       0.17457448895407282     
  0.36425309669341088       0.13312764346030101     
  0.31794884999680773       0.13731931094613789     
  0.33348838472849818       0.14286392655987321     
  -8.2657133108601177E-002   7.0401137222157381E-004
  0.78258013258666137        1.3401480297468547E-003
  0.76225975622326114       -2.2287743463634928E-003
  0.59624027610961128        4.6502114942599477E-003
  0.65541721490341143       -5.4593737072498264E-003
  0.76536357012864764       -2.8915610890522516E-003
  0.81254578563950841       -3.4230545147837048E-003
  0.73286394503017127       -3.1479813156236563E-003
  0.68561357546447210        1.0378312096303243E-003
  0.94193501801658197        7.8589178373334942E-004
  0.96010880721358449        8.1466062100912489E-003
  0.87172103126651679       -1.6584863994053397E-002
  0.91312805414664056       -1.3931294641972591E-003
  0.92454978412258437        5.5444735493517883E-003
  0.95776989417546310        9.1762047814772235E-003
  0.95504517651270171       -1.2828109273727184E-002
  0.86087644012919973        3.2156347579018912E-003
  0.95907970872526260       -1.6253284049114482E-003
  0.87917549302151610        7.0115968919918338E-003
  0.53567205604642398       0.12439328161424504     
  0.44562541504360609       0.12268714835724899     
  0.48358101069834902       0.13250280893800487     
  0.35621989736009546       0.14929554268333578     
  0.48877492205727369       0.12294461422415401     
  0.41328319550909409       0.13888483793408246     
  0.44015778496731084       0.16177407630208820     
  0.46575785263380259       0.14745223535839036     
  0.54188150188447548       -9.8763709137592026E-004
  0.40673326313935892       -4.1869643802628563E-004
  0.35111474366850259        2.6979917087478181E-003
  0.57643047513214296       -2.0610140261236542E-002
  0.54226810273647441        1.2452667861203354E-003
  0.95158080578775017        1.2527483998860428E-003
  0.94802882455951243       -1.7301745083221845E-004
  0.95345933934723059       -3.1242440398636237E-003
  0.92811720153823363       -1.7347450135841900E-003
  0.97779466362371770        2.6230552523900720E-003
  0.61321669109353039       -1.9788785958775273E-003
  0.39647386032656318        3.0912012073850120E-003
  0.42782192293040483       -1.0990283110258188E-003
  0.56607417461319243       -6.3503376515465252E-003
  0.50493035870792136       -6.4708599269172379E-004
  0.45162146018228222       -7.8571204327096563E-004
  0.26805773935678312        9.8326762151727080E-003
  -6.3131321453788802E-002   4.1619556586150374E-005
  0.68148255682284309        9.9820059252443555E-003
  0.72371199597903968       -3.7000416006854219E-004
  0.60361328192460473        1.8675346546876515E-002
  0.53749382401003565        1.4043305679535661E-002
  0.64623374259201993        1.3691458398637160E-002
  0.77791347406853006       -3.2657256707119119E-003
  0.67460245481408776        3.4037502207289396E-003
  0.59730728168056435        3.1281954673396055E-002
  0.60718613857116277        1.2257620280420930E-002
  -6.7950795415612608E-002  -1.3529777179666987E-003
  -2.7109240027996473E-002  -1.1808690353571833E-003
  0.11871297835849076        7.4402037411422828E-004
  0.44152546821072347       -3.0756226850504678E-003
   8.3201468240912846E-002   1.0429660983790989E-003
  0.20077088622091147       -3.9392958123306140E-003
  0.22297493640657140       -2.6960714250803385E-003
  0.31424960204588048       -1.8727780249503010E-003
  0.24506228555944851       -1.1094276968550666E-003
  0.33318163038212667        9.8461162684642806E-002
  0.23032651705494950       0.13174878465105111     
  0.50222785256740732        7.6485740926834231E-002
  0.29674254993218113       0.10454917800673171     
  0.26812967844407581       0.11754210326410783     
  0.31800526845856847       0.11888509311478077     
  0.38265159695028939        9.7090992999645923E-002
  0.28884413772181350       0.10509869906497141     
  0.48071277820924763       0.13561832585111258     
  0.37779981521785555       0.14488049082489490     
  0.40807924771223664       0.14099650179983431     
  0.30073876999771632       0.14005128467219471     
  0.42520084027377714       0.12712883641484735     
  0.34936905041173516       0.14563795754615758     
  0.37093099287430947       0.14434854905661090     
  -2.0498010644689479E-002   5.4750847723127635E-004
   8.0516850621252412E-002  -4.2505274616567703E-004
  0.10266920741653529       -1.3171948025796579E-003
  0.20790589614572128       -1.8023279581236178E-003
  0.12703372864539991        8.3129325865411764E-004
   2.2643023175887400E-002   1.6411836388117915E-003
  0.85618611287649593        8.4916412160106983E-004
  0.85228468284526304       -5.4668864384596884E-005
  0.77327776794557757       -1.3352013552095448E-003
  0.73814887024366327       -4.2244938179285637E-004
  0.83795634324090484       -3.3303824079798957E-003
  0.88193279989633400        2.9710001599958600E-004
  0.82922210820879283        4.4567733278943306E-004
  0.78007898105908258       -2.3710797897497052E-003
   7.2019997108824341E-002   9.8087097748654267E-004
  0.10368259066497704        9.4037645013731136E-004
  0.21458775368490102        1.0679193046887114E-003
  0.14055346950592146       -1.1549248023281166E-003
   1.9040732473766808E-002   1.8992592505824720E-003
  -3.1943174774622274E-002  -1.3085628101525500E-003
  0.99673866525448462       -8.5020807505557317E-004
  0.98820172504959558       -1.5506346889086720E-004
  0.99963948081681342       -5.1013352026934482E-003
  0.99555175101343529       -2.5845571095877728E-003
  0.99689418533755259        4.6924016013175840E-003
  0.66301899111532492        8.3818313049875796E-003
  0.70536835306259948        2.6070822242617044E-003
  0.58243126377850385        1.8072617873496892E-002
  0.52113136616415612        1.3724598829335260E-002
  0.62595307280266732        1.3313824791760968E-002
  0.76957885362143252        2.0056339037771636E-004
  0.65245990696047196        4.3708906987681489E-003
  0.57661044117667615        3.5249432613144997E-002
  0.58570166360360498        1.1506305277751162E-002
  -6.8890017248660618E-002  -5.4098435224847240E-003
  -3.6234839029600896E-002   1.0679439633908623E-003
  0.11477589042165881       -1.1953104522261194E-003
   1.8412196667004666E-002   8.8012785027625573E-004
