 cosx vtec
  -4.7679204713634904E-002   1.1266557126342261E-002
  0.51578288292591523       -9.6162401822252549E-004
  0.56782294054138560       -3.1685733285309186E-004
  0.42139958610883393        1.2930267714109428E-003
  0.48121502238004515        7.5567409252068395E-005
  0.55683752960643695        3.9073304018642291E-003
  0.56373665653396543       -7.3190681211835254E-004
  0.50185031409916858       -5.0381838196475351E-004
  0.45718948201215115       -1.2897270245265243E-003
  0.58887836676961358       -1.5853890733796313E-003
  0.65903683065137664        2.7911010227498938E-003
  0.71446506084266437        2.5617719413499748E-004
  0.60922547307598451        1.3981685127904576E-003
  0.58655789452073459       -5.1007868414364495E-003
  0.56452978903023066       -1.4334823602417959E-004
  0.61799846857604734        9.1280395362138908E-005
  0.46666783869184308        2.6484931139093269E-003
  0.52290641653708758        2.4790802105653944E-003
  0.66126099109348224        4.0766235908728171E-004
  0.52599378648421735       -1.5515789069554193E-003
  0.61678557222222596       -3.5281456368758475E-003
  0.60591344562484573       -1.1035258684171378E-003
  0.54654131067894818        4.7901094501673130E-004
  0.85552076885922679        1.5687779507678255E-003
  0.89797578071099193        2.7623175054397550E-003
  0.87283907186131371        4.0197458449612528E-003
  0.90476270252633806       -4.7835043372671920E-004
  0.84205745755963579       -3.4377783499088652E-003
  0.33142022361344758        1.7863194930720187E-002
  0.23086259283284041        1.9575283317887330E-002
  0.19005048109649070        3.0287222014354839E-002
  0.27607265850823781        1.6668697761839574E-002
  0.37484351569772267        1.3116161486377044E-002
  0.26945968900322959        2.5127913673000962E-002
  0.37440072680889086        1.0602088710713380E-002
  0.28828115647449398        1.3917213258329682E-002
  0.27032683911375954        1.0555076789434181E-002
  0.69371282392828992       -2.7604670143527199E-003
  0.68378639333421609       -1.1527491207212459E-004
  0.63700647548254508       -1.3811317215394021E-003
  0.55369259067698029        4.4922859168688416E-003
  0.60456380827939904       -1.2436391499969313E-003
  0.46575739625721946        2.0479110461447654E-004
  0.34440457682063602       -4.5297425071958546E-003
  0.54657999108404531        3.3594982712548912E-003
  0.58568369688676059       -1.0845568661108529E-002
  0.50766266595526444        2.4618362171800252E-002
  0.41478493868400917       -3.8686800322529163E-002
  0.47668057823959009        4.1191537438215890E-004
  0.35584168698508645        2.3041674179984772E-003
  0.42896105816417152       -2.7525199677435008E-004
  0.48641039075933007       -1.2724938539822386E-003
  0.57789661565272588       -2.9124891541573404E-003
  0.44609892139160745        1.6272398366837053E-003
  0.42808965524436415       -1.8118724865727565E-004
   2.9678855215751032E-002   5.2849905566731969E-002
  0.14432073887621341        3.8106920053663500E-002
  -4.3675984070714879E-002   6.3276848475789002E-002
  -7.4566234180974897E-002   7.0919116972806243E-002
  -4.5764953164615374E-003  0.10519336145341916     
   9.0519002383801367E-002   5.0497807114577992E-002
  0.16983269065293918        5.3512534605510184E-002
  -8.1567756906890068E-002   7.5890816554633062E-002
   6.7584889524804986E-002   6.5135368128468984E-002
   3.3872655017199993E-002   6.0586009130342254E-002
  0.26417217476254140        7.1904269094688437E-003
  0.40028360513306271       -4.0428397746459149E-004
  0.36444598194995803        8.0264766956408590E-004
  0.31756005404404736       -4.8977605447199585E-004
  0.28957007981975436       -4.6278575108834206E-003
  0.56950082558652548       -1.1004490245101013E-003
  0.61295642123051086       -8.3599036980587562E-005
  0.44555626151617561       -7.6881997226430749E-004
  0.52713387931759370       -1.8436084074217239E-004
  0.58979516931955978        8.0550389157429145E-004
  0.63695607587452097        9.8471546486337408E-004
  0.56411013583092162       -6.6271548454806327E-004
  0.16681974818076270        5.8068373183961623E-002
   6.9886109916563535E-002   6.6928927599418278E-002
   3.4691659359382510E-002   7.8420673010781289E-002
  0.10778900377454287        6.1524758571879119E-002
  0.24744391352293291        3.4345231023820519E-002
  0.10285396222693198        6.3733997491919478E-002
  0.23132286015883871        4.5257741978062357E-002
  -6.0986727591887280E-002  0.10812904251234406     
  0.11929324486548290        6.0545584113714725E-002
  0.10410339398510665       -1.9673738106778019E-003
  0.22607009762061098        3.1601492638171458E-003
  0.17969517081643674       -3.5944424831929598E-003
  0.13744742780304897       -4.0640839485871225E-003
  0.10611988036051292        8.8320842817718771E-003
  0.16950776896871877        4.4498150413293282E-003
  0.25038696222449136        1.7487307358282290E-002
   8.5671416357321117E-002   4.1352447010887541E-002
   7.0366302275005344E-002   2.9894771136291815E-002
  0.13702506373097145        4.3363388991551628E-002
  0.20997433905556565       -3.1374722056225199E-002
  -8.4979129376054743E-002   4.4487769866509388E-002
  0.28094645079210390        9.1331953273705319E-003
   4.1921386346457756E-002   3.6179897849154104E-002
  0.18470776867191252        1.7362169594392445E-002
  0.17852452584921830        2.1612762921603676E-002
  0.12956936047812800        3.9713315750270527E-003
  0.25139886287600527        1.5067994553094507E-004
  0.24819546350223826       -6.6718014027117778E-004
  0.13123244036040430        4.4953568808341338E-003
  0.19077879041650164       -1.1062818537919612E-003
   6.0312650417552835E-002  -4.5443046438902509E-003
  -7.5593065832582879E-002   7.7012684142695968E-003
   4.6574791280566637E-002   2.1670522914370286E-003
  -6.9603312884711083E-003   1.8489583781809297E-003
  -4.7410769115332860E-002   4.0539128396376491E-003
  -6.3262064957585545E-002   1.1603254861881261E-002
  0.37334699717048730       -2.0566632077150596E-002
  0.56438923127582918       -1.2701386721718732E-002
  0.54765235747578900       -4.1639714671229781E-003
  0.49795476594654842       -1.2944937963955926E-003
  0.43442202195751145       -5.6288340745692606E-003
  0.47023356546300754       -4.6381131940633384E-003
  0.87364624457842033       -1.8425442309917390E-003
  0.76146940715223610       -6.4994435822044718E-003
  0.83416493600986474       -1.5193500429710259E-003
  0.84853774632913703       -1.0268789279195456E-003
  0.78472179657965779       -2.8028151825057441E-004
  0.93948848903908699        5.2825112062993246E-004
  0.92654290204041345       -2.3291142227196697E-004
  0.87785294176599160       -1.0360885492778609E-003
  0.84013331627150545        2.9107282886670050E-005
  0.92254710734850953       -2.7870839953360914E-003
  0.96133655687472097        1.0504469837238101E-003
  0.49405525864686939        1.2428388263224378E-003
  0.54430227383280916       -2.6804108066335843E-004
  0.39180903743269074        5.3309663252945824E-003
  0.46059787056516432       -1.7674594537552189E-004
  0.52729867320432722        1.4058700887975260E-003
  0.54844818949140195        3.4385848994467221E-003
  0.25916186133279129        7.1561491682741601E-004
  0.50890449062019938       -1.9313477136490538E-003
  0.48395947758343161        4.6256906650562378E-004
  0.21279642151637213        1.7706911728363754E-002
  0.39466619551008403        8.3064049308213578E-004
  0.36115090470670286       -9.0239836387568228E-003
  0.30255541562157601        2.1763725522982606E-002
  0.25007979378137613       -7.8960665841218552E-003
   7.9428434973105477E-002   8.2147199687336817E-002
   6.6401340839615519E-004  0.12622566330818735     
  0.22292048075722631        4.4968026919053892E-003
  0.28429022796546283        4.2981282663374643E-003
  0.34555861757709960        1.4764253058574511E-003
  0.30824542677840266        7.5457911314361602E-003
  0.28376495923407213        8.4268154823119001E-004
  0.62490938670289542        4.5253359407055623E-004
  0.67925821823674803        9.6129781111855802E-004
  0.51141272366697554       -3.0777218663015225E-003
  0.58198292154327669        1.1174027867113141E-003
  0.68105191553255062        4.3087592295885479E-004
  0.57876454647102304       -2.2641791912794453E-003
  0.69028362022131795       -1.7650548315984085E-003
  0.66081701462971698        8.1385757764911872E-004
  0.60241411462062300       -4.3943034735775886E-004
  0.42508241849773681       -6.3980360992366920E-003
  0.63916021349937513       -2.4152062409891399E-004
  0.61914843775181494       -1.6801410417189593E-004
  0.57396958111797391        3.3360350109583664E-003
  0.50445269097748346        4.1850298004085691E-003
  0.22357073708253200        1.8039901042231622E-002
  0.28038408770426143        9.4478455624341824E-003
  0.34450655187417767        7.0401137222157381E-004
  0.27866482410943300        6.7728585436055448E-003
  0.78722409027333196        1.3401480297468547E-003
  0.83023434712684663       -2.2287743463634928E-003
  0.73230995155508893        4.6502114942599477E-003
  0.83145317161066346       -5.4593737072498264E-003
  0.72897606653175551       -2.8915610890522516E-003
  0.83288864756243475       -3.4230545147837048E-003
  0.81991861121058363       -3.1479813156236563E-003
  0.76326382220099021        1.0378312096303243E-003
  0.39804094370192383        7.8589178373334942E-004
  0.45268449045183007        8.1466062100912489E-003
  0.28822492922454912       -1.6584863994053397E-002
  0.27510072376462802       -1.3931294641972591E-003
  0.36497636796201882        5.5444735493517883E-003
  0.42720001897675153        9.1762047814772235E-003
  0.47096983121423891       -1.2828109273727184E-002
  0.20852495480309452        3.2156347579018912E-003
  0.40378513986132147       -1.6253284049114482E-003
  0.39832140783335429        7.0115968919918338E-003
  -4.0406208888199742E-002  0.14808115052818685     
  0.92783402305103579       -9.8763709137592026E-004
  0.86554592629497207       -4.1869643802628563E-004
  0.82917675225698328        2.6979917087478181E-003
  0.90786512980337175       -2.0610140261236542E-002
  0.95532168589000011        1.2452667861203354E-003
  0.79075507106869436        1.2527483998860428E-003
  0.73887569100582540       -1.7301745083221845E-004
  0.81561371573025698       -3.1242440398636237E-003
  0.83183281647327545       -1.7347450135841900E-003
  0.78863609074144403        2.6230552523900720E-003
   8.9516063159881795E-002   1.8930705919911962E-002
  0.15544898092416928        1.1916057871492762E-002
   5.7079716084648763E-002   2.6299998063288428E-002
  0.22806202454132529        3.0246794274645942E-002
   9.4042984227731080E-002   1.8192433725313806E-002
   3.4324598656455790E-002   2.2596442649661611E-002
  0.15362318116691040        3.6811161512725413E-002
  -1.5442057212158689E-002   1.8706940296745276E-002
  -8.7375786867757432E-002   4.3737613825485785E-002
   2.5867590194876000E-003   5.4220707082015401E-002
  -6.7390949490265611E-002   2.2100578287264510E-002
  0.10708459927796460        3.8172727753038857E-002
   3.8806701702473190E-002   3.4166946097695702E-002
  -4.1757965126577201E-002   3.9101947776732475E-002
  -8.7498999376477982E-003   1.7970343024593889E-002
  0.72173140981091199       -1.9788785958775273E-003
  0.66545911857420226        3.0912012073850120E-003
  0.73528658829039151       -1.0990283110258188E-003
  0.64118375106025727       -6.3503376515465252E-003
  0.74582296439539275       -6.4708599269172379E-004
  0.68368103987956996       -7.8571204327096563E-004
  0.65022062667442737        9.8326762151727080E-003
  0.34720260220992416        4.4944733756782226E-003
  0.50892440441891618        4.1619556586150374E-005
  0.47528673315534031        1.0181072196445450E-004
  0.42146462047318661        9.7886086240164469E-004
  0.38855880279872557        1.4547404301936036E-003
  0.31500244091391416       -6.6559077245274684E-002
  0.49210421293687118        1.2596067335274474E-002
  0.48478820133767797        7.0879289311199635E-003
  0.42708547298001320        6.6438648602652759E-003
  0.36503078225633490       -5.4175284405365660E-003
  0.40078993504257487        2.9433060817074527E-002
  0.31238359638873486        9.9820059252443555E-003
  0.39560608309662232       -3.7000416006854219E-004
  0.23808726726712393        1.8675346546876515E-002
  0.27799555970469281        1.4043305679535661E-002
  0.27558919735494325        1.3691458398637160E-002
  0.39703925787098415       -3.2657256707119119E-003
  0.37000562837336637        3.4037502207289396E-003
  0.12873967247797119        3.1281954673396055E-002
  0.29374487873152821        1.2257620280420930E-002
  0.62458700068990047        2.5771873650454365E-003
  0.70010661455557510       -1.3529777179666987E-003
  0.74832188738577432       -1.1808690353571833E-003
  0.80628610165636050        7.4402037411422828E-004
  0.63520257967872706        7.6328347695225137E-004
  0.33848380603493833        2.6846181032148721E-003
  0.58097454800133863        1.0945867007753183E-002
  0.48590003166630957        2.3432810183311586E-003
  0.44836845912658463       -3.2395965922499021E-004
  0.39698006641354405       -4.8797874420135490E-003
  0.34073430411748262       -5.2858658594888007E-004
  0.68759511253851824       -3.0756226850504678E-003
  0.41665924409836619        1.0429660983790989E-003
  0.51847579740440530       -3.9392958123306140E-003
  0.58142531078119286       -2.6960714250803385E-003
  0.60872674861225862       -1.8727780249503010E-003
  0.53264417298223710       -1.1094276968550666E-003
  0.10809673607124966       -6.5629287989389468E-002
  0.29461001744145893        3.7236779886469638E-002
  0.26394072386871203        2.3331244339242788E-002
  0.19113460417427880        5.3890500421188120E-002
  0.13866976462642686       -2.5957776823408510E-002
   1.8700922485209548E-002   1.1119219847883991E-003
  0.16710814194308835        4.7128949035861690E-003
   1.5794569283143170E-002   9.4451464532240188E-003
  0.13495611451218237        1.1453759532210719E-003
   8.9392495232072419E-002   3.0972946582373577E-004
   4.8747403637181316E-002   4.0459565148590155E-003
   3.2892562142701962E-002  -2.9440414659286200E-003
  -6.7969235263071581E-002   8.9232693140954458E-002
   1.8514994586024555E-002   7.9305013365230340E-002
  -4.0368484348757019E-002   9.8507271950027134E-002
  -6.9961681771708958E-002   8.8057338305888105E-002
  0.24176689203983154       -3.3425157168294802E-003
  0.33629175629997643       -3.8818913480724538E-003
  0.22179017019296529        8.9833006876898162E-003
  0.40637791786283650       -1.3661553311033220E-002
  0.27430368552145301       -8.8073565653271145E-004
  0.15834610088507481        4.9149835120062069E-003
  0.33872341126792965       -2.4785332552559099E-003
  0.42352852484452624        5.4750847723127635E-004
  0.51448394390771590       -4.2505274616567703E-004
  0.57325995445578992       -1.3171948025796579E-003
  0.61702828939315091       -1.8023279581236178E-003
  0.52922799503536500        8.3129325865411764E-004
  0.51115358178761194        1.6411836388117915E-003
  0.71213048497039211        8.4916412160106983E-004
  0.75531292443093234       -5.4668864384596884E-005
  0.56764848810930335       -1.3352013552095448E-003
  0.79089123563612662       -4.2244938179285637E-004
  0.66811307214585491       -3.3303824079798957E-003
  0.75007576926250352        2.9710001599958600E-004
  0.74964976176601128        4.4567733278943306E-004
  0.69326889477769305       -2.3710797897497052E-003
  0.66400277486395465        9.8087097748654267E-004
  0.72595183588142398        9.4037645013731136E-004
  0.77561175680735572        1.0679193046887114E-003
  0.68419466160026976       -1.1549248023281166E-003
  0.66411859489744751        1.8992592505824720E-003
  0.25653880388504924        5.5251441139887595E-003
  0.31877439495508586        4.3041167197905104E-003
  0.37837052448229092        1.1148198628110624E-003
  0.53999280612983691       -1.3085628101525500E-003
  0.11390872436937946        6.9246880664974152E-003
  0.33956061793281878        5.5167347462069475E-003
  0.31822319646990760        2.1253009273816455E-003
  -9.0424801311337455E-002   8.2703558476082906E-002
  0.60445515067008637       -8.5020807505557317E-004
  0.56386877607278940       -1.5506346889086720E-004
  0.62650106167976993       -5.1013352026934482E-003
  0.66262850205194934       -2.5845571095877728E-003
  0.60161626426563708        4.6924016013175840E-003
  0.34988689770300030        2.4799101011279450E-002
  0.54476418158059847        8.4751966823167141E-004
  0.50609807674357188       -1.8370760649632202E-002
  0.46096373235635935       -1.0370612665447969E-002
  0.40478360873893382       -6.4404368176136234E-003
  0.43271501285148961        2.5476774128805581E-002
  0.32613073205947501        1.9621664489074078E-003
  0.42070104196438118       -8.6461834010806492E-004
  0.48485445212794909       -6.8462720169913715E-004
  0.45386264948996763        3.7369930714168309E-003
  0.42331334001745480        8.6660225717047866E-004
  0.32358167434819263        8.3818313049875796E-003
  0.40804399954923487        2.6070822242617044E-003
  0.24812448488896099        1.8072617873496892E-002
  0.28831847840808539        1.3724598829335260E-002
  0.28565301015190514        1.3313824791760968E-002
  0.41478897753008309        2.0056339037771636E-004
  0.37905140963735673        4.3708906987681489E-003
  0.12871384373295458        3.5249432613144997E-002
  0.30358216162555518        1.1506305277751162E-002
  0.23277454853969845       -5.3442707312885435E-003
  0.43671963545508763        3.7478703672659777E-002
  0.36963757806469549       -2.1772687804446937E-003
  0.32085368106117651        1.0759656352642602E-003
  0.27220951483559142        4.2652573153633314E-002
  0.29683159089641947       -3.3462569972034603E-002
  0.61266959564214618       -5.4098435224847240E-003
  0.67639663417193885        1.0679439633908623E-003
  0.75767058703641943       -1.1953104522261194E-003
  0.63653598151258761        8.8012785027625573E-004
  0.61618373188744147        8.7154376573935952E-004
