 cosx vtec
  -5.4747993290010705E-002   3.1388095203105523E-002
   6.9029612158816228E-002   1.1266557126342261E-002
   4.9955514401889556E-003   1.6147304182509994E-002
  -3.2433659793465380E-002   2.6590208887822465E-002
  -6.1678612298964819E-002   2.7965496839924199E-002
  0.38738729245136200       -9.6162401822252549E-004
  0.44308711045508986       -3.1685733285309186E-004
  0.29670255656351757        1.2930267714109428E-003
  0.35335881153183268        7.5567409252068395E-005
  0.42606921663616859        3.9073304018642291E-003
  0.44360468735611380       -7.3190681211835254E-004
  0.38639637573912378       -5.0381838196475351E-004
  0.53517480081385038       -1.2897270245265243E-003
  0.65144428446036240       -1.5853890733796313E-003
  0.72375988107863720        2.7911010227498938E-003
  0.75747864723298597        2.5617719413499748E-004
  0.65948848671693761        1.3981685127904576E-003
  0.66336428475106590       -5.1007868414364495E-003
  0.45927881803377213       -1.4334823602417959E-004
  0.51741520011804354        9.1280395362138908E-005
  0.36629323053304808        2.6484931139093269E-003
  0.44776352551076498        2.4790802105653944E-003
  0.59541897911025365        4.0766235908728171E-004
  0.42172876363167078       -1.5515789069554193E-003
  0.50691744760929847       -3.5281456368758475E-003
  0.51082349246302816       -1.1035258684171378E-003
  0.45566160057100502        4.7901094501673130E-004
  0.75536504731012377        1.5687779507678255E-003
  0.82937040718651456        2.7623175054397550E-003
  0.78198057732934800        4.0197458449612528E-003
  0.82009600957237061       -4.7835043372671920E-004
  0.74830063690304749       -3.4377783499088652E-003
  0.27164793071769350        1.7863194930720187E-002
  0.19035587578489288        1.9575283317887330E-002
  0.17766980491759557        3.0287222014354839E-002
  0.25101192787159249        1.6668697761839574E-002
  0.35870247087951534        1.3116161486377044E-002
  0.21994342122036351        2.5127913673000962E-002
  0.33502420628862861        1.0602088710713380E-002
  0.25540746261714337        1.3917213258329682E-002
  0.27543418353748145        1.0555076789434181E-002
  0.80690801301417503       -2.7604670143527199E-003
  0.79092632938212204       -1.1527491207212459E-004
  0.75067294546720686       -1.3811317215394021E-003
  0.68082127188795982        4.4922859168688416E-003
  0.73337562695212632       -1.2436391499969313E-003
  0.60068784478168591        2.0479110461447654E-004
  0.50206776114936447       -4.5297425071958546E-003
  0.68208050131833819        3.3594982712548912E-003
  0.71642396939653774       -1.0845568661108529E-002
  0.64790052917115992        2.4618362171800252E-002
  0.56609639507013054       -3.8686800322529163E-002
  0.62018211287173142        4.1191537438215890E-004
  0.45145554940306321        2.3041674179984772E-003
  0.51664118056855268       -2.7525199677435008E-004
  0.57666702712541928       -1.2724938539822386E-003
  0.64374460673503886       -2.9124891541573404E-003
  0.52362722110557114        1.6272398366837053E-003
  0.52517321982761611       -1.8118724865727565E-004
  -1.9011816650583047E-002   3.8106920053663500E-002
  -7.5869000755958621E-002   5.0497807114577992E-002
   1.2819540999979062E-002   5.3512534605510184E-002
  0.37489985784429336        7.1904269094688437E-003
  0.49228456779979834       -4.0428397746459149E-004
  0.46020937201592427        8.0264766956408590E-004
  0.42100720930695845       -4.8977605447199585E-004
  0.37671678753780513       -4.6278575108834206E-003
  0.41823635400148351       -1.1004490245101013E-003
  0.46679439956487034       -8.3599036980587562E-005
  0.28704650443729596       -7.6881997226430749E-004
  0.37165063232341372       -1.8436084074217239E-004
  0.44135586953436912        8.0550389157429145E-004
  0.49341571776822246        9.8471546486337408E-004
  0.41445032647274893       -6.6271548454806327E-004
   9.9324420863350443E-002   5.8068373183961623E-002
   2.2902372350966649E-002   6.6928927599418278E-002
   1.2325426695714271E-002   7.8420673010781289E-002
   7.4875413748698355E-002   6.1524758571879119E-002
  0.22921949478856937        3.4345231023820519E-002
   4.7401952550607362E-002   6.3733997491919478E-002
  0.18221611302787177        4.5257741978062357E-002
   7.8478343034915646E-002   6.0545584113714725E-002
  0.23647256643273190       -1.9673738106778019E-003
  0.34545943796346434        3.1601492638171458E-003
  0.30295579225461244       -3.5944424831929598E-003
  0.26627851471322855       -4.0640839485871225E-003
  0.21980343563712781        8.8320842817718771E-003
   1.3594077629512369E-003   4.4498150413293282E-003
   8.3243418159219651E-002   1.7487307358282290E-002
  -7.7989505288741989E-002   4.1352447010887541E-002
  -3.0055833754231265E-002   4.3363388991551628E-002
   4.0347650985893435E-002  -3.1374722056225199E-002
  0.11827212727056641        9.1331953273705319E-003
   1.1905729971219359E-002   1.7362169594392445E-002
   2.5149063683470751E-002   2.1612762921603676E-002
   3.5574111869371511E-002   3.9713315750270527E-003
  0.17781113667544685        1.5067994553094507E-004
  0.14880048486066794       -6.6718014027117778E-004
   5.1687508683200517E-002   4.4953568808341338E-003
   9.8970607244320247E-002  -1.1062818537919612E-003
  -2.8526887157721559E-002  -4.5443046438902509E-003
   4.4174354446077285E-002   7.7012684142695968E-003
  0.15485874454406798        2.1670522914370286E-003
  0.10494538536760177        1.8489583781809297E-003
   6.9489198280761250E-002   4.0539128396376491E-003
   4.0568750637321960E-002   1.1603254861881261E-002
  0.52043178514533162       -2.0566632077150596E-002
  0.69703176787705901       -1.2701386721718732E-002
  0.67335730175165209       -4.1639714671229781E-003
  0.62935748912084311       -1.2944937963955926E-003
  0.57475116670486903       -5.6288340745692606E-003
  0.61508887031566795       -4.6381131940633384E-003
  0.86009106965324678       -1.8425442309917390E-003
  0.77242453911943143       -6.4994435822044718E-003
  0.84504408924400964       -1.5193500429710259E-003
  0.84381442165691356       -1.0268789279195456E-003
  0.78316345553961930       -2.8028151825057441E-004
  0.94092291381003146        5.2825112062993246E-004
  0.96273510172477195       -2.3291142227196697E-004
  0.90210120545515582       -1.0360885492778609E-003
  0.87261028256506479        2.9107282886670050E-005
  0.91218118948263427       -2.7870839953360914E-003
  0.96698955518346863        1.0504469837238101E-003
  0.34961194896538594        1.2428388263224378E-003
  0.40331046998670184       -2.6804108066335843E-004
  0.24972740540236743        5.3309663252945824E-003
  0.31609266534470504       -1.7674594537552189E-004
  0.38209112253759681        1.4058700887975260E-003
  0.41140304927868299        3.4385848994467221E-003
  0.10340540755098127        7.1561491682741601E-004
  0.35430975524391528       -1.9313477136490538E-003
  0.35236255120890081        4.6256906650562378E-004
  0.36956904638276372        1.7706911728363754E-002
  0.54550256209854808        8.3064049308213578E-004
  0.50315387583847304       -9.0239836387568228E-003
  0.44986773292942051        2.1763725522982606E-002
  0.40353473256764388       -7.8960665841218552E-003
  0.24745796512958135        8.2147199687336817E-002
  -7.1194124728466979E-002  0.13244874296649659     
   5.6515840406659204E-002  0.12622566330818735     
  -6.3613825555845258E-002  0.13218300977472652     
  -5.7311423616697540E-002  0.13403129489593524     
  0.34790117290235895        4.4968026919053892E-003
  0.40318280008573126        4.2981282663374643E-003
  0.46740645879050580        1.4764253058574511E-003
  0.41381751401256595        7.5457911314361602E-003
  0.41069243833756752        8.4268154823119001E-004
  0.54310351139410917        4.5253359407055623E-004
  0.60433163951277136        9.6129781111855802E-004
  0.43558144521319436       -3.0777218663015225E-003
  0.52978857039553184        1.1174027867113141E-003
  0.63396621405501619        4.3087592295885479E-004
  0.49809057708498761       -2.2641791912794453E-003
  0.60141166538714108       -1.7650548315984085E-003
  0.59241015492720328        8.1385757764911872E-004
  0.53800591573557566       -4.3943034735775886E-004
  0.56511239541648417       -6.3980360992366920E-003
  0.75994579840104959       -2.4152062409891399E-004
  0.73300070579116672       -1.6801410417189593E-004
  0.69353450939873995        3.3360350109583664E-003
  0.63475880144786423        4.1850298004085691E-003
  -9.2388089593951839E-002   8.7806748522432240E-002
  -3.7267291524638424E-002   4.9557197440978550E-002
   3.9411192369568471E-002   3.7410694713585532E-002
  -1.6354432004016317E-002   4.7976232722304335E-002
  -7.7749532445014036E-002   6.5191784758076146E-002
   1.9763930586349454E-002   6.2451256859090268E-002
  0.28968634825483325        1.8039901042231622E-002
  0.34007242077421213        9.4478455624341824E-003
  0.40820697556210772        7.0401137222157381E-004
  0.34916265920574818        6.7728585436055448E-003
  0.71257281252178084        1.3401480297468547E-003
  0.76580284590000325       -2.2287743463634928E-003
  0.69273132370392976        4.6502114942599477E-003
  0.79139998438015458       -5.4593737072498264E-003
  0.65062517513655527       -2.8915610890522516E-003
  0.75740465713656624       -3.4230545147837048E-003
  0.76080423219871296       -3.1479813156236563E-003
  0.70746588336907879        1.0378312096303243E-003
  0.23647226849987002        7.8589178373334942E-004
  0.29412800175261639        8.1466062100912489E-003
  0.12823974001746430       -1.6584863994053397E-002
  0.10401640731612022       -1.3931294641972591E-003
  0.20303315347352263        5.5444735493517883E-003
  0.26584759083659903        9.1762047814772235E-003
  0.31594770158972124       -1.2828109273727184E-002
   4.0595923283581414E-002   3.2156347579018912E-003
  0.23907978752708320       -1.6253284049114482E-003
  0.25101576710054418        7.0115968919918338E-003
   7.4986673563398609E-004  0.14808115052818685     
  0.92609652349515037       -9.8763709137592026E-004
  0.88631446034586525       -4.1869643802628563E-004
  0.85780622678844565        2.6979917087478181E-003
  0.89568975627236447       -2.0610140261236542E-002
  0.95708412728753345        1.2452667861203354E-003
  0.67825529959659425        1.2527483998860428E-003
  0.62041000584940165       -1.7301745083221845E-004
  0.70593256292368911       -3.1242440398636237E-003
  0.73001311003300473       -1.7347450135841900E-003
  0.66991755950875165        2.6230552523900720E-003
  0.24412552633105380        1.8930705919911962E-002
  0.30408014852314108        1.1916057871492762E-002
  0.22485588980584287        2.6299998063288428E-002
  0.38015286823122196        3.0246794274645942E-002
  0.26300277751967560        1.8192433725313806E-002
  0.19657874661658759        2.2596442649661611E-002
  0.30998415261969053        3.6811161512725413E-002
  0.14481341022639418        1.8706940296745276E-002
   8.3929727060874454E-002   4.3737613825485785E-002
  0.16702294754802785        5.4220707082015401E-002
  0.10688049726797402        2.2100578287264510E-002
  0.27652244791876390        3.8172727753038857E-002
  0.20941847262505298        3.4166946097695702E-002
  0.13223883193840172        3.9101947776732475E-002
   6.9719910233373816E-002   3.1988908536078074E-002
  0.16406567400194760        1.7970343024593889E-002
   2.0376962073866300E-002   4.5846785742042269E-002
  0.67692387348601590       -1.9788785958775273E-003
  0.66243876650314704        3.0912012073850120E-003
  0.73427380029541600       -1.0990283110258188E-003
  0.59654980790461209       -6.3503376515465252E-003
  0.72870627722093761       -6.4708599269172379E-004
  0.67053799164549155       -7.8571204327096563E-004
  0.67432098114142691        9.8326762151727080E-003
  0.45248918100898483        4.4944733756782226E-003
  0.58965782511340925        4.1619556586150374E-005
  0.56002238474678212        1.0181072196445450E-004
  0.51578031352697473        9.7886086240164469E-004
  0.46432801944987656        1.4547404301936036E-003
  0.46970390472168422       -6.6559077245274684E-002
  0.63490131247157700        1.2596067335274474E-002
  0.62077543370601718        7.0879289311199635E-003
  0.56911816976932950        6.6438648602652759E-003
  0.51486982097975553       -5.4175284405365660E-003
  0.55318676689329516        2.9433060817074527E-002
  0.19867505815359099        9.9820059252443555E-003
  0.28318676341392957       -3.7000416006854219E-004
  0.13233341064744730        1.8675346546876515E-002
  0.19243843303993452        1.4043305679535661E-002
  0.16506866364433731        1.3691458398637160E-002
  0.27252051254598197       -3.2657256707119119E-003
  0.26537727234315989        3.4037502207289396E-003
   1.0143673516738394E-002   3.1281954673396055E-002
  0.19444532288455363        1.2257620280420930E-002
  0.73168312257222001        2.5771873650454365E-003
  0.80688483395523880       -1.3529777179666987E-003
  0.85213493604450308       -1.1808690353571833E-003
  0.88460918665255928        7.4402037411422828E-004
  0.75212815734164074        7.6328347695225137E-004
  0.46249907855868388        2.6846181032148721E-003
  0.69899725709958149        1.0945867007753183E-002
  0.58998457234422907        2.3432810183311586E-003
  0.55662807598645936       -3.2395965922499021E-004
  0.51340823834039173       -4.8797874420135490E-003
  0.43784921317417169       -5.2858658594888007E-004
  0.67725148850488270       -3.0756226850504678E-003
  0.45217964636082358        1.0429660983790989E-003
  0.54063405218063654       -3.9392958123306140E-003
  0.60676622652426304       -2.6960714250803385E-003
  0.61694064817634520       -1.8727780249503010E-003
  0.54661158043206337       -1.1094276968550666E-003
  0.27161424723689415       -6.5629287989389468E-002
  0.45456210412936299        3.7236779886469638E-002
  0.41429232460337340        2.3331244339242788E-002
  0.34720039423684679        5.3890500421188120E-002
  0.29997409280974147       -2.5957776823408510E-002
  0.18865220853254192        1.1119219847883991E-003
  0.33381369858387638        4.7128949035861690E-003
   6.3530354612348072E-003   5.3228857593158180E-002
  0.12906585276402499        9.4451464532240188E-003
  0.23525570831645187        1.1453759532210719E-003
  0.19322342108039664        3.0972946582373577E-004
  0.15820589938830881        4.0459565148590155E-003
  0.12891743932345440       -2.9440414659286200E-003
   8.3330236997518903E-003   9.1890626038973619E-002
   4.8310766190259757E-002   8.9232693140954458E-002
  0.14013611017585398        7.9305013365230340E-002
  -4.0073164077420731E-002  0.10785865931896235     
   6.4134840763729217E-002   9.8507271950027134E-002
   5.4352921709493907E-002   8.8057338305888105E-002
  -5.4796752007340632E-002  0.10911163290952455     
  0.39369962376395123       -3.3425157168294802E-003
  0.47923371000628406       -3.8818913480724538E-003
  0.38653879251293560        8.9833006876898162E-003
  0.55163451062905355       -1.3661553311033220E-002
  0.43667335377197197       -8.8073565653271145E-004
  0.32165296463680781        4.9149835120062069E-003
  0.48976357960248362       -2.4785332552559099E-003
  0.48345224090611549        5.4750847723127635E-004
  0.56338057546806364       -4.2505274616567703E-004
  0.62480625656723465       -1.3171948025796579E-003
  0.65043183302859631       -1.8023279581236178E-003
  0.56950443899905867        8.3129325865411764E-004
  0.57273447995406135        1.6411836388117915E-003
  -5.0031524468405864E-002  0.11128465476742398     
  0.61099317865536973        8.4916412160106983E-004
  0.66069599420275460       -5.4668864384596884E-005
  0.46644778431497241       -1.3352013552095448E-003
  0.72679032812770161       -4.2244938179285637E-004
  0.56536314818613709       -3.3303824079798957E-003
  0.64805462460028540        2.9710001599958600E-004
  0.65952156021578490        4.4567733278943306E-004
  0.60692193789334692       -2.3710797897497052E-003
  0.73434006718890210        9.8087097748654267E-004
  0.79719713653131608        9.4037645013731136E-004
  0.82819830564367070        1.0679193046887114E-003
  0.74163203853051729       -1.1549248023281166E-003
  0.74648042797136815        1.8992592505824720E-003
  0.37229486000847639        5.5251441139887595E-003
  0.42819845702337961        4.3041167197905104E-003
  0.49067439277486136        1.1148198628110624E-003
  0.61771136738453025       -1.3085628101525500E-003
  0.24941877686415442        6.9246880664974152E-003
  0.43721134087014335        5.5167347462069475E-003
  0.43594445793707803        2.1253009273816455E-003
   5.5039704987604465E-003   8.4135536254450499E-002
   7.1238996994743314E-002   8.2703558476082906E-002
   1.1512950408221034E-002   7.5380639790021020E-002
   3.6933015653061230E-002   5.4533390711802091E-002
  -1.4746091265115224E-002   6.4489324284025470E-002
   6.8613808880072957E-002   7.1651545479248444E-002
  -4.7234942925089674E-002   9.0258191014254516E-002
  0.45740382708123728       -8.5020807505557317E-004
  0.41345545371169401       -1.5506346889086720E-004
  0.48166951785590728       -5.1013352026934482E-003
  0.52343877569535591       -2.5845571095877728E-003
  0.45415916740448703        4.6924016013175840E-003
  0.49240319195386195        2.4799101011279450E-002
  0.67657269077172555        8.4751966823167141E-004
  0.62937649156336239       -1.8370760649632202E-002
  0.58920057440918150       -1.0370612665447969E-002
  0.54106242805609561       -6.4404368176136234E-003
  0.57903811269877625        2.5476774128805581E-002
  0.46375684099028169        1.9621664489074078E-003
  0.54894542508353328       -8.6461834010806492E-004
  0.61511504930435512       -6.8462720169913715E-004
  0.56044083306498593        3.7369930714168309E-003
  0.55986479810426371        8.6660225717047866E-004
  0.21552001359871562        8.3818313049875796E-003
  0.30140619166285143        2.6070822242617044E-003
  0.14848221820138019        1.8072617873496892E-002
  0.20781772456781156        1.3724598829335260E-002
  0.18104321837949588        1.3313824791760968E-002
  0.29447615740949140        2.0056339037771636E-004
  0.28062297976916334        4.3708906987681489E-003
   1.4806066600524498E-002   3.5249432613144997E-002
  0.21043666245134118        1.1506305277751162E-002
  0.37962254479435681       -5.3442707312885435E-003
  0.57955307151993196        3.7478703672659777E-002
  0.50156537933945178       -2.1772687804446937E-003
  0.45737910620251782        1.0759656352642602E-003
  0.41504953764137043        4.2652573153633314E-002
  0.45227558397635625       -3.3462569972034603E-002
  0.70824880068192542       -5.4098435224847240E-003
  0.77289090114193748        1.0679439633908623E-003
  0.83054104119316330       -1.1953104522261194E-003
  0.71544032328219231        8.8012785027625573E-004
  0.72183169027784977        8.7154376573935952E-004
