 cosx vtec
  0.20030676810045639        3.1388095203105523E-002
  0.29267254686131755        1.1266557126342261E-002
  0.24198942778440868        1.6147304182509994E-002
  0.21657900820935952        2.6590208887822465E-002
  0.16436921018940628        2.7965496839924199E-002
  0.14186795247874945        4.8858144319178523E-002
   9.9543287000054825E-002  -9.6162401822252549E-004
  0.15742561622207035       -3.1685733285309186E-004
   2.4325802212740610E-002   1.2930267714109428E-003
   6.9647575556284536E-002   7.5567409252068395E-005
  0.13006157972930338        3.9073304018642291E-003
  0.16696432784496029       -7.3190681211835254E-004
  0.12413185962620515       -5.0381838196475351E-004
  0.64048692737731971       -1.2897270245265243E-003
  0.71589509269447371       -1.5853890733796313E-003
  0.78593435563005820        2.7911010227498938E-003
  0.77385137147209848        2.5617719413499748E-004
  0.69898147384939024        1.3981685127904576E-003
  0.75478780365063125       -5.1007868414364495E-003
  0.21053402222689249       -1.4334823602417959E-004
  0.27261832218253290        9.1280395362138908E-005
  0.13554310918747803        2.6484931139093269E-003
  0.25935909876559304        2.4790802105653944E-003
  0.41201071657413724        4.0766235908728171E-004
  0.17831405810058842       -1.5515789069554193E-003
  0.24478018807257235       -3.5281456368758475E-003
  0.27744110506268749       -1.1035258684171378E-003
  0.23554904553320788        4.7901094501673130E-004
  0.48993999357691864        1.5687779507678255E-003
  0.61940988453040324        2.7623175054397550E-003
  0.53246595963230925        4.0197458449612528E-003
  0.57933769454315920       -4.7835043372671920E-004
  0.49611638123271529       -3.4377783499088652E-003
  -7.3127458948503254E-002  0.18739092016021178     
  0.12940862992697880        1.7863194930720187E-002
   9.3397355901519832E-002   1.9575283317887330E-002
  0.13725343879765795        3.0287222014354839E-002
  0.17900305038255687        1.6668697761839574E-002
  0.29454499816374258        1.3116161486377044E-002
  0.10256985832654425        2.5127913673000962E-002
  0.22723827657263301        1.0602088710713380E-002
  0.16761344134949319        1.3917213258329682E-002
  0.26064118771502542        1.0555076789434181E-002
  0.95705148505051507       -2.7604670143527199E-003
  0.93058531277192214       -1.1527491207212459E-004
  0.90681876496374869       -1.3811317215394021E-003
  0.86978520666434622        4.4922859168688416E-003
  0.92091270175297457       -1.2436391499969313E-003
  0.81224872213652588        2.0479110461447654E-004
  0.76730190411570798       -4.5297425071958546E-003
  0.88742009972795421        3.3594982712548912E-003
  0.90928890940243201       -1.0845568661108529E-002
  0.86565495955813909        2.4618362171800252E-002
  0.81304275531273185       -3.8686800322529163E-002
  0.84686576125153834        4.1191537438215890E-004
  0.59904313940167497        2.3041674179984772E-003
  0.64272063616725572       -2.7525199677435008E-004
  0.70240507626383353       -1.2724938539822386E-003
  0.71535458160307774       -2.9124891541573404E-003
  0.62908113701617419        1.6272398366837053E-003
  0.66900399273500055       -1.8118724865727565E-004
   4.4614385123476763E-002  0.16537621692818413     
   5.7981602127525067E-002  0.15934392381651821     
   8.5065012041544708E-002   2.5444023499378923E-002
   3.4273612789268604E-002  0.16245428121964881     
  0.10685570078104900       0.15838180996555629     
   1.4293706429483743E-002  0.16540010551223430     
  0.55916350402630044        7.1904269094688437E-003
  0.62907212110304955       -4.0428397746459149E-004
  0.60730161421561413        8.0264766956408590E-004
  0.58677073627294007       -4.8977605447199585E-004
  0.51437103698031661       -4.6278575108834206E-003
   8.2565926613378526E-002  -1.1004490245101013E-003
  0.13679243111489986       -8.3599036980587562E-005
  -5.1057054122742307E-002  -7.6881997226430749E-004
   3.1874281697840623E-002  -1.8436084074217239E-004
  0.10916386421049917        8.0550389157429145E-004
  0.16617536979834135        9.8471546486337408E-004
   8.2282080969823423E-002  -6.6271548454806327E-004
  -4.2577491544898594E-002   5.8068373183961623E-002
  -7.1704012837328926E-002   6.6928927599418278E-002
  -3.2839578503622111E-002   7.8420673010781289E-002
   3.2922677756239416E-003   6.1524758571879119E-002
  0.17264186032294465        3.4345231023820519E-002
  -6.6094276403782237E-002   6.3733997491919478E-002
   6.9053293541715882E-002   4.5257741978062357E-002
  -8.9924424535086506E-003   6.0545584113714725E-002
  0.47585195740453384       -1.9673738106778019E-003
  0.54943963559759701        3.1601492638171458E-003
  0.51839604055897381       -3.5944424831929598E-003
  0.49599983881142395       -4.0640839485871225E-003
  0.42388340548331371        8.8320842817718771E-003
   1.6827663455483449E-002   1.5067994553094507E-004
  -6.0395713962450581E-002  -6.6718014027117778E-004
  -9.0786358312042625E-002  -1.1062818537919612E-003
  0.27608425843875234        7.7012684142695968E-003
  0.35416355152207241        2.1670522914370286E-003
  0.31588736952232660        1.8489583781809297E-003
  0.29346715743869167        4.0539128396376491E-003
  0.24141500556142870        1.1603254861881261E-002
   6.2266942066020403E-002  0.15621543594884907     
  0.10568359459345644       0.16669204073483934     
   7.3859817639467806E-002  0.15831919765343447     
   4.9861493098844856E-002  0.15216228660618406     
  0.11889358416366130       0.14958327736875440     
   3.0990555099889350E-002  0.15520144799549179     
  0.76317356380942125       -2.0566632077150596E-002
  0.89539320029838587       -1.2701386721718732E-002
  0.86019049822280502       -4.1639714671229781E-003
  0.83138323419831828       -1.2944937963955926E-003
  0.79928567329400557       -5.6288340745692606E-003
  0.84489849015912588       -4.6381131940633384E-003
  0.75578633802435402       -1.8425442309917390E-003
  0.72430586263016039       -6.4994435822044718E-003
  0.79022328229192262       -1.5193500429710259E-003
  0.75837368555202622       -1.0268789279195456E-003
  0.70942907328042093       -2.8028151825057441E-004
  0.85884845107122387        5.2825112062993246E-004
  0.94715197175972632       -2.3291142227196697E-004
  0.86846412676696727       -1.0360885492778609E-003
  0.85784155802460971        2.9107282886670050E-005
  0.80945796245922930       -2.7870839953360914E-003
  0.89087206021715848        1.0504469837238101E-003
   3.3568586374660148E-002   1.2428388263224378E-003
   8.9220014783953694E-002  -2.6804108066335843E-004
  -5.2651750994762603E-002   5.3309663252945824E-003
   2.9518463322998900E-003  -1.7674594537552189E-004
   6.1611894471631790E-002   1.4058700887975260E-003
  0.10435580834892177        3.4385848994467221E-003
   1.7848102887429496E-002  -1.9313477136490538E-003
   6.1373436772740542E-002   4.6256906650562378E-004
  0.64500452435447153        1.7706911728363754E-002
  0.79337136520694884        8.3064049308213578E-004
  0.73744541966984534       -9.0239836387568228E-003
  0.69942467033760780        2.1763725522982606E-002
  0.66937091158224493       -7.8960665841218552E-003
  0.55608333405096555        8.2147199687336817E-002
   5.0457481007536442E-003  0.17979436456887404     
   2.1359540867908811E-002  0.16086609414302988     
   4.3336625510160376E-002  0.16159190962225733     
  -2.6024726778057228E-003  0.16379153790527184     
   7.9839891742061353E-002  0.16523917677199620     
  -2.4470403315509537E-002  0.16719070424129434     
  -6.2817723655525987E-002  0.14616974875789149     
  -3.9866468358051854E-004  0.13480062142992202     
   2.6150685401411397E-002  0.13244874296649659     
  0.16142302530217667       0.12622566330818735     
   1.8375871687479770E-002  0.13218300977472652     
   6.3611446468453958E-002  0.13403129489593524     
  -5.8122777498928191E-002  0.16718654530471480     
  0.56267386533510200        4.4968026919053892E-003
  0.60097616081103400        4.2981282663374643E-003
  0.66522564531369155        1.4764253058574511E-003
  0.58441506807818011        7.5457911314361602E-003
  0.62363387975030760        8.4268154823119001E-004
  0.33297301488920439        4.5253359407055623E-004
  0.40222608172460494        9.6129781111855802E-004
  0.24692035230513762       -3.0777218663015225E-003
  0.37918280169876811        1.1174027867113141E-003
  0.48402254410099615        4.3087592295885479E-004
  0.29425102922464741       -2.2641791912794453E-003
  0.37210254865053127       -1.7650548315984085E-003
  0.40422161557356306        8.1385757764911872E-004
  0.36260210988393149       -4.3943034735775886E-004
  0.78992736534212682       -6.3980360992366920E-003
  0.92927684499687824       -2.4152062409891399E-004
  0.89110704696395537       -1.6801410417189593E-004
  0.86645364028712279        3.3360350109583664E-003
  0.83413727927502013        4.1850298004085691E-003
  0.25373554770161177        8.7806748522432240E-002
  0.29527234343881753        4.9557197440978550E-002
  0.35715750423076165        3.7410694713585532E-002
  0.31303528199438779        4.7976232722304335E-002
  0.26154422493082996        6.5191784758076146E-002
  0.35775662075667525        6.2451256859090268E-002
  0.21477103908204820        8.2339747719577638E-002
  0.39377020385101930        1.8039901042231622E-002
  0.42695066087136480        9.4478455624341824E-003
  0.49683969231057296        7.0401137222157381E-004
  0.45651124742551580        6.7728585436055448E-003
  0.50124286159536624        1.3401480297468547E-003
  0.56979896501507965       -2.2287743463634928E-003
  0.55227131068107127        4.6502114942599477E-003
  0.64110237201082465       -5.4593737072498264E-003
  0.43759795982815453       -2.8915610890522516E-003
  0.54038939299840183       -3.4230545147837048E-003
  0.57572406392780318       -3.1479813156236563E-003
  0.53373056068062708        1.0378312096303243E-003
  -4.4706565541964616E-002   8.1466062100912489E-003
  -7.5942153034056270E-002   9.1762047814772235E-003
  -1.7894334668197787E-002  -1.2828109273727184E-002
  -6.1768927054923650E-002   7.0115968919918338E-003
   8.1743850704451948E-002  0.14808115052818685     
  -6.2250861206371452E-002  0.16013105653987095     
  0.83911237861612797       -9.8763709137592026E-004
  0.84724809447555849       -4.1869643802628563E-004
  0.83679519676164305        2.6979917087478181E-003
  0.79089062377802977       -2.0610140261236542E-002
  0.87419750053606271        1.2452667861203354E-003
  0.39547484705909347        1.2527483998860428E-003
  0.33109839366064786       -1.7301745083221845E-004
  0.42620637848409065       -3.1242440398636237E-003
  0.46359815798976134       -1.7347450135841900E-003
  0.37564085786343659        2.6230552523900720E-003
  0.52661921009951806        1.8930705919911962E-002
  0.56938916693029817        1.1916057871492762E-002
  0.53502163530986635        2.6299998063288428E-002
  0.64541205631301135        3.0246794274645942E-002
  0.57205779452590078        1.8192433725313806E-002
  0.49841967881439292        2.2596442649661611E-002
  0.58998519266256577        3.6811161512725413E-002
  0.44738851052928541        1.8706940296745276E-002
  0.41376272138899745        4.3737613825485785E-002
  0.47582848839305919        5.4220707082015401E-002
  0.44048438470315460        2.2100578287264510E-002
  0.58529916664957593        3.8172727753038857E-002
  0.52656217665220539        3.4166946097695702E-002
  0.46301367571036350        3.9101947776732475E-002
  0.40594587891986816        3.1988908536078074E-002
  0.48964221785819700        1.7970343024593889E-002
  0.35913501334936182        4.5846785742042269E-002
  0.52759123175437583       -1.9788785958775273E-003
  0.59671780586598899        3.0912012073850120E-003
  0.66602527453627669       -1.0990283110258188E-003
  0.45481125156159236       -6.3503376515465252E-003
  0.62924162106456294       -6.4708599269172379E-004
  0.58414841643333471       -7.8571204327096563E-004
  0.66094524916220920        9.8326762151727080E-003
  0.61903503830256668        4.4944733756782226E-003
  0.69546663781158413        4.1619556586150374E-005
  0.67638806723990219        1.0181072196445450E-004
  0.65500696822196558        9.7886086240164469E-004
  0.57166780102775872        1.4547404301936036E-003
  0.73202479651506103       -6.6559077245274684E-002
  0.85886937721627621        1.2596067335274474E-002
  0.83260526034403548        7.0879289311199635E-003
  0.79751628570383526        6.6438648602652759E-003
  0.76353827214618553       -5.4175284405365660E-003
  0.80343573870738172        2.9433060817074527E-002
  -4.3213545752238514E-002   9.9820059252443555E-003
   3.6211910423517513E-002  -3.7000416006854219E-004
  -8.7901504288881327E-002   1.8675346546876515E-002
   6.5600181963436643E-003   1.4043305679535661E-002
  -6.7508483091582694E-002   1.3691458398637160E-002
   2.6768619063102239E-003  -3.2657256707119119E-003
   3.5354577333793102E-002   3.4037502207289396E-003
  -1.8681475754949606E-002   1.2257620280420930E-002
  0.87660133941336305        2.5771873650454365E-003
  0.94439143445946483       -1.3529777179666987E-003
  0.97971836138201462       -1.1808690353571833E-003
  0.95905702397408366        7.4402037411422828E-004
  0.91456186169209419        7.6328347695225137E-004
  0.66503006563571720        2.6846181032148721E-003
  0.86838590397821214        1.0945867007753183E-002
  0.74175663051474383        2.3432810183311586E-003
  0.71963319458969144       -3.2395965922499021E-004
  0.69640200724624668       -4.8797874420135490E-003
  0.58962099128874601       -5.2858658594888007E-004
  0.59576994197082778       -3.0756226850504678E-003
  0.48134089006424902        1.0429660983790989E-003
  0.53549573815628881       -3.9392958123306140E-003
  0.60192940697753317       -2.6960714250803385E-003
  0.57745215121368487       -1.8727780249503010E-003
  0.52480109253543139       -1.1094276968550666E-003
  0.56917304575557504       -6.5629287989389468E-002
  0.72859095290168507        3.7236779886469638E-002
  0.67304546044873881        2.3331244339242788E-002
  0.62326200892941086        5.3890500421188120E-002
  0.59061485530601487       -2.5957776823408510E-002
  0.50636875691274053        1.1119219847883991E-003
  0.63203944764671849        4.7128949035861690E-003
  0.13227306037779657        8.2660410074114427E-002
  0.27032793017781143        5.3228857593158180E-002
  0.18243321015253566        7.3020605151964693E-002
  0.14822791243744121        7.8166746204510071E-002
   8.6585008581682610E-002   9.1071406014058096E-002
   9.4959851126705130E-002   9.4915412526753465E-002
   3.8493908974493618E-002  0.12187381817133008     
  0.34052108223761934        9.4451464532240188E-003
  0.41158015741039061        1.1453759532210719E-003
  0.38029582112051308        3.0972946582373577E-004
  0.35952208877709096        4.0459565148590155E-003
  0.30641727093893406       -2.9440414659286200E-003
  0.24428682677238714        9.1890626038973619E-002
  0.27297856644837848        8.9232693140954458E-002
  0.36703842612113652        7.9305013365230340E-002
  0.21690792591358798       0.10785865931896235     
  0.26417930619941893        9.8507271950027134E-002
  0.29430061337257118        8.8057338305888105E-002
  0.19498182140382148       0.10911163290952455     
  0.65742506466517048       -3.3425157168294802E-003
  0.71753301148214721       -3.8818913480724538E-003
  0.67615273396661868        8.9833006876898162E-003
  0.78796001733854115       -1.3661553311033220E-002
  0.71707801543718319       -8.8073565653271145E-004
  0.61428186179115662        4.9149835120062069E-003
  0.74306313719707373       -2.4785332552559099E-003
  0.55785689519454529        5.4750847723127635E-004
  0.60885415799416021       -4.2505274616567703E-004
  0.66995621553786522       -1.3171948025796579E-003
  0.65753533094554051       -1.8023279581236178E-003
  0.59744700852825261        8.3129325865411764E-004
  0.64234718532687773        1.6411836388117915E-003
  0.16708857195580379       0.13246439172701949     
  0.18884240910303152       0.11013581044319495     
  0.28434884381873132       0.11128465476742398     
  0.20882182066427007       0.11089543821439511     
  0.16221568717338064       0.11116968048219136     
  0.24289455265398185       0.10889889671508828     
  0.13301682424013594       0.12766311865842941     
  0.35666149295238470        8.4916412160106983E-004
  0.41472224389723689       -5.4668864384596884E-005
  0.22503359982716714       -1.3352013552095448E-003
  0.53495769974518292       -4.2244938179285637E-004
  0.31197243571003341       -3.3303824079798957E-003
  0.38863805293298781        2.9710001599958600E-004
  0.42249484900417478        4.4567733278943306E-004
  0.38208890289438535       -2.3710797897497052E-003
  0.80661778658396799        9.8087097748654267E-004
  0.86559167290014871        9.4037645013731136E-004
  0.85704503130784926        1.0679193046887114E-003
  0.78784392802085157       -1.1549248023281166E-003
  0.84134644123401092        1.8992592505824720E-003
  0.56669751735149942        5.5251441139887595E-003
  0.60508532408237481        4.3041167197905104E-003
  0.66759615030815933        1.1148198628110624E-003
  0.71505078750963869       -1.3085628101525500E-003
  0.49381635381901667        6.9246880664974152E-003
  0.59009602170129871        5.5167347462069475E-003
  0.62847469382538590        2.1253009273816455E-003
  0.33384675311438183        8.4135536254450499E-002
  0.38322660673715614        8.2703558476082906E-002
  0.35058131611900750        7.5380639790021020E-002
  0.37558882945848993        5.4533390711802091E-002
  0.32198397548569474        6.4489324284025470E-002
  0.39684417480298495        7.1651545479248444E-002
  0.28899196267580762        9.0258191014254516E-002
  -7.7958363989003188E-002  0.21899558070053621     
  0.12649758966039382       -8.5020807505557317E-004
   7.9892844952750952E-002  -1.5506346889086720E-004
  0.15294589326036873       -5.1013352026934482E-003
  0.20205851086806942       -2.5845571095877728E-003
  0.12274647917205139        4.6924016013175840E-003
  0.72867582206258596        2.4799101011279450E-002
  0.87513743791417309        8.4751966823167141E-004
  0.81539875834827824       -1.8370760649632202E-002
  0.78861412017803700       -1.0370612665447969E-002
  0.76065909484467986       -6.4404368176136234E-003
  0.81499159389305920        2.5476774128805581E-002
  0.69298245423860871        1.9621664489074078E-003
  0.75200605682235910       -8.6461834010806492E-004
  0.81617634449018417       -6.8462720169913715E-004
  0.71979014850246348        3.7369930714168309E-003
  0.77830191552562888        8.6660225717047866E-004
  -1.6766337728268299E-002   8.3818313049875796E-003
   6.4174750025558391E-002   2.6070822242617044E-003
  -6.1172325704786090E-002   1.8072617873496892E-002
   3.0510742417136055E-002   1.3724598829335260E-002
  -4.1333427770277154E-002   1.3313824791760968E-002
   3.0935498511398263E-002   2.0056339037771636E-004
   6.1436131165846508E-002   4.3708906987681489E-003
   7.9880863717359252E-003   1.1506305277751162E-002
  0.63460319050740699       -5.3442707312885435E-003
  0.80858679195022265        3.7478703672659777E-002
  0.71615604287867818       -2.1772687804446937E-003
  0.68501226032186868        1.0759656352642602E-003
  0.65893942959954876        4.2652573153633314E-002
  0.71763153501283838       -3.3462569972034603E-002
  0.83259760472544408       -5.4098435224847240E-003
  0.89320935121088629        1.0679439633908623E-003
  0.89912787560518781       -1.1953104522261194E-003
  0.80629716507437166        8.8012785027625573E-004
  0.86478647924250795        8.7154376573935952E-004
