 cosx vtec
  0.69427553731986114       -9.6162401822252549E-004
  0.66864690030842988       -3.1685733285309186E-004
  0.68123384725141467        1.2930267714109428E-003
  0.69419367144974420        7.5567409252068395E-005
  0.70434768315188734        3.9073304018642291E-003
  0.64249182644586822       -7.3190681211835254E-004
  0.62096647764178592       -5.0381838196475351E-004
  0.55672618558089282       -1.4334823602417959E-004
  0.52516805293675706        9.1280395362138908E-005
  0.53720614774205100        2.6484931139093269E-003
  0.38698224327268171        2.4790802105653944E-003
  0.32131615384048473        4.0766235908728171E-004
  0.55441980180735762       -1.5515789069554193E-003
  0.57874352176616195       -3.5281456368758475E-003
  0.49459061489034462       -1.1035258684171378E-003
  0.47553918361028863        4.7901094501673130E-004
  0.28043764687554124       0.10729922832570163     
  0.26791088478918157       0.12261495911962182     
  0.20023026453085502       0.10407521999405821     
  0.29556161349755639        7.9455081797138630E-002
  0.23964850456687786       0.11227182130513493     
   5.6142245256998735E-004  0.23299099210043162     
   3.8400135507460270E-002  0.23848472930534723     
   2.0059848836566169E-002  0.23595003965126718     
  0.50192538891241423        1.5687779507678255E-003
  0.31651984677332334        2.7623175054397550E-003
  0.44686963788220696        4.0197458449612528E-003
  0.40841951744418231       -4.7835043372671920E-004
  0.46625347607672396       -3.4377783499088652E-003
  0.31521937882946360        1.7863194930720187E-002
  0.21307100971819953        1.9575283317887330E-002
   5.4670199210520000E-002   3.0287222014354839E-002
  0.12016575122914289        1.6668697761839574E-002
   6.0157994383943016E-002   1.3116161486377044E-002
  0.26157813298621269        2.5127913673000962E-002
  0.19400450136162989        1.0602088710713380E-002
  0.16409070623686869        1.3917213258329682E-002
  -5.3062569851542708E-002   1.0555076789434181E-002
  0.22934494545419040       0.18163321329719903     
  0.19741121243059895       0.18364688198242726     
  0.13919565568841535       0.17466758563093754     
  0.17662266613553596       0.17416515867053778     
  0.50482159569714868       0.15282663361311893     
  0.47476856414722390       0.18282056158905738     
  0.48853890506668102       0.16106935157295429     
  0.43287849476264112       0.15907872351079722     
  0.57292972348666149       0.19583999216562853     
  0.53022718156365423       0.15789407856856472     
  0.47184055344783993       0.15939434382024795     
  0.92965787885063711        5.2849905566731969E-002
  0.92796823857104949        3.8106920053663500E-002
  0.89886980366059921        6.3276848475789002E-002
  0.97761073482166272        7.0919116972806243E-002
  0.91921228354764517       0.10519336145341916     
  0.95027090411721105        5.0497807114577992E-002
  0.95534651479038091       0.10388572255787835     
  0.88934422381371847        5.3512534605510184E-002
  0.92365430618799094        7.5890816554633062E-002
  0.98766017099118519        6.5135368128468984E-002
  0.84569274621246437        6.0586009130342254E-002
  0.82127245772368762       -1.1004490245101013E-003
  0.78808674655402389       -8.3599036980587562E-005
  0.87384014280118705       -7.6881997226430749E-004
  0.84927404581798671       -1.8436084074217239E-004
  0.80322741625393546        8.0550389157429145E-004
  0.77088948942993207        9.8471546486337408E-004
  0.81250320100173778       -6.6271548454806327E-004
  0.37409524348119894        5.8068373183961623E-002
  0.26445430804642084        6.6928927599418278E-002
  0.12576686842072163        7.8420673010781289E-002
  0.18011148465591631        6.1524758571879119E-002
   8.3301693075753164E-002   3.4345231023820519E-002
  0.31033682731795781        6.3733997491919478E-002
  0.26255633955582447        4.5257741978062357E-002
  0.38438954754055327       0.10812904251234406     
  0.22460683339280318        6.0545584113714725E-002
  0.66569450847567158        9.8655685494388690E-002
  0.64318800853648905       0.13308650335389738     
  0.75538611732518568        5.5964969898950119E-002
  0.65545099148014485       0.10687066290385225     
  0.59421150197151285       0.10745699758102502     
  0.72726186018101413       0.13555866064375602     
  0.67483013479203779        9.3728464902475037E-002
  0.63869418462000338       0.10544067617861003     
  0.95349777664019841        4.4498150413293282E-003
  0.94063524925168407        1.7487307358282290E-002
  0.93499037718529743        4.1352447010887541E-002
  0.99263544941004711        2.9894771136291815E-002
  0.95019236821201225        4.3363388991551628E-002
  0.95847075351174771       -3.1374722056225199E-002
  0.99184307486910694        4.4487769866509388E-002
  0.91222442438729179        9.1331953273705319E-003
  0.96336820401412171        3.6179897849154104E-002
  0.97896740813663619        1.7362169594392445E-002
  0.86763517961636361        2.1612762921603676E-002
  0.52996119217129811        3.9713315750270527E-003
  0.40178025176368226        1.5067994553094507E-004
  0.55067855255623743       -6.6718014027117778E-004
  0.44659963513293571        4.4953568808341338E-003
  0.51201125059154173       -1.1062818537919612E-003
  0.50632981667005206       -4.5443046438902509E-003
   1.6085705030482178E-003   6.7539068959038440E-002
  -6.5768412011097024E-002   5.4977674025444352E-002
  -2.4379488397519439E-002   5.8772998018942098E-002
   1.6269564440793416E-003  -1.8425442309917390E-003
  -4.7036930589288040E-002  -1.0268789279195456E-003
  -5.9680169307051140E-002  -2.8028151825057441E-004
  -9.0455158472967034E-002   5.2825112062993246E-004
  -2.1017515852482738E-002  -2.7870839953360914E-003
  0.78859158827766862        1.2428388263224378E-003
  0.76431911237388406       -2.6804108066335843E-004
  0.78393661906820578        5.3309663252945824E-003
  0.79187517418341802       -1.7674594537552189E-004
  0.79008425313915920        1.4058700887975260E-003
  0.74122846214962812        3.4385848994467221E-003
  0.87429190704404014        7.1561491682741601E-004
  0.84575217717532336       -1.9313477136490538E-003
  0.71549548417065312        4.6256906650562378E-004
  0.32456791169519644       0.26215514191980205     
  0.29619505583945283       0.25579646739042927     
  0.33844494133926484       0.25371490527562868     
  0.41642873118751350        4.5253359407055623E-004
  0.37205753301758215        9.6129781111855802E-004
  0.39195207672041738       -3.0777218663015225E-003
  0.24965834563317330        1.1174027867113141E-003
  0.21157138706014272        4.3087592295885479E-004
  0.41394749747990134       -2.2641791912794453E-003
  0.45140115293191690       -1.7650548315984085E-003
  0.33612536570116558        8.1385757764911872E-004
  0.31820759081132932       -4.3943034735775886E-004
  0.76175075211233789       0.13828575727672404     
  0.69369385429075858       0.13496985917050677     
  0.68801430004282105       0.17457448895407282     
  0.72429211216837586       0.13312764346030101     
  0.71707695071875999       0.13731931094613789     
  0.65713337868195842       0.14286392655987321     
  -9.1047348534229508E-002   9.2524625267465410E-002
  0.36102634311284332        1.3401480297468547E-003
  0.29841008546380676       -2.2287743463634928E-003
  0.16385537480401016        4.6502114942599477E-003
  0.15791434087842207       -5.4593737072498264E-003
  0.38742761281489790       -2.8915610890522516E-003
  0.36182661095502666       -3.4230545147837048E-003
  0.26869251026512558       -3.1479813156236563E-003
  0.25455054736161076        1.0378312096303243E-003
  0.89561280355987249        7.8589178373334942E-004
  0.87348561991766815        8.1466062100912489E-003
  0.89610153281204974       -1.6584863994053397E-002
  0.96116707719936745       -1.3931294641972591E-003
  0.90066246635574809        5.5444735493517883E-003
  0.89181639652564826        9.1762047814772235E-003
  0.85153229689266452       -1.2828109273727184E-002
  0.94882114410754692        3.2156347579018912E-003
  0.91317365443614329       -1.6253284049114482E-003
  0.81345072647579064        7.0115968919918338E-003
  -4.5507363865152466E-002  0.15502508079457533     
  -9.0198820390322607E-002  0.15622842766649297     
  -5.6409890992681067E-003  0.24981006337795672     
  -2.8094476628085591E-002  0.24906902391523478     
   4.2474243619278318E-002  0.25112652606919900     
  0.90476251064039825       0.12439328161424504     
  0.85440146074630130       0.12268714835724899     
  0.91857158297949337       0.13250280893800487     
  0.83818314078147116       0.14929554268333578     
  0.88129042909227284       0.12294461422415401     
  0.88053379146677790       0.13888483793408246     
  0.86995628830367144       0.16177407630208820     
  0.80131394451157045       0.14745223535839036     
  -7.1169140596636704E-002  -9.8763709137592026E-004
  -9.3127689935449398E-003  -2.0610140261236542E-002
  -9.3729356850781514E-002   1.2452667861203354E-003
  0.57867820462488162        1.2527483998860428E-003
  0.61757339132974487       -1.7301745083221845E-004
  0.56027157635173053       -3.1242440398636237E-003
  0.51358032411343324       -1.7347450135841900E-003
  0.61467600064418826        2.6230552523900720E-003
  0.19489296071974632       -1.9788785958775273E-003
  -4.0826645755315985E-002   3.0912012073850120E-003
  -5.8496861407209444E-002  -1.0990283110258188E-003
  0.20094028826031124       -6.3503376515465252E-003
   3.3319981346493513E-002  -6.4708599269172379E-004
   1.5873424129476482E-002  -7.8571204327096563E-004
  0.62749131785869761        9.9820059252443555E-003
  0.61278597633822685       -3.7000416006854219E-004
  0.58818222339965687        1.8675346546876515E-002
  0.46838236927182664        1.4043305679535661E-002
  0.61235142650342367        1.3691458398637160E-002
  0.68233840305915439       -3.2657256707119119E-003
  0.57015935680793062        3.4037502207289396E-003
  0.67170385159468093        3.1281954673396055E-002
  0.54614397503315104        1.2257620280420930E-002
  -5.9025404832417638E-004  -3.0756226850504678E-003
  0.74943187548356327        9.8461162684642806E-002
  0.72222216283138230       0.13174878465105111     
  0.82660433802230338        7.6485740926834231E-002
  0.73799091642835846       0.10454917800673171     
  0.67201610453294958       0.11754210326410783     
  0.78597816848310420       0.11888509311478077     
  0.76027041423132669        9.7090992999645923E-002
  0.72299068825463642       0.10509869906497141     
  0.41635641942464940       0.24900590984499346     
  0.54036692272579512       0.22365486852961142     
  0.21780146291500024       0.31946926041257023     
  0.38399445464272730       0.23657501750403848     
  0.50568961131711654       0.27576256098499924     
  0.42612130735786791       0.24673764574183799     
  0.42377296605558257       0.23544226493101264     
  0.15190073549152097       0.16105346369551943     
  0.25866575841855322       0.27503329833987039     
  0.42416169413600879       0.28070750620823104     
  0.90747827498332134       0.13561832585111258     
  0.84881147032131954       0.14488049082489490     
  0.89420760828366164       0.14099650179983431     
  0.82683111097988904       0.14005128467219471     
  0.87877190534286598       0.12712883641484735     
  0.86084957997996248       0.14563795754615758     
  0.85960693120989939       0.14434854905661090     
  0.52012314105209412        8.4916412160106983E-004
  0.47879581682902878       -5.4668864384596884E-005
  0.53312877605257492       -1.3352013552095448E-003
  0.29994835022799482       -4.2244938179285637E-004
  0.53326086234082692       -3.3303824079798957E-003
  0.52189317913627842        2.9710001599958600E-004
  0.45344172211789785        4.4567733278943306E-004
  0.43659909184996198       -2.3710797897497052E-003
  0.79395179727094622       -8.5020807505557317E-004
  0.81686362557591885       -1.5506346889086720E-004
  0.77923982712531659       -5.1013352026934482E-003
  0.74358915297607919       -2.5845571095877728E-003
  0.79653692285842359        4.6924016013175840E-003
  0.59399254197641171        8.3818313049875796E-003
  0.57840340051316785        2.6070822242617044E-003
  0.55210883744450245        1.8072617873496892E-002
  0.43836074066293146        1.3724598829335260E-002
  0.57743235123771985        1.3313824791760968E-002
  0.65656454573460477        2.0056339037771636E-004
  0.53366400228103006        4.3708906987681489E-003
  0.64470771857577103        3.5249432613144997E-002
  0.50984352490343443        1.1506305277751162E-002
