 cosx vtec
   7.3902126831294435E-002   3.1388095203105523E-002
  0.18364099908005480        1.1266557126342261E-002
  0.12539756042774122        1.6147304182509994E-002
   9.3493043698302164E-002   2.6590208887822465E-002
   5.2137382988856090E-002   2.7965496839924199E-002
  -1.1101653432343817E-004   4.8858144319178523E-002
  0.24722113446967470       -9.6162401822252549E-004
  0.30488830198313244       -3.1685733285309186E-004
  0.16299036947529166        1.2930267714109428E-003
  0.21476597140738157        7.5567409252068395E-005
  0.28235500540116171        3.9073304018642291E-003
  0.30999401347949662       -7.3190681211835254E-004
  0.25920197837648962       -5.0381838196475351E-004
  0.59689910320162731       -1.2897270245265243E-003
  0.69421639611566910       -1.5853890733796313E-003
  0.76649185253868812        2.7911010227498938E-003
  0.77747662695214115        2.5617719413499748E-004
  0.68971327529387660        1.3981685127904576E-003
  0.72001468574882677       -5.1007868414364495E-003
  0.34007289178296174       -1.4334823602417959E-004
  0.40111053175642414        9.1280395362138908E-005
  0.25478898729997707        2.6484931139093269E-003
  0.35901556558580616        2.4790802105653944E-003
  0.51148546173897436        4.0766235908728171E-004
  0.30464972498987342       -1.5515789069554193E-003
  0.38164689200832147       -3.5281456368758475E-003
  0.40021242511024624       -1.1035258684171378E-003
  0.35093684253701718        4.7901094501673130E-004
  0.63225793975754274        1.5687779507678255E-003
  0.73556503212240498        2.7623175054397550E-003
  0.66736199733748425        4.0197458449612528E-003
  0.71051111297284875       -4.7835043372671920E-004
  0.63180707879035192       -3.4377783499088652E-003
  0.20362175244936409        1.7863194930720187E-002
  0.14406529145485827        1.9575283317887330E-002
  0.15989072132185286        3.0287222014354839E-002
  0.21832432640133706        1.6668697761839574E-002
  0.33166243239079862        1.3116161486377044E-002
  0.16374428350946704        2.5127913673000962E-002
  0.28546814422561040        1.0602088710713380E-002
  0.21477334181977281        1.3917213258329682E-002
  0.27217259920624848        1.0555076789434181E-002
  0.89558570907872315       -2.7604670143527199E-003
  0.87403436780568611       -1.1527491207212459E-004
  0.84153059659648388       -1.3811317215394021E-003
  0.78726354211643068        4.4922859168688416E-003
  0.83990419706886044       -1.2436391499969313E-003
  0.71736669609196269        2.0479110461447654E-004
  0.64447586976724913       -4.5297425071958546E-003
  0.79685633951895718        3.3594982712548912E-003
  0.82539606091578910       -1.0845568661108529E-002
  0.76845226156882629        2.4618362171800252E-002
  0.70020729799577697       -3.8686800322529163E-002
  0.74483972678546073        4.1191537438215890E-004
  0.53335216263846319        2.3041674179984772E-003
  0.58862342126296241       -2.7525199677435008E-004
  0.64940192670720154       -1.2724938539822386E-003
  0.69003274260635594       -2.9124891541573404E-003
  0.58524537179116942        1.6272398366837053E-003
  0.60629966099103849       -1.8118724865727565E-004
  -8.8600258982287905E-002   2.5444023499378923E-002
  -6.2015791636885642E-002  0.15838180996555629     
  0.47423639782156352        7.1904269094688437E-003
  0.56932771215158395       -4.0428397746459149E-004
  0.54198953241410430        8.0264766956408590E-004
  0.51166227284486832       -4.8977605447199585E-004
  0.45241714565898272       -4.6278575108834206E-003
  0.25426398173245041       -1.1004490245101013E-003
  0.30644906549044648       -8.3599036980587562E-005
  0.11981498408945135       -7.6881997226430749E-004
  0.20487496830349700       -1.8436084074217239E-004
  0.27950619424576278        8.0550389157429145E-004
  0.33488317192566486        9.8471546486337408E-004
  0.25219765296760949       -6.6271548454806327E-004
   2.8811171111051220E-002   5.8068373183961623E-002
  -2.4777242247985484E-002   6.6928927599418278E-002
  -1.0415307841926395E-002   7.8420673010781289E-002
   3.9686772038590543E-002   6.1524758571879119E-002
  0.20403035730907870        3.4345231023820519E-002
  -9.4903415473776565E-003   6.3733997491919478E-002
  0.12757282120100097        4.5257741978062357E-002
   3.5278916330816368E-002   6.0545584113714725E-002
  0.36165663921131935       -1.9673738106778019E-003
  0.45435216751200236        3.1601492638171458E-003
  0.41701125473714706       -3.5944424831929598E-003
  0.38701886324812956       -4.0640839485871225E-003
  0.32680837437705890        8.8320842817718771E-003
  -8.6429435184029124E-002   1.7487307358282290E-002
  -4.7995835188999358E-002   9.1331953273705319E-003
  -5.9502038187171508E-002   3.9713315750270527E-003
   9.8820708763857512E-002   1.5067994553094507E-004
   4.4884278532294486E-002  -6.6718014027117778E-004
  -2.9427921877385133E-002   4.4953568808341338E-003
   4.1552520856245612E-003  -1.1062818537919612E-003
  0.16259955924368394        7.7012684142695968E-003
  0.25843739295569462        2.1670522914370286E-003
  0.21366238941719015        1.8489583781809297E-003
  0.18427777143311408        4.0539128396376491E-003
  0.14316690520446318        1.1603254861881261E-002
  -9.7777291241900322E-002  0.15621543594884907     
  -4.7570023739128164E-002  0.16669204073483934     
  -9.4681194746223052E-002  0.15831919765343447     
  -4.2772382440927015E-002  0.14958327736875440     
  0.65170351580188357       -2.0566632077150596E-002
  0.80849534575071491       -1.2701386721718732E-002
  0.77860262401323699       -4.1639714671229781E-003
  0.74163750239688420       -1.2944937963955926E-003
  0.69761678712055741       -5.6288340745692606E-003
  0.74125501005626826       -4.6381131940633384E-003
  0.82040246135297668       -1.8425442309917390E-003
  0.75990994102826714       -6.4994435822044718E-003
  0.83024700401403373       -1.5193500429710259E-003
  0.81345222135003548       -1.0268789279195456E-003
  0.75780908788183377       -2.8028151825057441E-004
  0.91376787038771834        5.2825112062993246E-004
  0.96967508088679100       -2.3291142227196697E-004
  0.89893957898017607       -1.0360885492778609E-003
  0.87857342551311257        2.9107282886670050E-005
  0.87409910622165543       -2.7870839953360914E-003
  0.94326106354721595        1.0504469837238101E-003
  0.19454585653706130        1.2428388263224378E-003
  0.25006428091470734       -2.6804108066335843E-004
  0.10005793210582853        5.3309663252945824E-003
  0.16198314390518209       -1.7674594537552189E-004
  0.22527392581550398        1.4058700887975260E-003
  0.26185763489968239        3.4385848994467221E-003
  -5.5492967388024117E-002   7.1561491682741601E-004
  0.18894949664629784       -1.9313477136490538E-003
  0.21005926642559192        4.6256906650562378E-004
  0.51511250216240301        1.7706911728363754E-002
  0.67976410845513313        8.3064049308213578E-004
  0.62986877021233934       -9.0239836387568228E-003
  0.58351104605744419        2.1763725522982606E-002
  0.54472847202260644       -7.8960665841218552E-003
  0.40796860981796590        8.2147199687336817E-002
  -9.3842604190605028E-002  0.16523917677199620     
  -9.9603796616555981E-002  0.14616974875789149     
  -5.5884758026446241E-002  0.13480062142992202     
  -2.2869153511361442E-002  0.13244874296649659     
  0.11065046209723260       0.12622566330818735     
  -2.2967911132268454E-002  0.13218300977472652     
   3.1986054323202007E-003  0.13403129489593524     
  0.46231106336851679        4.4968026919053892E-003
  0.50982486616566458        4.2981282663374643E-003
  0.57505239048424217        1.4764253058574511E-003
  0.50681596478721402        7.5457911314361602E-003
  0.52514123482983921        8.4268154823119001E-004
  0.44479570979916688        4.5253359407055623E-004
  0.51104274870940380        9.6129781111855802E-004
  0.34651524422673696       -3.0777218663015225E-003
  0.46149686072864654        1.1174027867113141E-003
  0.56761776889645699        4.3087592295885479E-004
  0.40228237672006073       -2.2641791912794453E-003
  0.49426612041472751       -1.7650548315984085E-003
  0.50600321144197757        8.1385757764911872E-004
  0.45725067843754746       -4.3943034735775886E-004
  0.68797171720796457       -6.3980360992366920E-003
  0.85764081348759369       -2.4152062409891399E-004
  0.82458111706491422       -1.6801410417189593E-004
  0.79202674138699658        3.3360350109583664E-003
  0.74577808586902006        4.1850298004085691E-003
   8.1918251431473077E-002   8.7806748522432240E-002
  0.13099259796949086        4.9557197440978550E-002
  0.20134320415683771        3.7410694713585532E-002
  0.15062881528754979        4.7976232722304335E-002
   9.3315011016641247E-002   6.5191784758076146E-002
  0.19167220734788898        6.2451256859090268E-002
   4.3838215199138664E-002   8.2339747719577638E-002
  0.34699998583514635        1.8039901042231622E-002
  0.38942782485026717        9.4478455624341824E-003
  0.45950423617173380        7.0401137222157381E-004
  0.40905136299797518        6.7728585436055448E-003
  0.61627036923906009        1.3401480297468547E-003
  0.67810281142370354       -2.2287743463634928E-003
  0.63210440395252121        4.6502114942599477E-003
  0.72730050775707089       -5.4593737072498264E-003
  0.55250536592960864       -2.8915610890522516E-003
  0.65890730819129528       -3.4230545147837048E-003
  0.67857320029371027       -3.1479813156236563E-003
  0.63017195047268593        1.0378312096303243E-003
   6.7718502681318238E-002   7.8589178373334942E-004
  0.12663458205997774        8.1466062100912489E-003
  -3.5641949013920982E-002  -1.6584863994053397E-002
  -7.0228395209296579E-002  -1.3931294641972591E-003
   3.4920879013998984E-002   5.5444735493517883E-003
   9.6417517725828350E-002   9.1762047814772235E-003
  0.15132566039672418       -1.2828109273727184E-002
   6.7110116425775079E-002  -1.6253284049114482E-003
   9.6083138881088381E-002   7.0115968919918338E-003
   4.1883158036891494E-002  0.14808115052818685     
  0.89622004813821809       -9.8763709137592026E-004
  0.88015277652090984       -4.1869643802628563E-004
  0.86037169174292583        2.6979917087478181E-003
  0.85629930122709685       -2.0610140261236542E-002
  0.92976605017100400        1.2452667861203354E-003
  0.54514708291594216        1.2527483998860428E-003
  0.48309347556137450       -1.7301745083221845E-004
  0.57480200522106184       -3.1242440398636237E-003
  0.60601232341748457       -1.7347450135841900E-003
  0.53084392109503997        2.6230552523900720E-003
  0.39131735850635330        1.8930705919911962E-002
  0.44347199416830774        1.1916057871492762E-002
  0.38579993071857960        2.6299998063288428E-002
  0.52069295874532084        3.0246794274645942E-002
  0.42397136405889013        1.8192433725313806E-002
  0.35285994850283930        2.2596442649661611E-002
  0.45692641193180350        3.6811161512725413E-002
  0.30066879523007450        1.8706940296745276E-002
  0.25268507856168382        4.3737613825485785E-002
  0.32638422805128375        5.4220707082015401E-002
  0.27790443402058612        2.2100578287264510E-002
  0.43755830144023583        3.8172727753038857E-002
  0.37366716887454299        3.4166946097695702E-002
  0.30221761878795539        3.9101947776732475E-002
  0.24150185054173737        3.1988908536078074E-002
  0.33189619518149199        1.7970343024593889E-002
  0.19268327985204919        4.5846785742042269E-002
  0.61154834666344926       -1.9788785958775273E-003
  0.63929054660471096        3.0912012073850120E-003
  0.71095047320039428       -1.0990283110258188E-003
  0.53378999969831920       -6.3503376515465252E-003
  0.68944821732714245       -6.4708599269172379E-004
  0.63702098471282631       -7.8571204327096563E-004
  0.67793243268190961        9.8326762151727080E-003
  0.54402710425042200        4.4944733756782226E-003
  0.65247479017847887        4.1619556586150374E-005
  0.62774203861807187        1.0181072196445450E-004
  0.59442428188168195        9.7886086240164469E-004
  0.52598886340814976        1.4547404301936036E-003
  0.61013365227385397       -6.6559077245274684E-002
  0.75840725583147606        1.2596067335274474E-002
  0.73790071760162856        7.0879289311199635E-003
  0.69385849799793031        6.6438648602652759E-003
  0.64906479986094678       -5.4175284405365660E-003
  0.68877529782488212        2.9433060817074527E-002
   7.8929878475764104E-002   9.9820059252443555E-003
  0.16216295674665399       -3.7000416006854219E-004
   2.2558670085970622E-002   1.8675346546876515E-002
  0.10103416164120679        1.4043305679535661E-002
   4.9532601839241741E-002   1.3691458398637160E-002
  0.13972136888962761       -3.2657256707119119E-003
  0.15268556173255893        3.4037502207289396E-003
   8.9237643967830960E-002   1.2257620280420930E-002
  0.81654742179053641        2.5771873650454365E-003
  0.88914626461758117       -1.3529777179666987E-003
  0.93005629443525906       -1.1808690353571833E-003
  0.93605386765404708        7.4402037411422828E-004
  0.84620070027028327        7.6328347695225137E-004
  0.57246154983612674        2.6846181032148721E-003
  0.79578128707149443        1.0945867007753183E-002
  0.67614272934290764        2.3432810183311586E-003
  0.64797482948598661       -3.2395965922499021E-004
  0.61423675987637605       -4.8797874420135490E-003
  0.52166029471241093       -5.2858658594888007E-004
  0.64632991955645713       -3.0756226850504678E-003
  0.47396079811983194        1.0429660983790989E-003
  0.54636541394347171       -3.9392958123306140E-003
  0.61367085648945219       -2.6960714250803385E-003
  0.60640911729199609       -1.8727780249503010E-003
  0.54397047068726656       -1.1094276968550666E-003
  0.42687889648553939       -6.5629287989389468E-002
  0.60070255053608423        3.7236779886469638E-002
  0.55205586199818280        2.3331244339242788E-002
  0.49271667542676245        5.3890500421188120E-002
  0.45216385947126403       -2.5957776823408510E-002
  0.35287139236802639        1.1119219847883991E-003
  0.49037649434801289        4.7128949035861690E-003
  -1.6968946148372965E-002   8.2660410074114427E-002
  0.14047460787636734        5.3228857593158180E-002
   4.1471864176425621E-002   7.3020605151964693E-002
   1.1676344367301250E-003   7.8166746204510071E-002
  -4.8690392740643351E-002   9.1071406014058096E-002
  -6.1259748532071334E-002   9.4915412526753465E-002
  0.23841553540144200        9.4451464532240188E-003
  0.32840717607183934        1.1453759532210719E-003
  0.29118335072904100        3.0972946582373577E-004
  0.26285738867571556        4.0459565148590155E-003
  0.22102522512828329       -2.9440414659286200E-003
  0.12825845953984297        9.1890626038973619E-002
  0.16312286937783882        8.9232693140954458E-002
  0.25749926073390794        7.9305013365230340E-002
   8.9781361614348743E-002  0.10785865931896235     
  0.16668946108522506        9.8507271950027134E-002
  0.17701603907677912        8.8057338305888105E-002
   7.1173825088070797E-002  0.10911163290952455     
  0.53366999097755019       -3.3425157168294802E-003
  0.60761438912965848       -3.8818913480724538E-003
  0.53954262856847035        8.9833006876898162E-003
  0.68012996699986483       -1.3661553311033220E-002
  0.58577492239894680       -8.8073565653271145E-004
  0.47518656527975472        4.9149835120062069E-003
  0.62592252857703368       -2.4785332552559099E-003
  0.52868650445094412        5.4750847723127635E-004
  0.59515917237685512       -4.2505274616567703E-004
  0.65736813568620900       -1.3171948025796579E-003
  0.66407233345473615       -1.8023279581236178E-003
  0.59247677780630204        8.3129325865411764E-004
  0.61691312979867374        1.6411836388117915E-003
  -5.7675189460532628E-003  0.13246439172701949     
   1.5966243599159990E-002  0.11013581044319495     
  0.11896602094890674       0.11128465476742398     
   3.6828849394171859E-002  0.11089543821439511     
  -1.1575765444551356E-002  0.11116968048219136     
   7.0883825599471040E-002  0.10889889671508828     
  -4.1094378516824293E-002  0.12766311865842941     
  0.49129115275377372        8.4916412160106983E-004
  0.54600414940459752       -5.4668864384596884E-005
  0.35107429984141503       -1.3352013552095448E-003
  0.64060626304684976       -4.2244938179285637E-004
  0.44543495010271039       -3.3303824079798957E-003
  0.52634266700794019        2.9710001599958600E-004
  0.54935412867996214        4.4567733278943306E-004
  0.50213396401970112       -2.3710797897497052E-003
  0.78236480692766563        9.8087097748654267E-004
  0.84422000424424237        9.4037645013731136E-004
  0.85562046665459801        1.0679193046887114E-003
  0.77653530000298177       -1.1549248023281166E-003
  0.80616082971957104        1.8992592505824720E-003
  0.47673892457286438        5.5251441139887595E-003
  0.52461192493162567        4.3041167197905104E-003
  0.58806936710854263        1.1148198628110624E-003
  0.67666108027634997       -1.3085628101525500E-003
  0.37735036561519431        6.9246880664974152E-003
  0.52157761771727318        5.5167347462069475E-003
  0.54041976691303795        2.1253009273816455E-003
  0.17229287790728420        8.4135536254450499E-002
  0.23073823430564774        8.2703558476082906E-002
  0.18384007727893742        7.5380639790021020E-002
  0.20944282993460372        5.4533390711802091E-002
  0.15598876204211098        6.4489324284025470E-002
  0.23631921187561003        7.1651545479248444E-002
  0.12274325583764933        9.0258191014254516E-002
  0.29645451889250057       -8.5020807505557317E-004
  0.25047949591072477       -1.5506346889086720E-004
  0.32220268865607032       -5.1013352026934482E-003
  0.36834462612914626       -2.5845571095877728E-003
  0.29290267329132319        4.6924016013175840E-003
  0.61995806355467897        2.4799101011279450E-002
  0.78782387997484116        8.4751966823167141E-004
  0.73353161910526699       -1.8370760649632202E-002
  0.69953485416461958       -1.0370612665447969E-002
  0.66090133837493181       -6.4404368176136234E-003
  0.70776743152243737        2.5476774128805581E-002
  0.58729193219763842        1.9621664489074078E-003
  0.66051037831537318       -8.6461834010806492E-004
  0.72668568593333271       -6.8462720169913715E-004
  0.64999030457874274        3.7369930714168309E-003
  0.67940504666157664        8.6660225717047866E-004
  0.10090988593090100        8.3818313049875796E-003
  0.18561030865328554        2.6070822242617044E-003
   4.4328394198924870E-002   1.8072617873496892E-002
  0.12100253397684960        1.3724598829335260E-002
   7.0932519723538701E-002   1.3313824791760968E-002
  0.16521582776142829        2.0056339037771636E-004
  0.17366796218942079        4.3708906987681489E-003
  -9.9551585398305581E-002   3.5249432613144997E-002
  0.11089715141967701        1.1506305277751162E-002
  0.51493590148338442       -5.3442707312885435E-003
  0.70477707979708293        3.7478703672659777E-002
  0.61825336952128840       -2.1772687804446937E-003
  0.58000729787540362        1.0759656352642602E-003
  0.54527848957102876        4.2652573153633314E-002
  0.59397741153678107       -3.3462569972034603E-002
  0.78230822310952697       -5.4098435224847240E-003
  0.84590126787872655        1.0679439633908623E-003
  0.87817592468637806       -1.1953104522261194E-003
  0.77260637165236579        8.8012785027625573E-004
  0.80554715680607103        8.7154376573935952E-004
