 cosx vtec
  0.70294083055824985       -9.6162401822252549E-004
  0.73809240092079831       -3.1685733285309186E-004
  0.60026643247643263        1.2930267714109428E-003
  0.66800970403344040        7.5567409252068395E-005
  0.75299520648462692        3.9073304018642291E-003
  0.71524254089834161       -7.3190681211835254E-004
  0.63825213884236709       -5.0381838196475351E-004
   2.4965237280008545E-002  -1.2897270245265243E-003
  0.18333635420540992       -1.5853890733796313E-003
  0.24670564953332419        2.7911010227498938E-003
  0.35202811144713042        2.5617719413499748E-004
  0.23182579918238291        1.3981685127904576E-003
  0.14936356552524166       -5.1007868414364495E-003
  0.65850474675039994       -1.4334823602417959E-004
  0.69233090500303107        9.1280395362138908E-005
  0.55021106665102404        2.6484931139093269E-003
  0.51410117305575953        2.4790802105653944E-003
  0.61262368886923424        4.0766235908728171E-004
  0.61872557954218432       -1.5515789069554193E-003
  0.72636179561310188       -3.5281456368758475E-003
  0.66061272320763609       -1.1035258684171378E-003
  0.58974589575304903        4.7901094501673130E-004
  -4.1198905789267007E-002  0.10729922832570163     
  -9.5894706712459976E-002  0.12261495911962182     
  -7.0213132117628183E-002  0.10407521999405821     
   3.6025085198132731E-002   7.9455081797138630E-002
  -8.7915018952998386E-002  0.11227182130513493     
  0.99933334251225825        1.5687779507678255E-003
  0.97240379570639424        2.7623175054397550E-003
  0.99795703047956008        4.0197458449612528E-003
  0.99373979905590737       -4.7835043372671920E-004
  0.99362798445847600       -3.4377783499088652E-003
  0.29408000951241886        1.7863194930720187E-002
  0.14778014056461025        1.9575283317887330E-002
   2.9162819419208237E-002   3.0287222014354839E-002
  0.13938578302587620        1.6668697761839574E-002
  0.19832426866622635        1.3116161486377044E-002
  0.20847885068932440        2.5127913673000962E-002
  0.26753916987699533        1.0602088710713380E-002
  0.17330729049782484        1.3917213258329682E-002
   4.7047740910958133E-002   1.0555076789434181E-002
  0.25364116430419453       -2.7604670143527199E-003
  0.29032645535632501       -1.1527491207212459E-004
  0.23818025739737647       -1.3811317215394021E-003
  0.13073010205434238        4.4922859168688416E-003
  0.12858584761415720       -1.2436391499969313E-003
  -6.5221754220330469E-002   2.0479110461447654E-004
   3.3375981381408071E-002   3.3594982712548912E-003
  0.11548667431378606       -1.0845568661108529E-002
   2.9484487468911413E-002   2.4618362171800252E-002
  -8.7731471102856035E-002  -3.8686800322529163E-002
  -4.8381418429972511E-002   4.1191537438215890E-004
  -2.2287847912477315E-002  -2.7525199677435008E-004
   2.5517477949872969E-002  -1.2724938539822386E-003
  0.16532314691796887       -2.9124891541573404E-003
   1.5831655014690776E-002   1.6272398366837053E-003
  -4.2848467500979676E-002  -1.8118724865727565E-004
  -8.7512146083384257E-002  0.15282663361311893     
  -2.8403408508718142E-003  0.15789407856856472     
  0.42788716426670309        5.2849905566731969E-002
  0.52857628813563584        3.8106920053663500E-002
  0.33884592529047741        6.3276848475789002E-002
  0.39074637197211148        7.0919116972806243E-002
  0.38918020844395956       0.10519336145341916     
  0.50127586652491785        5.0497807114577992E-002
  0.27157907193822556       0.10388572255787835     
  0.51788647118878495        5.3512534605510184E-002
  0.32894395401699739        7.5890816554633062E-002
  0.52590844835765782        6.5135368128468984E-002
  0.36270174200239902        6.0586009130342254E-002
   1.0962046206705711E-002   7.1904269094688437E-003
  0.17776317881735260       -4.0428397746459149E-004
  0.13870172892444493        8.0264766956408590E-004
   7.6915844452840831E-002  -4.8977605447199585E-004
  0.11477369840871246       -4.6278575108834206E-003
  0.89940182032685112       -1.1004490245101013E-003
  0.92354380481979836       -8.3599036980587562E-005
  0.84611255710601008       -7.6881997226430749E-004
  0.86683716726285720       -1.8436084074217239E-004
  0.91572848029305198        8.0550389157429145E-004
  0.92685778607771319        9.8471546486337408E-004
  0.90883221096260458       -6.6271548454806327E-004
  0.17938567622087981        5.8068373183961623E-002
   3.4159354616774246E-002   6.6928927599418278E-002
  -6.9653479505461247E-002   7.8420673010781289E-002
   2.1901069499016643E-002   6.1524758571879119E-002
   9.4742109415405479E-002   3.4345231023820519E-002
   8.7818434737578818E-002   6.3733997491919478E-002
  0.17484688196501905        4.5257741978062357E-002
  -1.1026961220408249E-002  0.10812904251234406     
   5.5569763155350178E-002   6.0545584113714725E-002
  0.13262220142308700        9.8655685494388690E-002
  -1.2922471542319097E-002  0.13308650335389738     
  0.32774157951870914        5.5964969898950119E-002
   8.7185264842796290E-002  0.10687066290385225     
  0.10401581420367248       0.10745699758102502     
   6.4426918187166449E-002  0.13555866064375602     
  0.19350501480629526        9.3728464902475037E-002
   9.0172956843482116E-002  0.10544067617861003     
  -5.0008492992640707E-002   3.1601492638171458E-003
  -9.9485932206985345E-002  -3.5944424831929598E-003
  0.57813386570868863        4.4498150413293282E-003
  0.64391458051413963        1.7487307358282290E-002
  0.48200615589625234        4.1352447010887541E-002
  0.53771632901630229        2.9894771136291815E-002
  0.54380420525177420        4.3363388991551628E-002
  0.62425930315519484       -3.1374722056225199E-002
  0.40556095214592147        4.4487769866509388E-002
  0.64455072184669959        9.1331953273705319E-003
  0.47178859814868612        3.6179897849154104E-002
  0.63028468654254988        1.7362169594392445E-002
  0.50804255788465413        2.1612762921603676E-002
  0.51080756764051327        3.9713315750270527E-003
  0.55776228664463856        1.5067994553094507E-004
  0.61547368968556504       -6.6718014027117778E-004
  0.47841838030109596        4.4953568808341338E-003
  0.55393733252941535       -1.1062818537919612E-003
  0.44366258004085790       -4.5443046438902509E-003
  -7.1523478228049886E-002  -2.0566632077150596E-002
   9.9380289334504546E-002  -1.2701386721718732E-002
  0.13530167326269044       -4.1639714671229781E-003
   8.0591216098005125E-002  -1.2944937963955926E-003
  -4.7033207211882866E-004  -5.6288340745692606E-003
  -1.6496455160014523E-002  -4.6381131940633384E-003
  0.66573187020189528       -1.8425442309917390E-003
  0.48058225412820066       -6.4994435822044718E-003
  0.55597113863328285       -1.5193500429710259E-003
  0.61352342564860052       -1.0268789279195456E-003
  0.53818997648836797       -2.8028151825057441E-004
  0.80932620203790562        5.2825112062993246E-004
  0.68456056999035808       -2.3291142227196697E-004
  0.70993036827004152       -1.0360885492778609E-003
  0.66377078460896655        2.9107282886670050E-005
  0.83839594144936769       -2.7870839953360914E-003
  0.80168858188562353        1.0504469837238101E-003
  0.75351981504496368        1.2428388263224378E-003
  0.78757196988828149       -2.6804108066335843E-004
  0.64524910793709611        5.3309663252945824E-003
  0.72095844057316139       -1.7674594537552189E-004
  0.79131430576520578        1.4058700887975260E-003
  0.77288364717996472        3.4385848994467221E-003
  0.58880425597759123        7.1561491682741601E-004
  0.82817994855432620       -1.9313477136490538E-003
  0.68607748928063506        4.6256906650562378E-004
  -8.5533022674578074E-002   8.3064049308213578E-004
  -5.2076850483572024E-002  -9.0239836387568228E-003
  0.63182890402025071        4.5253359407055623E-004
  0.66058660719892326        9.6129781111855802E-004
  0.50592327376731694       -3.0777218663015225E-003
  0.49375346056248171        1.1174027867113141E-003
  0.57110758446725229        4.3087592295885479E-004
  0.58438429339897158       -2.2641791912794453E-003
  0.72041038636512655       -1.7650548315984085E-003
  0.62072008206594242        8.1385757764911872E-004
  0.55210477934277302       -4.3943034735775886E-004
   7.2514286296111202E-002  0.13828575727672404     
  -3.7763023447783872E-002  0.13496985917050677     
   6.1674353651233194E-003  0.13312764346030101     
  -4.7288166544237009E-002  0.13731931094613789     
  -1.3445926914902651E-002  0.14286392655987321     
  -4.0074004949675612E-003  -6.3980360992366920E-003
  0.19733536557682324       -2.4152062409891399E-004
  0.22915169479206504       -1.6801410417189593E-004
  0.17909525835653228        3.3360350109583664E-003
   8.9630060419122637E-002   4.1850298004085691E-003
  -8.8985151521499328E-002   9.4478455624341824E-003
  -4.2813257974039939E-002   7.0401137222157381E-004
  0.76872868235708991        1.3401480297468547E-003
  0.77897203740931986       -2.2287743463634928E-003
  0.59757143960409342        4.6502114942599477E-003
  0.70001509839708476       -5.4593737072498264E-003
  0.72172765670776595       -2.8915610890522516E-003
  0.82127430398487433       -3.4230545147837048E-003
  0.74973651884609893       -3.1479813156236563E-003
  0.68002075197730438        1.0378312096303243E-003
  0.75229725911845780        7.8589178373334942E-004
  0.79101417320336620        8.1466062100912489E-003
  0.63631002087515198       -1.6584863994053397E-002
  0.70901196543529710       -1.3931294641972591E-003
  0.72056995927763445        5.5444735493517883E-003
  0.78336465377033593        9.1762047814772235E-003
  0.78731130496782287       -1.2828109273727184E-002
  0.61101212527648596        3.2156347579018912E-003
  0.78929113669937290       -1.6253284049114482E-003
  0.67490520468949966        7.0115968919918338E-003
  0.18463329290061642       0.12439328161424504     
   8.2061847880781774E-002  0.12268714835724899     
  0.13307976147161119       0.13250280893800487     
  -1.3394057487746858E-002  0.14929554268333578     
  0.13058957591647108       0.12294461422415401     
   5.2027923578916613E-002  0.13888483793408246     
   7.6568733490210150E-002  0.16177407630208820     
  0.11230554229853690       0.14745223535839036     
  0.81482047822201031       -9.8763709137592026E-004
  0.71548861472066394       -4.1869643802628563E-004
  0.67088948234414780        2.6979917087478181E-003
  0.83723379755895788       -2.0610140261236542E-002
  0.81300982567031821        1.2452667861203354E-003
  0.92903220769630290        1.2527483998860428E-003
  0.89276622880245182       -1.7301745083221845E-004
  0.95004911966340222       -3.1242440398636237E-003
  0.92987005250099952       -1.7347450135841900E-003
  0.97524984156468453        2.6230552523900720E-003
  0.60347776317478141       -1.9788785958775273E-003
  0.42501882829366194        3.0912012073850120E-003
  0.48715513355058904       -1.0990283110258188E-003
  0.52538886785471706       -6.3503376515465252E-003
  0.54343076467880724       -6.4708599269172379E-004
  0.47131603893779883       -7.8571204327096563E-004
  0.33682360196867561        9.8326762151727080E-003
   9.1385197563971704E-002   4.4944733756782226E-003
  0.29334712069314994        4.1619556586150374E-005
  0.25611385679026766        1.0181072196445450E-004
  0.18425361786820071        9.7886086240164469E-004
  0.22633047343031465        1.4547404301936036E-003
   4.1309954006227279E-003   1.2596067335274474E-002
   4.9448491261720295E-002   7.0879289311199635E-003
  -1.3796923612728440E-002   6.6438648602652759E-003
  -9.2266383282956221E-002  -5.4175284405365660E-003
  -9.9588533681116115E-002   2.9433060817074527E-002
  0.46195140128703033        9.9820059252443555E-003
  0.53028872178927644       -3.7000416006854219E-004
  0.36935859554211525        1.8675346546876515E-002
  0.33302517059089465        1.4043305679535661E-002
  0.41853755748312260        1.3691458398637160E-002
  0.57758121624961711       -3.2657256707119119E-003
  0.47920993706147874        3.4037502207289396E-003
  0.32482399824186481        3.1281954673396055E-002
  0.39396727320675584        1.2257620280420930E-002
  0.13300528234084125        2.5771873650454365E-003
  0.22261869973443033       -1.3529777179666987E-003
  0.30857620425853871       -1.1808690353571833E-003
  0.38189969669249624        7.4402037411422828E-004
  0.13685444753993997        7.6328347695225137E-004
   1.2376453154218592E-002   2.6846181032148721E-003
  0.19010673779213932        1.0945867007753183E-002
  0.19139825173957609        2.3432810183311586E-003
  0.15018593472091527       -3.2395965922499021E-004
   8.3209854889289225E-002  -4.8797874420135490E-003
  0.11678190510290673       -5.2858658594888007E-004
  0.46703310692195943       -3.0756226850504678E-003
   9.2044524758396834E-002   1.0429660983790989E-003
  0.21902396756488615       -3.9392958123306140E-003
  0.26862483385838781       -2.6960714250803385E-003
  0.34016818880780098       -1.8727780249503010E-003
  0.25405445769137447       -1.1094276968550666E-003
  0.14259989586327962        9.8461162684642806E-002
   8.8778938199564617E-003  0.13174878465105111     
  0.32323966695162892        7.6485740926834231E-002
   9.7631421350839825E-002  0.10454917800673171     
  0.11075501071825886       0.11754210326410783     
   8.5047556871307856E-002  0.11888509311478077     
  0.20658261902524805        9.7090992999645923E-002
   9.8926371074491704E-002  0.10509869906497141     
  -4.8298875099110933E-002   1.1453759532210719E-003
  -9.6210017703311085E-002   3.0972946582373577E-004
  0.12558774769433675       0.13561832585111258     
   9.6461107333981611E-003  0.14488049082489490     
   5.8001483021539624E-002  0.14099650179983431     
  -6.5484649041347820E-002  0.14005128467219471     
   6.2688582826618433E-002  0.12712883641484735     
  -9.1239284562069090E-003  0.14563795754615758     
   6.2460800688244889E-003  0.14434854905661090     
   3.6686731914975651E-002   5.4750847723127635E-004
  0.14645745521070891       -4.2505274616567703E-004
  0.19463906931962857       -1.3171948025796579E-003
  0.28116899983833693       -1.8023279581236178E-003
  0.18165680068029627        8.3129325865411764E-004
  0.11261061963702843        1.6411836388117915E-003
  0.78854073153505289        8.4916412160106983E-004
  0.80869075871057861       -5.4668864384596884E-005
  0.64649420311634098       -1.3352013552095448E-003
  0.73600423139912530       -4.2244938179285637E-004
  0.74984620862971496       -3.3303824079798957E-003
  0.83240692142847172        2.9710001599958600E-004
  0.78560675465155705        4.4567733278943306E-004
  0.71429785670119805       -2.3710797897497052E-003
  0.23949393837141467        9.8087097748654267E-004
  0.30141767751639470        9.4037645013731136E-004
  0.39300253636272464        1.0679193046887114E-003
  0.28807110676089853       -1.1549248023281166E-003
  0.21527711695711069        1.8992592505824720E-003
  0.10277854983708062       -1.3085628101525500E-003
  0.89931473770245074       -8.5020807505557317E-004
  0.86696231518101630       -1.5506346889086720E-004
  0.91870736723805035       -5.1013352026934482E-003
  0.91989473109409425       -2.5845571095877728E-003
  0.91862314161841452        4.6924016013175840E-003
  -6.1674214059134230E-002   2.4799101011279450E-002
  0.10013032616366979        8.4751966823167141E-004
  0.12421084589056636       -1.8370760649632202E-002
   7.4662195270963461E-002  -1.0370612665447969E-002
   2.7496646393918578E-003  -6.4404368176136234E-003
  -3.7817769577665528E-002   2.5476774128805581E-002
  -4.1580912168297512E-002  -6.8462720169913715E-004
  -3.7289363449781676E-002   3.7369930714168309E-003
  0.45102144138710709        8.3818313049875796E-003
  0.52014602871623472        2.6070822242617044E-003
  0.35619201289047747        1.8072617873496892E-002
  0.32481957603951039        1.3724598829335260E-002
  0.40584862315927100        1.3313824791760968E-002
  0.57724352590690453        2.0056339037771636E-004
  0.46508850078923220        4.3708906987681489E-003
  0.30746000081856417        3.5249432613144997E-002
  0.38095593878380474        1.1506305277751162E-002
  -1.3502409144506788E-002   3.7478703672659777E-002
   1.0831002654737576E-004  -2.1772687804446937E-003
  -5.2838188094137706E-002   1.0759656352642602E-003
  0.13829003364844639       -5.4098435224847240E-003
  0.20419124752935111        1.0679439633908623E-003
  0.33265815391839942       -1.1953104522261194E-003
  0.19413688677949026        8.8012785027625573E-004
  0.12590549496432529        8.7154376573935952E-004
