 cosx vtec
  -3.1495890429581411E-002   1.1266557126342261E-002
  0.53179628668293855       -9.6162401822252549E-004
  0.58167922880039546       -3.1685733285309186E-004
  0.42124186235332467        1.2930267714109428E-003
  0.49246791814595503        7.5567409252068395E-005
  0.58404754076461729        3.9073304018642291E-003
  0.56647969464707126       -7.3190681211835254E-004
  0.48835239390587271       -5.0381838196475351E-004
  0.23077588874336638       -1.2897270245265243E-003
  0.37993532680401187       -1.5853890733796313E-003
  0.45845857178068028        2.7911010227498938E-003
  0.53096962126328129        2.5617719413499748E-004
  0.40806540400678931        1.3981685127904576E-003
  0.37295767790533801       -5.1007868414364495E-003
  0.53689262118708814       -1.4334823602417959E-004
  0.58758075471440585        9.1280395362138908E-005
  0.42246052496002862        2.6484931139093269E-003
  0.44143397614430557        2.4790802105653944E-003
  0.57856123865022324        4.0766235908728171E-004
  0.49295163578330503       -1.5515789069554193E-003
  0.60451538424187912       -3.5281456368758475E-003
  0.56402336267108122       -1.1035258684171378E-003
  0.49168478599769061        4.7901094501673130E-004
  -8.6804465471079645E-002   7.9455081797138630E-002
  0.93762910713220182        1.5687779507678255E-003
  0.97811145149651946        2.7623175054397550E-003
  0.95699325392059309        4.0197458449612528E-003
  0.96830512021747051       -4.7835043372671920E-004
  0.94349293959677016       -3.4377783499088652E-003
  0.22091262122754113        1.7863194930720187E-002
   9.5482167514625682E-002   1.9575283317887330E-002
   2.3450112963385155E-002   3.0287222014354839E-002
  0.12270750718143729        1.6668697761839574E-002
  0.21318034765589511        1.3116161486377044E-002
  0.14512890057740532        2.5127913673000962E-002
  0.23883328362111708        1.0602088710713380E-002
  0.14383313982702256        1.3917213258329682E-002
   8.6172347217012488E-002   1.0555076789434181E-002
  0.56917334455716195       -2.7604670143527199E-003
  0.59477523143033717       -1.1527491207212459E-004
  0.54833071744383921       -1.3811317215394021E-003
  0.45389469707874014        4.4922859168688416E-003
  0.45989762201062429       -1.2436391499969313E-003
  0.25315596935812013        2.0479110461447654E-004
  0.18008675609991134       -4.5297425071958546E-003
  0.36690096527314581        3.3594982712548912E-003
  0.44815309822319049       -1.0845568661108529E-002
  0.36885835199744732        2.4618362171800252E-002
  0.25819486989025220       -3.8686800322529163E-002
  0.28980224681693356        4.1191537438215890E-004
  0.11862061780341669        2.3041674179984772E-003
  0.19783265987324067       -2.7525199677435008E-004
  0.25945694751108161       -1.2724938539822386E-003
  0.36650239554973280       -2.9124891541573404E-003
  0.21906401622602048        1.6272398366837053E-003
  0.19528047996739575       -1.8118724865727565E-004
  0.12399655778172064        5.2849905566731969E-002
  0.23899900457636211        3.8106920053663500E-002
   3.5640321904579386E-002   6.3276848475789002E-002
   6.0695318915191920E-002   7.0919116972806243E-002
   8.4384569743562829E-002  0.10519336145341916     
  0.19855190112223955        5.0497807114577992E-002
  -6.5873259043125021E-002  0.10388572255787835     
  0.24307998423389690        5.3512534605510184E-002
   1.3824224757256073E-002   7.5890816554633062E-002
  0.20991401243863483        6.5135368128468984E-002
   8.4989262300370280E-002   6.0586009130342254E-002
  0.26520790960545781        7.1904269094688437E-003
  0.41692969396605967       -4.0428397746459149E-004
  0.37973879903687074        8.0264766956408590E-004
  0.32541465139137815       -4.8977605447199585E-004
  0.32940832110936374       -4.6278575108834206E-003
  0.69873996043656994       -1.1004490245101013E-003
  0.73907294738714169       -8.3599036980587562E-005
  0.61535467393773213       -7.6881997226430749E-004
  0.65137076321979237       -1.8436084074217239E-004
  0.72386516522623634        8.0550389157429145E-004
  0.75028065411662026        9.8471546486337408E-004
  0.71157812480905591       -6.6271548454806327E-004
   6.7350749747069547E-002   5.8068373183961623E-002
  -5.4022571565695926E-002   6.6928927599418278E-002
  -3.4440096548036606E-002   6.1524758571879119E-002
   8.6602865808187851E-002   3.4345231023820519E-002
  -1.1282275087695885E-002   6.3733997491919478E-002
  0.10657752513980817        4.5257741978062357E-002
  -1.3832466060377430E-002   6.0545584113714725E-002
   6.6810930617010128E-002   5.5964969898950119E-002
  -5.4695759132653239E-002   9.3728464902475037E-002
   7.8062788304428726E-002  -1.9673738106778019E-003
  0.21460059822933250        3.1601492638171458E-003
  0.16555350095695395       -3.5944424831929598E-003
  0.11592615031205136       -4.0640839485871225E-003
  0.11790988875673433        8.8320842817718771E-003
  0.28417814100457234        4.4498150413293282E-003
  0.36390275727995297        1.7487307358282290E-002
  0.18321628558205302        4.1352447010887541E-002
  0.22087214719694759        2.9894771136291815E-002
  0.24677707576468849        4.3363388991551628E-002
  0.33403888779936375       -3.1374722056225199E-002
   7.0701092026309434E-002   4.4487769866509388E-002
  0.37669476513916833        9.1331953273705319E-003
  0.15940609657782645        3.6179897849154104E-002
  0.33150721439056935        1.7362169594392445E-002
  0.24093506381557483        2.1612762921603676E-002
  0.36181953126270544        3.9713315750270527E-003
  0.46543292847076279        1.5067994553094507E-004
  0.47327444334535101       -6.6718014027117778E-004
  0.35733696558741035        4.4953568808341338E-003
  0.41801986317792950       -1.1062818537919612E-003
  0.29445855996168602       -4.5443046438902509E-003
  -6.3992069099531382E-002   7.7012684142695968E-003
   7.2775889226751503E-002   2.1670522914370286E-003
   1.6012646686967894E-002   1.8489583781809297E-003
  -3.1600665914432953E-002   4.0539128396376491E-003
  -2.3195134810729837E-002   1.1603254861881261E-002
  0.26279999481055899       -2.0566632077150596E-002
  0.43292599948773414       -1.2701386721718732E-002
  0.45524963724616374       -4.1639714671229781E-003
  0.40408969601673633       -1.2944937963955926E-003
  0.33024371836738692       -5.6288340745692606E-003
  0.32591829435319969       -4.6381131940633384E-003
  0.76309074409363087       -1.8425442309917390E-003
  0.60604457156331404       -6.4994435822044718E-003
  0.69298916778258335       -1.5193500429710259E-003
  0.72338787004478433       -1.0268789279195456E-003
  0.64371819532499508       -2.8028151825057441E-004
  0.95306803161797105        5.2825112062993246E-004
  0.89081728116472725       -2.3291142227196697E-004
  0.88855661617722204       -1.0360885492778609E-003
  0.85285326464596123        2.9107282886670050E-005
  0.95804338169597003       -2.7870839953360914E-003
  0.95571413466389987        1.0504469837238101E-003
  0.55044135905731273        1.2428388263224378E-003
  0.59855489902674486       -2.6804108066335843E-004
  0.43042836628641207        5.3309663252945824E-003
  0.51249869795577907       -1.7674594537552189E-004
  0.59222745969488899        1.4058700887975260E-003
  0.59146257499645083        3.4385848994467221E-003
  0.32959032776139868        7.1561491682741601E-004
  0.61034284370399594       -1.9313477136490538E-003
  0.50423327373437155        4.6256906650562378E-004
  0.10525435217858185        1.7706911728363754E-002
  0.25765126598547816        8.3064049308213578E-004
  0.27185160027693850       -9.0239836387568228E-003
  0.20953623086410569        2.1763725522982606E-002
  0.14716324829040345       -7.8960665841218552E-003
  -5.3264824756706373E-002   8.2147199687336817E-002
  -2.0568321867309818E-002   4.4968026919053892E-003
   4.2415846015355349E-002   4.2981282663374643E-003
  0.10799551457043184        1.4764253058574511E-003
   6.7356619772827572E-002   7.5457911314361602E-003
   4.3483977328521640E-002   8.4268154823119001E-004
  0.56260925960388175        4.5253359407055623E-004
  0.61255200833378354        9.6129781111855802E-004
  0.43022341372570266       -3.0777218663015225E-003
  0.47273666725548580        1.1174027867113141E-003
  0.57496855707769656        4.3087592295885479E-004
  0.51009265350015476       -2.2641791912794453E-003
  0.64847199622536311       -1.7650548315984085E-003
  0.58184095527317936        8.1385757764911872E-004
  0.51155331088900402       -4.3943034735775886E-004
  0.32497893905376724       -6.3980360992366920E-003
  0.51976327245368414       -2.4152062409891399E-004
  0.53741754536374520       -1.6801410417189593E-004
  0.49166832913972552        3.3360350109583664E-003
  0.41205948824715272        4.1850298004085691E-003
  -5.9465004324274848E-003   1.8039901042231622E-002
   5.5025066297424645E-002   9.4478455624341824E-003
  0.11850540347913197        7.0401137222157381E-004
   4.7577595802419222E-002   6.7728585436055448E-003
  0.73841216968996481        1.3401480297468547E-003
  0.77447550367418760       -2.2287743463634928E-003
  0.62347381447151573        4.6502114942599477E-003
  0.74088771268319531       -5.4593737072498264E-003
  0.67524999701093458       -2.8915610890522516E-003
  0.79692932975115494       -3.4230545147837048E-003
  0.75336372062752655       -3.1479813156236563E-003
  0.68066206742524371        1.0378312096303243E-003
  0.50471121153642184        7.8589178373334942E-004
  0.55729779743253527        8.1466062100912489E-003
  0.37416431505038644       -1.6584863994053397E-002
  0.42738048226803399       -1.3931294641972591E-003
  0.46704794707297070        5.5444735493517883E-003
  0.54097616327443721        9.1762047814772235E-003
  0.56238193616813537       -1.2828109273727184E-002
  0.32330874335771953        3.2156347579018912E-003
  0.53814779892649689       -1.6253284049114482E-003
  0.45182026725428842        7.0115968919918338E-003
  0.95126542974464023       -9.8763709137592026E-004
  0.88612501859493698       -4.1869643802628563E-004
  0.85145083999648008        2.6979917087478181E-003
  0.95168325467128867       -2.0610140261236542E-002
  0.95916236972012447        1.2452667861203354E-003
  0.83121149677260198        1.2527483998860428E-003
  0.77539750951456121       -1.7301745083221845E-004
  0.86174604733779536       -3.1242440398636237E-003
  0.85803307041119126       -1.7347450135841900E-003
  0.86735827431821466        2.6230552523900720E-003
  -7.9338869100846018E-002   1.1916057871492762E-002
   1.7524258668162223E-003   3.0246794274645942E-002
  -7.2546439589765116E-002   3.6811161512725413E-002
  -8.7950818574221157E-002   3.8172727753038857E-002
  0.61796546514851758       -1.9788785958775273E-003
  0.50898837404083042        3.0912012073850120E-003
  0.58585946252046373       -1.0990283110258188E-003
  0.52760655573224313       -6.3503376515465252E-003
  0.61350177137592143       -6.4708599269172379E-004
  0.53908489853184849       -7.8571204327096563E-004
  0.46967394751282471        9.8326762151727080E-003
  0.34741257929268660        4.4944733756782226E-003
  0.52694666726993622        4.1619556586150374E-005
  0.49240431674439950        1.0181072196445450E-004
  0.43061761491666273        9.7886086240164469E-004
  0.43399999620395657        1.4547404301936036E-003
  0.18997927643238341       -6.6559077245274684E-002
  0.34568920525709268        1.2596067335274474E-002
  0.37916648208522352        7.0879289311199635E-003
  0.31888452934331907        6.6438648602652759E-003
  0.24562471924600957       -5.4175284405365660E-003
  0.24649385597630910        2.9433060817074527E-002
  0.28642347993727485        9.9820059252443555E-003
  0.36967742140443949       -3.7000416006854219E-004
  0.19728252115606984        1.8675346546876515E-002
  0.20408075771455889        1.4043305679535661E-002
  0.24332467830432064        1.3691458398637160E-002
  0.39516520173859804       -3.2657256707119119E-003
  0.32898161072647963        3.4037502207289396E-003
  0.11304117062456104        3.1281954673396055E-002
  0.24205646343419757        1.2257620280420930E-002
  0.42166906608504906        2.5771873650454365E-003
  0.52351877234855926       -1.3529777179666987E-003
  0.61343154455695992       -1.1808690353571833E-003
  0.64432618696239929        7.4402037411422828E-004
  0.44705883958854309        7.6328347695225137E-004
  0.30116811355325923        2.6846181032148721E-003
  0.50086549185903062        1.0945867007753183E-002
  0.46447857254040281        2.3432810183311586E-003
  0.42569036936339116       -3.2395965922499021E-004
  0.36641786033597079       -4.8797874420135490E-003
  0.35695975500533061       -5.2858658594888007E-004
  0.54067573028728488       -3.0756226850504678E-003
  0.21067240735584930        1.0429660983790989E-003
  0.32784726514345991       -3.9392958123306140E-003
  0.39315363177216950       -2.6960714250803385E-003
  0.43651695996438994       -1.8727780249503010E-003
  0.34955836299085885       -1.1094276968550666E-003
  -7.5778563023340545E-003  -6.5629287989389468E-002
  0.14615668239694488        3.7236779886469638E-002
  0.16897007948297973        2.3331244339242788E-002
   9.0304822936852727E-002   5.3890500421188120E-002
   2.7138735285393210E-002  -2.5957776823408510E-002
   2.1242014623898495E-002   4.7128949035861690E-003
   3.4816304177883298E-002   7.6485740926834231E-002
  -7.2311801754341112E-002   9.7090992999645923E-002
   3.4914081084386102E-002   9.4451464532240188E-003
  0.16839935979387113        1.1453759532210719E-003
  0.12039408437101132        3.0972946582373577E-004
   7.2686148015989452E-002   4.0459565148590155E-003
   8.1078730508191310E-002  -2.9440414659286200E-003
   1.6597311431710223E-002  -3.3425157168294802E-003
  0.11089128519552703       -3.8818913480724538E-003
   2.9371438721626408E-002   8.9833006876898162E-003
  0.19763548490629748       -1.3661553311033220E-002
   8.9766105912116881E-002  -8.8073565653271145E-004
  -5.3634948419721627E-002   4.9149835120062069E-003
  0.12673862565831723       -2.4785332552559099E-003
  0.20278422727469469        5.4750847723127635E-004
  0.30543887979174100       -4.2505274616567703E-004
  0.36774006690635103       -1.3171948025796579E-003
  0.42651225028697148       -1.8023279581236178E-003
  0.32649787228624133        8.3129325865411764E-004
  0.29528748420610645        1.6411836388117915E-003
  0.69772281866270802        8.4916412160106983E-004
  0.73670867476628010       -5.4668864384596884E-005
  0.53276665038793247       -1.3352013552095448E-003
  0.72571214962474173       -4.2244938179285637E-004
  0.64905385126107784       -3.3303824079798957E-003
  0.74616803589204150        2.9710001599958600E-004
  0.72087320311292846        4.4567733278943306E-004
  0.64746151699779919       -2.3710797897497052E-003
  0.46284241335603071        9.8087097748654267E-004
  0.53647261493260801        9.4037645013731136E-004
  0.60011616047602279        1.0679193046887114E-003
  0.48981882839935675       -1.1549248023281166E-003
  0.46190315218479799        1.8992592505824720E-003
   1.3271927067646256E-002   5.5251441139887595E-003
   7.8171813599137108E-002   4.3041167197905104E-003
  0.14161339997373124        1.1148198628110624E-003
  0.32086252211140531       -1.3085628101525500E-003
  0.10116014748989696        5.5167347462069475E-003
   7.8023619389648885E-002   2.1253009273816455E-003
  0.71064933589738566       -8.5020807505557317E-004
  0.66544290390306238       -1.5506346889086720E-004
  0.73795327276221601       -5.1013352026934482E-003
  0.75427884606320450       -2.5845571095877728E-003
  0.73009087052043864        4.6924016013175840E-003
  0.26163273933082976        2.4799101011279450E-002
  0.43014680188264054        8.4751966823167141E-004
  0.43450876986680637       -1.8370760649632202E-002
  0.38774726618834809       -1.0370612665447969E-002
  0.32250709987831611       -6.4404368176136234E-003
  0.30271057562435938        2.5476774128805581E-002
   9.4535673812379178E-002   1.9621664489074078E-003
  0.19363247752836846       -8.6461834010806492E-004
  0.27048048570019978       -6.8462720169913715E-004
  0.22323208936067690        3.7369930714168309E-003
  0.20411602043969257        8.6660225717047866E-004
  0.28750713422042151        8.3818313049875796E-003
  0.37199401864537301        2.6070822242617044E-003
  0.19683548672638806        1.8072617873496892E-002
  0.20676195741006806        1.3724598829335260E-002
  0.24297387554469912        1.3313824791760968E-002
  0.40516607033266111        2.0056339037771636E-004
  0.32760703150237469        4.3708906987681489E-003
  0.10423767134430631        3.5249432613144997E-002
  0.24184339333950042        1.1506305277751162E-002
  0.15449585578602157       -5.3442707312885435E-003
  0.32176184160379040        3.7478703672659777E-002
  0.30739146574417181       -2.1772687804446937E-003
  0.25592417599058520        1.0759656352642602E-003
  0.19874189974421155        4.2652573153633314E-002
  0.17408107832747144       -3.3462569972034603E-002
  0.40239308028591680       -5.4098435224847240E-003
  0.48043871157021828        1.0679439633908623E-003
  0.57607203856160438       -1.1953104522261194E-003
  0.42966103774667691        8.8012785027625573E-004
  0.41032973105722881        8.7154376573935952E-004
