 cosx vtec
  0.67748195908627817       -9.6162401822252549E-004
  0.65238882789585717       -3.1685733285309186E-004
  0.66177644483511644        1.2930267714109428E-003
  0.67648471479859407        7.5567409252068395E-005
  0.68930296909853839        3.9073304018642291E-003
  0.62508185060636812       -7.3190681211835254E-004
  0.60122209554857098       -5.0381838196475351E-004
  0.53662898588358510       -1.4334823602417959E-004
  0.50568066650047927        9.1280395362138908E-005
  0.51456200406295127        2.6484931139093269E-003
  0.36254524702912649        2.4790802105653944E-003
  0.29901110543087051        4.0766235908728171E-004
  0.53335192086816807       -1.5515789069554193E-003
  0.56078872194075680       -3.5281456368758475E-003
  0.47400121375431042       -1.1035258684171378E-003
  0.45311602494662528        4.7901094501673130E-004
  0.30786628986265563       0.10729922832570163     
  0.29485540354651651       0.12261495911962182     
  0.22842716274561609       0.10407521999405821     
  0.32352671671537192        7.9455081797138630E-002
  0.26712251216529037       0.11227182130513493     
   8.8131791524848624E-003  0.23299099210043162     
   4.8082223325049050E-002  0.23848472930534723     
  -9.3759922589997935E-002  0.24387617783107565     
   3.0598881677538270E-002  0.23595003965126718     
  0.50330540259526113        1.5687779507678255E-003
  0.32325997125571271        2.7623175054397550E-003
  0.45031072972838287        4.0197458449612528E-003
  0.40952504539728807       -4.7835043372671920E-004
  0.47202973427535255       -3.4377783499088652E-003
  0.28739923491146319        1.7863194930720187E-002
  0.18374661448522334        1.9575283317887330E-002
   2.4593220342627599E-002   3.0287222014354839E-002
   9.0639046440757293E-002   1.6668697761839574E-002
   3.1260377175546590E-002   1.3116161486377044E-002
  0.23281164134742877        2.5127913673000962E-002
  0.16560122484903878        1.0602088710713380E-002
  0.13482015338080799        1.3917213258329682E-002
  -8.2727472396030469E-002   1.0555076789434181E-002
  0.25202941942738510       0.18163321329719903     
  0.21930401975683911       0.18364688198242726     
  0.16279993129538484       0.17466758563093754     
  0.19906348953102143       0.17416515867053778     
  0.52654877265385258       0.15282663361311893     
  0.49463663564093169       0.18282056158905738     
  0.50977995565125778       0.16106935157295429     
  0.45609888762029654       0.15907872351079722     
  0.59055393521529675       0.19583999216562853     
  0.55281256058747219       0.15789407856856472     
  0.49366253605314508       0.15939434382024795     
  0.91808165861344937        5.2849905566731969E-002
  0.91680801557061031        3.8106920053663500E-002
  0.88542347498751228        6.3276848475789002E-002
  0.97142337337959728        7.0919116972806243E-002
  0.90693049716602825       0.10519336145341916     
  0.94061524618189318        5.0497807114577992E-002
  0.94877770162479047       0.10388572255787835     
  0.87569451189544167        5.3512534605510184E-002
  0.91215218218873029        7.5890816554633062E-002
  0.98277206186125698        6.5135368128468984E-002
  0.82915765789956286        6.0586009130342254E-002
  0.82045260557925637       -1.1004490245101013E-003
  0.78783997105256309       -8.3599036980587562E-005
  0.87815124570761982       -7.6881997226430749E-004
  0.84662944264947604       -1.8436084074217239E-004
  0.80384409721268990        8.0550389157429145E-004
  0.76900329021814839        9.8471546486337408E-004
  0.81509895965282475       -6.6271548454806327E-004
  0.34598237518136693        5.8068373183961623E-002
  0.23514789131230762        6.6928927599418278E-002
   9.5723162210115592E-002   7.8420673010781289E-002
  0.15026699988925610        6.1524758571879119E-002
   5.3512874328270038E-002   3.4345231023820519E-002
  0.28143082298455768        6.3733997491919478E-002
  0.23358775721054978        4.5257741978062357E-002
  0.35659570663861839       0.10812904251234406     
  0.19503178596839424        6.0545584113714725E-002
  0.68605648301561228        9.8655685494388690E-002
  0.66164208757084164       0.13308650335389738     
  0.77452303516970666        5.5964969898950119E-002
  0.67546124203827873       0.10687066290385225     
  0.61653189909232287       0.10745699758102502     
  0.74375870034963465       0.13555866064375602     
  0.69566999520884587        9.3728464902475037E-002
  0.65935862633890796       0.10544067617861003     
  0.94510578210053486        4.4498150413293282E-003
  0.93264398489479061        1.7487307358282290E-002
  0.92396146817891678        4.1352447010887541E-002
  0.98902452752781600        2.9894771136291815E-002
  0.94096028708683876        4.3363388991551628E-002
  0.95166684173711980       -3.1374722056225199E-002
  0.98874474940298507        4.4487769866509388E-002
  0.90208518020947803        9.1331953273705319E-003
  0.95483069814143640        3.6179897849154104E-002
  0.97542666343208673        1.7362169594392445E-002
  0.85278122287000901        2.1612762921603676E-002
  0.55465253747334453        3.9713315750270527E-003
  0.42749493076589890        1.5067994553094507E-004
  0.57381287718660967       -6.6718014027117778E-004
  0.47274184592802343        4.4953568808341338E-003
  0.53653550906161507       -1.1062818537919612E-003
  0.53188022008371649       -4.5443046438902509E-003
   2.1263951605610579E-002   6.7539068959038440E-002
  -4.4262290307783003E-002   5.4977674025444352E-002
  -4.1399841606274135E-003   5.8772998018942098E-002
  -1.5315089374154378E-002  -1.8425442309917390E-003
  -6.5112105985084129E-002  -1.0268789279195456E-003
  -8.0295427452453286E-002  -2.8028151825057441E-004
  -8.2891071347300560E-002   5.2825112062993246E-004
  -1.1786122883390149E-002  -2.7870839953360914E-003
  0.77590735758544671        1.2428388263224378E-003
  0.75212886910750254       -2.6804108066335843E-004
  0.76803784983072498        5.3309663252945824E-003
  0.77822480788774928       -1.7674594537552189E-004
  0.77892613423927570        1.4058700887975260E-003
  0.72779392499427331        3.4385848994467221E-003
  0.86084225350061006        7.1561491682741601E-004
  0.83920675783467613       -1.9313477136490538E-003
  0.69871790212103346        4.6256906650562378E-004
  0.31139896306216774       0.26215514191980205     
  0.28591265158819479       0.25579646739042927     
  0.32724183762986409       0.25371490527562868     
  0.39470214585929109        4.5253359407055623E-004
  0.35104717257105167        9.6129781111855802E-004
  0.36738406520666533       -3.0777218663015225E-003
  0.22469514964829140        1.1174027867113141E-003
  0.18856723849142831        4.3087592295885479E-004
  0.39106755030077306       -2.2641791912794453E-003
  0.43235027474328858       -1.7650548315984085E-003
  0.31401920611989875        8.1385757764911872E-004
  0.29442388146156284       -4.3943034735775886E-004
  0.74395098910351032       0.13828575727672404     
  0.67486423353334968       0.13496985917050677     
  0.67197844092074699       0.17457448895407282     
  0.70596039281899337       0.13312764346030101     
  0.69968597913039798       0.13731931094613789     
  0.63623330351572804       0.14286392655987321     
  -6.6655068097934742E-002   9.2524625267465410E-002
  0.34374074895084333        1.3401480297468547E-003
  0.28191974744588522       -2.2287743463634928E-003
  0.14194724893640737        4.6502114942599477E-003
  0.13961957848695078       -5.4593737072498264E-003
  0.36833892593577505       -2.8915610890522516E-003
  0.34686918419013002       -3.4230545147837048E-003
  0.25119633912897082       -3.1479813156236563E-003
  0.23454483915301941        1.0378312096303243E-003
  0.88817994532504829        7.8589178373334942E-004
  0.86650694572951714        8.1466062100912489E-003
  0.88476435240627604       -1.6584863994053397E-002
  0.95935319020283460       -1.3931294641972591E-003
  0.89219156064735705        5.5444735493517883E-003
  0.88580886085518418        9.1762047814772235E-003
  0.84297147073058243       -1.2828109273727184E-002
  0.94069279323776989        3.2156347579018912E-003
  0.91003515785798350       -1.6253284049114482E-003
  0.79926298128632678        7.0115968919918338E-003
  -7.4044043044338731E-002  0.15502508079457533     
  -2.5185810094179015E-002  0.24981006337795672     
  -4.4452836644787358E-002  0.24906902391523478     
   2.4813955259860299E-002  0.25112652606919900     
  0.89447665883435912       0.12439328161424504     
  0.84262830850014303       0.12268714835724899     
  0.91308593743353683       0.13250280893800487     
  0.82943508488016893       0.14929554268333578     
  0.87038577866455669       0.12294461422415401     
  0.87383233431196894       0.13888483793408246     
  0.86005877143825615       0.16177407630208820     
  0.78489733714680832       0.14745223535839036     
  -6.2506585778740159E-002  -9.8763709137592026E-004
   9.7202401177196029E-004  -2.0610140261236542E-002
  -8.7715905660259941E-002   1.2452667861203354E-003
  0.57034020238965433        1.2527483998860428E-003
  0.60724245550173228       -1.7301745083221845E-004
  0.55353979196089864       -3.1242440398636237E-003
  0.50483807245535950       -1.7347450135841900E-003
  0.61189171981699220        2.6230552523900720E-003
  0.17290145948514424       -1.9788785958775273E-003
  -6.5010875118356529E-002   3.0912012073850120E-003
  -8.0740945237286921E-002  -1.0990283110258188E-003
  0.17685023927898824       -6.3503376515465252E-003
   1.1305490926599271E-002  -6.4708599269172379E-004
  -7.9104471345230049E-003  -7.8571204327096563E-004
  0.60488631765023404        9.9820059252443555E-003
  0.59084940800444152       -3.7000416006854219E-004
  0.56398879341349206        1.8675346546876515E-002
  0.44215712884250696        1.4043305679535661E-002
  0.58901113454964871        1.3691458398637160E-002
  0.66248539120697258       -3.2657256707119119E-003
  0.54681932093703778        3.4037502207289396E-003
  0.64906311909009962        3.1281954673396055E-002
  0.52147505477278833        1.2257620280420930E-002
  -2.4270785495037112E-002  -3.0756226850504678E-003
  0.76651961415507430        9.8461162684642806E-002
  0.73753151967119213       0.13174878465105111     
  0.84257353204912466        7.6485740926834231E-002
  0.75471612148108480       0.10454917800673171     
  0.69180316266043629       0.11754210326410783     
  0.79980258160569306       0.11888509311478077     
  0.77793084034695337        9.7090992999645923E-002
  0.74044674703757474       0.10509869906497141     
  0.40621783988778370       0.24900590984499346     
  0.53859828856792014       0.22365486852961142     
  0.20551095878399817       0.31946926041257023     
  0.37693581963954870       0.23657501750403848     
  0.49517875212645152       0.27576256098499924     
  0.42079227696883620       0.24673764574183799     
  0.41583502873145428       0.23544226493101264     
  0.14414095457627144       0.16105346369551943     
  0.25017606036621676       0.27503329833987039     
  0.42103368534122715       0.28070750620823104     
  0.90023150515796957       0.13561832585111258     
  0.83999334845749962       0.14488049082489490     
  0.89125014036604644       0.14099650179983431     
  0.82115405491112003       0.14005128467219471     
  0.87090007972427363       0.12712883641484735     
  0.85682496992401813       0.14563795754615758     
  0.85293211643357347       0.14434854905661090     
  0.50381632233566398        8.4916412160106983E-004
  0.46312036006456631       -5.4668864384596884E-005
  0.51249332918887791       -1.3352013552095448E-003
  0.28167202903806166       -4.2244938179285637E-004
  0.51563403660935470       -3.3303824079798957E-003
  0.50745638468535992        2.9710001599958600E-004
  0.43674944216544365        4.4567733278943306E-004
  0.41730857058609089       -2.3710797897497052E-003
  0.79004626421180746       -8.5020807505557317E-004
  0.81135788103265871       -1.5506346889086720E-004
  0.77674911998015517       -5.1013352026934482E-003
  0.73883019556664309       -2.5845571095877728E-003
  0.79641490311799590        4.6924016013175840E-003
  0.57067084410790636        8.3818313049875796E-003
  0.55577885776966418        2.6070822242617044E-003
  0.52720906129647882        1.8072617873496892E-002
  0.41174102557779702        1.3724598829335260E-002
  0.55336306881118202        1.3313824791760968E-002
  0.63618996266725347        2.0056339037771636E-004
  0.50963882329380317        4.3708906987681489E-003
  0.62135672463422253        3.5249432613144997E-002
  0.48454992361882088        1.1506305277751162E-002
