 cosx vtec
  -6.1821156816933745E-002   3.1388095203105523E-002
   8.1767296802638709E-002   1.1266557126342261E-002
   1.1074022269389083E-002   1.6147304182509994E-002
  -3.5093689402469930E-002   2.6590208887822465E-002
  -3.9905832843670858E-002   2.7965496839924199E-002
  0.42054174709815123       -9.6162401822252549E-004
  0.47561880980723542       -3.1685733285309186E-004
  0.31105114930694450        1.2930267714109428E-003
  0.38078251643516248        7.5567409252068395E-005
  0.47151469758607123        3.9073304018642291E-003
  0.46499975540279143       -7.3190681211835254E-004
  0.38987433431573748       -5.0381838196475351E-004
  0.32469659582616051       -1.2897270245265243E-003
  0.46234598276457428       -1.5853890733796313E-003
  0.54496585273315790        2.7911010227498938E-003
  0.59749629997406262        2.5617719413499748E-004
  0.47885066802242165        1.3981685127904576E-003
  0.46939377937068816       -5.1007868414364495E-003
  0.45055288074386562       -1.4334823602417959E-004
  0.50747998390944316        9.1280395362138908E-005
  0.33824649013541874        2.6484931139093269E-003
  0.38431729359479738        2.4790802105653944E-003
  0.53476274779612887        4.0766235908728171E-004
  0.40651187010978085       -1.5515789069554193E-003
  0.51495882004667848       -3.5281456368758475E-003
  0.48914512365472973       -1.1035258684171378E-003
  0.41937323069806731        4.7901094501673130E-004
  0.86334721708747675        1.5687779507678255E-003
  0.93620093454030340        2.7623175054397550E-003
  0.89235447777177446        4.0197458449612528E-003
  0.91103246448407138       -4.7835043372671920E-004
  0.87481625285745257       -3.4377783499088652E-003
  0.17364431256051699        1.7863194930720187E-002
   6.4555646772599548E-002   1.9575283317887330E-002
   1.9475420212961548E-002   3.0287222014354839E-002
  0.10861835769262565        1.6668697761839574E-002
  0.21095694862056372        1.3116161486377044E-002
  0.10631677214833135        2.5127913673000962E-002
  0.21331770574792505        1.0602088710713380E-002
  0.12227956577460410        1.3917213258329682E-002
  0.10208877970441911        1.0555076789434181E-002
  0.70329876926598711       -2.7604670143527199E-003
  0.72210061354230048       -1.1527491207212459E-004
  0.68067859504301831       -1.3811317215394021E-003
  0.59717624294469218        4.4922859168688416E-003
  0.60704059860834381       -1.2436391499969313E-003
  0.40320322051428292        2.0479110461447654E-004
  0.34815661850502938       -4.5297425071958546E-003
  0.51942789770569853        3.3594982712548912E-003
  0.59652187805664658       -1.0845568661108529E-002
  0.52426516890127495        2.4618362171800252E-002
  0.42199808306156084       -3.8686800322529163E-002
  0.44822643151374097        4.1191537438215890E-004
  0.22703362254593981        2.3041674179984772E-003
  0.30052783725264770       -2.7525199677435008E-004
  0.36634511874208997       -1.2724938539822386E-003
  0.45185389606927145       -2.9124891541573404E-003
  0.31221222490182232        1.6272398366837053E-003
  0.30723569999115580       -1.8118724865727565E-004
  -3.5973166565844053E-002   5.2849905566731969E-002
   8.1027955178251954E-002   3.8106920053663500E-002
  -7.4229982423812069E-002  0.10519336145341916     
   3.5759033059037271E-002   5.0497807114577992E-002
   9.2421310616089852E-002   5.3512534605510184E-002
   3.9863038999022632E-002   6.5135368128468984E-002
  -5.9902511301070244E-002   6.0586009130342254E-002
  0.38214244924432111        7.1904269094688437E-003
  0.51925770473420407       -4.0428397746459149E-004
  0.48472027157015773        8.0264766956408590E-004
  0.43667319641745628       -4.8977605447199585E-004
  0.42329061475180696       -4.6278575108834206E-003
  0.56485121200445332       -1.1004490245101013E-003
  0.61155688750835302       -8.3599036980587562E-005
  0.47000574641856235       -7.6881997226430749E-004
  0.51213558615580834       -1.8436084074217239E-004
  0.59329254159711775        8.0550389157429145E-004
  0.62625890622853897        9.8471546486337408E-004
  0.57883141790825088       -6.6271548454806327E-004
   7.3837142985965706E-003   5.8068373183961623E-002
  -9.6318874987551456E-002   6.6928927599418278E-002
  -6.1467517250081816E-002   6.1524758571879119E-002
   7.8503090250132926E-002   3.4345231023820519E-002
  -6.1080170610219801E-002   6.3733997491919478E-002
   6.7033829702734943E-002   4.5257741978062357E-002
  -4.8435220723099685E-002   6.0545584113714725E-002
  -6.8727714658125313E-002   5.5964969898950119E-002
  0.21193166489561449       -1.9673738106778019E-003
  0.33911506355924759        3.1601492638171458E-003
  0.29253335850781531       -3.5944424831929598E-003
  0.24723978383609369       -4.0640839485871225E-003
  0.23286263173288274        8.8320842817718771E-003
  0.12191439245890406        4.4498150413293282E-003
  0.20506624001363732        1.7487307358282290E-002
   2.3123351489990035E-002   4.1352447010887541E-002
   4.9887742157228410E-002   2.9894771136291815E-002
   8.4667318396075830E-002   4.3363388991551628E-002
  0.17138742943605387       -3.1374722056225199E-002
  0.22344392700006815        9.1331953273705319E-003
  -6.4972261220098693E-003   3.6179897849154104E-002
  0.16462720319343332        1.7362169594392445E-002
   9.4283532513430940E-002   2.1612762921603676E-002
  0.26960096892829988        3.9713315750270527E-003
  0.39723408640924124        1.5067994553094507E-004
  0.37939676698613445       -6.6718014027117778E-004
  0.27949231771006744        4.4953568808341338E-003
  0.32986280214621072       -1.1062818537919612E-003
  0.20521622058752892       -4.5443046438902509E-003
   5.1517606873330138E-002   7.7012684142695968E-003
  0.18041036447335682        2.1670522914370286E-003
  0.12566097958130354        1.8489583781809297E-003
   8.1864470118611476E-002   4.0539128396376491E-003
   7.6556566955379809E-002   1.1603254861881261E-002
  0.42050131165222415       -2.0566632077150596E-002
  0.58243877491835194       -1.2701386721718732E-002
  0.59683598542002170       -4.1639714671229781E-003
  0.54982238198973432       -1.2944937963955926E-003
  0.48302281159519289       -5.6288340745692606E-003
  0.48483614066311465       -4.6381131940633384E-003
  0.77756310705220577       -1.8425442309917390E-003
  0.64197988600026423       -6.4994435822044718E-003
  0.73080844249775789       -1.5193500429710259E-003
  0.74602831021985694       -1.0268789279195456E-003
  0.66780683219021575       -2.8028151825057441E-004
  0.98238656825296156        5.2825112062993246E-004
  0.95472723090986611       -2.3291142227196697E-004
  0.93854177562906849       -1.0360885492778609E-003
  0.90978280239256126        2.9107282886670050E-005
  0.97490094995547794       -2.7870839953360914E-003
  0.99013263349220526        1.0504469837238101E-003
  0.42211939593639747        1.2428388263224378E-003
  0.47516795364456066       -2.6804108066335843E-004
  0.30164261671044568        5.3309663252945824E-003
  0.38318277936889467       -1.7674594537552189E-004
  0.46401782245621304        1.4058700887975260E-003
  0.47225712644341100        3.4385848994467221E-003
  0.18288506896911313        7.1561491682741601E-004
  0.47178356476381322       -1.9313477136490538E-003
  0.38880906064287457        4.6256906650562378E-004
  0.26764653749274581        1.7706911728363754E-002
  0.42008720579793024        8.3064049308213578E-004
  0.42386056190854637       -9.0239836387568228E-003
  0.36507704492147863        2.1763725522982606E-002
  0.30733350465953652       -7.8960665841218552E-003
  0.11660459609629847        8.2147199687336817E-002
  0.11288319918982859        4.4968026919053892E-003
  0.17168357260008232        4.2981282663374643E-003
  0.24194144214094976        1.4764253058574511E-003
  0.18420806518438104        7.5457911314361602E-003
  0.18062461771308705        8.4268154823119001E-004
  0.50169177128245357        4.5253359407055623E-004
  0.56010251685818857        9.6129781111855802E-004
  0.37208057604163286       -3.0777218663015225E-003
  0.44040957091947863        1.1174027867113141E-003
  0.55058887734253259        4.3087592295885479E-004
  0.44900588951834686       -2.2641791912794453E-003
  0.58224069738710416       -1.7650548315984085E-003
  0.53544672617627986        8.1385757764911872E-004
  0.46752996657530921       -4.3943034735775886E-004
  0.47712203584868657       -6.3980360992366920E-003
  0.65965327949666097       -2.4152062409891399E-004
  0.66930852616459380       -1.6801410417189593E-004
  0.62784196525992075        3.3360350109583664E-003
  0.55688429723255695        4.1850298004085691E-003
  -5.9655449278641665E-002   3.7410694713585532E-002
   6.9341430617347918E-002   1.8039901042231622E-002
  0.12562021086059771        9.4478455624341824E-003
  0.19498017057907818        7.0401137222157381E-004
  0.12885360076704180        6.7728585436055448E-003
  0.68919259284329315        1.3401480297468547E-003
  0.73671297239862554       -2.2287743463634928E-003
  0.60806276834814643        4.6502114942599477E-003
  0.72769839549163540       -5.4593737072498264E-003
  0.62071871991145067       -2.8915610890522516E-003
  0.74806084646281068       -3.4230545147837048E-003
  0.72069287215325606       -3.1479813156236563E-003
  0.64980578804512457        1.0378312096303243E-003
  0.35588710067425061        7.8589178373334942E-004
  0.41310645371620142        8.1466062100912489E-003
  0.22392856999058403       -1.6584863994053397E-002
  0.26481365716035171       -1.3931294641972591E-003
  0.31693546387740323        5.5444735493517883E-003
  0.39312958366972306        9.1762047814772235E-003
  0.42241896278345709       -1.2828109273727184E-002
  0.16242677617335843        3.2156347579018912E-003
  0.38598583736974534       -1.6253284049114482E-003
  0.31785868881750756        7.0115968919918338E-003
  0.97696182348470850       -9.8763709137592026E-004
  0.93216502209586427       -4.1869643802628563E-004
  0.90411833715077949        2.6979917087478181E-003
  0.96619310219587817       -2.0610140261236542E-002
  0.98942566978574775        1.2452667861203354E-003
  0.74346790020063946        1.2527483998860428E-003
  0.68028602960441897       -1.7301745083221845E-004
  0.77743586092095163       -3.1242440398636237E-003
  0.78225303269961488       -1.7347450135841900E-003
  0.77284564603947259        2.6230552523900720E-003
   1.6929144359176279E-002   1.8930705919911962E-002
   7.5252694440728130E-002   1.1916057871492762E-002
   1.9186897859209184E-002   2.6299998063288428E-002
  0.16179509343676834        3.0246794274645942E-002
   6.6414441753134462E-002   1.8192433725313806E-002
  -2.3016683019190048E-002   2.2596442649661611E-002
   8.9471931235282465E-002   3.6811161512725413E-002
  -7.9174968895620423E-002   1.8706940296745276E-002
  -4.9833866699793034E-002   5.4220707082015401E-002
  -6.2410839486594538E-002   2.2100578287264510E-002
   8.5080195032056563E-002   3.8172727753038857E-002
   6.8622775967307745E-002   3.4166946097695702E-002
  -3.1826969926569193E-002   3.9101947776732475E-002
  -2.3983808617980218E-002   1.7970343024593889E-002
  0.59701138129711351       -1.9788785958775273E-003
  0.52830350816063076        3.0912012073850120E-003
  0.60913409238049654       -1.0990283110258188E-003
  0.50456226425052453       -6.3503376515465252E-003
  0.62097255770438120       -6.4708599269172379E-004
  0.54879597357280852       -7.8571204327096563E-004
  0.51560755157198879        9.8326762151727080E-003
  0.46148573245774605        4.4944733756782226E-003
  0.62140825452612070        4.1619556586150374E-005
  0.58981453989349897        1.0181072196445450E-004
  0.53597282418704428        9.7886086240164469E-004
  0.51955455536586137        1.4547404301936036E-003
  0.35365564256608650       -6.6559077245274684E-002
  0.50326644764290396        1.2596067335274474E-002
  0.52919865655926901        7.0879289311199635E-003
  0.47318287604769277        6.6438648602652759E-003
  0.40592418746314551       -5.4175284405365660E-003
  0.41091233354794243        2.9433060817074527E-002
  0.18418424153441343        9.9820059252443555E-003
  0.27119759461290738       -3.7000416006854219E-004
  0.10087947751544547        1.8675346546876515E-002
  0.12926479779656178        1.4043305679535661E-002
  0.14321979487800193        1.3691458398637160E-002
  0.28444720797522782       -3.2657256707119119E-003
  0.23763767821493792        3.4037502207289396E-003
   3.3766965782335012E-004   3.1281954673396055E-002
  0.15384044904047697        1.2257620280420930E-002
  0.54891038285850402        2.5771873650454365E-003
  0.65230676786600705       -1.3529777179666987E-003
  0.74010867835223493       -1.1808690353571833E-003
  0.74804631121113185        7.4402037411422828E-004
  0.58407347615893990        7.6328347695225137E-004
  0.43399463720681608        2.6846181032148721E-003
  0.63569664302190676        1.0945867007753183E-002
  0.58184680687652612        2.3432810183311586E-003
  0.54606628913416322       -3.2395965922499021E-004
  0.49342032484790410       -4.8797874420135490E-003
  0.46254852326067109       -5.2858658594888007E-004
  0.55329611558741809       -3.0756226850504678E-003
  0.26125022536399073        1.0429660983790989E-003
  0.36807925476007036       -3.9392958123306140E-003
  0.43836775585029114       -2.6960714250803385E-003
  0.46543718735464057       -1.8727780249503010E-003
  0.38203331045715738       -1.1094276968550666E-003
  0.15844737978896489       -6.5629287989389468E-002
  0.31474965942398520        3.7236779886469638E-002
  0.32637818742542946        2.3331244339242788E-002
  0.25125075300256056        5.3890500421188120E-002
  0.19183629485708351       -2.5957776823408510E-002
   5.4557844583611265E-002   1.1119219847883991E-003
  0.19263133151686213        4.7128949035861690E-003
  -1.5596983834236300E-002   5.3228857593158180E-002
  0.14664666990265937        9.4451464532240188E-003
  0.27070537578860676        1.1453759532210719E-003
  0.22485148275816408        3.0972946582373577E-004
  0.18157670287950603        4.0459565148590155E-003
  0.17589695816100553       -2.9440414659286200E-003
  0.17687703887483910       -3.3425157168294802E-003
  0.26514878931436525       -3.8818913480724538E-003
  0.20117703436979192        8.9833006876898162E-003
  0.35601657075476234       -1.3661553311033220E-002
  0.26068051271688153       -8.8073565653271145E-004
  0.11514955808563890        4.9149835120062069E-003
  0.28884026203943958       -2.4785332552559099E-003
  0.27782436560375023        5.4750847723127635E-004
  0.37216337088129364       -4.2505274616567703E-004
  0.43877916665380579       -1.3171948025796579E-003
  0.48076595359255858       -1.8023279581236178E-003
  0.38507838222513235        8.3129325865411764E-004
  0.37450751216182793        1.6411836388117915E-003
  0.61964990014872046        8.4916412160106983E-004
  0.66641297195499816       -5.4668864384596884E-005
  0.45061902778370266       -1.3352013552095448E-003
  0.68724104479106984       -4.2244938179285637E-004
  0.56814635389481005       -3.3303824079798957E-003
  0.66820062138795344        2.9710001599958600E-004
  0.65498311716447166        4.4567733278943306E-004
  0.58386688822934041       -2.3710797897497052E-003
  0.55503608208632493        9.8087097748654267E-004
  0.63123672926279384        9.4037645013731136E-004
  0.67777851687967594        1.0679193046887114E-003
  0.56980968775375429       -1.1549248023281166E-003
  0.56595817658585523        1.8992592505824720E-003
  0.13864154078765900        5.5251441139887595E-003
  0.19912742240114772        4.3041167197905104E-003
  0.26712993137867558        1.1148198628110624E-003
  0.41688758895516187       -1.3085628101525500E-003
   1.1337297936320712E-002   6.9246880664974152E-003
  0.21110980943077481        5.5167347462069475E-003
  0.20712775849021337        2.1253009273816455E-003
  0.58230576717411309       -8.5020807505557317E-004
  0.53264414028736806       -1.5506346889086720E-004
  0.61237555642889263       -5.1013352026934482E-003
  0.63563910749133923       -2.5845571095877728E-003
  0.60092425577821984        4.6924016013175840E-003
  0.41379429582423977        2.4799101011279450E-002
  0.57799505615245983        8.4751966823167141E-004
  0.57214582644610756       -1.8370760649632202E-002
  0.52894159067128610       -1.0370612665447969E-002
  0.47007779684431605       -6.4404368176136234E-003
  0.46173384068308942        2.5476774128805581E-002
  0.24334815531118814        1.9621664489074078E-003
  0.33596681178827825       -8.6461834010806492E-004
  0.41652719894957291       -6.8462720169913715E-004
  0.34527578810138126        3.7369930714168309E-003
  0.35458981212209539        8.6660225717047866E-004
  0.19131772419213963        8.3818313049875796E-003
  0.27973381344690401        2.6070822242617044E-003
  0.10691080611188784        1.8072617873496892E-002
  0.13735053906507422        1.3724598829335260E-002
  0.14914929635263263        1.3313824791760968E-002
  0.29923894963482806        2.0056339037771636E-004
  0.24279781892653265        4.3708906987681489E-003
  -3.7162527460028738E-003   3.5249432613144997E-002
  0.16013498902098186        1.1506305277751162E-002
  0.30726741667138502       -5.3442707312885435E-003
  0.47723969625105611        3.7478703672659777E-002
  0.44932126896385477       -2.1772687804446937E-003
  0.40096276657201518        1.0759656352642602E-003
  0.34867329425780363        4.2652573153633314E-002
  0.33791044206404852       -3.3462569972034603E-002
  0.51804763829113920       -5.4098435224847240E-003
  0.59868379501305791        1.0679439633908623E-003
  0.67326600813709681       -1.1953104522261194E-003
  0.52955653478295328        8.8012785027625573E-004
  0.53593804058143835        8.7154376573935952E-004
