 cosx vtec
  0.63123108141460849        3.1388095203105523E-002
  0.63416456780649411        1.1266557126342261E-002
  0.62567884944102570        1.6147304182509994E-002
  0.63091410451309304        2.6590208887822465E-002
  0.55569282388701147        2.7965496839924199E-002
  0.64469793812348020        4.8858144319178523E-002
  0.59260813038321114       -1.2897270245265243E-003
  0.56608415211554020       -1.5853890733796313E-003
  0.60971820673481081        2.7911010227498938E-003
  0.51524150868094332        2.5617719413499748E-004
  0.50746168893310351        1.3981685127904576E-003
  0.64381355796434070       -5.1007868414364495E-003
  -9.8078940186663258E-002   4.0766235908728171E-004
   1.6434496105878438E-002   2.7623175054397550E-003
  -7.3236280397642711E-002  -4.7835043372671920E-004
  0.14556861048726474       0.24536648206127828     
  0.31732008154193203       0.18116790074331321     
  0.31845545102422362       0.18711093450550123     
  0.33568423147170423       0.18987606643068172     
  0.26493006900204691       0.21150504713415480     
  0.37339489244991420       0.18739092016021178     
  0.31161730412566907       0.18751340178758585     
  -1.6449083372880029E-002   3.0287222014354839E-002
  -4.8023185815169595E-002   1.6668697761839574E-002
   4.2776364279765770E-002   1.3116161486377044E-002
  -8.2655314192574200E-002   1.0602088710713380E-002
  -8.4867439150000779E-002   1.3917213258329682E-002
  0.11265480792041709        1.0555076789434181E-002
  0.90853865977561532       -2.7604670143527199E-003
  0.87662526885306125       -1.1527491207212459E-004
  0.89304261527124551       -1.3811317215394021E-003
  0.93051532690680205        4.4922859168688416E-003
  0.95397419421938157       -1.2436391499969313E-003
  0.91673208909538784        2.0479110461447654E-004
  0.99995945343642512       -4.5297425071958546E-003
  0.96034688097787846        3.3594982712548912E-003
  0.95787475247834986       -1.0845568661108529E-002
  0.97718806114223367        2.4618362171800252E-002
  0.99605516970768182       -3.8686800322529163E-002
  0.97376102247312246        4.1191537438215890E-004
  0.64565923481260090        2.3041674179984772E-003
  0.63381172013168507       -2.7525199677435008E-004
  0.67360183119732775       -1.2724938539822386E-003
  0.57927253166236559       -2.9124891541573404E-003
  0.58518424015013959        1.6272398366837053E-003
  0.68566495466233779       -1.8118724865727565E-004
  0.64450780204376734       0.16537621692818413     
  0.67773762323394604       0.15934392381651821     
  0.70214856496308753        2.5444023499378923E-002
  0.65111257076245010       0.16245428121964881     
  0.69492668559598736       0.15838180996555629     
  0.63275711897054832       0.16540010551223430     
  0.49870731965169879       0.19077796878947312     
  0.51622173028200091       0.19748407119543368     
  0.47975290607821541       0.19677924073786038     
  0.46234262619505795       0.19784547479312053     
  0.73207176050757228        7.1904269094688437E-003
  0.68865250183089544       -4.0428397746459149E-004
  0.69403855173087781        8.0264766956408590E-004
  0.71552376860949185       -4.8977605447199585E-004
  0.61801573805404941       -4.6278575108834206E-003
  -2.3436021299211712E-002   3.4345231023820519E-002
  0.77948942040636859       -1.9673738106778019E-003
  0.76191148741111503        3.1601492638171458E-003
  0.76315060980005145       -3.5944424831929598E-003
  0.77483510850691972       -4.0640839485871225E-003
  0.68256327974647557        8.8320842817718771E-003
  0.63846228226876012        7.7012684142695968E-003
  0.62933316323134392        2.1670522914370286E-003
  0.62600679223778710        1.8489583781809297E-003
  0.63528265487221980        4.0539128396376491E-003
  0.55969372737706324        1.1603254861881261E-002
  0.62611999059561008       0.15621543594884907     
  0.62923592161234176       0.16669204073483934     
  0.67010657696908060       0.15831919765343447     
  0.63534642279105391       0.15216228660618406     
  0.67292932797226901       0.14958327736875440     
  0.61639440863055217       0.15520144799549179     
  0.96264604341792182       -2.0566632077150596E-002
  0.96040655693757948       -1.2701386721718732E-002
  0.92125340708357040       -4.1639714671229781E-003
  0.93147671233548901       -1.2944937963955926E-003
  0.95225312246809457       -5.6288340745692606E-003
  0.98594394222066883       -4.6381131940633384E-003
  0.28033366518863928       -1.8425442309917390E-003
  0.36125431113017875       -6.4994435822044718E-003
  0.39452765237672988       -1.5193500429710259E-003
  0.31634202138452916       -1.0268789279195456E-003
  0.30385636128808685       -2.8028151825057441E-004
  0.41388805217651314        5.2825112062993246E-004
  0.59389247881007434       -2.3291142227196697E-004
  0.51433373233927948       -1.0360885492778609E-003
  0.54444125380379360        2.9107282886670050E-005
  0.34451102428044544       -2.7870839953360914E-003
  0.44349885227701530        1.0504469837238101E-003
  0.94831771574281820        1.7706911728363754E-002
  0.98815974486902358        8.3064049308213578E-004
  0.93271476987653723       -9.0239836387568228E-003
  0.93655488982005475        2.1763725522982606E-002
  0.94660478286029037       -7.8960665841218552E-003
  0.94953872896093205        8.2147199687336817E-002
  0.63948923895396881       0.17979436456887404     
  0.66130228711870764       0.16086609414302988     
  0.67754504173160746       0.16159190962225733     
  0.64152089706513515       0.16379153790527184     
  0.69855797724656266       0.16523917677199620     
  0.62341656653437127       0.16719070424129434     
   6.2704869415940237E-002  0.14616974875789149     
  0.17707819660937013       0.13480062142992202     
  0.17150227526294465       0.13244874296649659     
  0.27411725451072050       0.12622566330818735     
  0.13715493731114395       0.13218300977472652     
  0.24096534868013544       0.13403129489593524     
  0.18165907317323166       0.16718654530471480     
  0.75149736200675921        4.4968026919053892E-003
  0.74413365402630927        4.2981282663374643E-003
  0.78770314968073263        1.4764253058574511E-003
  0.68019722978108965        7.5457911314361602E-003
  0.78906067469615981        8.4268154823119001E-004
  -6.0515464255642235E-002   1.1174027867113141E-003
   1.1117201811707986E-002   4.3087592295885479E-004
  0.94727837755987021       -6.3980360992366920E-003
  0.92839411504559821       -2.4152062409891399E-004
  0.88761609915546413       -1.6801410417189593E-004
  0.90001824724928592        3.3360350109583664E-003
  0.92839849923036999        4.1850298004085691E-003
   8.0658176986160318E-002  0.15366162381360923     
   8.4257747026207655E-002  0.11551612918117631     
  -2.4456932776368845E-003  0.16378948154012907     
  -6.2847064686138182E-002  0.16060041294835464     
  0.81707206077419114        8.7806748522432240E-002
  0.82640670902650626        4.9557197440978550E-002
  0.84158173323283969        3.7410694713585532E-002
  0.83268552601114942        4.7976232722304335E-002
  0.81523814174480957        6.5191784758076146E-002
  0.87340199362884952        6.2451256859090268E-002
  0.79081152624911999        8.2339747719577638E-002
  0.42543411942163450        1.8039901042231622E-002
  0.41466088515543742        9.4478455624341824E-003
  0.46449855850422356        7.0401137222157381E-004
  0.47330014345808763        6.7728585436055448E-003
  -8.7292950192971397E-002   1.3401480297468547E-003
  -1.2947286993979984E-002  -2.2287743463634928E-003
   7.4582886762095582E-002   4.6502114942599477E-003
  0.11768796714049268       -5.4593737072498264E-003
  -7.0098593496752681E-002  -3.4230545147837048E-003
   1.0444077631884222E-002  -3.1479813156236563E-003
   1.8465639876893980E-003   1.0378312096303243E-003
  -6.9850140447469927E-002  0.15502508079457533     
   3.0669258026455065E-002  0.15193625256534618     
   2.5145263461249567E-002  0.14234849483706394     
  0.17649032952855412       0.14808115052818685     
  -9.7310392945033908E-003  0.15622842766649297     
  0.11494319287918750       0.16013105653987095     
  0.48469017186767283       0.20000990441896402     
  0.50969222462393482       0.18849306004408550     
  0.53403568837243431       0.20000520977718561     
  0.48545787788796274       0.19102871679253400     
  0.46828821851558716       0.19544743668399317     
  0.34689027382573423       0.21606207179078721     
  0.36575478154102814       0.22397928138036893     
  0.32838614947229228       0.21680856679272215     
  0.31039007331562507       0.23013724365828847     
  0.39287752968517753       -9.8763709137592026E-004
  0.49132789391275783       -4.1869643802628563E-004
  0.51990566031672769        2.6979917087478181E-003
  0.32954402893688250       -2.0610140261236542E-002
  0.42082942743413182        1.2452667861203354E-003
  0.86184169694283908        1.8930705919911962E-002
  0.85611945998320349        1.1916057871492762E-002
  0.92544995925349938        2.6299998063288428E-002
  0.90810234582810823        3.0246794274645942E-002
  0.94934597629560713        1.8192433725313806E-002
  0.88248491021983044        2.2596442649661611E-002
  0.90000370142969188        3.6811161512725413E-002
  0.84942944974695545        1.8706940296745276E-002
  0.88504758890851587        4.3737613825485785E-002
  0.88169638518467919        5.4220707082015401E-002
  0.91535410316769883        2.2100578287264510E-002
  0.95845732532394678        3.8172727753038857E-002
  0.94498161408846126        3.4166946097695702E-002
  0.92561516466413973        3.9101947776732475E-002
  0.89558268170077371        3.1988908536078074E-002
  0.92878885203267492        1.7970343024593889E-002
  0.86868698941966194        4.5846785742042269E-002
   4.1715646991121721E-002  -1.9788785958775273E-003
  0.24178064337789668        3.0912012073850120E-003
  0.28420775647351665       -1.0990283110258188E-003
   6.3855542001005489E-003  -6.3503376515465252E-003
  0.20176139131271767       -6.4708599269172379E-004
  0.19513262635476630       -7.8571204327096563E-004
  0.38252729586257028        9.8326762151727080E-003
  0.73720143434398722        4.4944733756782226E-003
  0.67262305011940593        4.1619556586150374E-005
  0.68037122776396963        1.0181072196445450E-004
  0.70937682397087554        9.7886086240164469E-004
  0.59796052787360332        1.4547404301936036E-003
  0.97761285094829220       -6.6559077245274684E-002
  0.98347763374559649        1.2596067335274474E-002
  0.94938508099547259        7.0879289311199635E-003
  0.95791803263026731        6.6438648602652759E-003
  0.97291862367841253       -5.4175284405365660E-003
  0.99650449443912781        2.9433060817074527E-002
  0.49776753987442263       0.16996716393424466     
  0.50877409608138224       0.16878339842997775     
  0.48527714698226465       0.17779457800968479     
  0.46676984298822621       0.19331008144297543     
  0.83117420348534654        2.5771873650454365E-003
  0.86640718784942206       -1.3529777179666987E-003
  0.87779592302927967       -1.1808690353571833E-003
  0.75562691949247518        7.4402037411422828E-004
  0.89319791077420030        7.6328347695225137E-004
  0.83154241497922998        2.6846181032148721E-003
  0.89479413016823650        1.0945867007753183E-002
  0.78630340926356124        2.3432810183311586E-003
  0.79328336846627689       -3.2395965922499021E-004
  0.81546491873814941       -4.8797874420135490E-003
  0.69156452679907898       -5.2858658594888007E-004
  0.21204545466414876       -3.0756226850504678E-003
  0.34157535826337682        1.0429660983790989E-003
  0.31334417621941146       -3.9392958123306140E-003
  0.35856635830037265       -2.6960714250803385E-003
  0.27742520483349048       -1.8727780249503010E-003
  0.27499251446141149       -1.1094276968550666E-003
  0.93960709847048118       -6.5629287989389468E-002
  0.99411089088479254        3.7236779886469638E-002
  0.93660544273790314        2.3331244339242788E-002
  0.93623159265672473        5.3890500421188120E-002
  0.94109710722189877       -2.5957776823408510E-002
  0.93394305524103549        1.1119219847883991E-003
  0.97751593489764588        4.7128949035861690E-003
  0.66298472322757029        8.2660410074114427E-002
  0.69236744384601012        5.3228857593158180E-002
  0.66967655621852529        7.3020605151964693E-002
  0.66672595472806173        7.8166746204510071E-002
  0.58234450831551010        9.1071406014058096E-002
  0.66036301119751273        9.4915412526753465E-002
  0.63622400287251346       0.12187381817133008     
  0.64273793209815100        9.4451464532240188E-003
  0.62395767957360160        1.1453759532210719E-003
  0.62368663706093019        3.0972946582373577E-004
  0.63643342912565126        4.0459565148590155E-003
  0.55880575449702574       -2.9440414659286200E-003
  0.58171299954442912        9.1890626038973619E-002
  0.57843000812839840        8.9232693140954458E-002
  0.64481039868252887        7.9305013365230340E-002
  0.60521213139920838       0.10785865931896235     
  0.52463925511676790        9.8507271950027134E-002
  0.62241614984948679        8.8057338305888105E-002
  0.57664118398338515       0.10911163290952455     
  0.91330359407947115       -3.3425157168294802E-003
  0.90364816548327376       -3.8818913480724538E-003
  0.98198885560894311        8.9833006876898162E-003
  0.94957096633989946       -1.3661553311033220E-002
  0.99262566957860765       -8.8073565653271145E-004
  0.94328971311109777        4.9149835120062069E-003
  0.95225170964056338       -2.4785332552559099E-003
  0.47825865831292530        5.4750847723127635E-004
  0.45776874498485043       -4.2505274616567703E-004
  0.49842443154296578       -1.3171948025796579E-003
  0.41849918307109768       -1.8023279581236178E-003
  0.41705322119072030        8.3129325865411764E-004
  0.52599704427611915        1.6411836388117915E-003
  0.75675549985791557       0.13246439172701949     
  0.77755335916539359       0.11013581044319495     
  0.82233787767290800       0.11128465476742398     
  0.78930505209300017       0.11089543821439511     
  0.76027361883256350       0.11116968048219136     
  0.80915074642522189       0.10889889671508828     
  0.73993869046264305       0.12766311865842941     
  -2.9634899989594315E-002  -4.2244938179285637E-004
  0.64310626929744896        9.8087097748654267E-004
  0.67681368051722579        9.4037645013731136E-004
  0.59635987413376834        1.0679193046887114E-003
  0.58090937894211570       -1.1549248023281166E-003
  0.71013133143326745        1.8992592505824720E-003
  0.71445454457900470        5.5251441139887595E-003
  0.70628296668355550        4.3041167197905104E-003
  0.74863185347040095        1.1148198628110624E-003
  0.62794774449179758       -1.3085628101525500E-003
  0.76354681650236378        6.9246880664974152E-003
  0.64983768678996900        5.5167347462069475E-003
  0.75245707547577656        2.1253009273816455E-003
  0.82749965925844637        8.4135536254450499E-002
  0.82586334732415667        8.2703558476082906E-002
  0.86349225307860988        7.5380639790021020E-002
  0.88023089565187740        5.4533390711802091E-002
  0.83823951713005274        6.4489324284025470E-002
  0.86979426994246900        7.1651545479248444E-002
  0.81493934278021074        9.0258191014254516E-002
  0.50221262906120701       0.22177906897442204     
  0.52122534735648141       0.19590597892690828     
  0.54085529084897810       0.20224077677783442     
  0.50033371990251518       0.19946131417052668     
  0.57916368686640651       0.21899558070053621     
  0.48308586308628931       0.20788173597004292     
  0.93092524000917976        2.4799101011279450E-002
  0.95024453171846734        8.4751966823167141E-004
  0.89346722577795501       -1.8370760649632202E-002
  0.90149249746272508       -1.0370612665447969E-002
  0.92070480733117455       -6.4404368176136234E-003
  0.98051225862523184        2.5476774128805581E-002
  0.86851859526511255        1.9621664489074078E-003
  0.85752530570902485       -8.6461834010806492E-004
  0.89854495365700326       -6.8462720169913715E-004
  0.75014160154648102        3.7369930714168309E-003
  0.90641016637160265        8.6660225717047866E-004
  0.90654976411238453       -5.3442707312885435E-003
  0.96535490219999920        3.7478703672659777E-002
  0.88478655236172776       -2.1772687804446937E-003
  0.88904576530308310        1.0759656352642602E-003
  0.90193784152889256        4.2652573153633314E-002
  0.97435006986105521       -3.3462569972034603E-002
  0.76045438179652247       -5.4098435224847240E-003
  0.79542283387757440        1.0679439633908623E-003
  0.70088230756260761       -1.1953104522261194E-003
  0.67816473180515069        8.8012785027625573E-004
  0.81896691329269977        8.7154376573935952E-004
