 cosx vtec
   5.9672104328375997E-002   3.1388095203105523E-002
  0.19254602595983783        1.1266557126342261E-002
  0.12582665404943708        1.6147304182509994E-002
   8.4245696681691545E-002   2.6590208887822465E-002
   6.5910470241882513E-002   2.7965496839924199E-002
  -4.2297955170870982E-002   4.8858144319178523E-002
  0.29650925862282723       -9.6162401822252549E-004
  0.35510695315056018       -3.1685733285309186E-004
  0.19140930396368155        1.2930267714109428E-003
  0.25752723000545075        7.5567409252068395E-005
  0.34465511812399174        3.9073304018642291E-003
  0.34939103310748632       -7.3190681211835254E-004
  0.27955013970572795       -5.0381838196475351E-004
  0.40875156060149814       -1.2897270245265243E-003
  0.53070848921732616       -1.5853890733796313E-003
  0.61491462109714135        2.7911010227498938E-003
  0.64586835495001793        2.5617719413499748E-004
  0.53508629599261803        1.3981685127904576E-003
  0.55156758758282021       -5.1007868414364495E-003
  0.35052331825002625       -1.4334823602417959E-004
  0.41195968973465935        9.1280395362138908E-005
  0.24375500629848740        2.6484931139093269E-003
  0.31552332390509580        2.4790802105653944E-003
  0.47471576055124198        4.0766235908728171E-004
  0.30772044628221640       -1.5515789069554193E-003
  0.40975549181748572       -3.5281456368758475E-003
  0.39940445675043634       -1.1035258684171378E-003
  0.33431923128939711        4.7901094501673130E-004
  0.76283295727006395        1.5687779507678255E-003
  0.86584442434946873        2.7623175054397550E-003
  0.80060196086382940        4.0197458449612528E-003
  0.82607854678530512       -4.7835043372671920E-004
  0.77955871547784328       -3.4377783499088652E-003
  0.12109990903170778        1.7863194930720187E-002
   3.1667635261231772E-002   1.9575283317887330E-002
   1.4908976641554959E-002   3.0287222014354839E-002
   9.1228894185651929E-002   1.6668697761839574E-002
  0.20232372909493032        1.3116161486377044E-002
   6.4274262217082406E-002   2.5127913673000962E-002
  0.18132057696973486        1.0602088710713380E-002
   9.7010588786314300E-002   1.3917213258329682E-002
  0.11490329610772322        1.0555076789434181E-002
  0.81605481557072101       -2.7604670143527199E-003
  0.82748533269431501       -1.1527491207212459E-004
  0.79234439682366509       -1.3811317215394021E-003
  0.72231288984723863        4.4922859168688416E-003
  0.73573895277078383       -1.2436391499969313E-003
  0.54099934516568793        2.0479110461447654E-004
  0.50564791764536643       -4.5297425071958546E-003
  0.65617227543351397        3.3594982712548912E-003
  0.72676564147379952       -1.0845568661108529E-002
  0.66374245305470569        2.4618362171800252E-002
  0.57297909730856977       -3.8686800322529163E-002
  0.59303148214647283        4.1191537438215890E-004
  0.32854832516901050        2.3041674179984772E-003
  0.39409162786463925       -2.7525199677435008E-004
  0.46210207830175981       -1.2724938539822386E-003
  0.52347604384368185       -2.9124891541573404E-003
  0.39587402258436521        1.6272398366837053E-003
  0.40985571822121847       -1.8118724865727565E-004
  -7.9405087772500105E-002   3.8106920053663500E-002
  -6.1045537913239578E-002   5.3512534605510184E-002
  0.48746578329172430        7.1904269094688437E-003
  0.60580833202521533       -4.0428397746459149E-004
  0.57497376311447290        8.0264766956408590E-004
  0.53466364660112797       -4.8977605447199585E-004
  0.50431143654641475       -4.6278575108834206E-003
  0.41379974437132006       -1.1004490245101013E-003
  0.46545898003379249       -8.3599036980587562E-005
  0.31037593133606289       -7.6881997226430749E-004
  0.35733942759574316       -1.8436084074217239E-004
  0.44469302331134275        8.0550389157429145E-004
  0.48320859732065502        9.8471546486337408E-004
  0.42849721030078625       -6.6271548454806327E-004
  -5.2807671584954086E-002   5.8068373183961623E-002
  -8.6627278440867109E-002   6.1524758571879119E-002
   6.8018037886892563E-002   3.4345231023820519E-002
   2.5453345157828933E-002   4.5257741978062357E-002
  -8.1566295631856439E-002   6.0545584113714725E-002
  0.33936110473406700       -1.9673738106778019E-003
  0.45332568871141260        3.1601492638171458E-003
  0.41062473749600625       -3.5944424831929598E-003
  0.37104116122061043       -4.0640839485871225E-003
  0.34073996108522231        8.8320842817718771E-003
  -4.4053663415608679E-002   4.4498150413293282E-003
   3.9998888467134841E-002   1.7487307358282290E-002
  -8.0015012741084468E-002   4.3363388991551628E-002
   3.5284504664644945E-003  -3.1374722056225199E-002
   6.3403857830258148E-002   9.1331953273705319E-003
  -7.2549225450367905E-003   1.7362169594392445E-002
  -5.5232756373397418E-002   2.1612762921603676E-002
  0.16919071712292977        3.9713315750270527E-003
  0.31696548697228444        1.5067994553094507E-004
  0.27399131120612180       -6.6718014027117778E-004
  0.19315543671760557        4.4953568808341338E-003
  0.23168302623351308       -1.1062818537919612E-003
  0.10973848984908810       -4.5443046438902509E-003
  0.16546194634361486        7.7012684142695968E-003
  0.28256316178318025        2.1670522914370286E-003
  0.23149116698662570        1.8489583781809297E-003
  0.19284219551443721        4.0539128396376491E-003
  0.17398213604491009        1.1603254861881261E-002
  0.56542590821398409       -2.0566632077150596E-002
  0.71425444191888432       -1.2701386721718732E-002
  0.72028777318375647       -4.1639714671229781E-003
  0.67884899218210781       -1.2944937963955926E-003
  0.62112550029927349       -5.6288340745692606E-003
  0.62902248536010563       -4.6381131940633384E-003
  0.76840960715735696       -1.8425442309917390E-003
  0.65840896537572979       -6.4994435822044718E-003
  0.74642247126185768       -1.5193500429710259E-003
  0.74600105643907144       -1.0268789279195456E-003
  0.67160449525947175       -2.8028151825057441E-004
  0.98185578446612876        5.2825112062993246E-004
  0.98962827524870645       -2.3291142227196697E-004
  0.96000981657038853       -1.0360885492778609E-003
  0.93906904852619288        2.9107282886670050E-005
  0.96213664452985237       -2.7870839953360914E-003
  0.99446645161302538        1.0504469837238101E-003
  0.28097154786066303        1.2428388263224378E-003
  0.33734326963598016       -2.6804108066335843E-004
  0.16369160835546370        5.3309663252945824E-003
  0.24222404528439265       -1.7674594537552189E-004
  0.32170923770386783        1.4058700887975260E-003
  0.33870238328044233        3.4385848994467221E-003
   3.0622939592028775E-002   7.1561491682741601E-004
  0.31888938014650092       -1.9313477136490538E-003
  0.26157108033479548        4.6256906650562378E-004
  0.42190641774942117        1.7706911728363754E-002
  0.56975900772801069        8.3064049308213578E-004
  0.56299073413540701       -9.0239836387568228E-003
  0.50952517709101497        2.1763725522982606E-002
  0.45816558748945013       -7.8960665841218552E-003
  0.28293104510500644        8.2147199687336817E-002
  -9.7197947852509389E-002  0.12622566330818735     
  0.24290482117083259        4.4968026919053892E-003
  0.29573478041784712        4.2981282663374643E-003
  0.36853610101219575        1.4764253058574511E-003
  0.29546244143837164        7.5457911314361602E-003
  0.31227707018423734        8.4268154823119001E-004
  0.42553063151266168        4.5253359407055623E-004
  0.49063459288865041        9.6129781111855802E-004
  0.30263225770878516       -3.0777218663015225E-003
  0.39470085188621551        1.1174027867113141E-003
  0.50947983225202165        4.3087592295885479E-004
  0.37427630803410361       -2.2641791912794453E-003
  0.49831830860464899       -1.7650548315984085E-003
  0.47278321835046300        8.1385757764911872E-004
  0.40930096002019289       -4.3943034735775886E-004
  0.61476802021495480       -6.3980360992366920E-003
  0.77950005433012293       -2.4152062409891399E-004
  0.78086290495542698       -1.6801410417189593E-004
  0.74493893991004090        3.3360350109583664E-003
  0.68478845770427310        4.1850298004085691E-003
  -8.7202298427934311E-002   8.7806748522432240E-002
   9.8736917995340678E-003   4.9557197440978550E-002
  0.10053926111733485        3.7410694713585532E-002
   3.4059398204865476E-002   4.7976232722304335E-002
  -4.0607331811754799E-002   6.5191784758076146E-002
   4.5059755513057353E-002   6.2451256859090268E-002
  -9.7964905079001352E-002   8.2339747719577638E-002
  0.14252245726931007        1.8039901042231622E-002
  0.19239844867177469        9.4478455624341824E-003
  0.26553056353182214        7.0401137222157381E-004
  0.20621445405808131        6.7728585436055448E-003
  0.61903224664885748        1.3401480297468547E-003
  0.67656578900882769       -2.2287743463634928E-003
  0.57417604167747238        4.6502114942599477E-003
  0.69239832955876790       -5.4593737072498264E-003
  0.54732721755928404       -2.8915610890522516E-003
  0.67646291162995087       -3.4230545147837048E-003
  0.66612413423116545       -3.1479813156236563E-003
  0.59920548751678482        1.0378312096303243E-003
  0.19624953974535964        7.8589178373334942E-004
  0.25636307874884273        8.1466062100912489E-003
   6.6888868267228785E-002  -1.6584863994053397E-002
   9.4200602635352293E-002  -1.3931294641972591E-003
  0.15719305645441106        5.5444735493517883E-003
  0.23333795993525863        9.1762047814772235E-003
  0.26962100225639468       -1.2828109273727184E-002
  -3.3904466870900429E-003   3.2156347579018912E-003
  0.22209589081170783       -1.6253284049114482E-003
  0.17423913442911404        7.0115968919918338E-003
  0.97297372493683376       -9.8763709137592026E-004
  0.94988166152633469       -4.1869643802628563E-004
  0.92931465461167884        2.6979917087478181E-003
  0.95134565959781403       -2.0610140261236542E-002
  0.98962576987955808        1.2452667861203354E-003
  0.63313440643994134        1.2527483998860428E-003
  0.56450440177861050       -1.7301745083221845E-004
  0.66950367796020749       -3.1242440398636237E-003
  0.68270463110912472       -1.7347450135841900E-003
  0.65485049258098560        2.6230552523900720E-003
  0.17486389473723310        1.8930705919911962E-002
  0.22755774281448857        1.1916057871492762E-002
  0.18869898358438053        2.6299998063288428E-002
  0.31692169869200310        3.0246794274645942E-002
  0.23663992919980537        1.8192433725313806E-002
  0.14186433261259376        2.2596442649661611E-002
  0.24877174255381040        3.6811161512725413E-002
   8.4000173869838213E-002   1.8706940296745276E-002
   5.7412960635874477E-002   4.3737613825485785E-002
  0.11700376879689603        5.4220707082015401E-002
  0.11163246291233492        2.2100578287264510E-002
  0.25552608982143177        3.8172727753038857E-002
  0.23786863947915146        3.4166946097695702E-002
  0.14171487724060666        3.9101947776732475E-002
   6.2805198986828792E-002   3.1988908536078074E-002
  0.14952964756379503        1.7970343024593889E-002
   7.5051407860059483E-003   4.5846785742042269E-002
  0.55791740772031972       -1.9788785958775273E-003
  0.53156640662832544        3.0912012073850120E-003
  0.61390049005281089       -1.0990283110258188E-003
  0.46618710283930531       -6.3503376515465252E-003
  0.60957540604683991       -6.4708599269172379E-004
  0.54183215973523580       -7.8571204327096563E-004
  0.54587468021694407        9.8326762151727080E-003
  0.56153687438671129        4.4944733756782226E-003
  0.69698866536811388        4.1619556586150374E-005
  0.66930354571361939        1.0181072196445450E-004
  0.62504276950578253        9.7886086240164469E-004
  0.58932271139390302        1.4547404301936036E-003
  0.50658636036227833       -6.6559077245274684E-002
  0.64555219283330789        1.2596067335274474E-002
  0.66315139674857315        7.0879289311199635E-003
  0.61310379970730178        6.6438648602652759E-003
  0.55388985396706858       -5.4175284405365660E-003
  0.56284544710328643        2.9433060817074527E-002
   7.6348657843578083E-002   9.9820059252443555E-003
  0.16447756568422239       -3.7000416006854219E-004
   1.4112618278339095E-003   1.8675346546876515E-002
   5.0521192190621789E-002   1.4043305679535661E-002
   3.8763250215451323E-002   1.3691458398637160E-002
  0.16508642925496952       -3.2657256707119119E-003
  0.13907324470046592        3.4037502207289396E-003
   6.0950070190193523E-002   1.2257620280420930E-002
  0.65947333448498124        2.5771873650454365E-003
  0.76127475122471533       -1.3529777179666987E-003
  0.84429798322045624       -1.1808690353571833E-003
  0.82903742556164028        7.4402037411422828E-004
  0.70334133472649762        7.6328347695225137E-004
  0.55363445268868361        2.6846181032148721E-003
  0.75121247229231947        1.0945867007753183E-002
  0.68153591943296310        2.3432810183311586E-003
  0.64985026011138824       -3.2395965922499021E-004
  0.60543046163978576       -4.8797874420135490E-003
  0.55408298791737587       -5.2858658594888007E-004
  0.54910487746349579       -3.0756226850504678E-003
  0.30389008703277465        1.0429660983790989E-003
  0.39712734185702614       -3.9392958123306140E-003
  0.47026229675226977       -2.6960714250803385E-003
  0.48021534054462234       -1.8727780249503010E-003
  0.40290036845900112       -1.1094276968550666E-003
  0.31965827215635689       -6.5629287989389468E-002
  0.47377912678953438        3.7236779886469638E-002
  0.47386945874776881        2.3331244339242788E-002
  0.40456255565350246        5.3890500421188120E-002
  0.35070500535980936       -2.5957776823408510E-002
  0.22286648528516928        1.1119219847883991E-003
  0.35816764255292088        4.7128949035861690E-003
  -7.5582565647944688E-002   8.2660410074114427E-002
  0.11357007608661465        5.3228857593158180E-002
  -1.2207705253693413E-003   7.3020605151964693E-002
  -5.3150803365718258E-002   7.8166746204510071E-002
  -7.3491672260143193E-002   9.1071406014058096E-002
  0.25392347361537870        9.4451464532240188E-003
  0.36478614546692134        1.1453759532210719E-003
  0.32247688224278070        3.0972946582373577E-004
  0.28495014120199830        4.0459565148590155E-003
  0.26537064545155792       -2.9440414659286200E-003
  -7.0641246271899577E-002   8.9232693140954458E-002
   2.5446518009460906E-002   7.9305013365230340E-002
  -6.4399336158128262E-002   9.8507271950027134E-002
  -5.7280816785615557E-002   8.8057338305888105E-002
  0.33178244669750795       -3.3425157168294802E-003
  0.41134988119440652       -3.8818913480724538E-003
  0.36686996728978605        8.9833006876898162E-003
  0.50358027265340799       -1.3661553311033220E-002
  0.42367427361374360       -8.8073565653271145E-004
  0.28043530334282601        4.9149835120062069E-003
  0.44216563273151549       -2.4785332552559099E-003
  0.34442295070122630        5.4750847723127635E-004
  0.42757986564262179       -4.2505274616567703E-004
  0.49648618271534284       -1.3171948025796579E-003
  0.52041182586661194       -1.8023279581236178E-003
  0.43195847972964302        8.3129325865411764E-004
  0.44234831823875453        1.6411836388117915E-003
  -5.0468547880074266E-003  0.11128465476742398     
  0.52274923193149447        8.4916412160106983E-004
  0.57586864708802243       -5.4668864384596884E-005
  0.35477957328441095       -1.3352013552095448E-003
  0.62788846741296145       -4.2244938179285637E-004
  0.46997601610305095       -3.3303824079798957E-003
  0.56993026800173041        2.9710001599958600E-004
  0.56919169953362503        4.4567733278943306E-004
  0.50253175852809318       -2.3710797897497052E-003
  0.63036525938802490        9.8087097748654267E-004
  0.70682103393078466        9.4037645013731136E-004
  0.73484691487717135        1.0679193046887114E-003
  0.63248716712223851       -1.1549248023281166E-003
  0.65281684722537359        1.8992592505824720E-003
  0.25979860121298903        5.5251441139887595E-003
  0.31403264490095772        4.3041167197905104E-003
  0.38452985454236333        1.1148198628110624E-003
  0.50024573666062677       -1.3085628101525500E-003
  0.15154626116797715        6.9246880664974152E-003
  0.31464500628272585        5.5167347462069475E-003
  0.32993842511138177        2.1253009273816455E-003
  -3.5005818337548178E-002   8.4135536254450499E-002
   1.3796425689755532E-002   8.2703558476082906E-002
  -2.4136080457006770E-003   7.5380639790021020E-002
   2.9454186136212923E-002   5.4533390711802091E-002
  -4.0537761031095743E-002   6.4489324284025470E-002
   3.5611031634118384E-002   7.1651545479248444E-002
  -7.7466913858451614E-002   9.0258191014254516E-002
  0.43626913139398293       -8.5020807505557317E-004
  0.38366125310154142       -1.5506346889086720E-004
  0.46819111765753263       -5.1013352026934482E-003
  0.49768579521508960       -2.5845571095877728E-003
  0.45349886059291289        4.6924016013175840E-003
  0.55338292133107725        2.4799101011279450E-002
  0.70828122214576084        8.4751966823167141E-004
  0.69239852064353102       -1.8370760649632202E-002
  0.65406429168684133       -1.0370612665447969E-002
  0.60336541703113744       -6.4404368176136234E-003
  0.60672755586242855        2.5476774128805581E-002
  0.38476662584050592        1.9621664489074078E-003
  0.46809296391271693       -8.6461834010806492E-004
  0.54991794332921606       -6.8462720169913715E-004
  0.45682845615620815        3.7369930714168309E-003
  0.49428957119616435        8.6660225717047866E-004
   8.9315221603012890E-002   8.3818313049875796E-003
  0.17897403740714776        2.6070822242617044E-003
   1.3737694572823644E-002   1.8072617873496892E-002
   6.3765793861637582E-002   1.3724598829335260E-002
   5.0792891012498453E-002   1.3313824791760968E-002
  0.18421960436981236        2.0056339037771636E-004
  0.15061131707469172        4.3708906987681489E-003
   7.3560963823166320E-002   1.1506305277751162E-002
  0.45070281206771845       -5.3442707312885435E-003
  0.61821686341768523        3.7478703672659777E-002
  0.57759867203570825       -2.1772687804446937E-003
  0.53381830571177780        1.0759656352642602E-003
  0.48801042657444571        4.2652573153633314E-002
  0.49147256743947110       -3.3462569972034603E-002
  0.61796158007781898       -5.4098435224847240E-003
  0.69873817328321008        1.0679439633908623E-003
  0.75000312960874660       -1.1953104522261194E-003
  0.61336172358515306        8.8012785027625573E-004
  0.64526214303631813        8.7154376573935952E-004
