 cosx vtec
  0.49208323516135072        3.1388095203105523E-002
  0.54673655904755114        1.1266557126342261E-002
  0.51408868993880730        1.6147304182509994E-002
  0.50155283593706634        2.6590208887822465E-002
  0.43848040864431076        2.7965496839924199E-002
  0.46180758053780713        4.8858144319178523E-002
  0.60127847574130056       -1.2897270245265243E-003
  0.62975621070202203       -1.5853890733796313E-003
  0.69539819207719222        2.7911010227498938E-003
  0.63749960101386893        2.5617719413499748E-004
  0.58797395472223413        1.3981685127904576E-003
  0.69568699164394709       -5.1007868414364495E-003
  -6.1172053071313182E-002   9.1280395362138908E-005
  -3.0691403032172826E-002   2.4790802105653944E-003
  0.11468304013718425        4.0766235908728171E-004
  -9.8579970758304325E-002  -3.5281456368758475E-003
  -4.8689603881604648E-002  -1.1035258684171378E-003
  -7.7539125388648544E-002   4.7901094501673130E-004
  0.16939453432530743        1.5687779507678255E-003
  0.35414680242585883        2.7623175054397550E-003
  0.22863631606500531        4.0197458449612528E-003
  0.27188594100195368       -4.7835043372671920E-004
  0.20072524022540184       -3.4377783499088652E-003
   5.1283821856735634E-002  0.18116790074331321     
   6.5665053531444140E-002  0.18711093450550123     
   5.5664085315920986E-002  0.18987606643068172     
   3.1415730928204322E-002  0.21150504713415480     
  0.11257173550476557       0.18739092016021178     
   3.4059862024292342E-002  0.18751340178758585     
  -9.9262509318346515E-002   1.9575283317887330E-002
  -6.3209423738558070E-003   3.0287222014354839E-002
   3.8498958127645977E-004   1.6668697761839574E-002
  0.11165366304925257        1.3116161486377044E-002
   1.0260066416065208E-002   1.0602088710713380E-002
  -2.4678447993774527E-002   1.3917213258329682E-002
  0.12899431917805670        1.0555076789434181E-002
  0.99662732881151062       -2.7604670143527199E-003
  0.97745460572291121       -1.1527491207212459E-004
  0.97576176726008956       -1.3811317215394021E-003
  0.97591743082709814        4.4922859168688416E-003
  0.99863160672305940       -1.2436391499969313E-003
  0.89408082489910667        2.0479110461447654E-004
  0.94189306957039554       -4.5297425071958546E-003
  0.97193825287969249        3.3594982712548912E-003
  0.99798286973667794       -1.0845568661108529E-002
  0.98742793160339737        2.4618362171800252E-002
  0.96558636382568419       -3.8686800322529163E-002
  0.95695834660470547        4.1191537438215890E-004
  0.60897971688927877        2.3041674179984772E-003
  0.62607124128078417       -2.7525199677435008E-004
  0.68246396898260664       -1.2724938539822386E-003
  0.63668866899281151       -2.9124891541573404E-003
  0.59068252545008182        1.6272398366837053E-003
  0.67078384811254077       -1.8118724865727565E-004
  0.35073621785499481       0.16537621692818413     
  0.38558692259039007       0.15934392381651821     
  0.41632752886761909        2.5444023499378923E-002
  0.35421321874399209       0.16245428121964881     
  0.41247413319431259       0.15838180996555629     
  0.33246820530328924       0.16540010551223430     
  0.18592816439800069       0.19077796878947312     
  0.20961853840697542       0.19748407119543368     
  0.15931853057828987       0.19677924073786038     
  0.13821791634148178       0.19784547479312053     
  0.73587885062125213        7.1904269094688437E-003
  0.75038901873862751       -4.0428397746459149E-004
  0.74220916906154910        8.0264766956408590E-004
  0.74223637302685486       -4.8977605447199585E-004
  0.65787623613145074       -4.6278575108834206E-003
   9.4675687960483201E-003   3.4345231023820519E-002
  0.71258242150634399       -1.9673738106778019E-003
  0.74454373119164730        3.1601492638171458E-003
  0.72859951868354500       -3.5944424831929598E-003
  0.72163929615826139       -4.0640839485871225E-003
  0.64118575606965789        8.8320842817718771E-003
  -7.2142994649687708E-002   1.5067994553094507E-004
  0.53923010111762348        7.7012684142695968E-003
  0.57870110288290555        2.1670522914370286E-003
  0.55606227365194838        1.8489583781809297E-003
  0.54768340017700967        4.0539128396376491E-003
  0.48413082262344581        1.1603254861881261E-002
  0.34161784186430560       0.15621543594884907     
  0.36035659714176888       0.16669204073483934     
  0.38129765268324950       0.15831919765343447     
  0.34465724706492284       0.15216228660618406     
  0.39809196813662823       0.14958327736875440     
  0.32324151056998196       0.15520144799549179     
  0.93780621407205211       -2.0566632077150596E-002
  0.99492098523683870       -1.2701386721718732E-002
  0.96824320093587157       -4.1639714671229781E-003
  0.95946576330362576       -1.2944937963955926E-003
  0.95208979252687032       -5.6288340745692606E-003
  0.98021479846402504       -4.6381131940633384E-003
  0.51153992981115415       -1.8425442309917390E-003
  0.52815878787946713       -6.4994435822044718E-003
  0.58761441538320236       -1.5193500429710259E-003
  0.52941648341192282       -1.0268789279195456E-003
  0.49076778987264014       -2.8028151825057441E-004
  0.69496410870902048        5.2825112062993246E-004
  0.83163788730882238       -2.3291142227196697E-004
  0.76088997840031802       -1.0360885492778609E-003
  0.77496644459459463        2.9107282886670050E-005
  0.63568289464750860       -2.7870839953360914E-003
  0.72192239153015469        1.0504469837238101E-003
  0.87049106548230137        1.7706911728363754E-002
  0.95845445201876345        8.3064049308213578E-004
  0.91462868324655067       -9.0239836387568228E-003
  0.89636372697675704        2.1763725522982606E-002
  0.88353954473500351       -7.8960665841218552E-003
  0.81651167300455085        8.2147199687336817E-002
  0.33801685852157259       0.17979436456887404     
  0.36947097642158599       0.16086609414302988     
  0.39214966437408644       0.16159190962225733     
  0.34215794119563026       0.16379153790527184     
  0.41176467532657984       0.16523917677199620     
  0.31940055344246621       0.16719070424129434     
  -6.7841500326113122E-002  0.14616974875789149     
   2.8214884737422785E-002  0.13480062142992202     
   3.8236312642968312E-002  0.13244874296649659     
  0.16507081536834678       0.12622566330818735     
   1.4850590744591052E-002  0.13218300977472652     
   9.6772501052811044E-002  0.13403129489593524     
   2.6416688161257640E-003  0.16718654530471480     
  0.65371239245833257        4.4968026919053892E-003
  0.66911102865579852        4.2981282663374643E-003
  0.73020098082412854        1.4764253058574511E-003
  0.62154812021192574        7.5457911314361602E-003
  0.70899014609412736        8.4268154823119001E-004
   2.0121836646389391E-002   4.5253359407055623E-004
   9.1109187515947487E-002   9.6129781111855802E-004
  -4.2263762672898247E-002  -3.0777218663015225E-003
  0.11096331814329585        1.1174027867113141E-003
  0.20946079156406944        4.3087592295885479E-004
  -1.0959730825386593E-002  -2.2641791912794453E-003
   4.3057543611334903E-002  -1.7650548315984085E-003
  0.10362582056074243        8.1385757764911872E-004
   7.4980662408302506E-002  -4.3943034735775886E-004
  0.94588663652683458       -6.3980360992366920E-003
  0.99692798501604352       -2.4152062409891399E-004
  0.96719966406339486       -1.6801410417189593E-004
  0.96221739380050042        3.3360350109583664E-003
  0.95952670795087169        4.1850298004085691E-003
  -8.8842206075202906E-002  0.11551612918117631     
  0.57201423323682388        8.7806748522432240E-002
  0.61728096620169715        4.9557197440978550E-002
  0.66435091211639608        3.7410694713585532E-002
  0.63149295650330695        4.7976232722304335E-002
  0.58905483830026140        6.5191784758076146E-002
  0.66605820684118278        6.2451256859090268E-002
  0.54827246476318314        8.2339747719577638E-002
  0.37205529164360507        1.8039901042231622E-002
  0.38375667165575256        9.4478455624341824E-003
  0.44962967668595777        7.0401137222157381E-004
  0.43273669108743518        6.7728585436055448E-003
  0.17968372749606151        1.3401480297468547E-003
  0.25758687184252899       -2.2287743463634928E-003
  0.28211727825388161        4.6502114942599477E-003
  0.36080066987681786       -5.4593737072498264E-003
  0.11682627678073057       -2.8915610890522516E-003
  0.21512698798072122       -3.4230545147837048E-003
  0.27082484742774265       -3.1479813156236563E-003
  0.23801530105465962        1.0378312096303243E-003
   6.9136925728383647E-002  0.14808115052818685     
  -3.7934616313725855E-002  0.16013105653987095     
  0.15646448149011805       0.20000990441896402     
  0.18747031613817744       0.18849306004408550     
  0.21777295787179141       0.20000520977718561     
  0.15790026240412441       0.19102871679253400     
  0.13823231443377570       0.19544743668399317     
   3.1459848330922136E-002  0.21606207179078721     
   5.6605133092953508E-002  0.22397928138036893     
   4.4018604732024014E-003  0.21680856679272215     
  -1.6984673119856408E-002  0.23013724365828847     
  0.67586172805501044       -9.8763709137592026E-004
  0.73981449842155877       -4.1869643802628563E-004
  0.75290314859461760        2.6979917087478181E-003
  0.62031229072148864       -2.0610140261236542E-002
  0.70318479318069693        1.2452667861203354E-003
   4.0985964092515259E-002   1.2527483998860428E-003
  -2.7895322703667236E-002  -1.7301745083221845E-004
   7.5690007913855162E-002  -3.1242440398636237E-003
  0.11609410835376482       -1.7347450135841900E-003
   2.8039303911049085E-002   2.6230552523900720E-003
  0.70874149887510107        1.8930705919911962E-002
  0.72530472501861287        1.1916057871492762E-002
  0.76141718490401489        2.6299998063288428E-002
  0.79918041985108201        3.0246794274645942E-002
  0.79808681709521279        1.8192433725313806E-002
  0.71103090830234483        2.2596442649661611E-002
  0.76625486572896984        3.6811161512725413E-002
  0.66364390505579884        1.8706940296745276E-002
  0.67958054622949560        4.3737613825485785E-002
  0.70062744003267485        5.4220707082015401E-002
  0.72348781954763641        2.2100578287264510E-002
  0.81230823562702503        3.8172727753038857E-002
  0.79533272433041113        3.4166946097695702E-002
  0.74298433191519420        3.9101947776732475E-002
  0.68952953995507515        3.1988908536078074E-002
  0.74842622288303995        1.7970343024593889E-002
  0.64772712662890641        4.5846785742042269E-002
  0.25130128269809210       -1.9788785958775273E-003
  0.38938814232304542        3.0912012073850120E-003
  0.45339496918304789       -1.0990283110258188E-003
  0.18885119966972086       -6.3503376515465252E-003
  0.39049292502525601       -6.4708599269172379E-004
  0.35881897766647891       -7.8571204327096563E-004
  0.49950491523705381        9.8326762151727080E-003
  0.76893919287219203        4.4944733756782226E-003
  0.77450144994370684        4.1619556586150374E-005
  0.76931865040121239        1.0181072196445450E-004
  0.77336744710441063        9.7886086240164469E-004
  0.67656428838542904        1.4547404301936036E-003
  0.92567743327175511       -6.6559077245274684E-002
  0.98491232860301214        1.2596067335274474E-002
  0.96655837702758363        7.0879289311199635E-003
  0.95312642594213537        6.6438648602652759E-003
  0.94087485891233680       -5.4175284405365660E-003
  0.96191777380049681        2.9433060817074527E-002
  0.21315861521815760       0.16996716393424466     
  0.23070758506436895       0.16878339842997775     
  0.18899517188005349       0.17779457800968479     
  0.16377860651426546       0.19331008144297543     
  0.87736646772338278        2.5771873650454365E-003
  0.94372186697750438       -1.3529777179666987E-003
  0.98496333142010140       -1.1808690353571833E-003
  0.88825930858041446        7.4402037411422828E-004
  0.94072697706018138        7.6328347695225137E-004
  0.83584072502139606        2.6846181032148721E-003
  0.96081752344855342        1.0945867007753183E-002
  0.85277533897411351        2.3432810183311586E-003
  0.84544241028442413       -3.2395965922499021E-004
  0.84436341165817319       -4.8797874420135490E-003
  0.73212246890047128       -5.2858658594888007E-004
  0.37424435950489343       -3.0756226850504678E-003
  0.37354209263267579        1.0429660983790989E-003
  0.38941040939713611       -3.9392958123306140E-003
  0.45185879286758868       -2.6960714250803385E-003
  0.39556438544809891       -1.8727780249503010E-003
  0.36322470902330695       -1.1094276968550666E-003
  0.82364486158460581       -6.5629287989389468E-002
  0.92496613875978206        3.7236779886469638E-002
  0.88231970566301621        2.3331244339242788E-002
  0.85467078998396828        5.3890500421188120E-002
  0.83701209927068765       -2.5957776823408510E-002
  0.78121479219398404        1.1119219847883991E-003
  0.86699036952871400        4.7128949035861690E-003
  0.46223541048422589        8.2660410074114427E-002
  0.55874627815771771        5.3228857593158180E-002
  0.49657003774411623        7.3020605151964693E-002
  0.47387124916881379        7.8166746204510071E-002
  0.40320780756481139        9.1071406014058096E-002
  0.43637351280767184        9.4915412526753465E-002
  0.38948054274270327       0.12187381817133008     
  0.57733979067358909        9.4451464532240188E-003
  0.60718366531194345        1.1453759532210719E-003
  0.59027325700220523        3.0972946582373577E-004
  0.58491380518782876        4.0459565148590155E-003
  0.51956388647024443       -2.9440414659286200E-003
  0.38978490675666921        9.1890626038973619E-002
  0.40142808018854270        8.9232693140954458E-002
  0.48864543403266081        7.9305013365230340E-002
  0.39206552889401686       0.10785865931896235     
  0.36396824284910329        9.8507271950027134E-002
  0.43935223689859970        8.8057338305888105E-002
  0.36349858312080235       0.10911163290952455     
  0.80890989560100590       -3.3425157168294802E-003
  0.83316700817551492       -3.8818913480724538E-003
  0.87374710944428946        8.9833006876898162E-003
  0.90367678690674647       -1.3661553311033220E-002
  0.90407581497278211       -8.8073565653271145E-004
  0.81088783803531361        4.9149835120062069E-003
  0.88141197171543439       -2.4785332552559099E-003
  0.49099983441761219        5.4750847723127635E-004
  0.50863289424056246       -4.2505274616567703E-004
  0.56602188098939599       -1.3171948025796579E-003
  0.51614816184129364       -1.8023279581236178E-003
  0.48014197464146841        8.3129325865411764E-004
  0.56510631153486446        1.6411836388117915E-003
  0.48757479424713096       0.13246439172701949     
  0.52261569008863851       0.11013581044319495     
  0.60836838477449962       0.11128465476742398     
  0.54146987567155180       0.11089543821439511     
  0.49510359216857780       0.11116968048219136     
  0.55981914092687712       0.10889889671508828     
  0.46688590898447818       0.12766311865842941     
   1.2357543940832161E-002   8.4916412160106983E-004
   7.3591181043413112E-002  -5.4668864384596884E-005
  0.22597669563959358       -4.2244938179285637E-004
  -2.9801189297601782E-002  -3.3303824079798957E-003
   4.0776893873456344E-002   2.9710001599958600E-004
   8.6445508127106829E-002   4.4567733278943306E-004
   5.5625452970460454E-002  -2.3710797897497052E-003
  0.72628165406396372        9.8087097748654267E-004
  0.78149495547515968        9.4037645013731136E-004
  0.73284823665386400        1.0679193046887114E-003
  0.68095543687869575       -1.1549248023281166E-003
  0.78489630312153125        1.8992592505824720E-003
  0.63289008053307871        5.5251441139887595E-003
  0.64824360996087937        4.3041167197905104E-003
  0.70751762853120870        1.1148198628110624E-003
  0.66364237119482994       -1.3085628101525500E-003
  0.62657551184324156        6.9246880664974152E-003
  0.60659022810484908        5.5167347462069475E-003
  0.68879697287060093        2.1253009273816455E-003
  0.60036788062092195        8.4135536254450499E-002
  0.61842687698468335        8.2703558476082906E-002
  0.63995423211816427        7.5380639790021020E-002
  0.66496368295365271        5.4533390711802091E-002
  0.60615456048027738        6.4489324284025470E-002
  0.65964886364825592        7.1651545479248444E-002
  0.57427607560300209        9.0258191014254516E-002
  0.17641499001488525       0.22177906897442204     
  0.20546219263768756       0.19590597892690828     
  0.23119549791469113       0.20224077677783442     
  0.17787733733808453       0.19946131417052668     
  0.26596620292349943       0.21899558070053621     
  0.15738431256977142       0.20788173597004292     
  0.90950602384350188        2.4799101011279450E-002
  0.98501944492739679        8.4751966823167141E-004
  0.93660521514217332       -1.8370760649632202E-002
  0.92742242057213697       -1.0370612665447969E-002
  0.92165977006514987       -6.4404368176136234E-003
  0.96737829973564726        2.5476774128805581E-002
  0.79659433793949752        1.9621664489074078E-003
  0.82134296068963630       -8.6461834010806492E-004
  0.88410406775149342       -6.8462720169913715E-004
  0.73719115263455315        3.7369930714168309E-003
  0.86797248243765823        8.6660225717047866E-004
  0.85086233995474947       -5.3442707312885435E-003
  0.96066557943151887        3.7478703672659777E-002
  0.88482418167950039       -2.1772687804446937E-003
  0.87069526821329024        1.0759656352642602E-003
  0.86217317336855082        4.2652573153633314E-002
  0.91728680534080431       -3.3462569972034603E-002
  0.80848201987709056       -5.4098435224847240E-003
  0.86633772469691561        1.0679439633908623E-003
  0.81641328686734171       -1.1953104522261194E-003
  0.74558777785022634        8.8012785027625573E-004
  0.86269344697612993        8.7154376573935952E-004
