 cosx vtec
  0.61385263451466010        3.1388095203105523E-002
  0.64484281836022950        1.1266557126342261E-002
  0.62373500278182770        1.6147304182509994E-002
  0.61903014773588261        2.6590208887822465E-002
  0.55269536272492004        2.7965496839924199E-002
  0.60125347411426133        4.8858144319178523E-002
  0.55773957591821988       -1.2897270245265243E-003
  0.55925150360288267       -1.5853890733796313E-003
  0.61824417957252431        2.7911010227498938E-003
  0.53912128566026607        2.5617719413499748E-004
  0.50664790214185051        1.3981685127904576E-003
  0.63551576984630187       -5.1007868414364495E-003
  -4.1514723520356206E-002   4.0766235908728171E-004
  -1.1227564575085447E-002   1.5687779507678255E-003
  0.19125987131994371        2.7623175054397550E-003
   5.3029095385835667E-002   4.0197458449612528E-003
   9.2971809313281861E-002  -4.7835043372671920E-004
   3.0190451209430369E-002  -3.4377783499088652E-003
  -1.5816942341262186E-002  0.24536648206127828     
  0.15402894633048769       0.18116790074331321     
  0.15918764558277729       0.18711093450550123     
  0.16918625975642265       0.18987606643068172     
  0.11043026083951141       0.21150504713415480     
  0.21358549503022564       0.18739092016021178     
  0.14495249098358176       0.18751340178758585     
  -7.1044432651489395E-002   3.0287222014354839E-002
  -8.3617998835073301E-002   1.6668697761839574E-002
   1.9273584290693407E-002   1.3116161486377044E-002
  -9.5181552976056780E-002   1.0602088710713380E-002
   6.3364505459003739E-002   1.0555076789434181E-002
  0.96469237563043275       -2.7604670143527199E-003
  0.94846644242143907       -1.1527491207212459E-004
  0.95828570621813813       -1.3811317215394021E-003
  0.97830606838653311        4.4922859168688416E-003
  0.98744482139477197       -1.2436391499969313E-003
  0.89501815223583703        2.0479110461447654E-004
  0.98533595410994712       -4.5297425071958546E-003
  0.96780417730489543        3.3594982712548912E-003
  0.99212174498719208       -1.0845568661108529E-002
  0.99939445361974566        2.4618362171800252E-002
  0.99577341831352584       -3.8686800322529163E-002
  0.96735823760576978        4.1191537438215890E-004
  0.59102960496041435        2.3041674179984772E-003
  0.59299906010529657       -2.7525199677435008E-004
  0.64409811878740064       -1.2724938539822386E-003
  0.56977677584200559       -2.9124891541573404E-003
  0.54822830896250019        1.6272398366837053E-003
  0.64468559633289224       -1.8118724865727565E-004
  0.49838940246697505       0.16537621692818413     
  0.54122513146125883       0.15934392381651821     
  0.57175226204669494        2.5444023499378923E-002
  0.50816338955019247       0.16245428121964881     
  0.55631646771356746       0.15838180996555629     
  0.48684109160667888       0.16540010551223430     
  0.36687395464577871       0.19077796878947312     
  0.38947015871334634       0.19748407119543368     
  0.34077081505194562       0.19677924073786038     
  0.32019896205754472       0.19784547479312053     
  0.78351263155298900        7.1904269094688437E-003
  0.76760701711519963       -4.0428397746459149E-004
  0.76702661082476753        8.0264766956408590E-004
  0.77811003341155227       -4.8977605447199585E-004
  0.69080473586787516       -4.6278575108834206E-003
  -6.6664482350602114E-002   3.4345231023820519E-002
  0.79418185326084523       -1.9673738106778019E-003
  0.80187730825204084        3.1601492638171458E-003
  0.79484922776297728       -3.5944424831929598E-003
  0.79670573232433872       -4.0640839485871225E-003
  0.71487695896333481        8.8320842817718771E-003
  0.64274017566502106        7.7012684142695968E-003
  0.65905937900478517        2.1670522914370286E-003
  0.64604468228829459        1.8489583781809297E-003
  0.64583281995890085        4.0539128396376491E-003
  0.57876315669564093        1.1603254861881261E-002
  0.47689018891409579       0.15621543594884907     
  0.48245539853503111       0.16669204073483934     
  0.52781929029908847       0.15831919765343447     
  0.48723926881708063       0.15216228660618406     
  0.53007621637086877       0.14958327736875440     
  0.46580323519593059       0.15520144799549179     
  0.97853037322156400       -2.0566632077150596E-002
  0.99451533763265232       -1.2701386721718732E-002
  0.97167285972707851       -4.1639714671229781E-003
  0.97387074481984692       -1.2944937963955926E-003
  0.98030718481169554       -5.6288340745692606E-003
  0.99992939746592058       -4.6381131940633384E-003
  0.36074531888990191       -1.8425442309917390E-003
  0.40377051287943261       -6.4994435822044718E-003
  0.45554964769661943       -1.5193500429710259E-003
  0.38628417131547454       -1.0268789279195456E-003
  0.35614752846733744       -2.8028151825057441E-004
  0.56797295559134786        5.2825112062993246E-004
  0.72429157939171440       -2.3291142227196697E-004
  0.65929107856598756       -1.0360885492778609E-003
  0.68520691171793313        2.9107282886670050E-005
  0.50588370165542540       -2.7870839953360914E-003
  0.59176875947869290        1.0504469837238101E-003
  0.94138884893227115        1.7706911728363754E-002
  0.99447301361375740        8.3064049308213578E-004
  0.95687457462443049       -9.0239836387568228E-003
  0.95013317996606050        2.1763725522982606E-002
  0.94754329453199460       -7.8960665841218552E-003
  0.91011196672288530        8.2147199687336817E-002
  0.49886645195294499       0.17979436456887404     
  0.53491412016366791       0.16086609414302988     
  0.55638930364612604       0.16159190962225733     
  0.50791242057162356       0.16379153790527184     
  0.56776201306585339       0.16523917677199620     
  0.48612187976042132       0.16719070424129434     
  -5.5803309422506178E-002  0.14616974875789149     
   5.2837354060649738E-002  0.13480062142992202     
   5.3692656087276497E-002  0.13244874296649659     
  0.16930804463067287       0.12622566330818735     
   2.3360336566005585E-002  0.13218300977472652     
  0.12013465832888817       0.13403129489593524     
   4.5333709921169169E-002  0.16718654530471480     
  0.67544189552570966        4.4968026919053892E-003
  0.67797446311220977        4.2981282663374643E-003
  0.73355195969982234        1.4764253058574511E-003
  0.61713573877982164        7.5457911314361602E-003
  0.72430818374797024        8.4268154823119001E-004
  -7.1712595361037967E-002   9.6129781111855802E-004
  -2.8467588217397935E-002   1.1174027867113141E-003
   6.0705913173911996E-002   4.3087592295885479E-004
  -5.3812479652637052E-002   8.1385757764911872E-004
  -7.3374497555681650E-002  -4.3943034735775886E-004
  0.97588102016243905       -6.3980360992366920E-003
  0.97922737936732085       -2.4152062409891399E-004
  0.95355015665205023       -1.6801410417189593E-004
  0.95908202483878147        3.3360350109583664E-003
  0.97245188625547230        4.1850298004085691E-003
   4.1396716905309924E-002  0.15366162381360923     
   5.1598276327050607E-002  0.11551612918117631     
  -2.7173647047648797E-002  0.16378948154012907     
  -9.2856815161652811E-002  0.16060041294835464     
  0.71152897709978347        8.7806748522432240E-002
  0.75341238298858504        4.9557197440978550E-002
  0.78909670804442433        3.7410694713585532E-002
  0.76474701268902501        4.7976232722304335E-002
  0.73032263342674997        6.5191784758076146E-002
  0.79386344785806084        6.2451256859090268E-002
  0.69536123144366602        8.2339747719577638E-002
  0.35139451130768579        1.8039901042231622E-002
  0.35104646578383392        9.4478455624341824E-003
  0.41095358527622011        7.0401137222157381E-004
  0.40748363838544949        6.7728585436055448E-003
   5.1883889569512842E-003   1.3401480297468547E-003
   8.3678709376492494E-002  -2.2287743463634928E-003
  0.13147162268772561        4.6502114942599477E-003
  0.19920201014091105       -5.4593737072498264E-003
  -5.3246201370948737E-002  -2.8915610890522516E-003
   3.5890686122011239E-002  -3.4230545147837048E-003
  0.10051420398981301       -3.1479813156236563E-003
   7.5303988357565105E-002   1.0378312096303243E-003
  -9.8296978106754723E-002  0.15193625256534618     
  -9.7304331269068206E-002  0.14234849483706394     
   7.0001086376068999E-002  0.14808115052818685     
  -1.2098780252441738E-002  0.16013105653987095     
  0.32783415738984512       0.20000990441896402     
  0.36486158471745345       0.18849306004408550     
  0.39486813151442129       0.20000520977718561     
  0.33430118753330396       0.19102871679253400     
  0.31468325644735701       0.19544743668399317     
  0.21826471322319763       0.21606207179078721     
  0.24228021441919312       0.22397928138036893     
  0.19210863683252705       0.21680856679272215     
  0.17104594523829314       0.23013724365828847     
  0.54978939301557128       -9.8763709137592026E-004
  0.63899523424164206       -4.1869643802628563E-004
  0.66340053605792282        2.6979917087478181E-003
  0.49262178726217831       -2.0610140261236542E-002
  0.57255344507488193        1.2452667861203354E-003
  -7.2211785354944102E-002  -1.7347450135841900E-003
  0.77366750837764853        1.8930705919911962E-002
  0.77588272446676787        1.1916057871492762E-002
  0.84485311284650566        2.6299998063288428E-002
  0.84377770496292914        3.0246794274645942E-002
  0.87869937660470132        1.8192433725313806E-002
  0.79108015425799438        2.2596442649661611E-002
  0.82445606366096380        3.6811161512725413E-002
  0.74856679833497441        1.8706940296745276E-002
  0.78768511567371202        4.3737613825485785E-002
  0.78739730877806768        5.4220707082015401E-002
  0.83622897544176211        2.2100578287264510E-002
  0.89231318353877520        3.8172727753038857E-002
  0.89500311416940292        3.4166946097695702E-002
  0.85274333094385657        3.9101947776732475E-002
  0.80519923807967919        3.1988908536078074E-002
  0.84829857063866543        1.7970343024593889E-002
  0.76869520762338728        4.5846785742042269E-002
   9.9031822646957562E-002  -1.9788785958775273E-003
  0.26752968941456623        3.0912012073850120E-003
  0.32459010549205614       -1.0990283110258188E-003
   4.6193213175497197E-002  -6.3503376515465252E-003
  0.25095973294304297       -6.4708599269172379E-004
  0.22880128406402953       -7.8571204327096563E-004
  0.39618796152775576        9.8326762151727080E-003
  0.80076739940174324        4.4944733756782226E-003
  0.76831350524005293        4.1619556586150374E-005
  0.77068480831869191        1.0181072196445450E-004
  0.78810224948997354        9.7886086240164469E-004
  0.68807737665460000        1.4547404301936036E-003
  0.97777563274057011       -6.6559077245274684E-002
  0.99966193933700265        1.2596067335274474E-002
  0.98423323645950700        7.0879289311199635E-003
  0.98295827663378232        6.6438648602652759E-003
  0.98330798728633351       -5.4175284405365660E-003
  0.99527092595616617        2.9433060817074527E-002
  0.39074327321628055       0.16996716393424466     
  0.40641584003643505       0.16878339842997775     
  0.36927710949108339       0.17779457800968479     
  0.34576169026737980       0.19331008144297543     
  0.83678459141168160        2.5771873650454365E-003
  0.89698543246062235       -1.3529777179666987E-003
  0.93652039553921718       -1.1808690353571833E-003
  0.80770053937588071        7.4402037411422828E-004
  0.90870523478282716        7.6328347695225137E-004
  0.87659339575894024        2.6846181032148721E-003
  0.95591846182798679        1.0945867007753183E-002
  0.86067714116981942        2.3432810183311586E-003
  0.86150915997681721       -3.2395965922499021E-004
  0.87240242261254375       -4.8797874420135490E-003
  0.76142089771783550       -5.2858658594888007E-004
  0.24540683129650781       -3.0756226850504678E-003
  0.30691233411135044        1.0429660983790989E-003
  0.30115866357392751       -3.9392958123306140E-003
  0.35769457500474555       -2.6960714250803385E-003
  0.28738550061360657       -1.8727780249503010E-003
  0.26809212946806249       -1.1094276968550666E-003
  0.91279182595552044       -6.5629287989389468E-002
  0.97981649141049232        3.7236779886469638E-002
  0.94342084725619935        2.3331244339242788E-002
  0.92920463001640818        5.3890500421188120E-002
  0.92095221611076350       -2.5957776823408510E-002
  0.88446077664136102        1.1119219847883991E-003
  0.94512375502719259        4.7128949035861690E-003
  0.60770179922559320        8.2660410074114427E-002
  0.67573037111460332        5.3228857593158180E-002
  0.63110732538504566        7.3020605151964693E-002
  0.61622901767485250        7.8166746204510071E-002
  0.54330736687357706        9.1071406014058096E-002
  0.59007442610219774        9.4915412526753465E-002
  0.55141879991664255       0.12187381817133008     
  0.66453131717118885        9.4451464532240188E-003
  0.67046203771372570        1.1453759532210719E-003
  0.66213685153722168        3.0972946582373577E-004
  0.66547000746420515        4.0459565148590155E-003
  0.59632493787827423       -2.9440414659286200E-003
  0.45516558706701321        9.1890626038973619E-002
  0.45740077440205340        8.9232693140954458E-002
  0.53607270881552449        7.9305013365230340E-002
  0.47245030957038137       0.10785865931896235     
  0.40728948346667210        9.8507271950027134E-002
  0.50167399637498689        8.8057338305888105E-002
  0.44211882523300106       0.10911163290952455     
  0.85168221665458776       -3.3425157168294802E-003
  0.85594408925270904       -3.8818913480724538E-003
  0.93471774511965500        8.9833006876898162E-003
  0.92137438423576390       -1.3661553311033220E-002
  0.95731644498740787       -8.8073565653271145E-004
  0.87617466418545520        4.9149835120062069E-003
  0.91233413456919998       -2.4785332552559099E-003
  0.43939555959060111        5.4750847723127635E-004
  0.43805340580683449       -4.2505274616567703E-004
  0.48990727894546010       -1.3171948025796579E-003
  0.42277712394941314       -1.8023279581236178E-003
  0.40206230748032246        8.3129325865411764E-004
  0.50344235521771474        1.6411836388117915E-003
  0.63373647683511147       0.13246439172701949     
  0.67198980887104642       0.11013581044319495     
  0.74619633702834420       0.11128465476742398     
  0.68892725651046138       0.11089543821439511     
  0.64613471593488225       0.11116968048219136     
  0.69961609850743389       0.10889889671508828     
  0.62023135662872264       0.12766311865842941     
   5.6146332606634042E-002  -4.2244938179285637E-004
  -9.1113371315281494E-002   4.4567733278943306E-004
  0.65260282991158880        9.8087097748654267E-004
  0.70193340934924731        9.4037645013731136E-004
  0.63464304797261750        1.0679193046887114E-003
  0.59584982654239327       -1.1549248023281166E-003
  0.72015452338745278        1.8992592505824720E-003
  0.64298158515054127        5.5251441139887595E-003
  0.64534584318001076        4.3041167197905104E-003
  0.69920135728228772        1.1148198628110624E-003
  0.60966906065714566       -1.3085628101525500E-003
  0.67150375252273276        6.9246880664974152E-003
  0.59224341015502413        5.5167347462069475E-003
  0.69234999115717322        2.1253009273816455E-003
  0.71401286845407375        8.4135536254450499E-002
  0.71560442088208565        8.2703558476082906E-002
  0.76182337045185466        7.5380639790021020E-002
  0.78505831563707418        5.4533390711802091E-002
  0.72787002003915480        6.4489324284025470E-002
  0.76765554904737121        7.1651545479248444E-002
  0.69857972461421391        9.0258191014254516E-002
  0.35062517391560494       0.22177906897442204     
  0.38419145719241532       0.19590597892690828     
  0.40909544812890097       0.20224077677783442     
  0.35652291511079459       0.19946131417052668     
  0.43576137972146234       0.21899558070053621     
  0.33639052150983939       0.20788173597004292     
  0.95388733068571008        2.4799101011279450E-002
  0.98963010057663725        8.4751966823167141E-004
  0.94757480819692030       -1.8370760649632202E-002
  0.94814338867416326       -1.0370612665447969E-002
  0.95471791379455540       -6.4404368176136234E-003
  0.99590228688306681        2.5476774128805581E-002
  0.81566748329263516        1.9621664489074078E-003
  0.82094362218409134       -8.6461834010806492E-004
  0.87853396238860271       -6.8462720169913715E-004
  0.71510696048841116        3.7369930714168309E-003
  0.87488905700185771        8.6660225717047866E-004
  0.91652707152002710       -5.3442707312885435E-003
  0.98859491101191133        3.7478703672659777E-002
  0.92293432415721988       -2.1772687804446937E-003
  0.91860593751931319        1.0759656352642602E-003
  0.92015287823782965        4.2652573153633314E-002
  0.97286667687654393       -3.3462569972034603E-002
  0.75952631752241750       -5.4098435224847240E-003
  0.81171579303548025        1.0679439633908623E-003
  0.73505115990734182       -1.1953104522261194E-003
  0.68123944147301452        8.8012785027625573E-004
  0.82166811705075915        8.7154376573935952E-004
