 cosx vtec
  0.55572131534897873        3.1388095203105523E-002
  0.61293676036310996        1.1266557126342261E-002
  0.57996179664800018        1.6147304182509994E-002
  0.56596660773987661        2.6590208887822465E-002
  0.50856456409259243        2.7965496839924199E-002
  0.51950286716668082        4.8858144319178523E-002
  0.53050407350127948       -1.2897270245265243E-003
  0.55974196754421979       -1.5853890733796313E-003
  0.63051782574852611        2.7911010227498938E-003
  0.57004638601792201        2.5617719413499748E-004
  0.51558150428505278        1.3981685127904576E-003
  0.63053514916747300       -5.1007868414364495E-003
   4.1668556743936297E-002   4.0766235908728171E-004
  0.15912343298161385        1.5687779507678255E-003
  0.35869450985615403        2.7623175054397550E-003
  0.22400566887251347        4.0197458449612528E-003
  0.26035845179501421       -4.7835043372671920E-004
  0.20302353781768911       -3.4377783499088652E-003
   2.8712323121801164E-003  0.18116790074331321     
   1.3277134178555583E-002  0.18711093450550123     
   1.2528483586303985E-002  0.18987606643068172     
  -2.7101943504056480E-002  0.21150504713415480     
   6.4115189146606077E-002  0.18739092016021178     
  -1.0604769415761883E-002  0.18751340178758585     
  -9.3280426059258403E-002   3.0287222014354839E-002
  -8.6497985627531054E-002   1.6668697761839574E-002
   2.5207587896540529E-002   1.3116161486377044E-002
  -7.5152336932137381E-002   1.0602088710713380E-002
   4.2268470499025761E-002   1.0555076789434181E-002
  0.99284721849505586       -2.7604670143527199E-003
  0.98787127190054247       -1.1527491207212459E-004
  0.98960430662712606       -1.3811317215394021E-003
  0.99109897819977422        4.4922859168688416E-003
  0.99290222776880321       -1.2436391499969313E-003
  0.85847523107564316        2.0479110461447654E-004
  0.94106210847180594       -4.5297425071958546E-003
  0.95257872435871604        3.3594982712548912E-003
  0.99667710566495415       -1.0845568661108529E-002
  0.99025345562750489        2.4618362171800252E-002
  0.96532601276802188       -3.8686800322529163E-002
  0.93810905108608755        4.1191537438215890E-004
  0.54178003817302289        2.3041674179984772E-003
  0.55785846668810868       -2.7525199677435008E-004
  0.61756350177324992       -1.2724938539822386E-003
  0.56712711137537297       -2.9124891541573404E-003
  0.51937839686884568        1.6272398366837053E-003
  0.60645794070061865       -1.8118724865727565E-004
  0.34063559957284767       0.16537621692818413     
  0.38757673318085983       0.15934392381651821     
  0.42201003995105407        2.5444023499378923E-002
  0.35091825035160301       0.16245428121964881     
  0.40381139234432351       0.15838180996555629     
  0.32776577858847650       0.16540010551223430     
  0.21410692898125117       0.19077796878947312     
  0.24024743162218520       0.19748407119543368     
  0.18315593307316935       0.19677924073786038     
  0.16056511471702695       0.19784547479312053     
  0.79174482162341053        7.1904269094688437E-003
  0.80445965025238531       -4.0428397746459149E-004
  0.79750493757979257        8.0264766956408590E-004
  0.79776791753958576       -4.8977605447199585E-004
  0.72076347502630767       -4.6278575108834206E-003
  -7.7621622974496249E-002   3.4345231023820519E-002
  0.76614231752163320       -1.9673738106778019E-003
  0.79867789641234199        3.1601492638171458E-003
  0.78337383546148798       -3.5944424831929598E-003
  0.77562115472448190       -4.0640839485871225E-003
  0.70374341801908058        8.8320842817718771E-003
  -5.1714869017076004E-003   1.5067994553094507E-004
  0.60473806109960160        7.7012684142695968E-003
  0.64554557154042247        2.1670522914370286E-003
  0.62315260640659276        1.8489583781809297E-003
  0.61379824113239023        4.0539128396376491E-003
  0.55547098516090954        1.1603254861881261E-002
  0.32050331599082793       0.15621543594884907     
  0.33115672050354272       0.16669204073483934     
  0.37253701701397851       0.15831919765343447     
  0.32956802598785284       0.15216228660618406     
  0.37807041687312537       0.14958327736875440     
  0.30677694724539090       0.15520144799549179     
  0.95775456332949060       -2.0566632077150596E-002
  0.99750785951084842       -1.2701386721718732E-002
  0.98629811707369719       -4.1639714671229781E-003
  0.97966061031162477       -1.2944937963955926E-003
  0.97174791472004329       -5.6288340745692606E-003
  0.98267728857568337       -4.6381131940633384E-003
  0.45116418171601608       -1.8425442309917390E-003
  0.45828519221675923       -6.4994435822044718E-003
  0.52461088832531166       -1.5193500429710259E-003
  0.46638119405180278       -1.0268789279195456E-003
  0.42162898387032005       -2.8028151825057441E-004
  0.70226478823915095        5.2825112062993246E-004
  0.83241392916025458       -2.3291142227196697E-004
  0.77820333370228900       -1.0360885492778609E-003
  0.79737165618962669        2.9107282886670050E-005
  0.64770880408434084       -2.7870839953360914E-003
  0.72202309680567311        1.0504469837238101E-003
  0.89674014769137367        1.7706911728363754E-002
  0.96744673486272803        8.3064049308213578E-004
  0.94233717236305525       -9.0239836387568228E-003
  0.92492346231832123        2.1763725522982606E-002
  0.91037227369333418       -7.8960665841218552E-003
  0.83619571611170007        8.2147199687336817E-002
  0.34177920901469555       0.17979436456887404     
  0.38639515344577785       0.16086609414302988     
  0.41157990616616269       0.16159190962225733     
  0.35456303737844042       0.16379153790527184     
  0.41766553852716337       0.16523917677199620     
  0.33027868873974919       0.16719070424129434     
  -4.6916183206685530E-002  0.13480062142992202     
  -3.8943963358859551E-002  0.13244874296649659     
   8.6605283730643495E-002  0.12622566330818735     
  -6.3821522625831462E-002  0.13218300977472652     
   2.1719400739864225E-002  0.13403129489593524     
  -6.7877907551715910E-002  0.16718654530471480     
  0.59815748225627208        4.4968026919053892E-003
  0.61129474221367042        4.2981282663374643E-003
  0.67595247020203275        1.4764253058574511E-003
  0.55754940601224690        7.5457911314361602E-003
  0.65596380559575451        8.4268154823119001E-004
  -5.0984681997709252E-002   4.5253359407055623E-004
   2.1306213998405849E-002   9.6129781111855802E-004
   3.1902715585765823E-002   1.1174027867113141E-003
  0.13448791005443311        4.3087592295885479E-004
  -8.4589377870438520E-002  -2.2641791912794453E-003
  -2.1649029983789092E-002  -1.7650548315984085E-003
   3.1134188556601772E-002   8.1385757764911872E-004
  -1.2734552027831303E-003  -4.3943034735775886E-004
  0.96737068104832225       -6.3980360992366920E-003
  0.99943621473608557       -2.4152062409891399E-004
  0.98450202698834610       -1.6801410417189593E-004
  0.98209957196510378        3.3360350109583664E-003
  0.97988682122704385        4.1850298004085691E-003
  -2.6013199567302886E-002  0.15366162381360923     
  -1.0007858805924585E-002  0.11551612918117631     
  -7.9047559262164599E-002  0.16378948154012907     
  0.58118238066203320        8.7806748522432240E-002
  0.64715192745616368        4.9557197440978550E-002
  0.70018895707223217        3.7410694713585532E-002
  0.66272520340269769        4.7976232722304335E-002
  0.61441065796213146        6.5191784758076146E-002
  0.68397969510166812        6.2451256859090268E-002
  0.57091801915049556        8.2339747719577638E-002
  0.29384136517386472        1.8039901042231622E-002
  0.30434504159970049        9.4478455624341824E-003
  0.37191278371159536        7.0401137222157381E-004
  0.35595273280070461        6.7728585436055448E-003
  0.11869369420160472        1.3401480297468547E-003
  0.19833880466175136       -2.2287743463634928E-003
  0.20956336501613107        4.6502114942599477E-003
  0.29686724292174721       -5.4593737072498264E-003
   5.1604019377874927E-002  -2.8915610890522516E-003
  0.15995163951507241       -3.4230545147837048E-003
  0.20900133414284627       -3.1479813156236563E-003
  0.17007036401009662        1.0378312096303243E-003
  -1.0839565339913565E-002  0.14808115052818685     
  0.15984353471033858       0.20000990441896402     
  0.20340926994738440       0.18849306004408550     
  0.23701872276104718       0.20000520977718561     
  0.16909799361814470       0.19102871679253400     
  0.14809242311288107       0.19544743668399317     
   6.9719762796511597E-002  0.21606207179078721     
   9.7308096672313937E-002  0.22397928138036893     
   3.8241588082533806E-002  0.21680856679272215     
   1.5294303388859343E-002  0.23013724365828847     
  0.68635270535683068       -9.8763709137592026E-004
  0.76017566789892532       -4.1869643802628563E-004
  0.77801653500138312        2.6979917087478181E-003
  0.63546796981249165       -2.0610140261236542E-002
  0.70592800703547753        1.2452667861203354E-003
   4.3496690119265713E-003   1.2527483998860428E-003
  -6.9422102449536061E-002  -1.7301745083221845E-004
   4.3214745138671351E-002  -3.1242440398636237E-003
   7.7886343280005099E-002  -1.7347450135841900E-003
   6.8451642301228244E-003   2.6230552523900720E-003
  0.67403816283666673        1.8930705919911962E-002
  0.68579334100519918        1.1916057871492762E-002
  0.74447113208013616        2.6299998063288428E-002
  0.76550919556791841        3.0246794274645942E-002
  0.78566721969567499        1.8192433725313806E-002
  0.68476194161840997        2.2596442649661611E-002
  0.73478656759575667        3.6811161512725413E-002
  0.63493115428595637        1.8706940296745276E-002
  0.66978959021859197        4.3737613825485785E-002
  0.67728151541320047        5.4220707082015401E-002
  0.72957974788848101        2.2100578287264510E-002
  0.80247247792164389        3.8172727753038857E-002
  0.81203110889576557        3.4166946097695702E-002
  0.75113175226964013        3.9101947776732475E-002
  0.69013867229589043        3.1988908536078074E-002
  0.74368112123337560        1.7970343024593889E-002
  0.64596053897482930        4.5846785742042269E-002
  0.17859098382214156       -1.9788785958775273E-003
  0.31201974025516976        3.0912012073850120E-003
  0.38044514991003003       -1.0990283110258188E-003
  0.11147112723293193       -6.3503376515465252E-003
  0.31778424495582719       -6.4708599269172379E-004
  0.28214612716031673       -7.8571204327096563E-004
  0.42402466659442739        9.8326762151727080E-003
  0.82168427812699052        4.4944733756782226E-003
  0.82360549055429599        4.1619556586150374E-005
  0.81998521086198495        1.0181072196445450E-004
  0.82496273368886175        9.7886086240164469E-004
  0.73647913651754737        1.4547404301936036E-003
  0.94241596498946190       -6.6559077245274684E-002
  0.98532774759238206        1.2596067335274474E-002
  0.98334576407344432        7.0879289311199635E-003
  0.97168611713296760        6.6438648602652759E-003
  0.95790539241108985       -5.4175284405365660E-003
  0.96331225439489221        2.9433060817074527E-002
  0.25671833865057314       0.16996716393424466     
  0.27598438035014522       0.16878339842997775     
  0.22837893737593806       0.17779457800968479     
  0.20123817393936733       0.19331008144297543     
  0.83253834317665820        2.5771873650454365E-003
  0.91149982346297020       -1.3529777179666987E-003
  0.97147397253420142       -1.1808690353571833E-003
  0.84890143088081160        7.4402037411422828E-004
  0.90797622382692689        7.6328347695225137E-004
  0.87975742207397023        2.6846181032148721E-003
  0.98099138554270904        1.0945867007753183E-002
  0.89443231776348953        2.3432810183311586E-003
  0.88857770281559256       -3.2395965922499021E-004
  0.88776070100139215       -4.8797874420135490E-003
  0.78854614495377473       -5.2858658594888007E-004
  0.29784489588497565       -3.0756226850504678E-003
  0.29143828261046939        1.0429660983790989E-003
  0.30807135066605201       -3.9392958123306140E-003
  0.37325368520918789       -2.6960714250803385E-003
  0.31618269870097659       -1.8727780249503010E-003
  0.28144699687990332       -1.1094276968550666E-003
  0.84932367675964382       -6.5629287989389468E-002
  0.93297085403481050        3.7236779886469638E-002
  0.91145299993321338        2.3331244339242788E-002
  0.88382062395056482        5.3890500421188120E-002
  0.86359315438880191       -2.5957776823408510E-002
  0.80117314232786985        1.1119219847883991E-003
  0.87962611790814793        4.7128949035861690E-003
  0.51546702126794142        8.2660410074114427E-002
  0.61798736262635245        5.3228857593158180E-002
  0.55356728417441936        7.3020605151964693E-002
  0.52815553966768503        7.8166746204510071E-002
  0.46596630973302872        9.1071406014058096E-002
  0.48497693770908556        9.4915412526753465E-002
  0.43429508891798196       0.12187381817133008     
  0.64324471662649918        9.4451464532240188E-003
  0.67354700343473006        1.1453759532210719E-003
  0.65721852729151120        3.0972946582373577E-004
  0.65124873856726573        4.0459565148590155E-003
  0.59093734942904885       -2.9440414659286200E-003
  0.33412030708621060        9.1890626038973619E-002
  0.34282595118885206        8.9232693140954458E-002
  0.43104955538966450        7.9305013365230340E-002
  0.34253506873033562       0.10785865931896235     
  0.29983697728316588        9.8507271950027134E-002
  0.38467717725115291        8.8057338305888105E-002
  0.31203575764258407       0.10911163290952455     
  0.77571230490724519       -3.3425157168294802E-003
  0.79536209120287438       -3.8818913480724538E-003
  0.86283532847523359        8.9833006876898162E-003
  0.87510513502805587       -1.3661553311033220E-002
  0.89579540035490490       -8.8073565653271145E-004
  0.78977121496116309        4.9149835120062069E-003
  0.85416018985281850       -2.4785332552559099E-003
  0.41394314962881529        5.4750847723127635E-004
  0.43173454626601554       -4.2505274616567703E-004
  0.49215740106448796       -1.3171948025796579E-003
  0.44048628480676538       -1.8023279581236178E-003
  0.40199506546075503        8.3129325865411764E-004
  0.49124320680827660        1.6411836388117915E-003
  0.49045975455191887       0.13246439172701949     
  0.53997823841518144       0.11013581044319495     
  0.63732535017975478       0.11128465476742398     
  0.56087680055540656       0.11089543821439511     
  0.50791424372456351       0.11116968048219136     
  0.56650276900250129       0.10889889671508828     
  0.47786545140987918       0.12766311865842941     
  -4.5196054628370452E-002   8.4916412160106983E-004
   1.7263234311688802E-002  -5.4668864384596884E-005
  0.16232691892041409       -4.2244938179285637E-004
  -9.0416206253242482E-002  -3.3303824079798957E-003
  -1.2128175218754034E-002   2.9710001599958600E-004
   2.7430311614945635E-002   4.4567733278943306E-004
  -9.7557940259065390E-003  -2.3710797897497052E-003
  0.66392620068561370        9.8087097748654267E-004
  0.72525661344775894        9.4037645013731136E-004
  0.67405988846635734        1.0679193046887114E-003
  0.61543921788057876       -1.1549248023281166E-003
  0.72804160829280651        1.8992592505824720E-003
  0.57283044389923965        5.5251441139887595E-003
  0.58630964748785885        4.3041167197905104E-003
  0.64888787629379618        1.1148198628110624E-003
  0.59626559479582975       -1.3085628101525500E-003
  0.57646171999240670        6.9246880664974152E-003
  0.53983719675135056        5.5167347462069475E-003
  0.63120698947477427        2.1253009273816455E-003
  0.58438273768375881        8.4135536254450499E-002
  0.59257906454605735        8.2703558476082906E-002
  0.63776661889897324        7.5380639790021020E-002
  0.66575671688788551        5.4533390711802091E-002
  0.59816077245610755        6.4489324284025470E-002
  0.64669190515020603        7.1651545479248444E-002
  0.56441784189208122        9.0258191014254516E-002
  0.18529882626659511       0.22177906897442204     
  0.22774527231939323       0.19590597892690828     
  0.25621593975564871       0.20224077677783442     
  0.19569227832662578       0.19946131417052668     
  0.27572833166744293       0.21899558070053621     
  0.17377997184831828       0.20788173597004292     
  0.93797786939189309        2.4799101011279450E-002
  0.99535630479037374        8.4751966823167141E-004
  0.96353737024645714       -1.8370760649632202E-002
  0.95604492976920930       -1.0370612665447969E-002
  0.94991088898078102       -6.4404368176136234E-003
  0.97751269016371301        2.5476774128805581E-002
  0.75312831499660238        1.9621664489074078E-003
  0.77538055425667252       -8.6461834010806492E-004
  0.84530420751071045       -6.8462720169913715E-004
  0.67866876393817643        3.7369930714168309E-003
  0.82997965361276882        8.6660225717047866E-004
  0.88633621921496075       -5.3442707312885435E-003
  0.97634986704096383        3.7478703672659777E-002
  0.92061068271524449       -2.1772687804446937E-003
  0.90747965152461374        1.0759656352642602E-003
  0.89797551363471173        4.2652573153633314E-002
  0.93549840088544500       -3.3462569972034603E-002
  0.75432794038658180       -5.4098435224847240E-003
  0.81958294056558190        1.0679439633908623E-003
  0.76480813246721258       -1.1953104522261194E-003
  0.68474537533875746        8.8012785027625573E-004
  0.81571781312490610        8.7154376573935952E-004
