 cosx vtec
  0.72443684660617857       -9.6162401822252549E-004
  0.73125210084920544       -3.1685733285309186E-004
  0.64838879543204575        1.2930267714109428E-003
  0.70107327935719588        7.5567409252068395E-005
  0.76561382291718216        3.9073304018642291E-003
  0.69832693286229985       -7.3190681211835254E-004
  0.63298575924002920       -5.0381838196475351E-004
  -7.4481913917411047E-002   2.5617719413499748E-004
  0.60513171676584787       -1.4334823602417959E-004
  0.60806058484288505        9.1280395362138908E-005
  0.52267496206388864        2.6484931139093269E-003
  0.40705287931463319        2.4790802105653944E-003
  0.43246698579255649        4.0766235908728171E-004
  0.57753825212714693       -1.5515789069554193E-003
  0.66486735862027913       -3.5281456368758475E-003
  0.56783874585976246       -1.1035258684171378E-003
  0.50949056295287953        4.7901094501673130E-004
  0.25878186783158447       0.10729922832570163     
  0.21901374050068828       0.12261495911962182     
  0.19904177499682058       0.10407521999405821     
  0.31280019035898127        7.9455081797138630E-002
  0.20917807656329010       0.11227182130513493     
  0.85434461763318725        1.5687779507678255E-003
  0.75389825103086072        2.7623175054397550E-003
  0.83020474284017642        4.0197458449612528E-003
  0.79535588771965926       -4.7835043372671920E-004
  0.84915252006427733       -3.4377783499088652E-003
  0.22842169673627186        1.7863194930720187E-002
   8.0993075203922169E-002   1.9575283317887330E-002
  -8.0756895434509673E-002   3.0287222014354839E-002
   2.1110296011091330E-002   1.6668697761839574E-002
   2.1417823772200702E-002   1.3116161486377044E-002
  0.14546073290887820        2.5127913673000962E-002
  0.14026965405971489        1.0602088710713380E-002
   6.6738450990757953E-002   1.3917213258329682E-002
   3.6726159400897795E-002  0.18163321329719903     
  -1.5416848991204407E-002  0.18364688198242726     
  -3.1097725382973979E-002  0.17466758563093754     
  -2.3327036967086767E-002  0.17416515867053778     
  0.33990973099719435       0.15282663361311893     
  0.25012711301104723       0.18282056158905738     
  0.30357086304722602       0.16106935157295429     
  0.28925676336717909       0.15907872351079722     
  0.32632883850270028       0.19583999216562853     
  0.40545725983863956       0.15789407856856472     
  0.29795114145452767       0.15939434382024795     
  0.73182240696406353        5.2849905566731969E-002
  0.78851375819933867        3.8106920053663500E-002
  0.65636235916783259        6.3276848475789002E-002
  0.76236009724749088        7.0919116972806243E-002
  0.70119869126182965       0.10519336145341916     
  0.79285632565143183        5.0497807114577992E-002
  0.68154431449902697       0.10388572255787835     
  0.74931013310983463        5.3512534605510184E-002
  0.67370016341586869        7.5890816554633062E-002
  0.84884316993803388        6.5135368128468984E-002
  0.62525305373199047        6.0586009130342254E-002
  0.97627667028108256       -1.1004490245101013E-003
  0.97271974250846993       -8.3599036980587562E-005
  0.99944409176768190       -7.6881997226430749E-004
  0.96675919949381817       -1.8436084074217239E-004
  0.98094079747805063        8.0550389157429145E-004
  0.95747021175193869        9.8471546486337408E-004
  0.99102309447594805       -6.6271548454806327E-004
  0.19794149851009682        5.8068373183961623E-002
   4.8057118663866749E-002   6.6928927599418278E-002
  -9.3875141484192265E-002   7.8420673010781289E-002
  -1.0400421172600399E-002   6.1524758571879119E-002
  -2.6364653733096176E-002   3.4345231023820519E-002
  0.10640610875059063        6.3733997491919478E-002
  0.12649626305971184        4.5257741978062357E-002
   9.9626101640737985E-002  0.10812904251234406     
   3.5478054140560003E-002   6.0545584113714725E-002
  0.55038389286958911        9.8655685494388690E-002
  0.44823975457216142       0.13308650335389738     
  0.70592640568075948        5.5964969898950119E-002
  0.51765914566143079       0.10687066290385225     
  0.50107644950090202       0.10745699758102502     
  0.53197794140491605       0.13555866064375602     
  0.59157591042057689        9.3728464902475037E-002
  0.51231827892650450       0.10544067617861003     
  0.84282823882781233        4.4498150413293282E-003
  0.87353821653440644        1.7487307358282290E-002
  0.76733208792616203        4.1352447010887541E-002
  0.86378401687035555        2.9894771136291815E-002
  0.81823534831982203        4.3363388991551628E-002
  0.87815153684166414       -3.1374722056225199E-002
  0.79215296244598588        4.4487769866509388E-002
  0.84806141473018126        9.1331953273705319E-003
  0.78894271284422146        3.6179897849154104E-002
  0.90747663663774536        1.7362169594392445E-002
  0.72598193196306693        2.1612762921603676E-002
  0.69947620581281467        3.9713315750270527E-003
  0.65493543709698476        1.5067994553094507E-004
  0.76302707436189410       -6.6718014027117778E-004
  0.63894330835397106        4.4953568808341338E-003
  0.71220118011960221       -1.1062818537919612E-003
  0.65205798431131634       -4.5443046438902509E-003
  0.29790073938175204       -1.8425442309917390E-003
  0.10058522335672732       -6.4994435822044718E-003
  0.15116603419345148       -1.5193500429710259E-003
  0.23558881800556999       -1.0268789279195456E-003
  0.17548240576272273       -2.8028151825057441E-004
  0.42879309467180593        5.2825112062993246E-004
  0.23196410739225959       -2.3291142227196697E-004
  0.31335130272639911       -1.0360885492778609E-003
  0.26870549689018669        2.9107282886670050E-005
  0.49270361677387026       -2.7870839953360914E-003
  0.39856217471001720        1.0504469837238101E-003
  0.82531185148713138        1.2428388263224378E-003
  0.83213223773332345       -2.6804108066335843E-004
  0.74870306225567873        5.3309663252945824E-003
  0.80501525092158133       -1.7674594537552189E-004
  0.85370844528031908        1.4058700887975260E-003
  0.80513470088248373        3.4385848994467221E-003
  0.78073051541862937        7.1561491682741601E-004
  0.92651673912026389       -1.9313477136490538E-003
  0.72755890902870890        4.6256906650562378E-004
  0.50125520269201540        4.5253359407055623E-004
  0.49433006505983423        9.6129781111855802E-004
  0.40485903600720319       -3.0777218663015225E-003
  0.31315814832824618        1.1174027867113141E-003
  0.34221518655218658        4.3087592295885479E-004
  0.46852093758862701       -2.2641791912794453E-003
  0.58236151426525740       -1.7650548315984085E-003
  0.44647853647291569        8.1385757764911872E-004
  0.39071314821670455       -4.3943034735775886E-004
  0.40962546474583306       0.13828575727672404     
  0.30417370741144600       0.13496985917050677     
  0.25528000708150694       0.17457448895407282     
  0.34859758832805698       0.13312764346030101     
  0.31873361239185993       0.13731931094613789     
  0.28740743423479165       0.14286392655987321     
  0.56387725391350196        1.3401480297468547E-003
  0.53633831411630339       -2.2287743463634928E-003
  0.33368780255588171        4.6502114942599477E-003
  0.40257207964504488       -5.4593737072498264E-003
  0.54550212054394587       -2.8915610890522516E-003
  0.60349590078832593       -3.4230545147837048E-003
  0.49841008148894644       -3.1479813156236563E-003
  0.44067636544532657        1.0378312096303243E-003
  0.90975859533687575        7.8589178373334942E-004
  0.92025308527530092        8.1466062100912489E-003
  0.82891851971317931       -1.6584863994053397E-002
  0.94816960134389949       -1.3931294641972591E-003
  0.89065002399518378        5.5444735493517883E-003
  0.93089420473991358        9.1762047814772235E-003
  0.89857112337965150       -1.2828109273727184E-002
  0.85947434068902950        3.2156347579018912E-003
  0.95897838804276536       -1.6253284049114482E-003
  0.78976869689594265        7.0115968919918338E-003
  0.58774837248771594       0.12439328161424504     
  0.49496671680676435       0.12268714835724899     
  0.58778528562829746       0.13250280893800487     
  0.44545428394976205       0.14929554268333578     
  0.54136122285892552       0.12294461422415401     
  0.51532372874115029       0.13888483793408246     
  0.50905817215647109       0.16177407630208820     
  0.46079140885269831       0.14745223535839036     
  0.44783557270770968       -9.8763709137592026E-004
  0.33327341589359705       -4.1869643802628563E-004
  0.29018147069196809        2.6979917087478181E-003
  0.50342212668289410       -2.0610140261236542E-002
  0.42227525131111365        1.2452667861203354E-003
  0.81856435776139258        1.2527483998860428E-003
  0.81264462482386723       -1.7301745083221845E-004
  0.82634807621409834       -3.1242440398636237E-003
  0.77921017209609078       -1.7347450135841900E-003
  0.88908995405778690        2.6230552523900720E-003
  0.35476819652576524       -1.9788785958775273E-003
  0.10838778782198487        3.0912012073850120E-003
  0.14086086106450432       -1.0990283110258188E-003
  0.30596003520969989       -6.3503376515465252E-003
  0.22680464985396509       -6.4708599269172379E-004
  0.16897862669038846       -7.8571204327096563E-004
  -2.9247503978097389E-002   9.8326762151727080E-003
  -5.0189202366380581E-002   4.1619556586150374E-005
  -8.1076655160237043E-002   1.0181072196445450E-004
  -5.0513633691453397E-002   1.4547404301936036E-003
  0.52666879253501087        9.9820059252443555E-003
  0.55886744770459162       -3.7000416006854219E-004
  0.44545926797973423        1.8675346546876515E-002
  0.34648874964615461        1.4043305679535661E-002
  0.49055820447236026        1.3691458398637160E-002
  0.63474567304375962       -3.2657256707119119E-003
  0.49955596580457146        3.4037502207289396E-003
  0.47625775934283437        3.1281954673396055E-002
  0.43248719957915083        1.2257620280420930E-002
  0.15741168829521118       -3.0756226850504678E-003
  -9.3286098577104459E-002  -3.9392958123306140E-003
  -7.4148680044555354E-002  -2.6960714250803385E-003
   2.1700262271152071E-002  -1.8727780249503010E-003
  -4.7129488040398473E-002  -1.1094276968550666E-003
  0.59087883373677397        9.8461162684642806E-002
  0.49310145294512553       0.13174878465105111     
  0.73151521936442654        7.6485740926834231E-002
  0.55766723114601890       0.10454917800673171     
  0.53947854928071992       0.11754210326410783     
  0.56632209583716275       0.11888509311478077     
  0.63519443817834487        9.7090992999645923E-002
  0.55274299628579615       0.10509869906497141     
   5.3000256161556569E-002  0.22365486852961142     
  -6.2548975334733581E-003  0.27576256098499924     
  -8.9907885434970636E-002  0.24673764574183799     
  -9.7939516903451429E-002  0.23544226493101264     
  -8.4185290406074698E-002  0.28070750620823104     
  0.56958640806123617       0.13561832585111258     
  0.46416271356189504       0.14488049082489490     
  0.54268942013910493       0.14099650179983431     
  0.42305956654700655       0.14005128467219471     
  0.51519402480500331       0.12712883641484735     
  0.48133425426903542       0.14563795754615758     
  0.47777902925832078       0.14434854905661090     
  -9.1036000717322985E-002  -1.8023279581236178E-003
  0.67215321751859647        8.4916412160106983E-004
  0.66186668392439740       -5.4668864384596884E-005
  0.58235086972936090       -1.3352013552095448E-003
  0.50572909042320335       -4.2244938179285637E-004
  0.65270020099113646       -3.3303824079798957E-003
  0.70555699970090635        2.9710001599958600E-004
  0.62985920937853312        4.4567733278943306E-004
  0.56928076814690298       -2.3710797897497052E-003
  -7.2655007367354252E-002   1.0679193046887114E-003
  0.94701652094630284       -8.5020807505557317E-004
  0.93560157540213518       -1.5506346889086720E-004
  0.95523969838889755       -5.1013352026934482E-003
  0.92531756350581496       -2.5845571095877728E-003
  0.97546676686324929        4.6924016013175840E-003
  0.49792992346225223        8.3818313049875796E-003
  0.53017167216217287        2.6070822242617044E-003
  0.41401682209652702        1.8072617873496892E-002
  0.32267792209065443        1.3724598829335260E-002
  0.45995919569770205        1.3313824791760968E-002
  0.61724302685933519        2.0056339037771636E-004
  0.46742745512015405        4.3708906987681489E-003
  0.44777914408095132        3.5249432613144997E-002
  0.40134816777103238        1.1506305277751162E-002
