 cosx vtec
  0.65988349376476707       -9.6162401822252549E-004
  0.68730350868903434       -3.1685733285309186E-004
  0.55553748134931169        1.2930267714109428E-003
  0.62525480157239344        7.5567409252068395E-005
  0.71387652272982483        3.9073304018642291E-003
  0.65627138867355961       -7.3190681211835254E-004
  0.57379879243464382       -5.0381838196475351E-004
  -4.6146633305982121E-002  -1.5853890733796313E-003
   1.5517918364342242E-002   2.7911010227498938E-003
  0.12821792744961208        2.5617719413499748E-004
   6.3390023663607020E-003   1.3981685127904576E-003
  -8.3846957174207037E-002  -5.1007868414364495E-003
  0.57572474302469279       -1.4334823602417959E-004
  0.60114773030756297        9.1280395362138908E-005
  0.46581758148200925        2.6484931139093269E-003
  0.39395472181142338        2.4790802105653944E-003
  0.47538787761844847        4.0766235908728171E-004
  0.53619614308474617       -1.5515789069554193E-003
  0.64949739503644044       -3.5281456368758475E-003
  0.56186312058894339       -1.1035258684171378E-003
  0.48774811292390885        4.7901094501673130E-004
  0.16651367173777512       0.10729922832570163     
  0.11461056171231873       0.12261495911962182     
  0.12879473603307592       0.10407521999405821     
  0.23848983776739710        7.9455081797138630E-002
  0.11822195300603745       0.11227182130513493     
  0.96709076565009633        1.5687779507678255E-003
  0.93283590786119075        2.7623175054397550E-003
  0.96501685065186371        4.0197458449612528E-003
  0.94116280444218026       -4.7835043372671920E-004
  0.97754378289592347       -3.4377783499088652E-003
  0.17319708997023231        1.7863194930720187E-002
   1.8802179107252320E-002   1.9575283317887330E-002
  -9.0175853225753430E-003   1.6668697761839574E-002
   3.1967184531635232E-002   1.3116161486377044E-002
   8.3807458954710076E-002   2.5127913673000962E-002
  0.12191863596511138        1.0602088710713380E-002
   3.0568173527009000E-002   1.3917213258329682E-002
   7.5274351520572713E-002  -2.7604670143527199E-003
  0.14049577973432181       -1.1527491207212459E-004
   9.3777422755987772E-002  -1.3811317215394021E-003
  -1.3038541375363033E-002   4.4922859168688416E-003
  -5.5439784874544817E-002  -1.2436391499969313E-003
  -6.0964718057932299E-002  -1.0845568661108529E-002
  -6.4876028301606159E-002  -2.9124891541573404E-003
  0.14461939406258262       0.15282663361311893     
   2.9735965424965538E-002  0.18282056158905738     
  0.10058917799114789       0.16106935157295429     
  0.11417348256959406       0.15907872351079722     
   8.2480546010804345E-002  0.19583999216562853     
  0.22680157175520405       0.15789407856856472     
  0.10264209088763845       0.15939434382024795     
  0.50157825120132338        5.2849905566731969E-002
  0.58943616428055567        3.8106920053663500E-002
  0.40926660390127201        6.3276848475789002E-002
  0.50796216534062377        7.0919116972806243E-002
  0.46262751104957045       0.10519336145341916     
  0.57862909628524362        5.0497807114577992E-002
  0.39943987968646444       0.10388572255787835     
  0.55921365869899631        5.3512534605510184E-002
  0.41613749671542039        7.5890816554633062E-002
  0.63234876945736818        6.5135368128468984E-002
  0.40238341203726430        6.0586009130342254E-002
  -2.1861440959702438E-002   7.1904269094688437E-003
  0.14184471329723730       -4.0428397746459149E-004
  0.10574500570219075        8.0264766956408590E-004
   4.3409554026326846E-002  -4.8977605447199585E-004
  0.10946683160803550       -4.6278575108834206E-003
  0.93760265576864632       -1.1004490245101013E-003
  0.95421504211257324       -8.3599036980587562E-005
  0.92981828096456132       -7.6881997226430749E-004
  0.90619227456642371       -1.8436084074217239E-004
  0.95521743590604213        8.0550389157429145E-004
  0.94489833627000985        9.8471546486337408E-004
  0.96156751713317012       -6.6271548454806327E-004
   8.6071497949500725E-002   5.8068373183961623E-002
  -6.7371059504985939E-002   6.6928927599418278E-002
  -9.8432520660545558E-002   6.1524758571879119E-002
  -5.6308640628852338E-002   3.4345231023820519E-002
  -9.7542530565045416E-003   6.3733997491919478E-002
   5.4220411924246842E-002   4.5257741978062357E-002
  -7.2831214560245466E-002  0.10812904251234406     
  -5.8873466156518950E-002   6.0545584113714725E-002
  0.35958478141878708        9.8655685494388690E-002
  0.22053385074514931       0.13308650335389738     
  0.53888774290562380        5.5964969898950119E-002
  0.31676434663999531       0.10687066290385225     
  0.33024106457482127       0.10745699758102502     
  0.29419636306099550       0.13555866064375602     
  0.41602786086868043        9.3728464902475037E-002
  0.31918422289641762       0.10544067617861003     
  -8.8299976568878114E-002   3.1601492638171458E-003
  0.65156344173235903        4.4498150413293282E-003
  0.70715185018036997        1.7487307358282290E-002
  0.55179956128131413        4.1352447010887541E-002
  0.65012843839005763        2.9894771136291815E-002
  0.61716030064147820        4.3363388991551628E-002
  0.70028748653397122       -3.1374722056225199E-002
  0.53968205092945143        4.4487769866509388E-002
  0.69053805191032636        9.1331953273705319E-003
  0.56200300799390490        3.6179897849154104E-002
  0.72672219562690965        1.7362169594392445E-002
  0.53996240463403988        2.1612762921603676E-002
  0.67667101738633773        3.9713315750270527E-003
  0.69508548073207610        1.5067994553094507E-004
  0.76239747339841213       -6.6718014027117778E-004
  0.63895082273368153        4.4953568808341338E-003
  0.70887671537657571       -1.1062818537919612E-003
  0.61876852450924491       -4.5443046438902509E-003
  -7.0037429340926605E-002  -1.2701386721718732E-002
  -2.0664516306427849E-003  -4.1639714671229781E-003
  -5.2366737147687525E-002  -1.2944937963955926E-003
  0.48122969190591569       -1.8425442309917390E-003
  0.27384273748414356       -6.4994435822044718E-003
  0.35181029340124564       -1.5193500429710259E-003
  0.42045726872788947       -1.0268789279195456E-003
  0.34020488641686841       -2.8028151825057441E-004
  0.71191558049803860        5.2825112062993246E-004
  0.54982495867915071       -2.3291142227196697E-004
  0.61670436056324707       -1.0360885492778609E-003
  0.57616998458227919        2.9107282886670050E-005
  0.76007098361938685       -2.7870839953360914E-003
  0.68693594333705876        1.0504469837238101E-003
  0.74436236241076315        1.2428388263224378E-003
  0.77091298567397748       -2.6804108066335843E-004
  0.63413967881991229        5.3309663252945824E-003
  0.71220487229844309       -1.7674594537552189E-004
  0.78491039308526078        1.4058700887975260E-003
  0.74702199183343521        3.4385848994467221E-003
  0.61768740014441814        7.1561491682741601E-004
  0.85213490389926871       -1.9313477136490538E-003
  0.65003010946535666        4.6256906650562378E-004
  0.51486774790847578        4.5253359407055623E-004
  0.53380990579053245        9.6129781111855802E-004
  0.38733277152309997       -3.0777218663015225E-003
  0.34486758660199740        1.1174027867113141E-003
  0.41312740040069879        4.3087592295885479E-004
  0.46780156031624254       -2.2641791912794453E-003
  0.61185658819900002       -1.7650548315984085E-003
  0.48646446206647431        8.1385757764911872E-004
  0.41532475602148972       -4.3943034735775886E-004
  0.13010313712852029       0.13828575727672404     
   1.6150138258252011E-002  0.13496985917050677     
  -5.9117735206450750E-002  0.17457448895407282     
   6.2735836335065742E-002  0.13312764346030101     
   2.0419566068637707E-002  0.13731931094613789     
   1.8458968665128583E-002  0.14286392655987321     
   2.8938656575754340E-002  -2.4152062409891399E-004
   9.2111900358304966E-002  -1.6801410417189593E-004
   4.6630143001603008E-002   3.3360350109583664E-003
  -4.2912950746782419E-002   4.1850298004085691E-003
  0.64326662536532997        1.3401480297468547E-003
  0.64294874803539914       -2.2287743463634928E-003
  0.43137797990865623        4.6502114942599477E-003
  0.53645911224502452       -5.4593737072498264E-003
  0.59929357069798517       -2.8915610890522516E-003
  0.70044457427877205       -3.4230545147837048E-003
  0.60646720867135850       -3.1479813156236563E-003
  0.53085855516749392        1.0378312096303243E-003
  0.79318610942527279        7.8589178373334942E-004
  0.82396891784244430        8.1466062100912489E-003
  0.67386788327045721       -1.6584863994053397E-002
  0.79922711744659336       -1.3931294641972591E-003
  0.76174010754508314        5.5444735493517883E-003
  0.82634556610767285        9.1762047814772235E-003
  0.80795004330466580       -1.2828109273727184E-002
  0.68004629640915315        3.2156347579018912E-003
  0.85082852155393329       -1.6253284049114482E-003
  0.67460343005473877        7.0115968919918338E-003
  0.29514342405372418       0.12439328161424504     
  0.18913034775158682       0.12268714835724899     
  0.27894883843712748       0.13250280893800487     
  0.11985534716570306       0.14929554268333578     
  0.24078913772123317       0.12294461422415401     
  0.19533730363519586       0.13888483793408246     
  0.19746617138714140       0.16177407630208820     
  0.17964377168413848       0.14745223535839036     
  0.72638863794923281       -9.8763709137592026E-004
  0.63134349694035108       -4.1869643802628563E-004
  0.59197955067068431        2.6979917087478181E-003
  0.76702208431735597       -2.0610140261236542E-002
  0.70631273899921287        1.2452667861203354E-003
  0.87268116193158851        1.2527483998860428E-003
  0.83953078341821341       -1.7301745083221845E-004
  0.89511015377244962       -3.1242440398636237E-003
  0.85756647327359614       -1.7347450135841900E-003
  0.94864122138129070        2.6230552523900720E-003
  0.44253824168364098       -1.9788785958775273E-003
  0.22890978004637225        3.0912012073850120E-003
  0.28837171699778863       -1.0990283110258188E-003
  0.36616804923197099       -6.3503376515465252E-003
  0.35702448318067959       -6.4708599269172379E-004
  0.28251609878148509       -7.8571204327096563E-004
  0.12320782011574516        9.8326762151727080E-003
   4.8567403223357786E-002   4.4944733756782226E-003
  0.24635766255404418        4.1619556586150374E-005
  0.21217024709475896        1.0181072196445450E-004
  0.14009613744397864        9.7886086240164469E-004
  0.21430100899003146        1.4547404301936036E-003
  -9.1142401713010912E-002   7.0879289311199635E-003
  0.40963326269754252        9.9820059252443555E-003
  0.46840951678712872       -3.7000416006854219E-004
  0.31395343519152469        1.8675346546876515E-002
  0.24707394759581722        1.4043305679535661E-002
  0.36551531666023740        1.3691458398637160E-002
  0.53432655583383659       -3.2657256707119119E-003
  0.40847055982556718        3.4037502207289396E-003
  0.30157904854280670        3.1281954673396055E-002
  0.32364703344273421        1.2257620280420930E-002
  -9.7290873733646255E-002   2.5771873650454365E-003
   3.8391007505720887E-003  -1.3529777179666987E-003
  0.11629661758569060       -1.1808690353571833E-003
  0.16299718050550766        7.4402037411422828E-004
  -8.3635874905742646E-002   7.6328347695225137E-004
  -5.8747940843448476E-002   2.6846181032148721E-003
   5.8563538504782076E-002   1.0945867007753183E-002
  0.11613557988554163        2.3432810183311586E-003
   7.8141004554397320E-002  -3.2395965922499021E-004
   1.0775759582391464E-002  -4.8797874420135490E-003
   8.7219184079098511E-002  -5.2858658594888007E-004
  0.27592070460038820       -3.0756226850504678E-003
   1.2855812328354782E-002  -3.9392958123306140E-003
   5.6945858817439438E-002  -2.6960714250803385E-003
  0.13817403344106888       -1.8727780249503010E-003
   5.2284179537683967E-002  -1.1094276968550666E-003
  0.36875257691776564        9.8461162684642806E-002
  0.23948695003974080       0.13174878465105111     
  0.53359417590599478        7.6485740926834231E-002
  0.32602376832700236       0.10454917800673171     
  0.33924119375474382       0.11754210326410783     
  0.31031118293553395       0.11888509311478077     
  0.42869687235803372        9.7090992999645923E-002
  0.32776595016105486       0.10509869906497141     
  -4.1162149195952569E-002   1.1453759532210719E-003
  -8.5822700645930922E-002   3.0972946582373577E-004
  -8.2726230687950625E-002  -2.9440414659286200E-003
  0.26105174377723928       0.13561832585111258     
  0.14142348568360058       0.14488049082489490     
  0.22278814435058131       0.14099650179983431     
   8.8906535347802129E-002  0.14005128467219471     
  0.19799287774120855       0.12712883641484735     
  0.15283832339607517       0.14563795754615758     
  0.15193574786851943       0.14434854905661090     
  -7.4160759187445108E-002  -4.2505274616567703E-004
  -3.0100279495109433E-002  -1.3171948025796579E-003
   6.3445413326121330E-002  -1.8023279581236178E-003
  -3.5557260923468198E-002   8.3129325865411764E-004
  0.69884050834048184        8.4916412160106983E-004
  0.71062713079722173       -5.4668864384596884E-005
  0.55768551371476160       -1.3352013552095448E-003
  0.59726783682073936       -4.2244938179285637E-004
  0.66168025020205645       -3.3303824079798957E-003
  0.74642379591739982        2.9710001599958600E-004
  0.68026600084867672        4.4567733278943306E-004
  0.60226513273924009       -2.3710797897497052E-003
   7.1226449634191336E-003   9.8087097748654267E-004
   7.0861210334713876E-002   9.4037645013731136E-004
  0.16801990142988257        1.0679193046887114E-003
   5.8966822452291956E-002  -1.1549248023281166E-003
  -1.8275510406094875E-002   1.8992592505824720E-003
  0.91572638155178332       -8.5020807505557317E-004
  0.88459111866865436       -1.5506346889086720E-004
  0.93655154845740163       -5.1013352026934482E-003
  0.91825674619521247       -2.5845571095877728E-003
  0.95244037303132401        4.6924016013175840E-003
  -5.4106543884038016E-002   8.4751966823167141E-004
   7.6260873787320493E-003  -1.8370760649632202E-002
  -3.8139976929597696E-002  -1.0370612665447969E-002
  0.38950168450049583        8.3818313049875796E-003
  0.44891367061987208        2.6070822242617044E-003
  0.29142118789008820        1.8072617873496892E-002
  0.23167899691414545        1.3724598829335260E-002
  0.34351702151228003        1.3313824791760968E-002
  0.52589094903605904        2.0056339037771636E-004
  0.38514348866060777        4.3708906987681489E-003
  0.27735364321744010        3.5249432613144997E-002
  0.30162408443652211        1.1506305277751162E-002
  -9.3924358133227193E-002  -2.1772687804446937E-003
  -9.5931438168769922E-002  -5.4098435224847240E-003
  -2.6399158214373830E-002   1.0679439633908623E-003
  0.10445149385976615       -1.1953104522261194E-003
  -3.9717621444911644E-002   8.8012785027625573E-004
