 cosx vtec
  -1.3413141433068279E-002   1.1266557126342261E-002
  -8.6199053618974175E-002   1.6147304182509994E-002
  0.51573844834756177       -9.6162401822252549E-004
  0.56045596529468888       -3.1685733285309186E-004
  0.39568014446454769        1.2930267714109428E-003
  0.47402136278535528        7.5567409252068395E-005
  0.57603517346248945        3.9073304018642291E-003
  0.53505982511601968       -7.3190681211835254E-004
  0.44540321908075164       -5.0381838196475351E-004
  -9.5551943280315077E-003  -1.2897270245265243E-003
  0.14807938174576629       -1.5853890733796313E-003
  0.23023187644453624        2.7911010227498938E-003
  0.31545279361919099        2.5617719413499748E-004
  0.18229597851830515        1.3981685127904576E-003
  0.13686535993863416       -5.1007868414364495E-003
  0.47687686465707041       -1.4334823602417959E-004
  0.52172758350720383        9.1280395362138908E-005
  0.35277572274294128        2.6484931139093269E-003
  0.33333980808764546        2.4790802105653944E-003
  0.46096997226697900        4.0766235908728171E-004
  0.43018086221128787       -1.5515789069554193E-003
  0.55578845573494706       -3.5281456368758475E-003
  0.48811850702527149       -1.1035258684171378E-003
  0.40717603883996523        4.7901094501673130E-004
   5.4161468245920330E-002  0.10729922832570163     
  -3.6163430518330181E-003  0.12261495911962182     
   4.3013150240100662E-002  0.10407521999405821     
  0.13541408942127056        7.9455081797138630E-002
   1.3006516360525126E-002  0.11227182130513493     
  0.96319148816413602        1.5687779507678255E-003
  0.99925978081345879        2.7623175054397550E-003
  0.98343367773097412        4.0197458449612528E-003
  0.97345159061173858       -4.7835043372671920E-004
  0.98802883200529368       -3.4377783499088652E-003
   9.7082356886156879E-002   1.7863194930720187E-002
  -4.5656537405293712E-002   1.9575283317887330E-002
  -3.8057812721036505E-002   1.6668697761839574E-002
   3.8660830838750729E-002   1.3116161486377044E-002
   1.2045768027379160E-002   2.5127913673000962E-002
   8.8862430235591192E-002   1.0602088710713380E-002
  -9.2890770054018454E-003   1.3917213258329682E-002
  0.41030851056632972       -2.7604670143527199E-003
  0.46989473212144089       -1.1527491207212459E-004
  0.42658656907181486       -1.3811317215394021E-003
  0.32672360235255038        4.4922859168688416E-003
  0.28749621392369573       -1.2436391499969313E-003
   2.5287368573579383E-002   2.0479110461447654E-004
   4.9083744893384240E-003  -4.5297425071958546E-003
  0.16509510259656154        3.3594982712548912E-003
  0.28359555923022273       -1.0845568661108529E-002
  0.20780915630399141        2.4618362171800252E-002
   8.6033744309099824E-002  -3.8686800322529163E-002
   8.5446700435593687E-002   4.1191537438215890E-004
  -4.5226508314849971E-002  -2.7525199677435008E-004
   1.6856334877567866E-002  -1.2724938539822386E-003
  0.13300537527783216       -2.9124891541573404E-003
  -2.1182066366059016E-002   1.6272398366837053E-003
  -4.9305549916848948E-002  -1.8118724865727565E-004
  -6.8114177111844532E-002  0.15282663361311893     
  -7.4680806005655312E-002  0.15907872351079722     
   2.0790265376394224E-002  0.15789407856856472     
  0.21083635250435698        5.2849905566731969E-002
  0.31926386588171651        3.8106920053663500E-002
  0.11280725335305540        6.3276848475789002E-002
  0.19229649619537431        7.0919116972806243E-002
  0.16825662227589663       0.10519336145341916     
  0.29461065440637857        5.0497807114577992E-002
   6.9157097624849076E-002  0.10388572255787835     
  0.30166776021873032        5.3512534605510184E-002
  0.10838250361069784        7.5890816554633062E-002
  0.33958377070458717        6.5135368128468984E-002
  0.13098038963050967        6.0586009130342254E-002
  0.25024964959213142        7.1904269094688437E-003
  0.40843184425428070       -4.0428397746459149E-004
  0.37213056310637160        8.0264766956408590E-004
  0.31364434287431503       -4.8977605447199585E-004
  0.34938080876717281       -4.6278575108834206E-003
  0.78583991719912982       -1.1004490245101013E-003
  0.82061791858342625       -8.3599036980587562E-005
  0.74804265664259284       -7.6881997226430749E-004
  0.73632518133149882       -1.8436084074217239E-004
  0.81428074770887382        8.0550389157429145E-004
  0.81835776994128318        9.8471546486337408E-004
  0.81613269960982970       -6.6271548454806327E-004
  -3.6179996115730285E-002   5.8068373183961623E-002
  -7.9460974063596063E-002   3.4345231023820519E-002
  -2.4595221457606536E-002   4.5257741978062357E-002
  0.12541443603343777        9.8655685494388690E-002
  -3.3771691680068133E-002  0.13308650335389738     
  0.30685126161936549        5.5964969898950119E-002
   7.7663090365167636E-002  0.10687066290385225     
  0.11957373122768827       0.10745699758102502     
   2.0930359501228568E-002  0.13555866064375602     
  0.19030070861440776        9.3728464902475037E-002
   8.7551836806765121E-002  0.10544067617861003     
   4.7314420187621248E-002  -1.9673738106778019E-003
  0.19018909846810744        3.1601492638171458E-003
  0.14142773278502752       -3.5944424831929598E-003
   8.7413670128218102E-002  -4.0640839485871225E-003
  0.12258906038688450        8.8320842817718771E-003
  0.38171047318239348        4.4498150413293282E-003
  0.45547252954609879        1.7487307358282290E-002
  0.26971186018529836        4.1352447010887541E-002
  0.35805777104625780        2.9894771136291815E-002
  0.34164660828906185        4.3363388991551628E-002
  0.43795842555462772       -3.1374722056225199E-002
  0.22211751562610504        4.4487769866509388E-002
  0.44972560418554325        9.1331953273705319E-003
  0.26727744236424933        3.6179897849154104E-002
  0.45831432771741332        1.7362169594392445E-002
  0.28881543872198484        2.1612762921603676E-002
  0.57224931316629879        3.9713315750270527E-003
  0.65139795240321896        1.5067994553094507E-004
  0.66981148028895610       -6.6718014027117778E-004
  0.56189143373635675        4.4953568808341338E-003
  0.62005125214289203       -1.1062818537919612E-003
  0.51084644448910599       -4.5443046438902509E-003
  -4.8531878176001894E-002   7.7012684142695968E-003
   9.4588063781915241E-002   2.1670522914370286E-003
   3.8019943853236302E-002   1.8489583781809297E-003
  -1.3884809265828010E-002   4.0539128396376491E-003
   1.8270633204138645E-002   1.1603254861881261E-002
  0.13640421263303870       -2.0566632077150596E-002
  0.27535413383859930       -1.2701386721718732E-002
  0.33539200299359828       -4.1639714671229781E-003
  0.28585503421024433       -1.2944937963955926E-003
  0.20614928052345274       -5.6288340745692606E-003
  0.16194774399023773       -4.6381131940633384E-003
  0.60651523819483655       -1.8425442309917390E-003
  0.41407077416304311       -6.4994435822044718E-003
  0.51002103672028887       -1.5193500429710259E-003
  0.55461236475948283       -1.0268789279195456E-003
  0.46389363461925698       -2.8028151825057441E-004
  0.90917053583090124        5.2825112062993246E-004
  0.80136880174384584       -2.3291142227196697E-004
  0.84567376683144557       -1.0360885492778609E-003
  0.81413986494203527        2.9107282886670050E-005
  0.93576256733707042       -2.7870839953360914E-003
  0.89245509453850314        1.0504469837238101E-003
  0.57363178186325658        1.2428388263224378E-003
  0.61671024495606652       -2.6804108066335843E-004
  0.44308968700000118        5.3309663252945824E-003
  0.53349207031939172       -1.7674594537552189E-004
  0.62144055822509847        1.4058700887975260E-003
  0.59880740073525207        3.4385848994467221E-003
  0.38014206421341734        7.1561491682741601E-004
  0.67497301743421023       -1.9313477136490538E-003
  0.49409808095865526        4.6256906650562378E-004
  -8.6353316396582114E-003   1.7706911728363754E-002
  0.10509806300211036        8.3064049308213578E-004
  0.16615763739615308       -9.0239836387568228E-003
  0.10388046447668819        2.1763725522982606E-002
   3.5371672489489109E-002  -7.8960665841218552E-003
  0.46637964066744236        4.5253359407055623E-004
  0.50890439014082223        9.6129781111855802E-004
  0.32308845579677803       -3.0777218663015225E-003
  0.33498090193655766        1.1174027867113141E-003
  0.43421034990478291        4.3087592295885479E-004
  0.41065840774566920       -2.2641791912794453E-003
  0.56755272348893293       -1.7650548315984085E-003
  0.46777559085166492        8.1385757764911872E-004
  0.38984206594986398       -4.3943034735775886E-004
  0.20527683041602390       -6.3980360992366920E-003
  0.36902076890778218       -2.4152062409891399E-004
  0.42327640748567630       -1.6801410417189593E-004
  0.37971584715503814        3.3360350109583664E-003
  0.29481605633136709        4.1850298004085691E-003
  0.64506854391960644        1.3401480297468547E-003
  0.67201006975641464       -2.2287743463634928E-003
  0.47703760355720959        4.6502114942599477E-003
  0.60564125505045796       -5.4593737072498264E-003
  0.58080136761270396       -2.8915610890522516E-003
  0.71290928999613257       -3.4230545147837048E-003
  0.64137543595557500       -3.1479813156236563E-003
  0.55701136497129777        1.0378312096303243E-003
  0.58094366726640700        7.8589178373334942E-004
  0.62830193295680969        8.1466062100912489E-003
  0.43753883039702746       -1.6584863994053397E-002
  0.55388604253873053       -1.3931294641972591E-003
  0.54095308697697475        5.5444735493517883E-003
  0.62212745115048285        9.1762047814772235E-003
  0.61987825856600509       -1.2828109273727184E-002
  0.41859462784932294        3.2156347579018912E-003
  0.64005617282071592       -1.6253284049114482E-003
  0.47807102898024084        7.0115968919918338E-003
  -3.3060179135261519E-002  0.12439328161424504     
  -6.3532957369440812E-002  0.13250280893800487     
  -8.8825672694765101E-002  0.12294461422415401     
  0.91732850827302637       -9.8763709137592026E-004
  0.85326423042346411       -4.1869643802628563E-004
  0.82237615621740989        2.6979917087478181E-003
  0.93810785344630276       -2.0610140261236542E-002
  0.90515848160506240        1.2452667861203354E-003
  0.82153973277202985        1.2527483998860428E-003
  0.76515713379926709       -1.7301745083221845E-004
  0.85590873041934323       -3.1242440398636237E-003
  0.83248759574297770       -1.7347450135841900E-003
  0.89377235064960558        2.6230552523900720E-003
  0.47693164078515599       -1.9788785958775273E-003
  0.32182187292762165        3.0912012073850120E-003
  0.40110068603177190       -1.0990283110258188E-003
  0.38221079001899694       -6.3503376515465252E-003
  0.44418189234335220       -6.4708599269172379E-004
  0.36197795798879556       -7.8571204327096563E-004
  0.26080246193120693        9.8326762151727080E-003
  0.32667101305810381        4.4944733756782226E-003
  0.51319015588165173        4.1619556586150374E-005
  0.47982628484100254        1.0181072196445450E-004
  0.41380118813046751        9.7886086240164469E-004
  0.45326778581733979        1.4547404301936036E-003
   5.3498959053065342E-002  -6.6559077245274684E-002
  0.17842658643718695        1.2596067335274474E-002
  0.25067822475269236        7.0879289311199635E-003
  0.19145249441059248        6.6438648602652759E-003
  0.11140567233173085       -5.4175284405365660E-003
   7.7332377644819345E-002   2.9433060817074527E-002
  0.24318991311384419        9.9820059252443555E-003
  0.32145448204456656       -3.7000416006854219E-004
  0.14458018257392044        1.8675346546876515E-002
  0.11785837940062426        1.4043305679535661E-002
  0.19638588479866428        1.3691458398637160E-002
  0.36945976661990720       -3.2657256707119119E-003
  0.26811757323408542        3.4037502207289396E-003
   9.0525451651938316E-002   3.1281954673396055E-002
  0.17577025640114408        1.2257620280420930E-002
  0.19332137380805975        2.5771873650454365E-003
  0.31535888327255668       -1.3529777179666987E-003
  0.44154675091068285       -1.1808690353571833E-003
  0.44350864643310695        7.4402037411422828E-004
  0.23195415104303463        7.6328347695225137E-004
  0.24568976043977200        2.6846181032148721E-003
  0.39055054889992136        1.0945867007753183E-002
  0.41504562646036269        2.3432810183311586E-003
  0.37734000765295811       -3.2395965922499021E-004
  0.31375795218696434       -4.8797874420135490E-003
  0.35165789739798925       -5.2858658594888007E-004
  0.36114960994149409       -3.0756226850504678E-003
  -8.0195308469311749E-003   1.0429660983790989E-003
  0.11744712245001068       -3.9392958123306140E-003
  0.18117188629630535       -2.6960714250803385E-003
  0.23798197602834292       -1.8727780249503010E-003
  0.14539160308380941       -1.1094276968550666E-003
  -1.1110979603125959E-002   3.7236779886469638E-002
   6.3809291876669366E-002   2.3331244339242788E-002
  -1.5971005802303762E-002   5.3890500421188120E-002
  -8.6028960146049535E-002  -2.5957776823408510E-002
  0.10214931466386605        9.8461162684642806E-002
  -4.3013215082666256E-002  0.13174878465105111     
  0.27131379627649732        7.6485740926834231E-002
   5.5057025283106201E-002  0.10454917800673171     
   9.8086341341055067E-002  0.11754210326410783     
   1.6872159604702230E-002  0.11888509311478077     
  0.17049213399085461        9.7090992999645923E-002
   6.3255490958805741E-002  0.10509869906497141     
   5.1928016041767541E-002   9.4451464532240188E-003
  0.19168688046559393        1.1453759532210719E-003
  0.14413502140867368        3.0972946582373577E-004
   9.2241381061303168E-002   4.0459565148590155E-003
  0.12437525285736110       -2.9440414659286200E-003
  -7.8969615254269460E-002  0.13561832585111258     
  -2.3025826841243269E-002  -1.3661553311033220E-002
  -9.2889434731003029E-002  -2.4785332552559099E-003
  -3.0189456261730606E-002   5.4750847723127635E-004
   7.7973596310690382E-002  -4.2505274616567703E-004
  0.14004273846804674       -1.3171948025796579E-003
  0.21027437374629479       -1.8023279581236178E-003
  0.10407751745584591        8.3129325865411764E-004
   6.1613371356385865E-002   1.6411836388117915E-003
  0.64123731542558948        8.4916412160106983E-004
  0.67367545323464795       -5.4668864384596884E-005
  0.46575505047900512       -1.3352013552095448E-003
  0.61676726339465848       -4.2244938179285637E-004
  0.59085189148160588       -3.3303824079798957E-003
  0.69726086134463872        2.9710001599958600E-004
  0.64862266843950811        4.4567733278943306E-004
  0.56260742983475165       -2.3710797897497052E-003
  0.23376923737179572        9.8087097748654267E-004
  0.31464013477477359        9.4037645013731136E-004
  0.38842912928861489        1.0679193046887114E-003
  0.26590330374065535       -1.1549248023281166E-003
  0.23183153937859263        1.8992592505824720E-003
   8.2381859230422141E-002  -1.3085628101525500E-003
  0.77398611977551623       -8.5020807505557317E-004
  0.72688591197155183       -1.5506346889086720E-004
  0.80490145353023745       -5.1013352026934482E-003
  0.80044060716584697       -2.5845571095877728E-003
  0.81453560736046515        4.6924016013175840E-003
  0.15760019526380090        2.4799101011279450E-002
  0.28958839445675727        8.4751966823167141E-004
  0.33671537639028304       -1.8370760649632202E-002
  0.29114677731089111       -1.0370612665447969E-002
  0.22078103197464691       -6.4404368176136234E-003
  0.15445045591525133        2.5476774128805581E-002
  -4.5113554801409328E-002  -8.6461834010806492E-004
   3.9794549152709968E-002  -6.8462720169913715E-004
  -2.0861013776077547E-002   3.7369930714168309E-003
  -2.7391002064524300E-002   8.6660225717047866E-004
  0.23409379136728892        8.3818313049875796E-003
  0.31351005215782940        2.6070822242617044E-003
  0.13367585556907755        1.8072617873496892E-002
  0.11273616395255662        1.3724598829335260E-002
  0.18564162247867869        1.3313824791760968E-002
  0.37110865794093628        2.0056339037771636E-004
  0.25640553079697992        4.3708906987681489E-003
   7.3475197835198292E-002   3.5249432613144997E-002
  0.16551968301743075        1.1506305277751162E-002
   6.6899922357175762E-002  -5.3442707312885435E-003
  0.18739943328529193        3.7478703672659777E-002
  0.22660737871060405       -2.1772687804446937E-003
  0.17556055373822871        1.0759656352642602E-003
  0.11328868087895594        4.2652573153633314E-002
   4.0832191575487703E-002  -3.3462569972034603E-002
  0.16784929150690325       -5.4098435224847240E-003
  0.25550678780455993        1.0679439633908623E-003
  0.35973209328875799       -1.1953104522261194E-003
  0.19687436141641088        8.8012785027625573E-004
  0.17972981817010900        8.7154376573935952E-004
