 cosx vtec
  0.70161241938417362       -9.6162401822252549E-004
  0.68700089265652686       -3.1685733285309186E-004
  0.66303484727796869        1.2930267714109428E-003
  0.69233196825357857        7.5567409252068395E-005
  0.72500679171696725        3.9073304018642291E-003
  0.65615393809991029       -7.3190681211835254E-004
  0.61582529740030978       -5.0381838196475351E-004
  0.56155087065124676       -1.4334823602417959E-004
  0.54163235478741023        9.1280395362138908E-005
  0.51649002488704654        2.6484931139093269E-003
  0.37105444940714005        2.4790802105653944E-003
  0.33738419007359399        4.0766235908728171E-004
  0.54922072056873050       -1.5515789069554193E-003
  0.60004450193962233       -3.5281456368758475E-003
  0.50532463419952611       -1.1035258684171378E-003
  0.46978092842452801        4.7901094501673130E-004
  0.31983714973181121       0.10729922832570163     
  0.29700062843087277       0.12261495911962182     
  0.24528143702966929       0.10407521999405821     
  0.34938222147571923        7.9455081797138630E-002
  0.27490423555750099       0.11227182130513493     
  -8.3283862711275941E-002  0.23848472930534723     
  -9.6852663662083283E-002  0.23595003965126718     
  0.63855189426932024        1.5687779507678255E-003
  0.48402933376371959        2.7623175054397550E-003
  0.59525768500857479        4.0197458449612528E-003
  0.55361730745063809       -4.7835043372671920E-004
  0.61834092551418185       -3.4377783499088652E-003
  0.25609527421295708        1.7863194930720187E-002
  0.13341501056235494        1.9575283317887330E-002
  -3.1882322039991029E-002   3.0287222014354839E-002
   4.8691963950764930E-002   1.6668697761839574E-002
   8.2851572301135719E-003   1.3116161486377044E-002
  0.18956929473593834        2.5127913673000962E-002
  0.14170208078307614        1.0602088710713380E-002
   9.4859085866940307E-002   1.3917213258329682E-002
  0.20246886611668041       0.18163321329719903     
  0.16160839911644345       0.18364688198242726     
  0.11851995342801361       0.17466758563093754     
  0.14534782588979775       0.17416515867053778     
  0.49420193558165271       0.15282663361311893     
  0.44034923762298733       0.18282056158905738     
  0.46993741977394443       0.16106935157295429     
  0.42945140760554051       0.15907872351079722     
  0.53081705480214392       0.19583999216562853     
  0.53520881577961432       0.15789407856856472     
  0.45732288509173447       0.15939434382024795     
  0.87379797503589085        5.2849905566731969E-002
  0.89248495041631182        3.8106920053663500E-002
  0.82429112268079785        6.3276848475789002E-002
  0.92480614512404669        7.0919116972806243E-002
  0.85519495605825435       0.10519336145341916     
  0.91145337556276362        5.0497807114577992E-002
  0.88144444193165084       0.10388572255787835     
  0.84902874184903210        5.3512534605510184E-002
  0.85000464317646829        7.5890816554633062E-002
  0.96295455089305271        6.5135368128468984E-002
  0.77270794523984043        6.0586009130342254E-002
  0.89719730356160210       -1.1004490245101013E-003
  0.87390007968012440       -8.3599036980587562E-005
  0.94852218823893952       -7.6881997226430749E-004
  0.91072069069238837       -1.8436084074217239E-004
  0.88834821521201113        8.0550389157429145E-004
  0.85455704257929321        9.8471546486337408E-004
  0.90094665409688335       -6.6271548454806327E-004
  0.28593683172975826        5.8068373183961623E-002
  0.15768889875500597        6.6928927599418278E-002
   1.2747208756770864E-002   7.8420673010781289E-002
   7.8886122671735115E-002   6.1524758571879119E-002
   6.7592996789006370E-003   3.4345231023820519E-002
  0.20973232274843254        6.3733997491919478E-002
  0.18351479714365448        4.5257741978062357E-002
  0.26006703899721434       0.10812904251234406     
  0.12555039727223860        6.0545584113714725E-002
  0.67479858038212426        9.8655685494388690E-002
  0.62188132570520482       0.13308650335389738     
  0.78781992087609054        5.5964969898950119E-002
  0.65611660844117514       0.10687066290385225     
  0.61147461618696575       0.10745699758102502     
  0.70559512532242075       0.13555866064375602     
  0.69577117051442317        9.3728464902475037E-002
  0.64365918610141803       0.10544067617861003     
  0.93243550590040658        4.4498150413293282E-003
  0.93456297611911499        1.7487307358282290E-002
  0.89031303505304693        4.1352447010887541E-002
  0.97325448908227719        2.9894771136291815E-002
  0.92061913168638665        4.3363388991551628E-002
  0.95009754583496397       -3.1374722056225199E-002
  0.94907853049544955        4.4487769866509388E-002
  0.90329604924512874        9.1331953273705319E-003
  0.92072427772900889        3.6179897849154104E-002
  0.97877599631154999        1.7362169594392445E-002
  0.82443731912133944        2.1612762921603676E-002
  0.63791423600123109        3.9713315750270527E-003
  0.53579050957865071        1.5067994553094507E-004
  0.67162434400710214       -6.6718014027117778E-004
  0.56186979694236894        4.4953568808341338E-003
  0.62962366683799897       -1.1062818537919612E-003
  0.60669962352189610       -4.5443046438902509E-003
  -5.5078926809065065E-002   6.7539068959038440E-002
  -7.5862910023419453E-002   5.8772998018942098E-002
   7.8640559162073076E-002  -1.8425442309917390E-003
  -8.4804353855646275E-002  -6.4994435822044718E-003
  -6.7711080715558536E-002  -1.5193500429710259E-003
   2.2304877345752178E-002  -1.0268789279195456E-003
  -1.0405844036887074E-002  -2.8028151825057441E-004
   9.3951830466934894E-002   5.2825112062993246E-004
  -2.7796548874019666E-002  -1.0360885492778609E-003
  -7.1168841183060272E-002   2.9107282886670050E-005
  0.16590891894070076       -2.7870839953360914E-003
   6.2115923013460195E-002   1.0504469837238101E-003
  0.80671654548465899        1.2428388263224378E-003
  0.79298405542903938       -2.6804108066335843E-004
  0.77296180172826068        5.3309663252945824E-003
  0.80072890417486753       -1.7674594537552189E-004
  0.81953665390730657        1.4058700887975260E-003
  0.76613627713270804        3.4385848994467221E-003
  0.84960600299053002        7.1561491682741601E-004
  0.88914697551633892       -1.9313477136490538E-003
  0.71733336170300910        4.6256906650562378E-004
  0.13685230410207833       0.26215514191980205     
  0.11036357575776706       0.25579646739042927     
  0.15314693152666881       0.25371490527562868     
  0.42718387896138577        4.5253359407055623E-004
  0.39522671966356865        9.6129781111855802E-004
  0.37355332297573540       -3.0777218663015225E-003
  0.24367721356327998        1.1174027867113141E-003
  0.23002676837337011        4.3087592295885479E-004
  0.41272977204211525       -2.2641791912794453E-003
  0.48262504310102539       -1.7650548315984085E-003
  0.35264070709267070        8.1385757764911872E-004
  0.31897576582894421       -4.3943034735775886E-004
  0.63974091316502912       0.13828575727672404     
  0.55550943630391447       0.13496985917050677     
  0.53888721128757000       0.17457448895407282     
  0.59241332409994785       0.13312764346030101     
  0.57860367893566300       0.13731931094613789     
  0.52169031964407586       0.14286392655987321     
  0.41647595995105430        1.3401480297468547E-003
  0.36503756044057856       -2.2287743463634928E-003
  0.19574994929020212        4.6502114942599477E-003
  0.22012891023384756       -5.4593737072498264E-003
  0.42591506027383563       -2.8915610890522516E-003
  0.43375671100195484       -3.4230545147837048E-003
  0.33023733941787681       -3.1479813156236563E-003
  0.29734209943187728        1.0378312096303243E-003
  0.91660076199904639        7.8589178373334942E-004
  0.90554114302024402        8.1466062100912489E-003
  0.88398934363628101       -1.6584863994053397E-002
  0.98274883152602976       -1.3931294641972591E-003
  0.91213439703910526        5.5444735493517883E-003
  0.92316325755990625        9.1762047814772235E-003
  0.88081125850708308       -1.2828109273727184E-002
  0.93523708928067972        3.2156347579018912E-003
  0.95146130154801689       -1.6253284049114482E-003
  0.80967619789926537        7.0115968919918338E-003
  0.80946218905223666       0.12439328161424504     
  0.74110279159548531       0.12268714835724899     
  0.82572614868021699       0.13250280893800487     
  0.71732485692458992       0.14929554268333578     
  0.77663715128201560       0.12294461422415401     
  0.77315450336859981       0.13888483793408246     
  0.75925024108280692       0.16177407630208820     
  0.68636079849496856       0.14745223535839036     
  0.11526692507284533       -9.8763709137592026E-004
  -4.9943599161414443E-003  -4.1869643802628563E-004
  -4.6616779202712233E-002   2.6979917087478181E-003
  0.17910202750617285       -2.0610140261236542E-002
   8.7305133390106759E-002   1.2452667861203354E-003
  0.66571660588291581        1.2527483998860428E-003
  0.68774152571879310       -1.7301745083221845E-004
  0.65791621957490110       -3.1242440398636237E-003
  0.60686961906895265       -1.7347450135841900E-003
  0.72230131079709992        2.6230552523900720E-003
  0.22420786868866674       -1.9788785958775273E-003
  -2.5207371967301495E-002   3.0912012073850120E-003
  -2.3639894534014272E-002  -1.0990283110258188E-003
  0.20884872341897393       -6.3503376515465252E-003
   6.9228826967717177E-002  -6.4708599269172379E-004
   3.5059837238722108E-002  -7.8571204327096563E-004
  0.58018028968974311        9.9820059252443555E-003
  0.58191771271038228       -3.7000416006854219E-004
  0.52323613581110850        1.8675346546876515E-002
  0.40411189255758545        1.4043305679535661E-002
  0.55643252969756085        1.3691458398637160E-002
  0.65860509001859302       -3.2657256707119119E-003
  0.53038754632738860        3.4037502207289396E-003
  0.59349275238567267        3.1281954673396055E-002
  0.48916302374137560        1.2257620280420930E-002
   1.9916498186609108E-002  -3.0756226850504678E-003
  -9.7390880934615856E-002  -1.8727780249503010E-003
  0.74173637883818677        9.8461162684642806E-002
  0.68724063994652407       0.13174878465105111     
  0.84120472649210898        7.6485740926834231E-002
  0.72204779189161172       0.10454917800673171     
  0.67464682632343764       0.11754210326410783     
  0.75402620219390981       0.11888509311478077     
  0.76507817606228545        9.7090992999645923E-002
  0.71105107576794246       0.10509869906497141     
  0.23654264746245302       0.24900590984499346     
  0.38827701553778693       0.22365486852961142     
   2.7331588225382897E-002  0.31946926041257023     
  0.20757661094506497       0.23657501750403848     
  0.33196630589084458       0.27576256098499924     
  0.25590764039458974       0.24673764574183799     
  0.24790220259253493       0.23544226493101264     
  -3.2733074843573906E-002  0.16105346369551943     
   7.4529714144738857E-002  0.27503329833987039     
  0.25958511255363759       0.28070750620823104     
  0.80942054154832044       0.13561832585111258     
  0.73091706478841179       0.14488049082489490     
  0.79713433901010722       0.14099650179983431     
  0.70618536751538297       0.14005128467219471     
  0.77025516560008089       0.12712883641484735     
  0.75177416714188983       0.14563795754615758     
  0.74599510527746404       0.14434854905661090     
  0.56439432427284220        8.4916412160106983E-004
  0.53327534246058106       -5.4668864384596884E-005
  0.53677611240166723       -1.3352013552095448E-003
  0.35319194859383951       -4.2244938179285637E-004
  0.56499487037476281       -3.3303824079798957E-003
  0.57958961172008472        2.9710001599958600E-004
  0.50348209734031724        4.4567733278943306E-004
  0.46763273744411760       -2.3710797897497052E-003
  0.86408248514691277       -8.5020807505557317E-004
  0.87376466791683360       -1.5506346889086720E-004
  0.85871183651109373       -5.1013352026934482E-003
  0.82077142027651484       -2.5845571095877728E-003
  0.88083746577373156        4.6924016013175840E-003
  0.54630046168293855        8.3818313049875796E-003
  0.54748314201842940        2.6070822242617044E-003
  0.48667591456964487        1.8072617873496892E-002
  0.37475712550005019        1.3724598829335260E-002
  0.52092349955101491        1.3313824791760968E-002
  0.63414648200520662        2.0056339037771636E-004
  0.49333276889185013        4.3708906987681489E-003
  0.56419586867668114        3.5249432613144997E-002
  0.45266373613747851        1.1506305277751162E-002
