 cosx vtec
   7.4761939928379886E-002   3.1388095203105523E-002
  0.23023899528174627        1.1266557126342261E-002
  0.15863475558467613        1.6147304182509994E-002
  0.10503394064671907        2.6590208887822465E-002
  0.13595892680979116        2.7965496839924199E-002
  -6.6237781144055360E-002   4.8858144319178523E-002
  0.29332989280857752       -9.6162401822252549E-004
  0.34478589380702213       -3.1685733285309186E-004
  0.16253622202248166        1.2930267714109428E-003
  0.24716739332591858        7.5567409252068395E-005
  0.36070310977223324        3.9073304018642291E-003
  0.31789227692121685       -7.3190681211835254E-004
  0.22033626626968733       -5.0381838196475351E-004
  -5.5032854243344823E-002  -1.2897270245265243E-003
   9.2588891897892656E-002  -1.5853890733796313E-003
  0.18894977549898087        2.7911010227498938E-003
  0.24912256755077269        2.5617719413499748E-004
  0.11049594255908178        1.3981685127904576E-003
  0.10497737584918246       -5.1007868414364495E-003
  0.26049483876021012       -1.4334823602417959E-004
  0.31352621558297122        9.1280395362138908E-005
  0.12749910086479282        2.6484931139093269E-003
  0.12442502366533610        2.4790802105653944E-003
  0.27336101562171267        4.0766235908728171E-004
  0.20950864413142456       -1.5515789069554193E-003
  0.34631629390792940       -3.5281456368758475E-003
  0.27959473876329771       -1.1035258684171378E-003
  0.19298377533037978        4.7901094501673130E-004
  0.15787362161038421       0.10729922832570163     
  0.10047152381483514       0.12261495911962182     
  0.16511305374561538       0.10407521999405821     
  0.23822395738441376        7.9455081797138630E-002
  0.12469700815505083       0.11227182130513493     
  0.86867947664516243        1.5687779507678255E-003
  0.96630649937324731        2.7623175054397550E-003
  0.90967430661635684        4.0197458449612528E-003
  0.89347421226427814       -4.7835043372671920E-004
  0.92387890806580919       -3.4377783499088652E-003
  0.53698857101196484       -2.7604670143527199E-003
  0.61773694247593436       -1.1527491207212459E-004
  0.58619892820384889       -1.3811317215394021E-003
  0.49990696081281283        4.4922859168688416E-003
  0.42335451633330862       -1.2436391499969313E-003
  0.10520528655422189        2.0479110461447654E-004
  0.17134156294856426       -4.5297425071958546E-003
  0.27949120557293300        3.3594982712548912E-003
  0.42939248577319394       -1.0845568661108529E-002
  0.36878116941447497        2.4618362171800252E-002
  0.24932416597478374       -3.8686800322529163E-002
  0.20674501855921432        4.1191537438215890E-004
  -7.6884276148338149E-002  -2.7525199677435008E-004
  -4.0844667977140460E-003  -1.2724938539822386E-003
   8.1347346492827613E-002  -2.9124891541573404E-003
  -6.8475581955739676E-002   1.6272398366837053E-003
  -6.4047640857063950E-002  -1.8118724865727565E-004
  -3.3280857125846573E-002  0.15282663361311893     
  -7.8853594799931037E-002  0.16106935157295429     
  -1.8915839781618756E-002  0.15907872351079722     
   5.4614260887988680E-002  0.15789407856856472     
  -6.3380645905884242E-002  0.15939434382024795     
  -1.8495728596071830E-002   5.2849905566731969E-002
   9.0848492608705131E-002   3.8106920053663500E-002
  -1.4961792382602111E-002   7.0919116972806243E-002
  -6.2536446933177309E-002  0.10519336145341916     
   7.1116570942511600E-002   5.0497807114577992E-002
   6.6324051694506614E-002   5.3512534605510184E-002
  0.13552971349172141        6.5135368128468984E-002
  0.47721867743555685        7.1904269094688437E-003
  0.61725821455660324       -4.0428397746459149E-004
  0.58602344413460450        8.0264766956408590E-004
  0.53427868447307159       -4.8977605447199585E-004
  0.56712678941375461       -4.6278575108834206E-003
  0.62639323839444538       -1.1004490245101013E-003
  0.66958712878617122       -8.3599036980587562E-005
  0.60873002573017621       -7.6881997226430749E-004
  0.56260081744486434       -1.8436084074217239E-004
  0.66554536090620986        8.0550389157429145E-004
  0.66118828927032824        9.8471546486337408E-004
  0.67681480305567043       -6.6271548454806327E-004
  0.12166416076160155        9.8655685494388690E-002
  -4.1777798423218500E-002  0.13308650335389738     
  0.27784431850297964        5.5964969898950119E-002
   7.4474665724518649E-002  0.10687066290385225     
  0.13926281854526676       0.10745699758102502     
  -1.3460128510464494E-002  0.13555866064375602     
  0.18661694884450020        9.3728464902475037E-002
   9.0771402344851176E-002  0.10544067617861003     
  0.28667570370581130       -1.9673738106778019E-003
  0.42132706031274736        3.1601492638171458E-003
  0.37629193934653588       -3.5944424831929598E-003
  0.32505081460377772       -4.0640839485871225E-003
  0.36075635047280741        8.8320842817718771E-003
  0.16334991776156368        4.4498150413293282E-003
  0.24042626902970005        1.7487307358282290E-002
   4.1588501038956033E-002   4.1352447010887541E-002
  0.15998567361456731        2.9894771136291815E-002
  0.11979482306434740        4.3363388991551628E-002
  0.22672464972066478       -3.1374722056225199E-002
   2.9178751956778763E-002   4.4487769866509388E-002
  0.22770044741111561        9.1331953273705319E-003
   4.8185616601019422E-002   3.6179897849154104E-002
  0.26143409816766988        1.7362169594392445E-002
   5.0713441425517529E-002   2.1612762921603676E-002
  0.60923567437928305        3.9713315750270527E-003
  0.71510723700886225        1.5067994553094507E-004
  0.69297336978505142       -6.6718014027117778E-004
  0.62161410961150199        4.4953568808341338E-003
  0.65846984176391887       -1.1062818537919612E-003
  0.55769662510610674       -4.5443046438902509E-003
  0.19600329794727209        7.7012684142695968E-003
  0.33388044752082313        2.1670522914370286E-003
  0.27981044300197910        1.8489583781809297E-003
  0.22980114915246200        4.0539128396376491E-003
  0.25853503227818275        1.1603254861881261E-002
  0.33339610944123316       -2.0566632077150596E-002
  0.42996205720424929       -1.2701386721718732E-002
  0.51253959571693652       -4.1639714671229781E-003
  0.47136380596556526       -1.2944937963955926E-003
  0.39764731796337960       -5.6288340745692606E-003
  0.32571574924815805       -4.6381131940633384E-003
  0.50207058561707740       -1.8425442309917390E-003
  0.31238196429252357       -6.4994435822044718E-003
  0.42374758145088270       -1.5193500429710259E-003
  0.45309751542389287       -1.0268789279195456E-003
  0.35180540035758284       -2.8028151825057441E-004
  0.95286860478642366        5.2825112062993246E-004
  0.86680725562872973       -2.3291142227196697E-004
  0.92975958103934220       -1.0360885492778609E-003
  0.91519905705155757        2.9107282886670050E-005
  0.97630655447266157       -2.7870839953360914E-003
  0.92707194404884996        1.0504469837238101E-003
  0.35690316151401991        1.2428388263224378E-003
  0.40627848885417084       -2.6804108066335843E-004
  0.21125785739003572        5.3309663252945824E-003
  0.31142561997422846       -1.7674594537552189E-004
  0.41222891495817471        1.4058700887975260E-003
  0.38571262141239082        3.4385848994467221E-003
  0.14729771896508098        7.1561491682741601E-004
  0.48102959277112339       -1.9313477136490538E-003
  0.26843533571853495        4.6256906650562378E-004
  0.20545745557764231        1.7706911728363754E-002
  0.28524534341737912        8.3064049308213578E-004
  0.37274167154799820       -9.0239836387568228E-003
  0.31567297890181006        2.1763725522982606E-002
  0.24839209050617661       -7.8960665841218552E-003
   2.5893596977573166E-002   8.2147199687336817E-002
  0.26540964369617370        4.5253359407055623E-004
  0.31896987283684752        9.6129781111855802E-004
  0.11273994394790056       -3.0777218663015225E-003
  0.14693480916126944        1.1174027867113141E-003
  0.26216291289005156        4.3087592295885479E-004
  0.20454954204523565       -2.2641791912794453E-003
  0.37387434763244420       -1.7650548315984085E-003
  0.27860071221802218        8.1385757764911872E-004
  0.19562742173909789       -4.3943034735775886E-004
  0.39973523653215048       -6.3980360992366920E-003
  0.51385102434514651       -2.4152062409891399E-004
  0.58924639228527464       -1.6801410417189593E-004
  0.55504973162479732        3.3360350109583664E-003
  0.47974246211966148        4.1850298004085691E-003
  -7.0238252565193018E-002   3.7410694713585532E-002
  0.47572204582286926        1.3401480297468547E-003
  0.51755162086949547       -2.2287743463634928E-003
  0.31872323780755818        4.6502114942599477E-003
  0.46652766252690514       -5.4593737072498264E-003
  0.39780731462068014       -2.8915610890522516E-003
  0.55536657942743839       -3.4230545147837048E-003
  0.48693603103665467       -3.1479813156236563E-003
  0.39232967739231650        1.0378312096303243E-003
  0.37486329688971215        7.8589178373334942E-004
  0.42785659355713673        8.1466062100912489E-003
  0.21181064963171514       -1.6584863994053397E-002
  0.36824369300370452       -1.3931294641972591E-003
  0.32882427681178772        5.5444735493517883E-003
  0.42402286770354169        9.1762047814772235E-003
  0.41453632569459808       -1.2828109273727184E-002
  0.20194015108235377        3.2156347579018912E-003
  0.45399197306361150       -1.6253284049114482E-003
  0.25012696478317747        7.0115968919918338E-003
  0.96368809460535942       -9.8763709137592026E-004
  0.93940791103763488       -4.1869643802628563E-004
  0.92450737110150760        2.6979917087478181E-003
  0.98246856299397745       -2.0610140261236542E-002
  0.94082485848348818        1.2452667861203354E-003
  0.66163671774570698        1.2527483998860428E-003
  0.58825386052812290       -1.7301745083221845E-004
  0.70763475970457745       -3.1242440398636237E-003
  0.68145294775766474       -1.7347450135841900E-003
  0.75751541414722912        2.6230552523900720E-003
  -3.3808622868572454E-002   3.4166946097695702E-002
  0.31276621771426849       -1.9788785958775273E-003
  0.18875099509723983        3.0912012073850120E-003
  0.28069221356084084       -1.0990283110258188E-003
  0.20675750044638291       -6.3503376515465252E-003
  0.30844452787891297       -6.4708599269172379E-004
  0.22067299028873757       -7.8571204327096563E-004
  0.15806899048883580        9.8326762151727080E-003
  0.54463170916220105        4.4944733756782226E-003
  0.70436782773168427        4.1619556586150374E-005
  0.67703015606204242        1.0181072196445450E-004
  0.62077927893759821        9.7886086240164469E-004
  0.65683156475664728        1.4547404301936036E-003
  0.25014379844184781       -6.6559077245274684E-002
  0.33682204454655557        1.2596067335274474E-002
  0.43377509869847536        7.0879289311199635E-003
  0.38230629848523273        6.6438648602652759E-003
  0.30524874506821792       -5.4175284405365660E-003
  0.24449744595430206        2.9433060817074527E-002
   4.1807024684377527E-003   9.9820059252443555E-003
   8.7504351108758566E-002  -3.7000416006854219E-004
  -9.4933913381154783E-002   1.8675346546876515E-002
  -4.3369377927150746E-002   1.3691458398637160E-002
  0.13432523933261084       -3.2657256707119119E-003
   3.4561611042717003E-002   3.4037502207289396E-003
  -5.9593215856092105E-002   1.2257620280420930E-002
  0.23226851698738518        2.5771873650454365E-003
  0.38068183909902892       -1.3529777179666987E-003
  0.54165503295968964       -1.1808690353571833E-003
  0.46970888063417143        7.4402037411422828E-004
  0.30446239301060918        7.6328347695225137E-004
  0.46501529587329249        2.6846181032148721E-003
  0.56511645363137109        1.0945867007753183E-002
  0.61446209622517312        2.3432810183311586E-003
  0.58267587266549148       -3.2395965922499021E-004
  0.52623639494980656       -4.8797874420135490E-003
  0.56837961842891838       -5.2858658594888007E-004
  0.22329241957761725       -3.0756226850504678E-003
  -2.5275672045551676E-003  -3.9392958123306140E-003
   7.1564163795900027E-002  -2.6960714250803385E-003
  0.11055079454937394       -1.8727780249503010E-003
   1.6795892673388556E-002  -1.1094276968550666E-003
   9.3807183148809037E-002  -6.5629287989389468E-002
  0.17324820953319583        3.7236779886469638E-002
  0.27859879080237437        2.3331244339242788E-002
  0.20238889209076866        5.3890500421188120E-002
  0.13102306035044889       -2.5957776823408510E-002
  -3.3281323680084719E-002   1.1119219847883991E-003
   7.0371721069112741E-002   4.7128949035861690E-003
   6.5938275511977340E-002   9.8461162684642806E-002
  -8.2160186569672666E-002  0.13174878465105111     
  0.21280645894674041        7.6485740926834231E-002
   1.9544939960720771E-002  0.10454917800673171     
   9.0455628663448459E-002  0.11754210326410783     
  -4.2575536613534526E-002  0.11888509311478077     
  0.13452746268082025        9.7090992999645923E-002
   3.4301320521304961E-002  0.10509869906497141     
   9.3458374487620469E-002   5.3228857593158180E-002
  -3.3260659269757256E-002   7.3020605151964693E-002
  -5.6809920139373971E-002   9.1071406014058096E-002
  0.29346797538095898        9.4451464532240188E-003
  0.42470316274398567        1.1453759532210719E-003
  0.38044886875498379        3.0972946582373577E-004
  0.33178625578275445        4.0459565148590155E-003
  0.35977176684759388       -2.9440414659286200E-003
  -4.1400399314148975E-002  -3.8818913480724538E-003
  -1.4505025753542672E-002   8.9833006876898162E-003
   7.9080087642005942E-002  -1.3661553311033220E-002
   5.4420140382604364E-002  -8.8073565653271145E-004
   1.5536666863487822E-002  -2.4785332552559099E-003
  -6.7620986731119223E-003  -4.2505274616567703E-004
   6.5597205992437541E-002  -1.3171948025796579E-003
  0.11550326343557271       -1.8023279581236178E-003
   8.7386556874781401E-003   8.3129325865411764E-004
  -4.6485242988871566E-003   1.6411836388117915E-003
  0.44980593111766926        8.4916412160106983E-004
  0.49243534761329721       -5.4668864384596884E-005
  0.25063605133937056       -1.3352013552095448E-003
  0.45293056515961261       -4.2244938179285637E-004
  0.39055611089786618       -3.3303824079798957E-003
  0.51509079723899953        2.9710001599958600E-004
  0.46649533058225695        4.4567733278943306E-004
  0.37023687678953904       -2.3710797897497052E-003
  0.20314663214911319        9.8087097748654267E-004
  0.29863633311869558        9.4037645013731136E-004
  0.35030103778339799        1.0679193046887114E-003
  0.21685239585758259       -1.1549248023281166E-003
  0.22390466969848252        1.8992592505824720E-003
  -9.3645601465246517E-002   1.1148198628110624E-003
   4.5700575948254323E-002  -1.3085628101525500E-003
  0.60222848787112060       -8.5020807505557317E-004
  0.54295053983583030       -1.5506346889086720E-004
  0.64311653964686566       -5.1013352026934482E-003
  0.63224127345116155       -2.5845571095877728E-003
  0.66283055760449650        4.6924016013175840E-003
  0.36584034301691598        2.4799101011279450E-002
  0.45779628920648535        8.4751966823167141E-004
  0.52739842590562902       -1.8370760649632202E-002
  0.48871644252689439       -1.0370612665447969E-002
  0.42399557358030421       -6.4404368176136234E-003
  0.33343457449560626        2.5476774128805581E-002
  -7.9559459001175559E-002   1.9621664489074078E-003
   6.6925065621818523E-003  -8.6461834010806492E-004
  0.10942045224847217       -6.8462720169913715E-004
  -1.4083924980548067E-002   3.7369930714168309E-003
   4.8251521133728839E-002   8.6660225717047866E-004
  -2.9626122697944467E-003   8.3818313049875796E-003
   8.1808525919295494E-002   2.6070822242617044E-003
  -5.1957150303924088E-002   1.3313824791760968E-002
  0.13750777086009627        2.0056339037771636E-004
   2.5539779367537888E-002   4.3708906987681489E-003
  -6.6872546405785632E-002   1.1506305277751162E-002
  0.28954138935903700       -5.3442707312885435E-003
  0.37376930554184196        3.7478703672659777E-002
  0.43902283277394649       -2.1772687804446937E-003
  0.39305023966400610        1.0759656352642602E-003
  0.33373692343158778        4.2652573153633314E-002
  0.24053139806599469       -3.3462569972034603E-002
  0.17684112954083817       -5.4098435224847240E-003
  0.28166291887230699        1.0679439633908623E-003
  0.35528374552376757       -1.1953104522261194E-003
  0.17693371309638864        8.8012785027625573E-004
  0.21281418626484633        8.7154376573935952E-004
