 cosx vtec
  0.64370423702827961       -9.6162401822252549E-004
  0.65052262236952996       -3.1685733285309186E-004
  0.56234802572612563        1.2930267714109428E-003
  0.61856808772592187        7.5567409252068395E-005
  0.68914821815004657        3.9073304018642291E-003
  0.61404774733262846       -7.3190681211835254E-004
  0.54333334784423681       -5.0381838196475351E-004
  0.51234572331129757       -1.4334823602417959E-004
  0.51551345208448085        9.1280395362138908E-005
  0.42514948091715643        2.6484931139093269E-003
  0.30236262996187885        2.4790802105653944E-003
  0.33015368216069618        4.0766235908728171E-004
  0.48295862277115476       -1.5515789069554193E-003
  0.57716953275294924       -3.5281456368758475E-003
  0.47224247744492365       -1.1035258684171378E-003
  0.41009531260741328        4.7901094501673130E-004
  0.36370798095621865       0.10729922832570163     
  0.32439720466589217       0.12261495911962182     
  0.30678765405234804       0.10407521999405821     
  0.41651156832971642        7.9455081797138630E-002
  0.31569158769572209       0.11227182130513493     
  0.82322892439375073        1.5687779507678255E-003
  0.74046375418944599        2.7623175054397550E-003
  0.80574175609837684        4.0197458449612528E-003
  0.76207496344294834       -4.7835043372671920E-004
  0.83359022949003736       -3.4377783499088652E-003
  0.12007171704809075        1.7863194930720187E-002
  -2.7930880043786410E-002   1.9575283317887330E-002
  -8.9587095079341067E-002   1.6668697761839574E-002
  -9.0501970267809428E-002   1.3116161486377044E-002
   3.6629385225047315E-002   2.5127913673000962E-002
   2.9137324310670829E-002   1.0602088710713380E-002
  -4.3852224575968657E-002   1.3917213258329682E-002
  0.13731591870276505       0.18163321329719903     
   8.4203459424084692E-002  0.18364688198242726     
   7.2936830180615586E-002  0.17466758563093754     
   7.7802735727928646E-002  0.17416515867053778     
  0.42972039814523488       0.15282663361311893     
  0.33784152584000909       0.18282056158905738     
  0.39333054983918758       0.16106935157295429     
  0.38453561951792969       0.15907872351079722     
  0.40520970760302216       0.19583999216562853     
  0.49504327484062360       0.15789407856856472     
  0.38942027359801634       0.15939434382024795     
  0.68550319523902059        5.2849905566731969E-002
  0.73926371314170702        3.8106920053663500E-002
  0.60672986430816778        6.3276848475789002E-002
  0.73781762345711732        7.0919116972806243E-002
  0.65387086468923050       0.10519336145341916     
  0.75056238016121335        5.0497807114577992E-002
  0.66050159191107671       0.10388572255787835     
  0.69096784240282361        5.3512534605510184E-002
  0.63188502005333469        7.5890816554633062E-002
  0.82322380168887754        6.5135368128468984E-002
  0.56263604112160204        6.0586009130342254E-002
  -8.2594162721905784E-002  -4.0428397746459149E-004
  -7.1694257810117457E-002  -4.6278575108834206E-003
  0.94645484893261700       -1.1004490245101013E-003
  0.94340327004554492       -8.3599036980587562E-005
  0.99124593741970535       -7.6881997226430749E-004
  0.93221019719701348       -1.8436084074217239E-004
  0.95530845233434492        8.0550389157429145E-004
  0.92183839056060801        9.8471546486337408E-004
  0.97296670194409929       -6.6271548454806327E-004
   9.4448110917896511E-002   5.8068373183961623E-002
  -5.5051141913581736E-002   6.6928927599418278E-002
   3.0908669682741807E-003   6.3733997491919478E-002
   1.8422571643107843E-002   4.5257741978062357E-002
   5.7684792606878532E-003  0.10812904251234406     
  -7.0140411859242219E-002   6.0545584113714725E-002
  0.62808823459138097        9.8655685494388690E-002
  0.52509213471718175       0.13308650335389738     
  0.77204242039954107        5.5964969898950119E-002
  0.59592772480652290       0.10687066290385225     
  0.58600508190800327       0.10745699758102502     
  0.59966935056034876       0.13555866064375602     
  0.66847824996604532        9.3728464902475037E-002
  0.59255954737265393       0.10544067617861003     
  0.80177594554775522        4.4498150413293282E-003
  0.83085736535124766        1.7487307358282290E-002
  0.72069921060323316        4.1352447010887541E-002
  0.84232718224004610        2.9894771136291815E-002
  0.77560657022248092        4.3363388991551628E-002
  0.84088113104693440       -3.1374722056225199E-002
  0.77831273394432732        4.4487769866509388E-002
  0.79717896332461335        9.1331953273705319E-003
  0.75216789726957189        3.6179897849154104E-002
  0.88201575837069157        1.7362169594392445E-002
  0.66339988431946295        2.1612762921603676E-002
  0.77417971030220034        3.9713315750270527E-003
  0.72932607181894071        1.5067994553094507E-004
  0.82785466899328797       -6.6718014027117778E-004
  0.71902668606122422        4.4953568808341338E-003
  0.78414305644423699       -1.1062818537919612E-003
  0.73243606477171308       -4.5443046438902509E-003
  0.20773778776383922       -1.8425442309917390E-003
   1.6503084444610405E-003  -6.4994435822044718E-003
   5.9096658358506360E-002  -1.5193500429710259E-003
  0.14288613975794642       -1.0268789279195456E-003
   7.6727621086607189E-002  -2.8028151825057441E-004
  0.41927933268853945        5.2825112062993246E-004
  0.21553310072123422       -2.3291142227196697E-004
  0.31757843623594673       -1.0360885492778609E-003
  0.27997701317318463        2.9107282886670050E-005
  0.48898274611322817       -2.7870839953360914E-003
  0.38002186579175079        1.0504469837238101E-003
  0.75861124547068948        1.2428388263224378E-003
  0.76535381082668397       -2.6804108066335843E-004
  0.67508152892340079        5.3309663252945824E-003
  0.73630657991717641       -1.7674594537552189E-004
  0.79087791738549229        1.4058700887975260E-003
  0.73416309052024420        3.4385848994467221E-003
  0.71977838263714189        7.1561491682741601E-004
  0.87954521881273240       -1.9313477136490538E-003
  0.64794401016427505        4.6256906650562378E-004
  0.40163175778478366        4.5253359407055623E-004
  0.39535608632351438        9.6129781111855802E-004
  0.30012979673599111       -3.0777218663015225E-003
  0.20537511045846002        1.1174027867113141E-003
  0.23753088071657677        4.3087592295885479E-004
  0.36677806869479229       -2.2641791912794453E-003
  0.48903872254457892       -1.7650548315984085E-003
  0.34475291884297504        8.1385757764911872E-004
  0.28567031305586821       -4.3943034735775886E-004
  0.35386886537032719       0.13828575727672404     
  0.24849517326293358       0.13496985917050677     
  0.21411960082639830       0.17457448895407282     
  0.29325683074864456       0.13312764346030101     
  0.26901243795946606       0.13731931094613789     
  0.22264701228421613       0.14286392655987321     
  0.47343057911188569        1.3401480297468547E-003
  0.44735867899984322       -2.2287743463634928E-003
  0.23107142843609224        4.6502114942599477E-003
  0.30840807506829587       -5.4593737072498264E-003
  0.45101352674065315       -2.8915610890522516E-003
  0.51915442464724360       -3.4230545147837048E-003
  0.40663244706385154       -3.1479813156236563E-003
  0.34268821225183321        1.0378312096303243E-003
  0.86366533528938949        7.8589178373334942E-004
  0.87376707262761455        8.1466062100912489E-003
  0.77383378476096132       -1.6584863994053397E-002
  0.92521868550156772       -1.3931294641972591E-003
  0.84227984546230605        5.5444735493517883E-003
  0.88852165897078328        9.1762047814772235E-003
  0.84621088351407259       -1.2828109273727184E-002
  0.81786303488150680        3.2156347579018912E-003
  0.92701218127494811       -1.6253284049114482E-003
  0.72146545413054830        7.0115968919918338E-003
  0.55634290827325350       0.12439328161424504     
  0.46192226958701044       0.12268714835724899     
  0.57614658324144841       0.13250280893800487     
  0.42724271372346267       0.14929554268333578     
  0.50973288221530455       0.12294461422415401     
  0.50227045103055334       0.13888483793408246     
  0.48325084422695103       0.16177407630208820     
  0.40888064817518810       0.14745223535839036     
  0.44233376679173464       -9.8763709137592026E-004
  0.34134718249161888       -4.1869643802628563E-004
  0.30485615439963876        2.6979917087478181E-003
  0.50372677496870222       -2.0610140261236542E-002
  0.40696151880775855        1.2452667861203354E-003
  0.75666250814153746        1.2527483998860428E-003
  0.74573680963643962       -1.7301745083221845E-004
  0.76903664684290485       -3.1242440398636237E-003
  0.71482561744646955       -1.7347450135841900E-003
  0.84573098792715051        2.6230552523900720E-003
  0.25206446790781528       -1.9788785958775273E-003
   2.0060770385112031E-003   3.0912012073850120E-003
   3.8485622162612282E-002  -1.0990283110258188E-003
  0.19920014960105459       -6.3503376515465252E-003
  0.12419011850716434       -6.4708599269172379E-004
   6.2876121950280833E-002  -7.8571204327096563E-004
   7.2797883475655967E-004   4.1619556586150374E-005
  -2.7537132635214956E-002   1.0181072196445450E-004
  -9.4602641313089930E-002   9.7886086240164469E-004
   1.5694687786238060E-002   1.4547404301936036E-003
  0.43451689436151131        9.9820059252443555E-003
  0.46591205835623373       -3.7000416006854219E-004
  0.35103527276276592        1.8675346546876515E-002
  0.24451067772794208        1.4043305679535661E-002
  0.39742513167717874        1.3691458398637160E-002
  0.54828810455756716       -3.2657256707119119E-003
  0.40312875092148687        3.4037502207289396E-003
  0.39064730264543829        3.1281954673396055E-002
  0.33463420823049062        1.2257620280420930E-002
   5.1618893871995017E-002  -3.0756226850504678E-003
  -8.5775612419207850E-002  -1.8727780249503010E-003
  0.65761725681003358        9.8461162684642806E-002
  0.55886610449352447       0.13174878465105111     
  0.78749243275056280        7.6485740926834231E-002
  0.62489224514195429       0.10454917800673171     
  0.61616327525548686       0.11754210326410783     
  0.62437104302006874       0.11888509311478077     
  0.70136282809878581        9.7090992999645923E-002
  0.62231775533271561       0.10509869906497141     
   7.4973143661475949E-002  0.22365486852961142     
  -1.6201688474154208E-002  0.27576256098499924     
  -7.7712357502475959E-002  0.24673764574183799     
  -9.5539814116048893E-002  0.23544226493101264     
  -6.3883997354693522E-002  0.28070750620823104     
  0.55175913486590189       0.13561832585111258     
  0.44485218999710990       0.14488049082489490     
  0.54307735139921987       0.14099650179983431     
  0.41802327038208226       0.14005128467219471     
  0.49742917697492123       0.12712883641484735     
  0.48030536625530634       0.14563795754615758     
  0.46650655110505246       0.14434854905661090     
  0.58678480028403968        8.4916412160106983E-004
  0.57726463443344866       -5.4668864384596884E-005
  0.48779172125936909       -1.3352013552095448E-003
  0.41221505028360123       -4.2244938179285637E-004
  0.56446622656045831       -3.3303824079798957E-003
  0.62503686538150582        2.9710001599958600E-004
  0.54221674530564679        4.4567733278943306E-004
  0.47513672223848652       -2.3710797897497052E-003
  0.90566146169250761       -8.5020807505557317E-004
  0.89024205359671171       -1.5506346889086720E-004
  0.91791239230378063       -5.1013352026934482E-003
  0.87922105365423553       -2.5845571095877728E-003
  0.94694359061386568        4.6924016013175840E-003
  0.40316397239250862        8.3818313049875796E-003
  0.43465789422915502        2.6070822242617044E-003
  0.31707481023398359        1.8072617873496892E-002
  0.21918086349493079        1.3724598829335260E-002
  0.36422312958657638        1.3313824791760968E-002
  0.52852872361386061        2.0056339037771636E-004
  0.36859400633483519        4.3708906987681489E-003
  0.35995807555594933        3.5249432613144997E-002
  0.30126127160890753        1.1506305277751162E-002
