 cosx vtec
  0.62018220530547774        3.1388095203105523E-002
  0.67760399529786852        1.1266557126342261E-002
  0.64541360514884216        1.6147304182509994E-002
  0.63075318545582648        2.6590208887822465E-002
  0.57871467363322437        2.7965496839924199E-002
  0.58004396526422874        4.8858144319178523E-002
  0.45837411146083817       -1.2897270245265243E-003
  0.48608300050066211       -1.5853890733796313E-003
  0.56064380073787756        2.7911010227498938E-003
  0.49657608127052760        2.5617719413499748E-004
  0.43918923150807632        1.3981685127904576E-003
  0.56169684737882997       -5.1007868414364495E-003
  -3.7917063674799273E-002   4.0766235908728171E-004
  0.13491972082185455        1.5687779507678255E-003
  0.34824432666214178        2.7623175054397550E-003
  0.20497684360706517        4.0197458449612528E-003
  0.23447048891384886       -4.7835043372671920E-004
  0.19091822495491645       -3.4377783499088652E-003
  -3.4107034761063915E-002  0.18116790074331321     
  -2.8141096142933752E-002  0.18711093450550123     
  -1.8818311665221743E-002  0.18987606643068172     
  -7.5024486475471053E-002  0.21150504713415480     
   2.6570394608191050E-002  0.18739092016021178     
  -4.3414882722765225E-002  0.18751340178758585     
  -6.1850555371522335E-002   1.3116161486377044E-002
  -4.3131408596040893E-002   1.0555076789434181E-002
  0.98053494285115228       -2.7604670143527199E-003
  0.98893546066623017       -1.1527491207212459E-004
  0.99469587168442253       -1.3811317215394021E-003
  0.99892356153293305        4.4922859168688416E-003
  0.98036005480663202       -1.2436391499969313E-003
  0.82010548723095689        2.0479110461447654E-004
  0.93752047321542242       -4.5297425071958546E-003
  0.92823337523552718        3.3594982712548912E-003
  0.98860256398513724       -1.0845568661108529E-002
  0.98738934031385905        2.4618362171800252E-002
  0.96115101209181797       -3.8686800322529163E-002
  0.91542973457194310        4.1191537438215890E-004
  0.47482007407063520        2.3041674179984772E-003
  0.48871278020296649       -2.7525199677435008E-004
  0.55069326847914624       -1.2724938539822386E-003
  0.49411115166075503       -2.9124891541573404E-003
  0.44691273361577616        1.6272398366837053E-003
  0.54111979424491841       -1.8118724865727565E-004
  0.34029216542728657       0.16537621692818413     
  0.39871013429152741       0.15934392381651821     
  0.43631825647812195        2.5444023499378923E-002
  0.35727565381086485       0.16245428121964881     
  0.40410098228035829       0.15838180996555629     
  0.33300360999039436       0.16540010551223430     
  0.25248052562950307       0.19077796878947312     
  0.28063413785701435       0.19748407119543368     
  0.21775495771556030       0.19677924073786038     
  0.19397250586832382       0.19784547479312053     
  0.84188422918583194        7.1904269094688437E-003
  0.85055327397825187       -4.0428397746459149E-004
  0.84535148640445512        8.0264766956408590E-004
  0.84666838429664526       -4.8977605447199585E-004
  0.77673546428439666       -4.6278575108834206E-003
  0.81688887394231646       -1.9673738106778019E-003
  0.84790695701624386        3.1601492638171458E-003
  0.83396873255997572       -3.5944424831929598E-003
  0.82620162302649081       -4.0640839485871225E-003
  0.76260898079903106        8.8320842817718771E-003
   5.2694153318385673E-002   1.5067994553094507E-004
  -8.5845196028542292E-002  -6.6718014027117778E-004
  -5.0348521871175334E-002   4.4953568808341338E-003
  -7.8753365468600622E-002  -1.1062818537919612E-003
  0.66922777807957867        7.7012684142695968E-003
  0.70925337544050238        2.1670522914370286E-003
  0.68796116515204619        1.8489583781809297E-003
  0.67838430111351622        4.0539128396376491E-003
  0.62499589905793906        1.1603254861881261E-002
  0.30917215901054051       0.15621543594884907     
  0.31128603175511460       0.16669204073483934     
  0.37314069799555999       0.15831919765343447     
  0.32430106470592351       0.15216228660618406     
  0.36712926932855278       0.14958327736875440     
  0.30038420151801165       0.15520144799549179     
  0.97310426960577034       -2.0566632077150596E-002
  0.99343901416989655       -1.2701386721718732E-002
  0.99688817872544377       -4.1639714671229781E-003
  0.99310281658025801       -1.2944937963955926E-003
  0.98579159062381672       -5.6288340745692606E-003
  0.98011352591661582       -4.6381131940633384E-003
  0.38102985716018645       -1.8425442309917390E-003
  0.38132749165517132       -6.4994435822044718E-003
  0.45299362901214352       -1.5193500429710259E-003
  0.39427131292273621       -1.0268789279195456E-003
  0.34481139975587394       -2.8028151825057441E-004
  0.69486439529827959        5.2825112062993246E-004
  0.81963287514675942       -2.3291142227196697E-004
  0.78149145979154777       -1.0360885492778609E-003
  0.80613933922398551        2.9107282886670050E-005
  0.64481448057495061       -2.7870839953360914E-003
  0.70760129694546647        1.0504469837238101E-003
  0.92059261465302755        1.7706911728363754E-002
  0.97225149003832823        8.3064049308213578E-004
  0.96507371633593975       -9.0239836387568228E-003
  0.94943209831705921        2.1763725522982606E-002
  0.93415396328819977       -7.8960665841218552E-003
  0.85609088187398674        8.2147199687336817E-002
  0.35524086951104183       0.17979436456887404     
  0.41208189260865169       0.16086609414302988     
  0.43932932877437070       0.16159190962225733     
  0.37630184327102761       0.16379153790527184     
  0.43224694847095207       0.16523917677199620     
  0.35083599683683642       0.16719070424129434     
   1.3847750616126142E-002  0.12622566330818735     
  -4.6017013456058242E-002  0.13403129489593524     
  0.54460305900977568        4.4968026919053892E-003
  0.55459078246404669        4.2981282663374643E-003
  0.62171157867642568        1.4764253058574511E-003
  0.49447196205755473        7.5457911314361602E-003
  0.60388802438332834        8.4268154823119001E-004
  -5.5681872823451883E-002   9.6129781111855802E-004
  -5.1937602681621536E-002   1.1174027867113141E-003
   5.3057977364455097E-002   4.3087592295885479E-004
  -9.4241273755163307E-002  -1.7650548315984085E-003
  -4.7994293314027936E-002   8.1385757764911872E-004
  -8.2982274193697469E-002  -4.3943034735775886E-004
  0.98326478337941781       -6.3980360992366920E-003
  0.99397186111098079       -2.4152062409891399E-004
  0.99311408621616626       -1.6801410417189593E-004
  0.99390809344349362        3.3360350109583664E-003
  0.99336819317902547        4.1850298004085691E-003
   5.6690450547074320E-002  0.15366162381360923     
   7.3558726547546652E-002  0.11551612918117631     
   5.9333295828693719E-003  0.16378948154012907     
  -6.3241162166944795E-002  0.16060041294835464     
  0.59648080426050654        8.7806748522432240E-002
  0.68090304373666688        4.9557197440978550E-002
  0.73825056157120872        3.7410694713585532E-002
  0.69741608362330365        4.7976232722304335E-002
  0.64458892225359810        6.5191784758076146E-002
  0.70581850956037229        6.2451256859090268E-002
  0.59931271989701307        8.2339747719577638E-002
  0.21809427011741694        1.8039901042231622E-002
  0.22651033947070282        9.4478455624341824E-003
  0.29475691596658649        7.0401137222157381E-004
  0.28077900577131609        6.7728585436055448E-003
   4.8338672191967358E-002   1.3401480297468547E-003
  0.12912493692411514       -2.2287743463634928E-003
  0.12974199761282698        4.6502114942599477E-003
  0.22362065172263779       -5.4593737072498264E-003
  -2.1895057412635921E-002  -2.8915610890522516E-003
   9.4345618915129659E-002  -3.4230545147837048E-003
  0.13761100935608450       -3.1479813156236563E-003
   9.3849113314777993E-002   1.0378312096303243E-003
  -8.4621108534523259E-002  0.14808115052818685     
  0.17492060250193242       0.20000990441896402     
  0.23027006454054011       0.18849306004408550     
  0.26669673112786496       0.20000520977718561     
  0.19172289774722118       0.19102871679253400     
  0.16962022441183416       0.19544743668399317     
  0.11878519556567235       0.21606207179078721     
  0.14836806621582344       0.22397928138036893     
   8.3492953855817564E-002  0.21680856679272215     
   5.9275605094114114E-002  0.23013724365828847     
  0.68207306017186187       -9.8763709137592026E-004
  0.76645594329821898       -4.1869643802628563E-004
  0.78943141230341951        2.6979917087478181E-003
  0.63570494410591094       -2.0610140261236542E-002
  0.69401603802515854        1.2452667861203354E-003
  -4.3801421141410335E-002   1.2527483998860428E-003
  -1.3656320134806665E-003  -3.1242440398636237E-003
   2.7804051483315773E-002  -1.7347450135841900E-003
  -2.6882123402363234E-002   2.6230552523900720E-003
  0.64253927680708078        1.8930705919911962E-002
  0.64868782616914167        1.1916057871492762E-002
  0.73033261075906031        2.6299998063288428E-002
  0.73283443116620184        3.0246794274645942E-002
  0.77523276604207536        1.8192433725313806E-002
  0.66213510779684481        2.2596442649661611E-002
  0.70537656126456105        3.6811161512725413E-002
  0.61073612088015217        1.8706940296745276E-002
  0.66461444750867593        4.3737613825485785E-002
  0.65791366818257169        5.4220707082015401E-002
  0.73905003641145506        2.2100578287264510E-002
  0.79427174531889022        3.8172727753038857E-002
  0.82978248914894859        3.4166946097695702E-002
  0.76213693956598894        3.9101947776732475E-002
  0.69501766963168843        3.1988908536078074E-002
  0.74206955320929979        1.7970343024593889E-002
  0.64932999327302265        4.5846785742042269E-002
   9.8701666683214770E-002  -1.9788785958775273E-003
  0.22926946093301137        3.0912012073850120E-003
  0.30081135240467616       -1.0990283110258188E-003
   2.8426680123988718E-002  -6.3503376515465252E-003
  0.23796431097541529       -6.4708599269172379E-004
  0.19961303158061566       -7.8571204327096563E-004
  0.34370244458896604        9.8326762151727080E-003
  0.86754875282977273        4.4944733756782226E-003
  0.86321202569704170        4.1619556586150374E-005
  0.86163156540067165        1.0181072196445450E-004
  0.86844827431580973        9.7886086240164469E-004
  0.78798006703822243        1.4547404301936036E-003
  0.95575969275812833       -6.6559077245274684E-002
  0.98047874847152228        1.2596067335274474E-002
  0.99386268395606381        7.0879289311199635E-003
  0.98483730891253074        6.6438648602652759E-003
  0.97068687031872236       -5.4175284405365660E-003
  0.96091956883987628        2.9433060817074527E-002
  0.30877822205260763       0.16996716393424466     
  0.32936489681578285       0.16878339842997775     
  0.27696627895628528       0.17779457800968479     
  0.24835092383888180       0.19331008144297543     
  0.78266619795441139        2.5771873650454365E-003
  0.87230340395748385       -1.3529777179666987E-003
  0.94907507743287467       -1.1808690353571833E-003
  0.80095065982307967        7.4402037411422828E-004
  0.86942875736989000        7.6328347695225137E-004
  0.91776431204643683        2.6846181032148721E-003
  0.99294300271323599        1.0945867007753183E-002
  0.92776709703139704        2.3432810183311586E-003
  0.92393515797366521       -3.2395965922499021E-004
  0.92427267493178544       -4.8797874420135490E-003
  0.83783239527670794       -5.2858658594888007E-004
  0.21555271215979338       -3.0756226850504678E-003
  0.20862856818555053        1.0429660983790989E-003
  0.22422300156072655       -3.9392958123306140E-003
  0.29106406699533754       -2.6960714250803385E-003
  0.23258131096692825       -1.8727780249503010E-003
  0.19684348226242604       -1.1094276968550666E-003
  0.87433737875154516       -6.5629287989389468E-002
  0.93851190164420450        3.7236779886469638E-002
  0.93713405855603749        2.3331244339242788E-002
  0.91071282173228496        5.3890500421188120E-002
  0.88895425918150939       -2.5957776823408510E-002
  0.82227838263633779        1.1119219847883991E-003
  0.89155522151144539        4.7128949035861690E-003
  0.57236481316076993        8.2660410074114427E-002
  0.67762052803523543        5.3228857593158180E-002
  0.61287177170190876        7.3020605151964693E-002
  0.58570894229389991        7.8166746204510071E-002
  0.53158156879815810        9.1071406014058096E-002
  0.53841762789687242        9.4915412526753465E-002
  0.48518474289984459       0.12187381817133008     
  0.70661673129680702        9.4451464532240188E-003
  0.73533556031871727        1.1453759532210719E-003
  0.72030064263124538        3.0972946582373577E-004
  0.71446385253235800        4.0459565148590155E-003
  0.65891039760663006       -2.9440414659286200E-003
  0.28547357339937152        9.1890626038973619E-002
  0.29069533017976518        8.9232693140954458E-002
  0.37863287432297077        7.9305013365230340E-002
  0.30064029493907463       0.10785865931896235     
  0.24191464614339225        9.8507271950027134E-002
  0.33638740086331875        8.8057338305888105E-002
  0.26841790379577296       0.10911163290952455     
  0.74327125580804454       -3.3425157168294802E-003
  0.75702116976402911       -3.8818913480724538E-003
  0.85180887831400576        8.9833006876898162E-003
  0.84439909126655754       -1.3661553311033220E-002
  0.88640283310004431       -8.8073565653271145E-004
  0.77011104521688922        4.9149835120062069E-003
  0.82581099512439937       -2.4785332552559099E-003
  0.33614704526322520        5.4750847723127635E-004
  0.35253241288708437       -4.2505274616567703E-004
  0.41495045815755299       -1.3171948025796579E-003
  0.36064367626446053       -1.8023279581236178E-003
  0.32126237436130722        8.3129325865411764E-004
  0.41513831485178770        1.6411836388117915E-003
  0.50103938460283315       0.13246439172701949     
  0.56386277626574532       0.11013581044319495     
  0.67042359653599193       0.11128465476742398     
  0.58637089940426879       0.11089543821439511     
  0.52792397109610445       0.11116968048219136     
  0.57962091220726097       0.10889889671508828     
  0.49655182419882804       0.12766311865842941     
  -4.8545476368405421E-002  -5.4668864384596884E-005
   8.9585910291158644E-002  -4.2244938179285637E-004
  -7.4761719621418532E-002   2.9710001599958600E-004
  -4.0743421718549749E-002   4.4567733278943306E-004
  -8.2986860137411578E-002  -2.3710797897497052E-003
  0.59643377001439102        9.8087097748654267E-004
  0.66257682057042611        9.4037645013731136E-004
  0.60794068161208159        1.0679193046887114E-003
  0.54447222749660340       -1.1549248023281166E-003
  0.66589706788468961        1.8992592505824720E-003
  0.51439405863915166        5.5251441139887595E-003
  0.52506991172328421        4.3041167197905104E-003
  0.58988813374890015        1.1148198628110624E-003
  0.52606140505745669       -1.3085628101525500E-003
  0.52983369400754898        6.9246880664974152E-003
  0.47357557263572692        5.5167347462069475E-003
  0.57418149457700918        2.1253009273816455E-003
  0.57445295972757349        8.4135536254450499E-002
  0.57223336476740105        8.2703558476082906E-002
  0.64086802861401648        7.5380639790021020E-002
  0.67129809070141433        5.4533390711802091E-002
  0.59613954382115875        6.4489324284025470E-002
  0.63873208896669442        7.1651545479248444E-002
  0.56108700691732760        9.0258191014254516E-002
  0.20551475136116959       0.22177906897442204     
  0.26041404466128848       0.19590597892690828     
  0.29116834167480993       0.20224077677783442     
  0.22443169353720699       0.19946131417052668     
  0.29583866736317338       0.21899558070053621     
  0.20137619055057365       0.20788173597004292     
  0.96160982305668030        2.4799101011279450E-002
  0.99884418789153506        8.4751966823167141E-004
  0.98305004081734848       -1.8370760649632202E-002
  0.97790700619327298       -1.0370612665447969E-002
  0.97240400435490126       -6.4404368176136234E-003
  0.98274029839589583        2.5476774128805581E-002
  0.70954677592632132        1.9621664489074078E-003
  0.72787297992430644       -8.6461834010806492E-004
  0.80357405509026669       -6.8462720169913715E-004
  0.61853315145303345        3.7369930714168309E-003
  0.79004023671819501        8.6660225717047866E-004
  0.91838510333314238       -5.3442707312885435E-003
  0.98666931008804348        3.7478703672659777E-002
  0.95063986187243554       -2.1772687804446937E-003
  0.93925829658937987        1.0759656352642602E-003
  0.92967068180539880        4.2652573153633314E-002
  0.95051196353307366       -3.3462569972034603E-002
  0.69570605019675691       -5.4098435224847240E-003
  0.76694983336442146        1.0679439633908623E-003
  0.70601914592040949       -1.1953104522261194E-003
  0.61922412190310683        8.8012785027625573E-004
  0.76393567956459563        8.7154376573935952E-004
