 cosx vtec
  0.63607271347993599       -9.6162401822252549E-004
  0.61125274103736926       -3.1685733285309186E-004
  0.61685269173869450        1.2930267714109428E-003
  0.63388873506910126        7.5567409252068395E-005
  0.65051962421076748        3.9073304018642291E-003
  0.58191510803936430       -7.3190681211835254E-004
  0.55468159365464431       -5.0381838196475351E-004
  0.48863302523013930       -1.4334823602417959E-004
  0.45809160568545504        9.1280395362138908E-005
  0.46334250157325774        2.6484931139093269E-003
  0.30749723225717046        2.4790802105653944E-003
  0.24601365455669591        4.0766235908728171E-004
  0.48413257274109822       -1.5515789069554193E-003
  0.51595293030880984       -3.5281456368758475E-003
  0.42461071241986781       -1.1035258684171378E-003
  0.40124715020655577        4.7901094501673130E-004
  0.36452927235873878       0.10729922832570163     
  0.35145887181384733       0.12261495911962182     
  0.28662870783931116       0.10407521999405821     
  0.37996729759720593        7.9455081797138630E-002
  0.32445508451951066       0.11227182130513493     
   3.9471884982126004E-002  0.23299099210043162     
   8.1149076964531539E-002  0.23848472930534723     
  -9.4526601950837286E-002  0.24579306243113461     
  -6.5349230981290085E-002  0.24387617783107565     
   6.5218961108862050E-002  0.23595003965126718     
  0.49133242754868656        1.5687779507678255E-003
  0.32121006328376916        2.7623175054397550E-003
  0.44209388257051019        4.0197458449612528E-003
  0.39653079746140529       -4.7835043372671920E-004
  0.46862379419381628       -3.4377783499088652E-003
  0.22914291882949195        1.7863194930720187E-002
  0.12449278597680005        1.9575283317887330E-002
  -3.5014287395656908E-002   3.0287222014354839E-002
   3.0560170604851458E-002   1.6668697761839574E-002
  -2.8996995280414845E-002   1.3116161486377044E-002
  0.17387878758685968        2.5127913673000962E-002
  0.10591557512333938        1.0602088710713380E-002
   7.4914795223563646E-002   1.3917213258329682E-002
  0.30451749877580975       0.18163321329719903     
  0.27099529569681885       0.18364688198242726     
  0.21715809432994465       0.17466758563093754     
  0.25164781524316543       0.17416515867053778     
  0.57416042449177584       0.15282663361311893     
  0.54045057673607755       0.18282056158905738     
  0.55712403002738464       0.16106935157295429     
  0.50669589435950180       0.15907872351079722     
  0.63163067843319332       0.19583999216562853     
  0.60076843073887265       0.15789407856856472     
  0.54199782567286503       0.15939434382024795     
  0.89333813820471619        5.2849905566731969E-002
  0.89108195481587671        3.8106920053663500E-002
  0.85838095364506861        6.3276848475789002E-002
  0.95828565677015609        7.0919116972806243E-002
  0.88141793598096674       0.10519336145341916     
  0.91848633820202119        5.0497807114577992E-002
  0.93687178856553965       0.10388572255787835     
  0.84500117308159628        5.3512534605510184E-002
  0.88928081807182979        7.5890816554633062E-002
  0.96985536674835504        6.5135368128468984E-002
  0.79525825277049900        6.0586009130342254E-002
  0.80788973190476088       -1.1004490245101013E-003
  0.77577388793763458       -8.3599036980587562E-005
  0.87700088787218067       -7.6881997226430749E-004
  0.83121470673078568       -1.8436084074217239E-004
  0.79371697170219069        8.0550389157429145E-004
  0.75353256682760783        9.8471546486337408E-004
  0.80906237351089372       -6.6271548454806327E-004
  0.28955556091503809        5.8068373183961623E-002
  0.17827196138834495        6.6928927599418278E-002
   3.8381978931297009E-002   7.8420673010781289E-002
   9.2024458372345908E-002   6.1524758571879119E-002
  -6.5165662085909029E-003   3.4345231023820519E-002
  0.22467388295940208        6.3733997491919478E-002
  0.17486089768634314        4.5257741978062357E-002
  0.30425557732680630       0.10812904251234406     
  0.13699704550226074        6.0545584113714725E-002
  0.72804401750881453        9.8655685494388690E-002
  0.70231394857916052       0.13308650335389738     
  0.81116859032794297        5.5964969898950119E-002
  0.71750001919656159       0.10687066290385225     
  0.66245625186526802       0.10745699758102502     
  0.77970552144986971       0.13555866064375602     
  0.73757349796329341        9.3728464902475037E-002
  0.70253303437174408       0.10544067617861003     
  0.92412418594705847        4.4498150413293282E-003
  0.91120252245016109        1.7487307358282290E-002
  0.89936806690528870        4.1352447010887541E-002
  0.97845170467544706        2.9894771136291815E-002
  0.91891005516826740        4.3363388991551628E-002
  0.93303192396334067       -3.1374722056225199E-002
  0.98153447230626700        4.4487769866509388E-002
  0.87621259415443453        9.1331953273705319E-003
  0.93551746872999419        3.6179897849154104E-002
  0.96325859717783469        1.7362169594392445E-002
  0.81974959206782216        2.1612762921603676E-002
  0.59761589038371787        3.9713315750270527E-003
  0.47085040990018295        1.5067994553094507E-004
  0.61196318699162333       -6.6718014027117778E-004
  0.51863308027445298        4.4953568808341338E-003
  0.57828920046247900       -1.1062818537919612E-003
  0.57759102031599863       -4.5443046438902509E-003
   7.0749659763542208E-002   6.7539068959038440E-002
   8.0598291687162329E-003   5.4977674025444352E-002
   4.6278510027601250E-002   5.8772998018942098E-002
  -6.0640754240192649E-002  -1.8425442309917390E-003
  -8.2925701445545730E-002   5.2825112062993246E-004
  -8.6147569111285349E-003  -2.7870839953360914E-003
  0.74229980967871145        1.2428388263224378E-003
  0.71874042823001427       -2.6804108066335843E-004
  0.72997929874893730        5.3309663252945824E-003
  0.74330884201228919       -1.7674594537552189E-004
  0.74766972185056069        1.4058700887975260E-003
  0.69206582837221986        3.4385848994467221E-003
  0.82918748115627439        7.1561491682741601E-004
  0.81675175241007480       -1.9313477136490538E-003
  0.65777202890960207        4.6256906650562378E-004
  0.29814650293766892       0.26215514191980205     
  0.27908731214247606       0.25579646739042927     
  0.31811575605725195       0.25371490527562868     
  0.34309398552573550        4.5253359407055623E-004
  0.30006718098015217        9.6129781111855802E-004
  0.31225365138865269       -3.0777218663015225E-003
  0.16812026317630466        1.1174027867113141E-003
  0.13424912038359652        4.3087592295885479E-004
  0.33801055748932995       -2.2641791912794453E-003
  0.38466690398078557       -1.7650548315984085E-003
  0.26136210212136346        8.1385757764911872E-004
  0.23956393862155392       -4.3943034735775886E-004
  0.71220378320196054       0.13828575727672404     
  0.64262595162918723       0.13496985917050677     
  0.64707191788134855       0.17457448895407282     
  0.67411248070149443       0.13312764346030101     
  0.67060459031816433       0.13731931094613789     
  0.59924471176779892       0.14286392655987321     
  -1.0477483624597984E-002   9.2524625267465410E-002
  -9.7507029604689169E-002  0.16378948154012907     
  -5.1869937860849202E-002  0.16060041294835464     
  0.29812509770187062        1.3401480297468547E-003
  0.23730539322874600       -2.2287743463634928E-003
   8.9027878316826611E-002   4.6502114942599477E-003
   9.1977466250893342E-002  -5.4593737072498264E-003
  0.32016152034782708       -2.8915610890522516E-003
  0.30492226204742984       -3.4230545147837048E-003
  0.20493166654616923       -3.1479813156236563E-003
  0.18447645609428254        1.0378312096303243E-003
  0.86563209654133311        7.8589178373334942E-004
  0.84402972151451516        8.1466062100912489E-003
  0.85657194048112351       -1.6584863994053397E-002
  0.94908419677683720       -1.3931294641972591E-003
  0.86818927748509722        5.5444735493517883E-003
  0.86550013868229003        9.1762047814772235E-003
  0.81729835555300379       -1.2828109273727184E-002
  0.91961736300723385        3.2156347579018912E-003
  0.89542165527700002       -1.6253284049114482E-003
  0.76423931458224259        7.0115968919918338E-003
  -5.1021746418270023E-002  0.24981006337795672     
  -6.2913674849959855E-002  0.24906902391523478     
   3.2106015795415610E-003  0.25112652606919900     
  0.87646274302609140       0.12439328161424504     
  0.82319170191799462       0.12268714835724899     
  0.90556028222123197       0.13250280893800487     
  0.81757588825009375       0.14929554268333578     
  0.85196691152770099       0.12294461422415401     
  0.86511322954150516       0.13888483793408246     
  0.84452217614784719       0.16177407630208820     
  0.75541881314802450       0.14745223535839036     
  -6.0349413139253599E-002  -9.8763709137592026E-004
   6.3178355229437655E-003  -2.0610140261236542E-002
  -9.0900180367777000E-002   1.2452667861203354E-003
  0.54089385752201857        1.2527483998860428E-003
  0.57474530905421473       -1.7301745083221845E-004
  0.52677865360244380       -3.1242440398636237E-003
  0.47417526270108296       -1.7347450135841900E-003
  0.59281771152163509        2.6230552523900720E-003
  0.11990417802109801       -1.9788785958775273E-003
  0.12113539779950072       -6.3503376515465252E-003
  -4.1667131817957274E-002  -6.4708599269172379E-004
  -6.3202082564586398E-002  -7.8571204327096563E-004
  0.55587538448293439        9.9820059252443555E-003
  0.54185057935806347       -3.7000416006854219E-004
  0.51324595325322686        1.8675346546876515E-002
  0.38730588639656560        1.4043305679535661E-002
  0.53922724510725506        1.3691458398637160E-002
  0.61719101705331580       -3.2657256707119119E-003
  0.49569383578902376        3.4037502207289396E-003
  0.60269841626575771        3.1281954673396055E-002
  0.46909414921262360        1.2257620280420930E-002
  -7.9383806877223934E-002  -3.0756226850504678E-003
  0.80237828479341966        9.8461162684642806E-002
  0.77209065864782300       0.13174878465105111     
  0.87348119125672641        7.6485740926834231E-002
  0.79058892065796393       0.10454917800673171     
  0.73308350824605439       0.11754210326410783     
  0.83046513780031472       0.11888509311478077     
  0.81384809377153178        9.7090992999645923E-002
  0.77764767698066084       0.10509869906497141     
  0.39862748681315002       0.24900590984499346     
  0.54665003096174003       0.22365486852961142     
  0.19495312539439297       0.31946926041257023     
  0.37608140947801394       0.23657501750403848     
  0.48579085573101605       0.27576256098499924     
  0.42305397600911976       0.24673764574183799     
  0.41278224704354277       0.23544226493101264     
  0.14349173919581892       0.16105346369551943     
  0.24737884046880912       0.27503329833987039     
  0.42771440373852165       0.28070750620823104     
  0.88929105815173981       0.13561832585111258     
  0.82765096748857592       0.14488049082489490     
  0.88990660150291168       0.14099650179983431     
  0.81622042147621476       0.14005128467219471     
  0.85966770983612928       0.12712883641484735     
  0.85436254899553921       0.14563795754615758     
  0.84495186971672753       0.14434854905661090     
  0.46076601608697210        8.4916412160106983E-004
  0.42070275129875612       -5.4668864384596884E-005
  0.46350187559554018       -1.3352013552095448E-003
  0.23430401443238530       -4.2244938179285637E-004
  0.47074638495549381       -3.3303824079798957E-003
  0.46733025213495716        2.9710001599958600E-004
  0.39257719789528822        4.4567733278943306E-004
  0.36916902761735754       -2.3710797897497052E-003
  0.77121918567958914       -8.5020807505557317E-004
  0.79008730992135190       -1.5506346889086720E-004
  0.76028089772764895       -5.1013352026934482E-003
  0.71763859814534603       -2.5845571095877728E-003
  0.78473527492450246        4.6924016013175840E-003
  0.52023131307712100        8.3818313049875796E-003
  0.50538868687613969        2.6070822242617044E-003
  0.47508199506216753        1.8072617873496892E-002
  0.35607080984316891        1.3724598829335260E-002
  0.50214884492045386        1.3313824791760968E-002
  0.58971159696816544        2.0056339037771636E-004
  0.45718540698611770        4.3708906987681489E-003
  0.57373101590126196        3.5249432613144997E-002
  0.43094197507811144        1.1506305277751162E-002
