 cosx vtec
  -5.7885975584549554E-003   1.1266557126342261E-002
  -7.4500955738501823E-002   1.6147304182509994E-002
  -7.3945490992567503E-002   2.7965496839924199E-002
  0.47885572072133459       -9.6162401822252549E-004
  0.51548548290118279       -3.1685733285309186E-004
  0.35716265216133380        1.2930267714109428E-003
  0.43750261180009398        7.5567409252068395E-005
  0.54312009352946466        3.9073304018642291E-003
  0.48164677966700442       -7.3190681211835254E-004
  0.38639936234144912       -5.0381838196475351E-004
  -8.6680969330368729E-002  -1.5853890733796313E-003
  -6.5497766741027530E-003   2.7911010227498938E-003
   8.7178515819606117E-002   2.5617719413499748E-004
  -4.7798026922661191E-002   1.3981685127904576E-003
  0.39877579112053940       -1.4334823602417959E-004
  0.43480387779881979        9.1280395362138908E-005
  0.27303799399216699        2.6484931139093269E-003
  0.21621020074138775        2.4790802105653944E-003
  0.32582929244108422        4.0766235908728171E-004
  0.35237629281510208       -1.5515789069554193E-003
  0.48373401659045995       -3.5281456368758475E-003
  0.39333724512614771       -1.1035258684171378E-003
  0.30905876120004694        4.7901094501673130E-004
  0.26543142447633172       0.10729922832570163     
  0.21041356377418000       0.12261495911962182     
  0.24474309164418134       0.10407521999405821     
  0.34145189462129244        7.9455081797138630E-002
  0.22233878029179305       0.11227182130513493     
  0.93454188376674086        1.5687779507678255E-003
  0.96131076934664361        2.7623175054397550E-003
  0.95349176503161803        4.0197458449612528E-003
  0.92342174729419080       -4.7835043372671920E-004
  0.97519682383013284       -3.4377783499088652E-003
  -2.1172606099665203E-002   1.7863194930720187E-002
  -5.5448249445190043E-002   1.0602088710713380E-002
  0.22339737020903344       -2.7604670143527199E-003
  0.31190340571020619       -1.1527491207212459E-004
  0.27376473548511504       -1.3811317215394021E-003
  0.17396748659804079        4.4922859168688416E-003
   9.4246560989989736E-002  -1.2436391499969313E-003
  -4.8762324503153320E-002   3.3594982712548912E-003
   9.7857465295427659E-002  -1.0845568661108529E-002
   2.9411959565495527E-002   2.4618362171800252E-002
  -9.6067206083927603E-002  -3.8686800322529163E-002
  -6.6679352895379879E-002  0.18163321329719903     
  -9.0827799776818804E-002  0.17466758563093754     
  0.17013713188327215       0.15282663361311893     
   4.4708106002904285E-002  0.18282056158905738     
  0.12414446073208230       0.16106935157295429     
  0.15933933036266468       0.15907872351079722     
   7.0213116951276494E-002  0.19583999216562853     
  0.25667166601736113       0.15789407856856472     
  0.13249786802223848       0.15939434382024795     
  0.29398821471197573        5.2849905566731969E-002
  0.38936034576616890        3.8106920053663500E-002
  0.19250598896571328        6.3276848475789002E-002
  0.31965194302694894        7.0919116972806243E-002
  0.25111961372257346       0.10519336145341916     
  0.38152582755098519        5.0497807114577992E-002
  0.20715051748075522       0.10388572255787835     
  0.35179022628861739        5.3512534605510184E-002
  0.20517613199536711        7.5890816554633062E-002
  0.45601007178203434        6.5135368128468984E-002
  0.17925594842365983        6.0586009130342254E-002
  0.21018699955944903        7.1904269094688437E-003
  0.36601041068370060       -4.0428397746459149E-004
  0.33254588701889393        8.0264766956408590E-004
  0.27318383439339106       -4.8977605447199585E-004
  0.33815598810911451       -4.6278575108834206E-003
  0.83141813972617218       -1.1004490245101013E-003
  0.85824849406204828       -8.3599036980587562E-005
  0.83988742409207606       -7.6881997226430749E-004
  0.78342070456550905       -1.8436084074217239E-004
  0.86092579072159869        8.0550389157429145E-004
  0.84313834855927483        9.8471546486337408E-004
  0.87616537415243489       -6.6271548454806327E-004
  0.35983670728816070        9.8655685494388690E-002
  0.20717229975496387       0.13308650335389738     
  0.52604809615349701        5.5964969898950119E-002
  0.31467706912431692       0.10687066290385225     
  0.35253431495458953       0.10745699758102502     
  0.25895225272502609       0.13555866064375602     
  0.42026478499258729        9.3728464902475037E-002
  0.32381019955384227       0.10544067617861003     
   3.3809635127790005E-003  -1.9673738106778019E-003
  0.14425083726152282        3.1601492638171458E-003
   9.8543422563522387E-002  -3.5944424831929598E-003
   4.3341637182319870E-002  -4.0640839485871225E-003
  0.10905917014786601        8.8320842817718771E-003
  0.46459247634598394        4.4498150413293282E-003
  0.52788463607504021        1.7487307358282290E-002
  0.34891957233337206        4.1352447010887541E-002
  0.48050175928754413        2.9894771136291815E-002
  0.42447991984036043        4.3363388991551628E-002
  0.52341690588390521       -3.1374722056225199E-002
  0.36654271572276853        4.4487769866509388E-002
  0.50454186143361546        9.1331953273705319E-003
  0.36727553420371711        3.6179897849154104E-002
  0.56443749654521913        1.7362169594392445E-002
  0.32929270364275970        2.1612762921603676E-002
  0.74330269076849054        3.9713315750270527E-003
  0.79237939114823153        1.5067994553094507E-004
  0.82192314892564045       -6.6718014027117778E-004
  0.72675766150491183        4.4953568808341338E-003
  0.77988640227596162       -1.1062818537919612E-003
  0.69102544649248465       -4.5443046438902509E-003
  -4.1411969173088897E-002   7.7012684142695968E-003
   9.9568795703326496E-002   2.1670522914370286E-003
   4.6491606469364122E-002   1.8489583781809297E-003
  -6.5946646379340113E-003   4.0539128396376491E-003
   4.7165028199907061E-002   1.1603254861881261E-002
  -5.1848304879880125E-003  -2.0566632077150596E-002
   9.6595094652125457E-002  -1.2701386721718732E-002
  0.18913662429247452       -4.1639714671229781E-003
  0.14380820056335736       -1.2944937963955926E-003
   6.2868332858711129E-002  -5.6288340745692606E-003
  -1.6686785299925511E-002  -4.6381131940633384E-003
  0.42045315427228663       -1.8425442309917390E-003
  0.20462967005071245       -6.4994435822044718E-003
  0.30296680764318251       -1.5193500429710259E-003
  0.35953357483971760       -1.0268789279195456E-003
  0.26388167811431146       -2.8028151825057441E-004
  0.80913880211657629        5.2825112062993246E-004
  0.66199852624906752       -2.3291142227196697E-004
  0.74864849016858981       -1.0360885492778609E-003
  0.72235666546242661        2.9107282886670050E-005
  0.85555771007908776       -2.7870839953360914E-003
  0.77477372681667467        1.0504469837238101E-003
  0.57165339961631045        1.2428388263224378E-003
  0.60689124673670158       -2.6804108066335843E-004
  0.43929619876142073        5.3309663252945824E-003
  0.53201155362320618       -1.7674594537552189E-004
  0.62217100212191534        1.4058700887975260E-003
  0.57954193475353555        3.4385848994467221E-003
  0.41750523727350286        7.1561491682741601E-004
  0.70666524131248187       -1.9313477136490538E-003
  0.46449990771400274        4.6256906650562378E-004
  -5.9603071826100473E-002   8.3064049308213578E-004
   4.2728804665223941E-002  -9.0239836387568228E-003
  -1.5989960050067975E-002   2.1763725522982606E-002
  -8.6465155823972101E-002  -7.8960665841218552E-003
  0.35255261903874591        4.5253359407055623E-004
  0.38470964185324036        9.6129781111855802E-004
  0.20758640105037346       -3.0777218663015225E-003
  0.18759985975540786        1.1174027867113141E-003
  0.27716642992316193        4.3087592295885479E-004
  0.29726768724791180       -2.2641791912794453E-003
  0.46237300320948377       -1.7650548315984085E-003
  0.33576746434912924        8.1385757764911872E-004
  0.25523155364296773       -4.3943034735775886E-004
  -9.9284934319836537E-002  0.13828575727672404     
   6.6240540354385424E-002  -6.3980360992366920E-003
  0.19177966967661708       -2.4152062409891399E-004
  0.27785487961587979       -1.6801410417189593E-004
  0.23865429435624641        3.3360350109583664E-003
  0.15323125129510401        4.1850298004085691E-003
  0.52188071227856925        1.3401480297468547E-003
  0.53754256148765533       -2.2287743463634928E-003
  0.31119957254518327        4.6502114942599477E-003
  0.44220098473826291       -5.4593737072498264E-003
  0.46101681629633245       -2.8915610890522516E-003
  0.59427957085146377       -3.4230545147837048E-003
  0.49937638584966049       -3.1479813156236563E-003
  0.40907693368771392        1.0378312096303243E-003
  0.63028013233189495        7.8589178373334942E-004
  0.66937922952604734        8.1466062100912489E-003
  0.48374748006306345       -1.6584863994053397E-002
  0.65344156114310326       -1.3931294641972591E-003
  0.59068219677447131        5.5444735493517883E-003
  0.67346450533432156        9.1762047814772235E-003
  0.64838187628143396       -1.2828109273727184E-002
  0.49696295512336941        3.2156347579018912E-003
  0.71021052841946319       -1.6253284049114482E-003
  0.48537549736553431        7.0115968919918338E-003
   8.7151432427640979E-002  0.12439328161424504     
  -2.3118868576186280E-002  0.12268714835724899     
   9.2354864165445388E-002  0.13250280893800487     
  -7.7569807142576108E-002  0.14929554268333578     
   3.0916331330684166E-002  0.12294461422415401     
   4.8447034656357024E-003  0.13888483793408246     
  -7.5071681874038232E-003  0.16177407630208820     
  -4.7216762234484788E-002  0.14745223535839036     
  0.82649396468085323       -9.8763709137592026E-004
  0.76555815538617666       -4.1869643802628563E-004
  0.73954016528104538        2.6979917087478181E-003
  0.86616252451613063       -2.0610140261236542E-002
  0.79577820173859448        1.2452667861203354E-003
  0.76968403973670041        1.2527483998860428E-003
  0.71690872344468759       -1.7301745083221845E-004
  0.80523188040665072       -3.1242440398636237E-003
  0.76393901485265536       -1.7347450135841900E-003
  0.87203131678091783        2.6230552523900720E-003
  0.31668428350535671       -1.9788785958775273E-003
  0.12409412746446152        3.0912012073850120E-003
  0.20039172261154059       -1.0990283110258188E-003
  0.22388937928240862       -6.3503376515465252E-003
  0.25677072506085830       -6.4708599269172379E-004
  0.17210671944923531       -7.8571204327096563E-004
   4.4010724288156236E-002   9.8326762151727080E-003
  0.27671055792495869        4.4944733756782226E-003
  0.46006847536088769        4.1619556586150374E-005
  0.42960539499008632        1.0181072196445450E-004
  0.36294712967327630        9.7886086240164469E-004
  0.43572365333712271        1.4547404301936036E-003
  -9.3005956127563211E-002  -6.6559077245274684E-002
  -4.2014100569326973E-003   1.2596067335274474E-002
  0.10076380514309569        7.0879289311199635E-003
   4.5800044636411574E-002   6.6438648602652759E-003
  -3.6238126394365189E-002  -5.4175284405365660E-003
  0.19672994696712912        9.9820059252443555E-003
  0.26513277078537439       -3.7000416006854219E-004
   9.4764969305936197E-002   1.8675346546876515E-002
   3.6199026858696054E-002   1.4043305679535661E-002
  0.14913326937170124        1.3691458398637160E-002
  0.33247182923721574       -3.2657256707119119E-003
  0.20254563692499761        3.4037502207289396E-003
   7.3922554063965001E-002   3.1281954673396055E-002
  0.11050929651739387        1.2257620280420930E-002
  -4.4973015389794480E-002   2.5771873650454365E-003
   8.8395888058698913E-002  -1.3529777179666987E-003
  0.24112834620329004       -1.1808690353571833E-003
  0.21781310305447230        7.4402037411422828E-004
   2.8576194141061717E-003   7.6328347695225137E-004
  0.16634244077257404        2.6846181032148721E-003
  0.25048289223454667        1.0945867007753183E-002
  0.33233666168733877        2.3432810183311586E-003
  0.29770405322271398       -3.2395965922499021E-004
  0.23339015199976904       -4.8797874420135490E-003
  0.31545158994722466       -5.2858658594888007E-004
  0.16879035294191386       -3.0756226850504678E-003
  -9.1426823388333731E-002  -3.9392958123306140E-003
  -3.3570415052974492E-002  -2.6960714250803385E-003
   3.3860189624376424E-002  -1.8727780249503010E-003
  -5.8639979034918313E-002  -1.1094276968550666E-003
  -5.3292295534076883E-002   2.3331244339242788E-002
  0.33664820635384057        9.8461162684642806E-002
  0.19589382082012036       0.13174878465105111     
  0.49049570136913589        7.6485740926834231E-002
  0.29175618807871717       0.10454917800673171     
  0.33414258127671159       0.11754210326410783     
  0.25097722238784204       0.11888509311478077     
  0.40094794881658030        9.7090992999645923E-002
  0.30023828464036201       0.10509869906497141     
   5.4654720552636538E-002   9.4451464532240188E-003
  0.19254791636096905        1.1453759532210719E-003
  0.14816154331840842        3.0972946582373577E-004
   9.5129590615456588E-002   4.0459565148590155E-003
  0.14889331231885050       -2.9440414659286200E-003
   6.6383788936864196E-002  0.13561832585111258     
  -5.7144379037000759E-002  0.14488049082489490     
   5.0730955647585230E-002  0.14099650179983431     
  -9.2182884519139030E-002  0.14005128467219471     
   1.9048906038311997E-003  0.12712883641484735     
  -2.2449258491642421E-002  0.14563795754615758     
  -3.6938827936266572E-002  0.14434854905661090     
  -8.9282346500521470E-002  -1.3171948025796579E-003
  -1.1083849070771021E-002  -1.8023279581236178E-003
  0.55557506256441480        8.4916412160106983E-004
  0.57914891654163825       -5.4668864384596884E-005
  0.38137816202981117       -1.3352013552095448E-003
  0.47967339029720724       -4.2244938179285637E-004
  0.50693779037937037       -3.3303824079798957E-003
  0.61526534620232287        2.9710001599958600E-004
  0.54656974578837647        4.4567733278943306E-004
  0.45379190891848020       -2.3710797897497052E-003
  -4.5402700151802589E-003   9.8087097748654267E-004
   7.7924679330857699E-002   9.4037645013731136E-004
  0.15825310983768978        1.0679193046887114E-003
   3.1566565286004711E-002  -1.1549248023281166E-003
  -8.3683000028310639E-003   1.8992592505824720E-003
  0.79743246723302141       -8.5020807505557317E-004
  0.75185714497136902       -1.5506346889086720E-004
  0.82958998926518546       -5.1013352026934482E-003
  0.80521692505737363       -2.5845571095877728E-003
  0.85541912212300886        4.6924016013175840E-003
   3.6248901808258516E-002   2.4799101011279450E-002
  0.12611234527854143        8.4751966823167141E-004
  0.21149856990898547       -1.8370760649632202E-002
  0.16954218486768052       -1.0370612665447969E-002
   9.8117634134803622E-002  -6.4404368176136234E-003
  -8.9466546593933716E-003   2.5476774128805581E-002
  0.17806916501371403        8.3818313049875796E-003
  0.24746086350648888        2.6070822242617044E-003
   7.4107681443425277E-002   1.8072617873496892E-002
   2.3561578583302975E-002   1.3724598829335260E-002
  0.12870411550833971        1.3313824791760968E-002
  0.32572699788966136        2.0056339037771636E-004
  0.18123813398059596        4.3708906987681489E-003
   4.9734654311602955E-002   3.5249432613144997E-002
   9.0857849311807293E-002   1.1506305277751162E-002
  -3.3444290926011200E-002  -5.3442707312885435E-003
   3.5368620771087156E-002   3.7478703672659777E-002
  0.12380133385107434       -2.1772687804446937E-003
   7.6018161601625889E-002   1.0759656352642602E-003
   1.2355992519583692E-002   4.2652573153633314E-002
  -7.3659469321228188E-002  -5.4098435224847240E-003
   1.7403102600639514E-002   1.0679439633908623E-003
  0.12518502492834382       -1.1953104522261194E-003
  -4.3349114425724006E-002   8.8012785027625573E-004
  -5.9698404311386843E-002   8.7154376573935952E-004
