 cosx vtec
  0.65865549784010591       -9.6162401822252549E-004
  0.64404563713491803       -3.1685733285309186E-004
  0.61725351290549191        1.2930267714109428E-003
  0.64843187555976889        7.5567409252068395E-005
  0.68432029586386212        3.9073304018642291E-003
  0.61130992302936160       -7.3190681211835254E-004
  0.56812224874746620       -5.0381838196475351E-004
  0.51218047791831278       -1.4334823602417959E-004
  0.49238905716806114        9.1280395362138908E-005
  0.46459780358921660        2.6484931139093269E-003
  0.31534993482018325        2.4790802105653944E-003
  0.28294442180638091        4.0766235908728171E-004
  0.49889595416820787       -1.5515789069554193E-003
  0.55338146645662822       -3.5281456368758475E-003
  0.45445892548934891       -1.1035258684171378E-003
  0.41689382378035916        4.7901094501673130E-004
  0.37566716480236073       0.10729922832570163     
  0.35307399489153057       0.12261495911962182     
  0.30261181811711491       0.10407521999405821     
  0.40456588951282485        7.9455081797138630E-002
  0.33157888741158448       0.11227182130513493     
  -9.3324965400344628E-002  0.23299099210043162     
  -4.6508365246227062E-002  0.23848472930534723     
  -5.8616468828302570E-002  0.23595003965126718     
  0.62199558077636885        1.5687779507678255E-003
  0.47688098776303905        2.7623175054397550E-003
  0.58224120247821531        4.0197458449612528E-003
  0.53590889866088798       -4.7835043372671920E-004
  0.61006040418904672       -3.4377783499088652E-003
  0.19844345791342921        1.7863194930720187E-002
   7.5457788266319048E-002   1.9575283317887330E-002
  -8.9802420867569122E-002   3.0287222014354839E-002
  -1.0208883786807302E-002   1.6668697761839574E-002
  -5.1266117489502147E-002   1.3116161486377044E-002
  0.13166134789224665        2.5127913673000962E-002
   8.2569807033980827E-002   1.0602088710713380E-002
   3.6015020269860393E-002   1.3917213258329682E-002
  0.25599155566008741       0.18163321329719903     
  0.21461525465060316       0.18364688198242726     
  0.17387558065947242       0.17466758563093754     
  0.19915785053959484       0.17416515867053778     
  0.54198919035602222       0.15282663361311893     
  0.48702109884335332       0.18282056158905738     
  0.51769754846917659       0.16106935157295429     
  0.48014822478852881       0.15907872351079722     
  0.57278868588141507       0.19583999216562853     
  0.58287653565150377       0.15789407856856472     
  0.50599259060150736       0.15939434382024795     
  0.84915203884655155        5.2849905566731969E-002
  0.86627955048382099        3.8106920053663500E-002
  0.79788222547222021        6.3276848475789002E-002
  0.91174736842126769        7.0919116972806243E-002
  0.83001234715263372       0.10519336145341916     
  0.88894923866304720        5.0497807114577992E-002
  0.87024784382822951       0.10388572255787835     
  0.81798545936744671        5.3512534605510184E-002
  0.82775527155117579        7.5890816554633062E-002
  0.94932277065404425        6.5135368128468984E-002
  0.73939013088834304        6.0586009130342254E-002
  0.88132944487766907       -1.1004490245101013E-003
  0.85830111150452548       -8.3599036980587562E-005
  0.94416004170393397       -7.6881997226430749E-004
  0.89233755172476181       -1.8436084074217239E-004
  0.87470953011208019        8.0550389157429145E-004
  0.83559774774922424        9.8471546486337408E-004
  0.89133904892451365       -6.6271548454806327E-004
  0.23086915394290022        5.8068373183961623E-002
  0.10282614275927662        6.6928927599418278E-002
  -4.2234323644795138E-002   7.8420673010781289E-002
   2.2594957431713802E-002   6.1524758571879119E-002
  -5.1903119084820620E-002   3.4345231023820519E-002
  0.15475943436103273        6.3733997491919478E-002
  0.12600999075335340        4.5257741978062357E-002
  0.21012644445961012       0.10812904251234406     
   6.9351988955206584E-002   6.0545584113714725E-002
  0.71614419435928267        9.8655685494388690E-002
  0.66277362042508547       0.13308650335389738     
  0.82299951524236303        5.5964969898950119E-002
  0.69776244686111633       0.10687066290385225     
  0.65666419470091930       0.10745699758102502     
  0.74161296950583666       0.13555866064375602     
  0.73669004807433180        9.3728464902475037E-002
  0.68635467050678445       0.10544067617861003     
  0.91059203829969815        4.4498150413293282E-003
  0.91185297101343454        1.7487307358282290E-002
  0.86550020089583679        4.1352447010887541E-002
  0.96183754657766418        2.9894771136291815E-002
  0.89793683408915581        4.3363388991551628E-002
  0.93026637840447302       -3.1374722056225199E-002
  0.94171429920147598        4.4487769866509388E-002
  0.87622206409307213        9.1331953273705319E-003
  0.90115680832975087        3.6179897849154104E-002
  0.96522854682516179        1.7362169594392445E-002
  0.79113810923887629        2.1612762921603676E-002
  0.67766313794055288        3.9713315750270527E-003
  0.57537293700261549        1.5067994553094507E-004
  0.70611838440826569       -6.6718014027117778E-004
  0.60448126944574476        4.4953568808341338E-003
  0.66790313721766548       -1.1062818537919612E-003
  0.64946790407485433       -4.5443046438902509E-003
  -3.4693492163041240E-003   6.7539068959038440E-002
  -5.1304700866726866E-002   5.4977674025444352E-002
  -2.3422201705723081E-002   5.8772998018942098E-002
   3.0665857748574443E-002  -1.8425442309917390E-003
  -2.7021184294379441E-002  -1.0268789279195456E-003
  -6.2952164038346928E-002  -2.8028151825057441E-004
   8.8889663775670258E-002   5.2825112062993246E-004
  -2.5547338257946028E-002  -1.0360885492778609E-003
  -6.5171393024466673E-002   2.9107282886670050E-005
  0.16392908514267901       -2.7870839953360914E-003
   5.2250831326608849E-002   1.0504469837238101E-003
  0.77122589660596286        1.2428388263224378E-003
  0.75745199892222148       -2.6804108066335843E-004
  0.73378860457975181        5.3309663252945824E-003
  0.76416978630211407       -1.7674594537552189E-004
  0.78610523045324165        1.4058700887975260E-003
  0.72837307445504451        3.4385848994467221E-003
  0.81717405263580323        7.1561491682741601E-004
  0.86415395320223565       -1.9313477136490538E-003
  0.67497116156926495        4.6256906650562378E-004
  0.12827421177045606       0.26215514191980205     
  0.10826709592038725       0.25579646739042927     
  0.14865551469916066       0.25371490527562868     
  0.37417535453482925        4.5253359407055623E-004
  0.34256376894626361        9.6129781111855802E-004
  0.31782806228782934       -3.0777218663015225E-003
  0.18632706068501614        1.1174027867113141E-003
  0.17432541626562720        4.3087592295885479E-004
  0.35859352573976239       -2.2641791912794453E-003
  0.43296902599494624       -1.7650548315984085E-003
  0.29851363999551761        8.1385757764911872E-004
  0.26308364426415631       -4.3943034735775886E-004
  0.61007344821548404       0.13828575727672404     
  0.52588350899137637       0.13496985917050677     
  0.51698621797808708       0.17457448895407282     
  0.56296712393427295       0.13312764346030101     
  0.55214759631504173       0.13731931094613789     
  0.48723202107753039       0.14286392655987321     
  -4.4493010817063978E-002   9.2524625267465410E-002
  -7.8900700277799385E-002  0.16060041294835464     
  0.36835029259447138        1.3401480297468547E-003
  0.31769248854581433       -2.2287743463634928E-003
  0.14114892059501122        4.6502114942599477E-003
  0.17002529314494835       -5.4593737072498264E-003
  0.37563873287603405       -2.8915610890522516E-003
  0.38887955179149408       -3.4230545147837048E-003
  0.28140348328326459       -3.1479813156236563E-003
  0.24520369549586349        1.0378312096303243E-003
  0.89207505217841121        7.8589178373334942E-004
  0.88080645391947376        8.1466062100912489E-003
  0.85467937025637952       -1.6584863994053397E-002
  0.97053690506461332       -1.3931294641972591E-003
  0.88639716427562731        5.5444735493517883E-003
  0.90061729832802184        9.1762047814772235E-003
  0.85295095858993553       -1.2828109273727184E-002
  0.91309617734601456        3.2156347579018912E-003
  0.93445243928819366       -1.6253284049114482E-003
  0.77333280387274939        7.0115968919918338E-003
  0.79275169165385928       0.12439328161424504     
  0.72352020961148056       0.12268714835724899     
  0.81953332488917852       0.13250280893800487     
  0.70763468343093405       0.14929554268333578     
  0.75980806382032384       0.12294461422415401     
  0.76620899981757207       0.13888483793408246     
  0.74551844959326352       0.16177407630208820     
  0.65873966144296947       0.14745223535839036     
  0.11233947547944187       -9.8763709137592026E-004
  -6.9839871620414051E-004  -4.1869643802628563E-004
  -3.8808543596179967E-002   2.6979917087478181E-003
  0.17926412746281264       -2.0610140261236542E-002
   7.9156867043547963E-002   1.2452667861203354E-003
  0.63277932178599816        1.2527483998860428E-003
  0.65214062315019661       -1.7301745083221845E-004
  0.62742144691799551       -3.1242440398636237E-003
  0.57261131530305187       -1.7347450135841900E-003
  0.69923048828753576        2.6230552523900720E-003
  0.16956035963883820       -1.9788785958775273E-003
  -8.1811894325023060E-002   3.0912012073850120E-003
  -7.8112617867952885E-002  -1.0990283110258188E-003
  0.15204297845269588       -6.3503376515465252E-003
   1.4628778791490243E-002  -6.4708599269172379E-004
  -2.1396122695931344E-002  -7.8571204327096563E-004
  0.53114729198692112        9.9820059252443555E-003
  0.53245718631078964       -3.7000416006854219E-004
  0.47299418060094101        1.8675346546876515E-002
  0.34985049734801960        1.4043305679535661E-002
  0.50687745991673971        1.3691458398637160E-002
  0.61260198166163304       -3.2657256707119119E-003
  0.47907970026490254        3.4037502207289396E-003
  0.54794038276787438        3.1281954673396055E-002
  0.43709653791620462        1.2257620280420930E-002
  -3.6374668341096969E-002  -3.0756226850504678E-003
  0.77724714975122866        9.8461162684642806E-002
  0.72223327788685521       0.13174878465105111     
  0.87098957769729124        7.6485740926834231E-002
  0.75781747241006248       0.10454917800673171     
  0.71544991412834613       0.11754210326410783     
  0.78491339985653141       0.11888509311478077     
  0.80028563868947877        9.7090992999645923E-002
  0.74807102943291248       0.10509869906497141     
  0.23335139209785311       0.24900590984499346     
  0.39996854402132870       0.22365486852961142     
   2.1691013683596272E-002  0.31946926041257023     
  0.21114212712526970       0.23657501750403848     
  0.32667372931877442       0.27576256098499924     
  0.26239674485093917       0.24673764574183799     
  0.24917905769367049       0.23544226493101264     
  -2.8434461150144696E-002  0.16105346369551943     
   7.6506383543119061E-002  0.27503329833987039     
  0.27038720426615481       0.28070750620823104     
  0.79993484822067307       0.13561832585111258     
  0.72064215047455027       0.14488049082489490     
  0.79734075290893169       0.14099650179983431     
  0.70350561047098081       0.14005128467219471     
  0.76080268811336216       0.12712883641484735     
  0.75122670729989438       0.14563795754615758     
  0.73999714531842264       0.14434854905661090     
  0.51897074115494912        8.4916412160106983E-004
  0.48825953507554487       -5.4668864384596884E-005
  0.48646224365226309       -1.3352013552095448E-003
  0.30343417033610071       -4.2244938179285637E-004
  0.51804655621822970       -3.3303824079798957E-003
  0.53674574589237611        2.9710001599958600E-004
  0.45684851925096981        4.4567733278943306E-004
  0.41753974014013762       -2.3710797897497052E-003
  0.84207791914683294       -8.5020807505557317E-004
  0.84962937203503897       -1.5506346889086720E-004
  0.83885039307041587       -5.1013352026934482E-003
  0.79624398127135076       -2.5845571095877728E-003
  0.86566060166964076        4.6924016013175840E-003
  0.49587655557565519        8.3818313049875796E-003
  0.49666132557401982        2.6070822242617044E-003
  0.43509415077337860        1.8072617873496892E-002
  0.31968749441314204        1.3724598829335260E-002
  0.46998340604511712        1.3313824791760968E-002
  0.58694259024105699        2.0056339037771636E-004
  0.44074459259483573        4.3708906987681489E-003
  0.51746725714945685        3.5249432613144997E-002
  0.39940861446477771        1.1506305277751162E-002
