 cosx vtec
  0.48984190030582458        3.1388095203105523E-002
  0.59386460016352616        1.1266557126342261E-002
  0.54169329382800468        1.6147304182509994E-002
  0.50964331624294557        2.6590208887822465E-002
  0.48323214812518611        2.7965496839924199E-002
  0.40436506729531452        4.8858144319178523E-002
  -9.5767284154577026E-002  -3.1685733285309186E-004
  0.31848356321385829       -1.2897270245265243E-003
  0.39735023575999268       -1.5853890733796313E-003
  0.49074717545244101        2.7911010227498938E-003
  0.46695846295023796        2.5617719413499748E-004
  0.36961645142568306        1.3981685127904576E-003
  0.45836548435325364       -5.1007868414364495E-003
  -8.9857254237236062E-002  -1.4334823602417959E-004
  -2.3287749832737459E-002   9.1280395362138908E-005
  -9.1287042428682491E-002   2.4790802105653944E-003
   7.9815621438622059E-002   4.0766235908728171E-004
  -3.2218938134130570E-002  -3.5281456368758475E-003
  -3.1273487146853490E-002  -1.1035258684171378E-003
  -9.2188404605806573E-002   4.7901094501673130E-004
  -9.9097861279677568E-002  0.10729922832570163     
  -4.1885628548186338E-002  0.10407521999405821     
  -3.8515420210208234E-002   7.9455081797138630E-002
  0.44320940904839301        1.5687779507678255E-003
  0.64010065754209189        2.7623175054397550E-003
  0.51139783433497832        4.0197458449612528E-003
  0.52689090322439702       -4.7835043372671920E-004
  0.50657298041465537       -3.4377783499088652E-003
  -9.8760012361096453E-002   1.3116161486377044E-002
  0.93985306019233716       -2.7604670143527199E-003
  0.97797817581850421       -1.1527491207212459E-004
  0.96979837487460951       -1.3811317215394021E-003
  0.93885692147205269        4.4922859168688416E-003
  0.89484566000557564       -1.2436391499969313E-003
  0.65025341548157523        2.0479110461447654E-004
  0.76352126788613761       -4.5297425071958546E-003
  0.79933976114407235        3.3594982712548912E-003
  0.90334805493257853       -1.0845568661108529E-002
  0.87851028878016146        2.4618362171800252E-002
  0.81185823218321862       -3.8686800322529163E-002
  0.76110683744569319        4.1191537438215890E-004
  0.29330374871132009        2.3041674179984772E-003
  0.33237194790458180       -2.7525199677435008E-004
  0.40712644280649724       -1.2724938539822386E-003
  0.39886931489178107       -2.9124891541573404E-003
  0.30466766893719316        1.6272398366837053E-003
  0.37633944264440994       -1.8118724865727565E-004
  -1.3405500514215296E-003  0.16537621692818413     
   6.7034673349609275E-002  0.15934392381651821     
  0.11091881833095385        2.5444023499378923E-002
   1.9282445452194485E-002  0.16245428121964881     
   6.7442698222400954E-002  0.15838180996555629     
  -7.1009952419858746E-003  0.16540010551223430     
  -4.7312536244950576E-002  0.19077796878947312     
  -1.3465529847956126E-002  0.19748407119543368     
  -9.0802208431173814E-002  0.19677924073786038     
  0.81333775397540253        7.1904269094688437E-003
  0.87507808793306729       -4.0428397746459149E-004
  0.85888160533293889        8.0264766956408590E-004
  0.83942344098460175       -4.8977605447199585E-004
  0.80049005524373706       -4.6278575108834206E-003
   2.3528365856773203E-002  -1.1004490245101013E-003
   8.2474562805551821E-002  -8.3599036980587562E-005
  -3.7113506172217814E-002  -7.6881997226430749E-004
  -4.7794041707313217E-002  -1.8436084074217239E-004
   6.7208775565413270E-002   8.0550389157429145E-004
   8.9605739175468102E-002   9.8471546486337408E-004
   6.7102956418350568E-002  -6.6271548454806327E-004
  0.71953422324239191       -1.9673738106778019E-003
  0.79573466269126802        3.1601492638171458E-003
  0.76760357483722541       -3.5944424831929598E-003
  0.74160191402457132       -4.0640839485871225E-003
  0.70850294255266277        8.8320842817718771E-003
  0.14568676286763521        3.9713315750270527E-003
  0.32152894125383513        1.5067994553094507E-004
  0.20995992044862499       -6.6718014027117778E-004
  0.20812454454840823        4.4953568808341338E-003
  0.20159716244983483       -1.1062818537919612E-003
  0.11343439129796767       -4.5443046438902509E-003
  0.57412681091621331        7.7012684142695968E-003
  0.65828683765656448        2.1670522914370286E-003
  0.62112926724372530        1.8489583781809297E-003
  0.59427084542415232        4.0539128396376491E-003
  0.56599241787394949        1.1603254861881261E-002
  -3.3798134413447867E-002  0.15621543594884907     
  -2.7167524074841853E-002  0.16669204073483934     
   3.4001421546642818E-002  0.15831919765343447     
  -1.8790163370748625E-002  0.15216228660618406     
   2.7801230734026627E-002  0.14958327736875440     
  -4.3918516714252231E-002  0.15520144799549179     
  0.85393286896919873       -2.0566632077150596E-002
  0.90716274115687501       -1.2701386721718732E-002
  0.94233522219168520       -4.1639714671229781E-003
  0.92326403388757305       -1.2944937963955926E-003
  0.88872452800691271       -5.6288340745692606E-003
  0.85610211852018414       -4.6381131940633384E-003
  0.48109388729070934       -1.8425442309917390E-003
  0.40640091172311499       -6.4994435822044718E-003
  0.50357518602114260       -1.5193500429710259E-003
  0.47158107985626030       -1.0268789279195456E-003
  0.39486720596163372       -2.8028151825057441E-004
  0.89206446272200135        5.2825112062993246E-004
  0.95068274106308781       -2.3291142227196697E-004
  0.94723496022855280       -1.0360885492778609E-003
  0.95977888677699441        2.9107282886670050E-005
  0.86417242380716774       -2.7870839953360914E-003
  0.89133024052641763        1.0504469837238101E-003
  0.76443036915157569        1.7706911728363754E-002
  0.83428368994048929        8.3064049308213578E-004
  0.86351115006121937       -9.0239836387568228E-003
  0.82936332850406980        2.1763725522982606E-002
  0.79145218278771212       -7.8960665841218552E-003
  0.64564012153671690        8.2147199687336817E-002
   2.2163370823147788E-002  0.17979436456887404     
   9.8359724055695874E-002  0.16086609414302988     
  0.13173868932893618       0.16159190962225733     
   5.3837180321162525E-002  0.16379153790527184     
  0.10668713794856954       0.16523917677199620     
   2.5022012737277499E-002  0.16719070424129434     
  0.30991485339466962        4.4968026919053892E-003
  0.33792853132111478        4.2981282663374643E-003
  0.41841037922453050        1.4764253058574511E-003
  0.29323915387484828        7.5457911314361602E-003
  0.38237913948634805        8.4268154823119001E-004
   9.4586157184226027E-003   4.5253359407055623E-004
   8.4642441455420742E-002   9.6129781111855802E-004
   1.9479587110269314E-002   1.1174027867113141E-003
  0.14291729554998733        4.3087592295885479E-004
  -4.0742885245578342E-002  -2.2641791912794453E-003
   7.7706075891083942E-002  -1.7650548315984085E-003
   7.4405345280384533E-002   8.1385757764911872E-004
   1.5667602138967146E-002  -4.3943034735775886E-004
  0.88767364638163948       -6.3980360992366920E-003
  0.94068857554331653       -2.4152062409891399E-004
  0.96982786824220213       -1.6801410417189593E-004
  0.95691188582888997        3.3360350109583664E-003
  0.92676999339449495        4.1850298004085691E-003
  -2.9728290671205138E-002  0.15366162381360923     
  -2.4138048738570617E-003  0.11551612918117631     
  -4.3888458670815263E-002  0.16378948154012907     
  0.29544800617003020        8.7806748522432240E-002
  0.43117670589623208        4.9557197440978550E-002
  0.52021039730479257        3.7410694713585532E-002
  0.45513310625973752        4.7976232722304335E-002
  0.37690597965897255        6.5191784758076146E-002
  0.43929428590178676        6.2451256859090268E-002
  0.31780185905749209        8.2339747719577638E-002
   3.7919124215217676E-002   1.8039901042231622E-002
   6.5650371184235529E-002   9.4478455624341824E-003
  0.14324997345703364        7.0401137222157381E-004
  0.10716611557595329        6.7728585436055448E-003
  0.22375558823551811        1.3401480297468547E-003
  0.30023714112721939       -2.2287743463634928E-003
  0.22217167852100453        4.6502114942599477E-003
  0.35022349616790904       -5.4593737072498264E-003
  0.14085527267934272       -2.8915610890522516E-003
  0.28935727880862483       -3.4230545147837048E-003
  0.29444469409818430       -3.1479813156236563E-003
  0.22460045694585984        1.0378312096303243E-003
  -9.1790259384881279E-002  0.18849306004408550     
  -4.9800834941897909E-002  0.20000520977718561     
  0.88684333610400912       -9.8763709137592026E-004
  0.93988561400952020       -4.1869643802628563E-004
  0.95105394925652031        2.6979917087478181E-003
  0.85984464527487547       -2.0610140261236542E-002
  0.88667834194060791        1.2452667861203354E-003
  0.22879014336598374        1.2527483998860428E-003
  0.14216337820553321       -1.7301745083221845E-004
  0.27845318616128251       -3.1242440398636237E-003
  0.28976371359284614       -1.7347450135841900E-003
  0.27921356124475261        2.6230552523900720E-003
  0.36872891928259288        1.8930705919911962E-002
  0.38962362780322696        1.1916057871492762E-002
  0.45792192346666133        2.6299998063288428E-002
  0.49221757989890874        3.0246794274645942E-002
  0.51555216512271063        1.8192433725313806E-002
  0.37890336532242641        2.2596442649661611E-002
  0.44681340254233021        3.6811161512725413E-002
  0.31675367576344476        1.8706940296745276E-002
  0.36921666131496900        4.3737613825485785E-002
  0.36961118342052202        5.4220707082015401E-002
  0.46820092285690906        2.2100578287264510E-002
  0.54054927163119726        3.8172727753038857E-002
  0.60253506848821481        3.4166946097695702E-002
  0.50008211684658477        3.9101947776732475E-002
  0.40871725750810550        3.1988908536078074E-002
  0.46805335739268933        1.7970343024593889E-002
  0.35109754288407596        4.5846785742042269E-002
  0.19678008950007361       -1.9788785958775273E-003
  0.24471362134008068        3.0912012073850120E-003
  0.33412438272280637       -1.0990283110258188E-003
  0.10275397018241259       -6.3503376515465252E-003
  0.29843784391868144       -6.4708599269172379E-004
  0.23530879332698187       -7.8571204327096563E-004
  0.31753162472220708        9.8326762151727080E-003
  0.85901014734742553        4.4944733756782226E-003
  0.91887603118245254        4.1619556586150374E-005
  0.90690648071418245        1.0181072196445450E-004
  0.88975082093339841        9.7886086240164469E-004
  0.84426328825570252        1.4547404301936036E-003
  0.80818034645498771       -6.6559077245274684E-002
  0.86075941525094346        1.2596067335274474E-002
  0.90898308810652151        7.0879289311199635E-003
  0.88195759233635562        6.6438648602652759E-003
  0.84102234698865730       -5.4175284405365660E-003
  0.80978022807704342        2.9433060817074527E-002
   4.9337356207776017E-002  0.16996716393424466     
   7.5966108919959474E-002  0.16878339842997775     
   4.6971485889035769E-003  0.17779457800968479     
  -2.9394436224151166E-002  0.19331008144297543     
  0.67264614577950654        2.5771873650454365E-003
  0.79779031762185348       -1.3529777179666987E-003
  0.91834562202722170       -1.1808690353571833E-003
  0.77998989483569381        7.4402037411422828E-004
  0.76555526628164350        7.6328347695225137E-004
  0.86483852386780857        2.6846181032148721E-003
  0.96017122828879353        1.0945867007753183E-002
  0.93128401451969078        2.3432810183311586E-003
  0.91588648489804825       -3.2395965922499021E-004
  0.89384730839765214       -4.8797874420135490E-003
  0.84633264031146616       -5.2858658594888007E-004
  0.24817415129968678       -3.0756226850504678E-003
  0.10779194862453816        1.0429660983790989E-003
  0.16542619718759269       -3.9392958123306140E-003
  0.24429856439412051       -2.6960714250803385E-003
  0.21628809505032182       -1.8727780249503010E-003
  0.15273580352792282       -1.1094276968550666E-003
  0.68600433803625049       -6.5629287989389468E-002
  0.76501012658807588        3.7236779886469638E-002
  0.80559364831408076        2.3331244339242788E-002
  0.75588544770064892        5.3890500421188120E-002
  0.71155108224891372       -2.5957776823408510E-002
  0.59717356321076376        1.1119219847883991E-003
  0.68952850241968777        4.7128949035861690E-003
  0.37446172195159649        8.2660410074114427E-002
  0.53985798471503432        5.3228857593158180E-002
  0.44175444096094196        7.3020605151964693E-002
  0.39520596677103031        7.8166746204510071E-002
  0.37211831142035456        9.1071406014058096E-002
  0.31609158566322793        9.4915412526753465E-002
  0.24238732488721101       0.12187381817133008     
  0.64036971677374588        9.4451464532240188E-003
  0.71351443670227366        1.1453759532210719E-003
  0.68487772595783969        3.0972946582373577E-004
  0.66132713458020920        4.0459565148590155E-003
  0.63114619068013500       -2.9440414659286200E-003
  -8.9712409950060135E-003   9.1890626038973619E-002
   6.3555772347583250E-003   8.9232693140954458E-002
  0.10499358931560632        7.9305013365230340E-002
  -8.4415549224506337E-003  0.10785865931896235     
  -2.7599678952007434E-002   9.8507271950027134E-002
   4.5544670756353656E-002   8.8057338305888105E-002
  -3.9159371016915967E-002  0.10911163290952455     
  0.50638548612857048       -3.3425157168294802E-003
  0.54553141116023152       -3.8818913480724538E-003
  0.62650723969405875        8.9833006876898162E-003
  0.65796714232357945       -1.3661553311033220E-002
  0.67940448829692812       -8.8073565653271145E-004
  0.51820724364619086        4.9149835120062069E-003
  0.61907529467950040       -2.4785332552559099E-003
  0.20727093546961531        5.4750847723127635E-004
  0.25898858565853677       -4.2505274616567703E-004
  0.33389387837614981       -1.3171948025796579E-003
  0.31329534907447693       -1.8023279581236178E-003
  0.24190083846202401        8.3129325865411764E-004
  0.30629110492567813        1.6411836388117915E-003
  0.18021431931950882       0.13246439172701949     
  0.26783705680965769       0.11013581044319495     
  0.41609478559066415       0.11128465476742398     
  0.29711779919441622       0.11089543821439511     
  0.22050050156381101       0.11116968048219136     
  0.27330315600565180       0.10889889671508828     
  0.18297061383152818       0.12766311865842941     
   9.4809018435588116E-002   8.4916412160106983E-004
  0.15844613601117111       -5.4668864384596884E-005
  -8.2123732815244738E-002  -1.3352013552095448E-003
  0.24536935165399543       -4.2244938179285637E-004
   3.6191379836918558E-002  -3.3303824079798957E-003
  0.14793506301272966        2.9710001599958600E-004
  0.15399252030576413        4.4567733278943306E-004
   8.4622858396626893E-002  -2.3710797897497052E-003
  0.52291824089691763        9.8087097748654267E-004
  0.60972324088733421        9.4037645013731136E-004
  0.58957479784983180        1.0679193046887114E-003
  0.48976379937323322       -1.1549248023281166E-003
  0.58267377959499889        1.8992592505824720E-003
  0.29344328369588385        5.5251441139887595E-003
  0.32330344191751242        4.3041167197905104E-003
  0.40084748323370245        1.1148198628110624E-003
  0.40850565282393619       -1.3085628101525500E-003
  0.26581288001742026        6.9246880664974152E-003
  0.28638874924650093        5.5167347462069475E-003
  0.36645667871472165        2.1253009273816455E-003
  0.26111890745990207        8.4135536254450499E-002
  0.26562642506020950        8.2703558476082906E-002
  0.34062829929692207        7.5380639790021020E-002
  0.37919690789697330        5.4533390711802091E-002
  0.28561451767716639        6.4489324284025470E-002
  0.33789370551397441        7.1651545479248444E-002
  0.24413980823640030        9.0258191014254516E-002
  -5.0891611536881654E-002  0.19590597892690828     
  -1.4466155145616721E-002  0.20224077677783442     
  -9.4708264305157275E-002  0.19946131417052668     
  -3.3543459765776551E-002  0.21899558070053621     
   2.6213241304172241E-002  -8.5020807505557317E-004
  -3.8230202898894061E-002  -1.5506346889086720E-004
   6.9309049665171485E-002  -5.1013352026934482E-003
   8.7578286269858197E-002  -2.5845571095877728E-003
   7.0683804022452890E-002   4.6924016013175840E-003
  0.85821460671289529        2.4799101011279450E-002
  0.92216720496860471        8.4751966823167141E-004
  0.93793239018794994       -1.8370760649632202E-002
  0.91883838150065922       -1.0370612665447969E-002
  0.88919363620843805       -6.4404368176136234E-003
  0.86110018270905675        2.5476774128805581E-002
  0.49522443479321160        1.9621664489074078E-003
  0.54289020380151087       -8.6461834010806492E-004
  0.63964803579131690       -6.8462720169913715E-004
  0.45352995494820392        3.7369930714168309E-003
  0.60544536981844321        8.6660225717047866E-004
  0.79599923342950829       -5.3442707312885435E-003
  0.87994583158747641        3.7478703672659777E-002
  0.87897442580290219       -2.1772687804446937E-003
  0.85237072326945973        1.0759656352642602E-003
  0.82182987650903505        4.2652573153633314E-002
  0.80048910563944808       -3.3462569972034603E-002
  0.58621197337837039       -5.4098435224847240E-003
  0.68048840543774702        1.0679439633908623E-003
  0.66433912714409604       -1.1953104522261194E-003
  0.52948156971209892        8.8012785027625573E-004
  0.65106073017144750        8.7154376573935952E-004
