 cosx vtec
  0.41943167114950280        3.1388095203105523E-002
  0.55345721479618148        1.1266557126342261E-002
  0.49111658860995466        1.6147304182509994E-002
  0.44582294376348591        2.6590208887822465E-002
  0.45742186634304477        2.7965496839924199E-002
  0.29558505018551501        4.8858144319178523E-002
  -5.3974214174634438E-002  -9.6162401822252549E-004
   4.6370733508320217E-003  -3.1685733285309186E-004
   1.2695940185062871E-002   3.9073304018642291E-003
  -1.6489145712686393E-002  -7.3190681211835254E-004
   6.1905051149013790E-003  -1.2897270245265243E-003
  0.11961397758453410       -1.5853890733796313E-003
  0.22494406706284650        2.7911010227498938E-003
  0.23582677736745361        2.5617719413499748E-004
  0.10873706343822440        1.3981685127904576E-003
  0.16737745851545921       -5.1007868414364495E-003
  -5.2287359900230021E-002  -1.4334823602417959E-004
   1.0185974550642019E-002   9.1280395362138908E-005
   3.0544289348207479E-002   4.0766235908728171E-004
   2.9034012263290609E-002  -3.5281456368758475E-003
  -1.5606433095532266E-002  -1.1035258684171378E-003
  -9.7184131512699362E-002   4.7901094501673130E-004
  0.18015802722029550       0.10729922832570163     
  0.12960278502876504       0.12261495911962182     
  0.21836756314867811       0.10407521999405821     
  0.25107679799339938        7.9455081797138630E-002
  0.16416691616011764       0.11227182130513493     
  0.62775078561629893        1.5687779507678255E-003
  0.80752141047832349        2.7623175054397550E-003
  0.69440110109859154        4.0197458449612528E-003
  0.68159648458767563       -4.7835043372671920E-004
  0.71199833716652494       -3.4377783499088652E-003
  0.74733936725435002       -2.7604670143527199E-003
  0.83342462533545025       -1.1527491207212459E-004
  0.82076068522258039       -1.3811317215394021E-003
  0.76598229485223768        4.4922859168688416E-003
  0.66574043560927132       -1.2436391499969313E-003
  0.32685581668016062        2.0479110461447654E-004
  0.48588186777334663       -4.5297425071958546E-003
  0.52029962054807688        3.3594982712548912E-003
  0.68170120598476980       -1.0845568661108529E-002
  0.64775767708809484        2.4618362171800252E-002
  0.54967820221136221       -3.8686800322529163E-002
  0.46645704157585688        4.1191537438215890E-004
  -4.5158703947247997E-002   2.3041674179984772E-003
   8.1859688792977892E-003  -2.7525199677435008E-004
   8.8895841475842813E-002  -1.2724938539822386E-003
  0.11597018943045785       -2.9124891541573404E-003
  -8.5605987639187364E-003   1.6272398366837053E-003
   4.5200137423915598E-002  -1.8118724865727565E-004
  -5.5061020698695229E-002  0.15907872351079722     
  -2.4623785820712563E-002  0.15789407856856472     
  0.76729641481880373        7.1904269094688437E-003
  0.86305923433240372       -4.0428397746459149E-004
  0.84200783122403133        8.0264766956408590E-004
  0.80757968529905400       -4.8977605447199585E-004
  0.81669400872616393       -4.6278575108834206E-003
  0.28433464264844710       -1.1004490245101013E-003
  0.33818774313586009       -8.3599036980587562E-005
  0.27478538593648716       -7.6881997226430749E-004
  0.20735227407771284       -1.8436084074217239E-004
  0.33341564247503075        8.0550389157429145E-004
  0.32852061561747836        9.8471546486337408E-004
  0.35010921821377028       -6.6271548454806327E-004
  -2.1060494540803915E-002   9.8655685494388690E-002
   8.4850528534451075E-002   5.5964969898950119E-002
  -6.2415878109052331E-002  0.10687066290385225     
   2.9375283706031541E-002  0.10745699758102502     
   3.7555752261185016E-002   9.3728464902475037E-002
  -3.8502589283995414E-002  0.10544067617861003     
  0.62258026549789180       -1.9673738106778019E-003
  0.72807562669431469        3.1601492638171458E-003
  0.69299747972458747       -3.5944424831929598E-003
  0.65333337558843085       -4.0640839485871225E-003
  0.66927171701797938        8.8320842817718771E-003
  0.49350011106512853        3.9713315750270527E-003
  0.63991662328853249        1.5067994553094507E-004
  0.55542654064204622       -6.6718014027117778E-004
  0.54082040727830638        4.4953568808341338E-003
  0.54400339820778898       -1.1062818537919612E-003
  0.45868284980280849       -4.5443046438902509E-003
  0.52538239827641442        7.7012684142695968E-003
  0.63811971630306141        2.1670522914370286E-003
  0.59319109133300318        1.8489583781809297E-003
  0.55330034272856210        4.0539128396376491E-003
  0.56200428286526605        1.1603254861881261E-002
  0.65109341427095191       -2.0566632077150596E-002
  0.69154600524804632       -1.2701386721718732E-002
  0.77939145597517356       -4.1639714671229781E-003
  0.75387064186127384       -1.2944937963955926E-003
  0.69950398317667961       -5.6288340745692606E-003
  0.61471399312115649       -4.6381131940633384E-003
  0.37698630787425674       -1.8425442309917390E-003
  0.22890405105836839       -6.4994435822044718E-003
  0.34672283626133038       -1.5193500429710259E-003
  0.34355207355932832       -1.0268789279195456E-003
  0.24288157809359601       -2.8028151825057441E-004
  0.94055380801946953        5.2825112062993246E-004
  0.91829655056238169       -2.3291142227196697E-004
  0.97836101864537217       -1.0360885492778609E-003
  0.98800194182931877        2.9107282886670050E-005
  0.94598327505758650       -2.7870839953360914E-003
  0.91397763934266585        1.0504469837238101E-003
  -8.5949625812036801E-003   1.2428388263224378E-003
   4.7438916332409209E-002  -2.6804108066335843E-004
  -5.6060052688262335E-002  -1.7674594537552189E-004
   4.8943849226878972E-002   1.4058700887975260E-003
   3.0594214848394530E-002   3.4385848994467221E-003
  0.11497250385532681       -1.9313477136490538E-003
  -8.4060088858381288E-002   4.6256906650562378E-004
  0.55502827175315561        1.7706911728363754E-002
  0.59657459531642298        8.3064049308213578E-004
  0.68988456411843102       -9.0239836387568228E-003
  0.64630914448943100        2.1763725522982606E-002
  0.59089242934188324       -7.8960665841218552E-003
  0.39396699607163022        8.2147199687336817E-002
  -5.5985189834552751E-002   4.4968026919053892E-003
  -2.0732957001446617E-002   4.2981282663374643E-003
   6.5814874972454446E-002   1.4764253058574511E-003
  -5.6576041564858820E-002   7.5457911314361602E-003
   2.1639436985295801E-002   8.4268154823119001E-004
  -6.9633894992859047E-003   4.5253359407055623E-004
   6.0960091278290232E-002   9.6129781111855802E-004
  -7.3216308462884239E-002   1.1174027867113141E-003
   5.5015158702062875E-002   4.3087592295885479E-004
  -6.7418741942949945E-002  -2.2641791912794453E-003
   9.3177234825068955E-002  -1.7650548315984085E-003
   3.1163061070565268E-002   8.1385757764911872E-004
  -4.6720192425495036E-002  -4.3943034735775886E-004
  0.70347382886116461       -6.3980360992366920E-003
  0.74900321361861821       -2.4152062409891399E-004
  0.82892725373077480       -1.6801410417189593E-004
  0.81084291012718157        3.3360350109583664E-003
  0.76002869309153609        4.1850298004085691E-003
   4.8061945140966456E-002  0.15366162381360923     
  -2.9226581122736468E-002   9.2524625267465410E-002
   8.3080316671023377E-002  0.11551612918117631     
   7.4786548094819313E-002  0.16378948154012907     
   1.4465697814404594E-002  0.16060041294835464     
  -1.8210036529622275E-003   8.7806748522432240E-002
  0.19824042053997556        4.9557197440978550E-002
  0.31296304794853597        3.7410694713585532E-002
  0.22767099818791048        4.7976232722304335E-002
  0.12781912485426730        6.5191784758076146E-002
  0.16694331056252115        6.2451256859090268E-002
   6.0507391029171909E-002   8.2339747719577638E-002
  0.22637722344084721        1.3401480297468547E-003
  0.29027960692057653       -2.2287743463634928E-003
  0.12868885433857644        4.6502114942599477E-003
  0.28360530888066710       -5.4593737072498264E-003
  0.13712506171329375       -2.8915610890522516E-003
  0.31031231135401061       -3.4230545147837048E-003
  0.26769103258088839       -3.1479813156236563E-003
  0.17381073806145514        1.0378312096303243E-003
  -3.8545562136783063E-003   7.8589178373334942E-004
   5.4553930816531315E-002   8.1466062100912489E-003
  -5.4359225600968397E-003  -1.3931294641972591E-003
  -5.2795797376435610E-002   5.5444735493517883E-003
   4.9386554548014994E-002   9.1762047814772235E-003
   4.2310144840235764E-002  -1.2828109273727184E-002
   8.3321395366519890E-002  -1.6253284049114482E-003
  0.94908880341416302       -9.8763709137592026E-004
  0.98493220393572412       -4.1869643802628563E-004
  0.99302167628432803        2.6979917087478181E-003
  0.95266822540796281       -2.0610140261236542E-002
  0.92314445362669451        1.2452667861203354E-003
  0.36440067739555954        1.2527483998860428E-003
  0.27403833674260636       -1.7301745083221845E-004
  0.42069828318821512       -3.1242440398636237E-003
  0.40319276562999029       -1.7347450135841900E-003
  0.46661675275978365        2.6230552523900720E-003
  -9.3302027587466307E-004   1.8930705919911962E-002
   2.0469941930827906E-002   1.1916057871492762E-002
  0.10979116351869286        2.6299998063288428E-002
  0.13456214555712040        3.0246794274645942E-002
  0.17840470270871225        1.8192433725313806E-002
   1.5582800668599128E-002   2.2596442649661611E-002
   8.4632973370546177E-002   3.6811161512725413E-002
  -5.1033561208423006E-002   1.8706940296745276E-002
   2.8530221027201430E-002   4.3737613825485785E-002
   8.9108098779152045E-003   5.4220707082015401E-002
  0.16448663385219381        2.2100578287264510E-002
  0.20975737625304097        3.8172727753038857E-002
  0.33694001244145361        3.4166946097695702E-002
  0.20313539776385234        3.9101947776732475E-002
   9.0035135918084985E-002   3.1988908536078074E-002
  0.14053540291970856        1.7970343024593889E-002
   2.6310239808989444E-002   4.5846785742042269E-002
  0.11205098938616880       -1.9788785958775273E-003
   6.9732810111781479E-002   3.0912012073850120E-003
  0.16946014003311399       -1.0990283110258188E-003
   2.7117406627175759E-003  -6.3503376515465252E-003
  0.16409621871537661       -6.4708599269172379E-004
   8.1210676938496013E-002  -7.8571204327096563E-004
   9.7592197392148611E-002   9.8326762151727080E-003
  0.81750888412294875        4.4944733756782226E-003
  0.91803479017116352        4.1619556586150374E-005
  0.90173400825653438        1.0181072196445450E-004
  0.86773782490279627        9.7886086240164469E-004
  0.87675207309689074        1.4547404301936036E-003
  0.58105839643056867       -6.6559077245274684E-002
  0.61848967749394790        1.2596067335274474E-002
  0.72184687153672766        7.0879289311199635E-003
  0.68650128244435482        6.6438648602652759E-003
  0.62522394442853768       -5.4175284405365660E-003
  0.54949174504623155        2.9433060817074527E-002
  -7.4090989487907682E-002  0.16878339842997775     
  0.38113430792633524        2.5771873650454365E-003
  0.54251750304292412       -1.3529777179666987E-003
  0.71928858908451965       -1.1808690353571833E-003
  0.56142168776915380        7.4402037411422828E-004
  0.48820592713292960        7.6328347695225137E-004
  0.76575287491245692        2.6846181032148721E-003
  0.81791506698163219        1.0945867007753183E-002
  0.86757904973403965        2.3432810183311586E-003
  0.84718204935832209       -3.2395965922499021E-004
  0.80920567997522896       -4.8797874420135490E-003
  0.82915210468541700       -5.2858658594888007E-004
   8.9827936209422102E-002  -3.0756226850504678E-003
  -7.0834639014715817E-002  -3.9392958123306140E-003
   1.1557778931264792E-002  -2.6960714250803385E-003
   1.3631663882024074E-002  -1.8727780249503010E-003
  -6.9276230264175120E-002  -1.1094276968550666E-003
  0.45926103903208637       -6.5629287989389468E-002
  0.50470400060117593        3.7236779886469638E-002
  0.61719677755906788        2.3331244339242788E-002
  0.55464930486451502        5.3890500421188120E-002
  0.49224664526715228       -2.5957776823408510E-002
  0.34065592499278396        1.1119219847883991E-003
  0.42474458785700864        4.7128949035861690E-003
  -1.4793239417229931E-002   7.6485740926834231E-002
  -5.4618732799568859E-002  0.11754210326410783     
  -5.5228344222682108E-002   9.7090992999645923E-002
  0.24196695900578435        8.2660410074114427E-002
  0.44638586206397513        5.3228857593158180E-002
  0.32976064716583064        7.3020605151964693E-002
  0.26805771876082796        7.8166746204510071E-002
  0.29271048836868319        9.1071406014058096E-002
  0.16211527910542384        9.4915412526753465E-002
   7.4507142519633057E-002  0.12187381817133008     
  0.60760597104533354        9.4451464532240188E-003
  0.70963128294620459        1.1453759532210719E-003
  0.67454143648797205        3.0972946582373577E-004
  0.63775696766649803        4.0459565148590155E-003
  0.64473174928336641       -2.9440414659286200E-003
  0.15072727077568235       -3.3425157168294802E-003
  0.19736721204928073       -3.8818913480724538E-003
  0.30533077761593702        8.9833006876898162E-003
  0.33220825141879456       -1.3661553311033220E-002
  0.37125386909827235       -8.8073565653271145E-004
  0.17071087732880533        4.9149835120062069E-003
  0.28394730806819601       -2.4785332552559099E-003
  -8.9761138687292158E-002   5.4750847723127635E-004
  -1.4451344521282827E-002  -4.2505274616567703E-004
   6.5590233954366639E-002  -1.3171948025796579E-003
   7.4806090630365141E-002  -1.8023279581236178E-003
  -1.8614852376719560E-002   8.3129325865411764E-004
   1.7602972933840305E-002   1.6411836388117915E-003
  -4.7120916925279532E-003  0.11013581044319495     
  0.17967617307732997       0.11128465476742398     
   2.9925466765834352E-002  0.11089543821439511     
  -6.3525397593682476E-002  0.11116968048219136     
  -2.9981117670653035E-002  0.10889889671508828     
  0.15214038507240543        8.4916412160106983E-004
  0.20858682297258113       -5.4668864384596884E-005
  -5.5728880657677643E-002  -1.3352013552095448E-003
  0.22191712925345011       -4.2244938179285637E-004
   8.6926961466120611E-002  -3.3303824079798957E-003
  0.22036921139855978        2.9710001599958600E-004
  0.18871056144836512        4.4567733278943306E-004
   9.3825384168328363E-002  -2.3710797897497052E-003
  0.25368650676189675        9.8087097748654267E-004
  0.35700186219417346        9.4037645013731136E-004
  0.36583219552558743        1.0679193046887114E-003
  0.23641671670854356       -1.1549248023281166E-003
  0.30598494725300579        1.8992592505824720E-003
  -6.6337892744030763E-002   5.5251441139887595E-003
  -2.7749493474289899E-002   4.3041167197905104E-003
   5.5249234389059459E-002   1.1148198628110624E-003
  0.10843251617376004       -1.3085628101525500E-003
  -5.5164551183643273E-002   5.5167347462069475E-003
   1.1676183370302018E-002   2.1253009273816455E-003
  -9.0424423612125993E-002   8.4135536254450499E-002
  -9.9753978966177992E-002   8.2703558476082906E-002
   1.4895520270271301E-002   7.5380639790021020E-002
   6.0380880510032375E-002   5.4533390711802091E-002
  -5.1818342770602377E-002   6.4489324284025470E-002
  -8.8131149156486788E-003   7.1651545479248444E-002
  -9.6056476436298277E-002   9.0258191014254516E-002
  0.25673492754752647       -8.5020807505557317E-004
  0.18674252583734743       -1.5506346889086720E-004
  0.30614254849463318       -5.1013352026934482E-003
  0.29756759092200424       -2.5845571095877728E-003
  0.32967155066987663        4.6924016013175840E-003
  0.68527407919933181        2.4799101011279450E-002
  0.72774727845437415        8.4751966823167141E-004
  0.80129974612838750       -1.8370760649632202E-002
  0.77607767297027141       -1.0370612665447969E-002
  0.72890065939145965       -6.4404368176136234E-003
  0.63590310826931939        2.5476774128805581E-002
  0.14153579815718972        1.9621664489074078E-003
  0.20295073000827429       -8.6461834010806492E-004
  0.31701980046631434       -6.8462720169913715E-004
  0.12120848701246695        3.7369930714168309E-003
  0.27138561608823947        8.6660225717047866E-004
  0.62956929491085600       -5.3442707312885435E-003
  0.67581020975463535        3.7478703672659777E-002
  0.74519307684264757       -2.1772687804446937E-003
  0.71117657039564919        1.0759656352642602E-003
  0.66490280238719324        4.2652573153633314E-002
  0.57526403848800511       -3.3462569972034603E-002
  0.29078977349619300       -5.4098435224847240E-003
  0.40499007486387689        1.0679439633908623E-003
  0.42189874960090207       -1.1953104522261194E-003
  0.24768421324524947        8.8012785027625573E-004
  0.35626337259888141        8.7154376573935952E-004
