 cosx vtec
  0.50358359012404896       -9.6162401822252549E-004
  0.51977507144361157       -3.1685733285309186E-004
  0.40238742264221239        1.2930267714109428E-003
  0.47098965873150678        7.5567409252068395E-005
  0.56050493443753358        3.9073304018642291E-003
  0.47946832534848088       -7.3190681211835254E-004
  0.39388488628331619       -5.0381838196475351E-004
  0.37231720771748500       -1.4334823602417959E-004
  0.38604679650893825        9.1280395362138908E-005
  0.26645047665714089        2.6484931139093269E-003
  0.15425615176260468        2.4790802105653944E-003
  0.21070278051572511        4.0766235908728171E-004
  0.33515004649221808       -1.5515789069554193E-003
  0.45023125983296758       -3.5281456368758475E-003
  0.33920246249086616       -1.1035258684171378E-003
  0.26491018303390346        4.7901094501673130E-004
  0.46234570581591278       0.10729922832570163     
  0.41822918228035377       0.12261495911962182     
  0.41941688853367487       0.10407521999405821     
  0.52154922991695041        7.9455081797138630E-002
  0.41719864202333523       0.11227182130513493     
  0.83038322768781880        1.5687779507678255E-003
  0.80186452862035462        2.7623175054397550E-003
  0.83197672125477262        4.0197458449612528E-003
  0.78153193073754146       -4.7835043372671920E-004
  0.86884109909381857       -3.4377783499088652E-003
  -5.1678988064877696E-002   1.7863194930720187E-002
  -4.4298222264491482E-002  -1.1527491207212459E-004
  -7.7533088188973864E-002  -1.3811317215394021E-003
  0.19521445964153067       0.18163321329719903     
  0.13866068046166219       0.18364688198242726     
  0.14673138049853057       0.17466758563093754     
  0.13855378094733051       0.17416515867053778     
  0.46084089830632424       0.15282663361311893     
  0.35494281164537278       0.18282056158905738     
  0.42097567816605830       0.16106935157295429     
  0.43236502785681108       0.15907872351079722     
  0.39951883673004451       0.19583999216562853     
  0.53326394038592650       0.15789407856856472     
  0.42287909085533015       0.15939434382024795     
  0.51624225513365773        5.2849905566731969E-002
  0.58010109537776300        3.8106920053663500E-002
  0.42552982653264748        6.3276848475789002E-002
  0.58681060153228237        7.0919116972806243E-002
  0.47953942354275614       0.10519336145341916     
  0.59385817365841731        5.0497807114577992E-002
  0.50180370978097277       0.10388572255787835     
  0.52375191970582824        5.3512534605510184E-002
  0.45640230281473754        7.5890816554633062E-002
  0.68780233536566571        6.5135368128468984E-002
  0.37506229840809602        6.0586009130342254E-002
  -1.6485983829454209E-002   7.1904269094688437E-003
  0.12686865393231000       -4.0428397746459149E-004
   9.8623346409599189E-002   8.0264766956408590E-004
   4.1623041347662149E-002  -4.8977605447199585E-004
  0.14095227584335723       -4.6278575108834206E-003
  0.88604162438802814       -1.1004490245101013E-003
  0.89286918160399220       -8.3599036980587562E-005
  0.94580309490533621       -7.6881997226430749E-004
  0.85547956376479117       -1.8436084074217239E-004
  0.90642726899779646        8.0550389157429145E-004
  0.86553938746125636        9.8471546486337408E-004
  0.93256523767940058       -6.6271548454806327E-004
  -9.6484230890488770E-002   5.8068373183961623E-002
  0.64438022384095439        9.8655685494388690E-002
  0.52369587572220344       0.13308650335389738     
  0.78312963607444031        5.5964969898950119E-002
  0.60846817040853429       0.10687066290385225     
  0.62125750807740565       0.10745699758102502     
  0.58111594615233930       0.13555866064375602     
  0.69052745089325163        9.3728464902475037E-002
  0.61130774307447244       0.10544067617861003     
  -8.4607622862662768E-002   3.1601492638171458E-003
  -7.4001798007034270E-002   8.8320842817718771E-003
  0.65707199187087795        4.4498150413293282E-003
  0.69521113191208228        1.7487307358282290E-002
  0.55762288289978879        4.1352447010887541E-002
  0.71376717173784821        2.9894771136291815E-002
  0.62437514155010265        4.3363388991551628E-002
  0.70728300003719569       -3.1374722056225199E-002
  0.64252291275041828        4.4487769866509388E-002
  0.65458880549018494        9.1331953273705319E-003
  0.59711851807428573        3.6179897849154104E-002
  0.76293319830535011        1.7362169594392445E-002
  0.49239162305965967        2.1612762921603676E-002
  0.86256410611459167        3.9713315750270527E-003
  0.84608945276555148        1.5067994553094507E-004
  0.91286581970994041       -6.6718014027117778E-004
  0.82521455159427748        4.4953568808341338E-003
  0.87764767738681893       -1.1062818537919612E-003
  0.82381638715858529       -4.5443046438902509E-003
  -9.1595242171321423E-002   6.7539068959038440E-002
  -8.4189510676700469E-002   5.4977674025444352E-002
  -9.3579089930532586E-002   5.8772998018942098E-002
  -5.6917660479762655E-002   2.1670522914370286E-003
  -9.9655160800929898E-002   1.8489583781809297E-003
  -6.9393051889177104E-002   1.1603254861881261E-002
  0.16898471010410235       -1.8425442309917390E-003
  -5.2980988681792823E-002  -6.4994435822044718E-003
   2.6056657522820770E-002  -1.5193500429710259E-003
  0.10157958481583806       -1.0268789279195456E-003
   1.8249980288580298E-002  -2.8028151825057441E-004
  0.53429800347393863        5.2825112062993246E-004
  0.33758559248312142       -2.3291142227196697E-004
  0.46063607258342615       -1.0360885492778609E-003
  0.43451820692017740        2.9107282886670050E-005
  0.60445722441018912       -2.7870839953360914E-003
  0.48535246903792578        1.0504469837238101E-003
  0.62965587646457966        1.2428388263224378E-003
  0.64526404150441097       -2.6804108066335843E-004
  0.52169299316942608        5.3309663252945824E-003
  0.59929652877799688       -1.7674594537552189E-004
  0.67259658358833507        1.4058700887975260E-003
  0.60991146284151698        3.4385848994467221E-003
  0.56128705223488973        7.1561491682741601E-004
  0.77989176496672230       -1.9313477136490538E-003
  0.50340952255396310        4.6256906650562378E-004
  0.27226830184473227        4.5253359407055623E-004
  0.27867084910534190        9.6129781111855802E-004
  0.14995930373523311       -3.0777218663015225E-003
   7.3766737054732454E-002   1.1174027867113141E-003
  0.12787961313645904        4.3087592295885479E-004
  0.22811745982998466       -2.2641791912794453E-003
  0.37518262183113626       -1.7650548315984085E-003
  0.22471915586242641        8.1385757764911872E-004
  0.15431241474691415       -4.3943034735775886E-004
  0.15030587809236245       0.13828575727672404     
   4.1446844663843851E-002  0.13496985917050677     
   1.4746902043154986E-002  0.17457448895407282     
   8.7529466969610170E-002  0.13312764346030101     
   6.5263291212290797E-002  0.13731931094613789     
   1.2097854351005743E-002  0.14286392655987321     
  -6.7570817994279109E-002  -1.6801410417189593E-004
  -1.8395603016230725E-003   9.2524625267465410E-002
  -8.7362701378910695E-002  0.11551612918117631     
  -1.0411651997768577E-002  0.16378948154012907     
  -9.6468822430213624E-003  0.16060041294835464     
  0.38622986198618914        1.3401480297468547E-003
  0.37460966502727777       -2.2287743463634928E-003
  0.13642864806560998        4.6502114942599477E-003
  0.24145920795366560       -5.4593737072498264E-003
  0.34675444762835428       -2.8915610890522516E-003
  0.44807277063480477       -3.4230545147837048E-003
  0.33087438672371999       -3.1479813156236563E-003
  0.25057392064193190        1.0378312096303243E-003
  0.74601879798705195        7.8589178373334942E-004
  0.76480623767799882        8.1466062100912489E-003
  0.62675971230111349       -1.6584863994053397E-002
  0.82390169846065886       -1.3931294641972591E-003
  0.71599611524111517        5.5444735493517883E-003
  0.78130924287745773        9.1762047814772235E-003
  0.73197379927308504       -1.2828109273727184E-002
  0.67775393181945676        3.2156347579018912E-003
  0.83210430568256410       -1.6253284049114482E-003
  0.57485801874458864        7.0115968919918338E-003
  0.37915076982798313       0.12439328161424504     
  0.27674249728491435       0.12268714835724899     
  0.41819127278662638       0.13250280893800487     
  0.25317640976897354       0.14929554268333578     
  0.32873505034742240       0.12294461422415401     
  0.33752368225989937       0.13888483793408246     
  0.30516171280880383       0.16177407630208820     
  0.20962162210955687       0.14745223535839036     
  0.56062497996672001       -9.8763709137592026E-004
  0.48712718327289178       -4.1869643802628563E-004
  0.46134338662753260        2.6979917087478181E-003
  0.62287974815616409       -2.0610140261236542E-002
  0.51460022762268776        1.2452667861203354E-003
  0.69572417682544641        1.2527483998860428E-003
  0.66566405642509241       -1.7301745083221845E-004
  0.72093422703308563       -3.1242440398636237E-003
  0.66169081912958649       -1.7347450135841900E-003
  0.81206232960446678        2.6230552523900720E-003
  0.15272810276416443       -1.9788785958775273E-003
  -8.6704456133078964E-002   3.0912012073850120E-003
  -3.2618385684862125E-002  -1.0990283110258188E-003
   8.1972952944136451E-002  -6.3503376515465252E-003
   4.4656027763351869E-002  -6.4708599269172379E-004
  -2.8802562376023771E-002  -7.8571204327096563E-004
   3.3005703252551255E-002   4.4944733756782226E-003
  0.20456402972295162        4.1619556586150374E-005
  0.17841133085903299        1.0181072196445450E-004
  0.11351273333335682        9.7886086240164469E-004
  0.22567671328157679        1.4547404301936036E-003
  0.25563098852635069        9.9820059252443555E-003
  0.29796560277073297       -3.7000416006854219E-004
  0.16271333030962995        1.8675346546876515E-002
   6.0896336284579300E-002   1.4043305679535661E-002
  0.21366602708711238        1.3691458398637160E-002
  0.38435475110970369       -3.2657256707119119E-003
  0.23037773548703105        3.4037502207289396E-003
  0.19444856964688984        3.1281954673396055E-002
  0.15205318475771371        1.2257620280420930E-002
  -8.9205243087651931E-002   1.0945867007753183E-002
   4.6896223229141942E-002   2.3432810183311586E-003
   1.7433205275399100E-002  -3.2395965922499021E-004
  -4.3915409773563896E-002  -4.8797874420135490E-003
   8.6756828796057006E-002  -5.2858658594888007E-004
  -3.7346593030127592E-002  -3.0756226850504678E-003
  0.64475437836961580        9.8461162684642806E-002
  0.53060775189570875       0.13174878465105111     
  0.77078170974457449        7.6485740926834231E-002
  0.60843805951394136       0.10454917800673171     
  0.62681086999473279       0.11754210326410783     
  0.58442944771029270       0.11888509311478077     
  0.69473336547218389        9.7090992999645923E-002
  0.61207965548422716       0.10509869906497141     
   2.1948775647009700E-002   1.1453759532210719E-003
  -1.4204120534007492E-002   3.0972946582373577E-004
  -6.3872545895844735E-002   4.0459565148590155E-003
   1.5822878940514096E-002  -2.9440414659286200E-003
  -5.1222861626463223E-002  0.22365486852961142     
  0.38565222305589064       0.13561832585111258     
  0.27055798258048375       0.14488049082489490     
  0.39640535997008375       0.14099650179983431     
  0.25787087502247452       0.14005128467219471     
  0.32760379358575242       0.12712883641484735     
  0.32797329753718069       0.14563795754615758     
  0.30159135046918983       0.14434854905661090     
  0.48212589310737652        8.4916412160106983E-004
  0.48372191431672062       -5.4668864384596884E-005
  0.34759545590652285       -1.3352013552095448E-003
  0.32657247282919544       -4.2244938179285637E-004
  0.44793159532002141       -3.3303824079798957E-003
  0.53328046108179772        2.9710001599958600E-004
  0.44541347038077161        4.4567733278943306E-004
  0.36179884343482305       -2.3710797897497052E-003
  0.83315188162768861       -8.5020807505557317E-004
  0.80338365526520561       -1.5506346889086720E-004
  0.85654858619242602       -5.1013352026934482E-003
  0.81141987648327629       -2.5845571095877728E-003
  0.89541095166107976        4.6924016013175840E-003
  0.22475446511093278        8.3818313049875796E-003
  0.26753271282930874        2.6070822242617044E-003
  0.12950389692339759        1.8072617873496892E-002
   3.7417893558557264E-002   1.3724598829335260E-002
  0.18095731056107420        1.3313824791760968E-002
  0.36573253514283494        2.0056339037771636E-004
  0.19669691381590818        4.3708906987681489E-003
  0.16279496278266098        3.5249432613144997E-002
  0.11990704424201287        1.1506305277751162E-002
