  -3.24756205E-02   2.70701461E-02
  0.124577820       4.47030701E-02
   5.02973199E-02   2.86799949E-02
  -1.73863769E-03   2.41102763E-02
   1.85416937E-02   4.33861502E-02
 -0.174695224       5.09872809E-02
  0.374109566      -3.03858202E-02
  0.411009371      -3.71708386E-02
  0.259122103      -5.24536297E-02
  0.334334552      -3.43128517E-02
  0.434214473      -4.29042876E-02
  0.382772088      -3.57277505E-02
  0.298425198      -5.20547070E-02
  0.189341664       4.69563417E-02
  0.273851275       3.13453674E-02
  0.311775506       6.43007755E-02
  0.201023132       6.11776002E-02
  0.204103857       4.22847569E-02
  0.322166473      -4.79087904E-02
  0.359929502      -5.60657158E-02
  0.214769632      -7.31196478E-02
  0.204129219     -0.138923645    
  0.312978983     -0.203890458    
  0.281386614      -5.18113002E-02
  0.392803431      -6.96256682E-02
  0.330488265      -4.85796370E-02
  0.262161195      -6.34714812E-02
   1.90435350E-02  -6.65162057E-02
  0.153901875     -0.265893638    
  -2.79866755E-02  -7.46656880E-02
   2.07343698E-02  -6.94662556E-02
   8.50632489E-02  -8.69862884E-02
  -9.67946649E-03  -6.44826367E-02
 -0.636453450     -0.116715349    
 -0.613754809     -0.120985933    
 -0.658175468     -0.135105222    
 -0.600641966     -0.134717271    
  0.734487057      -9.13321748E-02
  0.755434990     -0.222892195    
  0.745738983      -7.01221377E-02
  0.732781768      -9.76051465E-02
  0.753938794      -9.61549282E-02
 -0.619434118      0.160104647    
 -0.645926952       3.88030820E-02
 -0.619760633       5.17905727E-02
 -0.673274279       4.82647605E-02
 -0.584200561       9.54604745E-02
 -0.636316299       4.49018218E-02
 -0.668127060       4.54595499E-02
   1.78966522E-02 -0.147256419    
  -8.15306008E-02 -0.152876824    
  -4.27667499E-02 -0.136180013    
   2.90693045E-02 -0.210997626    
  -4.48509157E-02 -0.159340844    
  0.742475033       2.76553780E-02
  0.754744649       3.01149115E-02
  0.748171568       3.21221687E-02
  0.737181783       3.61414813E-02
  0.731507778       3.53158861E-02
  0.283139765       4.17055972E-02
  0.748872101       3.14471908E-02
  0.585493743       1.94739234E-02
  0.749205828       3.69438641E-02
  0.756318629       3.43454070E-02
  0.749446869       2.99726967E-02
  0.532796443       2.09585726E-02
  -3.99959683E-02   4.72351275E-02
   3.62243652E-02   3.38495374E-02
  0.104793519       2.64971014E-02
  0.181155145       7.16292858E-02
   4.72801328E-02   4.92483228E-02
   4.37982082E-02   2.97559537E-02
 -0.755497336       2.91377921E-02
 -0.727200270       4.84017320E-02
 -0.747714162       2.58468743E-02
 -0.737278402       3.27375829E-02
 -0.755783081       2.11147908E-02
 -0.756114244       2.44347174E-02
 -0.756593466       2.46237163E-02
 -0.262247980      -7.46415779E-02
 -0.353356600      -9.03460011E-02
 -0.302003682      -6.57027885E-02
 -0.253215909      -8.53464529E-02
 -0.287875772      -6.14167042E-02
 -0.139087200      -3.06887701E-02
 -0.256674647      -5.04193716E-02
 -0.180783153      -3.10627017E-02
 -0.125322849      -4.33353484E-02
 -0.274442434      -5.47613464E-02
  -5.76404333E-02  -4.80380468E-02
 -0.165876180      -2.96415444E-02
   7.36991465E-02  -1.68737080E-02
  0.258302450      -3.30927409E-02
  -9.39849615E-02  -2.24497449E-02
   6.52261674E-02  -3.02072186E-02
  -4.20737267E-03  -1.61095150E-02
  0.245856211      -2.74718814E-02
 -0.381241888      -3.33116651E-02
  0.198410213      -3.86791900E-02
 -0.127326667      -2.09281929E-02
  0.448374540      -3.45335305E-02
  -4.09858525E-02  -4.11682166E-02
 -0.719060779       5.23952432E-02
 -0.645445347       2.84483247E-02
 -0.676466405      0.101008229    
 -0.626002431       3.55620421E-02
 -0.673583150       2.76636370E-02
 -0.708991170       4.68064882E-02
 -0.682998002       3.28706838E-02
  0.416870862       4.36077490E-02
  0.526336432       2.91814469E-02
  0.499473929       2.62972619E-02
  0.463821590       3.21337506E-02
  0.438972890       5.63299172E-02
  0.715903461      -2.56914813E-02
  0.722526491      -2.63584722E-02
  0.755627632      -4.61685508E-02
  0.689250767      -3.86408083E-02
  0.730822623      -2.34547239E-02
  0.705028176      -3.75611112E-02
  0.745745778      -3.26312371E-02
 -0.102187037     -0.108293086    
 -0.195039779      -8.67516771E-02
 -0.240022078     -0.283508301    
 -0.179600298     -0.139521345    
 -0.163139522      -8.82378444E-02
  -7.23952949E-02 -0.147673279    
 -0.277651370     -0.112031788    
 -0.164197564      -8.80063474E-02
   2.42871046E-02  -2.20183935E-02
 -0.155934721      -4.67419140E-02
  0.236999989      -4.83914353E-02
  -2.84356475E-02  -2.57585123E-02
   2.99387872E-02  -3.80196273E-02
 -0.122350723      -4.24519666E-02
   9.50996876E-02  -2.99186856E-02
  -1.27576888E-02  -2.51771528E-02
  0.244628772       2.77097393E-02
  0.381458431       2.94637643E-02
  0.333277166       2.26042029E-02
  0.285917282       2.23817714E-02
  0.270754635       4.70105633E-02
  0.393503785      -1.58137381E-02
  0.477914035      -2.68221200E-02
  0.184437543      -2.73479111E-02
  0.549227059      -2.90567074E-02
  0.321377397      -1.71965901E-02
  0.496679485      -2.21769568E-02
  0.274750352      -3.21988016E-02
  0.421076655      -3.40399221E-02
  0.215896845      -2.42886152E-02
  0.611246467      -3.04795783E-02
  0.171788573      -4.63717356E-02
  0.449861974      -4.44208346E-02
  0.501872420      -8.61580074E-02
  0.534613013      -5.62794209E-02
  0.432522506      -5.90143241E-02
  0.486873567      -3.77258025E-02
  0.396072388      -6.27870113E-02
 -0.355154812     -0.181315228    
 -0.445430964     -0.225405291    
 -0.403960168     -0.175658554    
 -0.369067073      0.594343424    
 -0.389488935     -0.185265556    
   9.03656483E-02   3.07502411E-02
  0.223229155       3.94469947E-02
  0.169044167       2.74845175E-02
  0.123365581       2.58066189E-02
  0.132858962       4.35296372E-02
 -0.733006358       2.65682358E-02
 -0.697976112       4.19428721E-02
 -0.756360531       3.08705010E-02
 -0.639348149       4.53844778E-02
 -0.756193638       3.93032245E-02
 -0.748629749       2.24465579E-02
 -0.731920779       2.32562851E-02
 -0.746639609       2.51474380E-02
  0.638511956       3.17175649E-02
  0.755922973       2.68848147E-02
  0.724397898       2.74777636E-02
  0.703695536       2.57230457E-02
  0.682368875       2.62179822E-02
  0.756726027       2.88343746E-02
  0.473958194      0.191421449    
  0.345632613      0.131665125    
  0.428088784       7.44308755E-02
  0.442745119      0.105077125    
  0.370704174      0.152016982    
  0.756704986      0.131031707    
  0.752448916       8.34101140E-02
  0.753426909       5.70984259E-02
  0.746668041       7.74690285E-02
  0.756860375      0.217366710    
  0.751820445      0.139295995    
  0.464031756      -2.36669425E-02
  0.496190757      -2.91945990E-02
  0.328132629      -4.70025428E-02
  0.423796117      -2.84682773E-02
  0.514584303      -3.06996182E-02
  0.468383700      -3.15844081E-02
  0.296201825      -4.84852754E-02
  0.611931741      -5.14251590E-02
  0.357265353      -5.35816476E-02
  0.381469905       2.26670150E-02
  0.735646725       2.87083909E-02
  0.581527412       2.77889222E-02
  0.515618980       2.21284162E-02
  0.450467438       1.94582157E-02
  -1.22326612E-03   3.32477838E-02
  0.614934921       2.47225091E-02
 -0.738980412      -5.22654541E-02
 -0.738541603     -0.114032678    
 -0.753563881      -4.39523011E-02
 -0.727966905      -6.80620894E-02
 -0.749412835      -4.24136743E-02
 -0.751277864      -9.02345255E-02
 -0.744500756       3.61876972E-02
 -0.686942339       2.26482991E-02
 -0.667842031       2.76950542E-02
 -0.713626385       2.15451531E-02
 -0.736125112       2.90057007E-02
 -0.721521378       2.63205040E-02
 -0.408518881      0.235334396    
 -0.423104346       8.05263519E-02
 -0.391999632       7.66288787E-02
 -0.321458817      0.113485724    
 -0.509463370      0.126712799    
 -0.376333505      0.108105704    
 -0.402694941       8.47304314E-02
 -0.483444959      0.127861574    
 -0.179073870       3.23186144E-02
 -0.105824947       2.78735887E-02
  -2.35213935E-02   2.22509857E-02
  -8.50633979E-02   4.89158928E-02
 -0.101270169       2.02777497E-02
  0.312497377      -8.85486081E-02
  0.349541545     -0.101648696    
  0.196292698     -0.124697365    
  0.218415797     -0.239635661    
  0.266606003      -9.39301848E-02
  0.395555973     -0.120478593    
  0.318263054      -8.53316560E-02
  0.256525606     -0.108207919    
 -0.402885079      -3.06649711E-02
 -0.477738202      -2.20754296E-02
 -0.602445781      -4.19051573E-02
 -0.452588677      -2.19436828E-02
 -0.514834821      -2.31440086E-02
 -0.416241884      -4.10843566E-02
  0.662420690       3.76484841E-02
  0.755376577       2.91584581E-02
  0.737802505       2.77131200E-02
  0.723711014       2.79031396E-02
  0.705613136       3.10697071E-02
 -0.244893283      0.153327331    
 -0.217125148      0.151783779    
 -0.200143814      0.255753338    
 -0.353531837      0.198004693    
 -0.232316315       1.10270500    
 -0.709794044       4.05685306E-02
 -0.413292289       1.74407698E-02
 -0.227003187       2.87455972E-02
 -0.369343907       1.79685503E-02
 -0.183976322       5.54712936E-02
 -0.515243053       2.30912734E-02
 -0.549863338       2.51523480E-02
 -0.581063271       3.27002965E-02
 -0.159305185       5.91759086E-02
 -0.108676612       4.34221700E-02
  -5.42914271E-02   4.65452485E-02
   2.20044255E-02  0.112276159    
 -0.114309549       4.74373475E-02
  0.459750384     -0.134679481    
  0.484939814     -0.146504775    
  0.406203896     -0.148465768    
  0.514865696     -0.161859468    
  0.462590009     -0.142597064    
  0.395939112     -0.248755559    
  0.565041304      -1.85736697E-02
  0.593222678      -2.45813858E-02
  0.389975727      -4.02694382E-02
  0.689360023      -3.85596305E-02
  0.522010088      -2.32206006E-02
  0.610762775      -2.23351512E-02
  0.559556007      -3.10519189E-02
  0.442552149      -3.74933854E-02
  0.670222640      -3.39504257E-02
  0.372223794      -5.55677488E-02
 -0.462797493      0.191446200    
 -0.432620049      0.199788392    
 -0.338747472      0.199056223    
 -0.418270528      0.368958503    
 -0.443246633      0.166660652    
 -0.692614198     -0.226968229    
 -0.726986766     -0.258586973    
 -0.713484347     -0.186683059    
 -0.722517967      0.852615654    
 -0.746609449       4.24305759E-02
 -0.708097696       3.05522755E-02
 -0.721533298       9.93900076E-02
 -0.691430986       3.98745351E-02
 -0.726784289       2.59178113E-02
 -0.744660854       4.05369252E-02
 -0.731316924       2.95142643E-02
 -0.604417801       3.91726531E-02
 -0.637759566      0.109202445    
 -0.583932817       4.87443432E-02
 -0.500854373      0.108005002    
 -0.635076106       3.98024172E-02
 -0.694184840       6.81731477E-02
 -0.645914435       4.66076359E-02
 -0.439231098      -2.06131581E-02
 -0.532841921      -2.03504544E-02
 -0.679784179      -2.79198885E-02
 -0.685366988      -3.01334057E-02
 -0.499831378      -1.70265380E-02
 -0.700141668      -2.77272947E-02
 -0.591122091      -1.65199693E-02
 -0.384694934      -4.57781926E-02
  0.757038355      0.143536747    
  0.750253797       5.94735183E-02
  0.742280424       8.02538842E-02
  0.755722463      0.230538607    
  0.754234493      0.157590672    
 -0.754910946      0.467047274    
 -0.726773262      0.267092079    
 -0.749792337     -0.257865936    
 -0.745857120      0.331219554    
 -0.747819304      0.457310379    
  0.623427331      -5.22256158E-02
  0.581799388      -7.34072849E-02
  0.649939537      -5.09012192E-02
  0.621999681      -5.09052649E-02
  0.697335601      -8.43106806E-02
 -0.388035923       2.68162526E-02
 -0.277294993       2.90424712E-02
 -0.566093922       2.92783435E-02
 -0.150161028       2.06752270E-02
 -0.538861990       2.99533401E-02
 -0.505217135       2.73275934E-02
 -0.295396745       1.55415563E-02
 -0.541472673       3.42855491E-02
 -0.733597517       2.94237565E-02
 -0.572875619       3.78484577E-02
 -0.691549361       1.86704341E-02
 -0.552994251       2.50955094E-02
 -0.240325063       3.07232775E-02
 -0.642318130       1.95764024E-02
 -0.749281526       2.07434595E-02
 -0.749498844       1.61944330E-02
 -0.755736649       2.84583215E-02
  0.250113189      0.183442205    
  0.318155646      0.120929830    
  0.335886955      0.210086584    
  0.272594184      0.228559688    
  0.229435027      0.140287176    
  0.489509284       5.29390313E-02
  0.600367069       2.96890866E-02
  0.579160154       2.91911494E-02
  0.545620680       3.89036983E-02
  0.512942791       6.70610890E-02
  0.608960867       2.69156657E-02
  0.752483726       2.44112741E-02
  0.714930534       2.85200439E-02
  0.685057938       2.49772537E-02
  0.659242511       2.30313484E-02
  0.756105781       2.38389615E-02
 -0.678101778       6.58910125E-02
 -0.523013830       2.69781612E-02
 -0.592770875      0.113665208    
 -0.398346245       5.67186624E-02
 -0.501200914       3.11760940E-02
 -0.419010043       7.24810958E-02
 -0.565480709       3.20248455E-02
 -0.632931530       5.33736944E-02
 -0.586171806       4.07185033E-02
  0.111907601      -3.69652174E-02
  0.186449319      -5.61754107E-02
   2.40383744E-02  -4.16062213E-02
   1.52941942E-02  -8.58421773E-02
   6.91479743E-02  -3.37375030E-02
  0.233887643      -6.36223927E-02
  0.138334066      -4.62816991E-02
  -4.49431837E-02  -5.97400069E-02
   5.74821532E-02  -4.26000915E-02
  0.377424508       4.81133498E-02
  0.547861218       2.12398712E-02
  0.707601011       4.76572402E-02
  0.550008774       6.08453490E-02
  0.497705698       2.88020447E-02
  0.498360842       3.88303101E-02
  0.725645185       4.67381515E-02
  0.608387351       2.61768326E-02
  0.582659483       2.44304072E-02
  0.548424900       2.91033480E-02
  0.482661724       6.20271899E-02
  0.273124576      0.345686138    
   1.28236115E-02  0.129375115    
  0.107135832       8.38993117E-02
  0.164522439       7.04054609E-02
  0.193126500      0.121584207    
  0.122011989       9.60933045E-02
  0.134159654       1.94432456E-02
  0.698180556       2.81038545E-02
  0.462766111       3.05446852E-02
  0.337553471       2.23779846E-02
  0.220576346       1.76100470E-02
 -0.195935190       2.89524775E-02
  0.251694292       2.19077114E-02
  0.135238826      -3.88444737E-02
  -2.45531797E-02  -1.88511461E-02
 -0.212386310      -3.75639126E-02
  0.208881497      -4.04410325E-02
  -8.44878256E-02  -2.15642005E-02
  -8.74134898E-03  -3.94101441E-02
 -0.166868806      -3.19213495E-02
   6.23930395E-02  -2.65196189E-02
  -6.68711662E-02  -2.23854538E-02
 -0.247504890       2.17322707E-02
  -1.23628974E-03   5.18958829E-02
 -0.145757467       3.10130138E-02
 -0.217871815       2.14247573E-02
 -0.165296018       4.80132401E-02
 -0.338595659       3.47871631E-02
 -0.422459245       4.92609367E-02
  0.187778503       3.51451598E-02
  0.307480872       3.64093259E-02
  0.264884323       2.73250453E-02
  0.223367885       2.81063076E-02
  0.225462735       4.52833772E-02
 -0.751607060      -4.55220006E-02
 -0.738923430      -6.21392652E-02
 -0.747788072     -0.116330162    
 -0.756985903      -3.38592939E-02
 -0.746088743      -5.66555485E-02
 -0.754780769      -4.56440188E-02
 -0.756706953      -3.29357758E-02
 -0.756903648     -0.148389652    
 -0.756894231      -8.35277587E-02
 -0.746814072      -6.15928285E-02
 -0.625517607      -2.23944299E-02
 -0.670755446      -2.17811633E-02
 -0.756423593      -2.47461293E-02
 -0.747449040      -2.57137120E-02
 -0.660363197      -1.84364282E-02
 -0.754830480      -2.32965425E-02
 -0.718162179      -1.56004345E-02
 -0.748991847      -3.22480872E-02
 -0.479529619       2.75854822E-02
 -0.439456910       2.97116078E-02
 -0.378555924       3.70731130E-02
 -0.538518548       3.84466350E-02
 -0.400891960       5.41398227E-02
 -0.456730098       2.39318348E-02
 -0.535089731       3.96661013E-02
 -0.128499001       3.38523388E-02
   4.06318009E-02   3.33383046E-02
   1.71568394E-02   2.88329851E-02
  0.266086608       1.83775760E-02
  0.420791030       2.83458475E-02
 -0.295044124       3.20785008E-02
  0.142891020       1.67806651E-02
   1.68132782E-02   8.11228156E-02
  0.103655428       5.17549776E-02
  0.163219452       4.17120792E-02
  0.200908303       8.05926025E-02
  0.116257489       6.30374327E-02
  0.104048073       5.44037297E-02
 -0.745031893       3.40136923E-02
 -0.650386393       1.90826859E-02
 -0.446220994       3.87020558E-02
 -0.623652279       2.17513926E-02
 -0.694110990       2.02318244E-02
 -0.724306345       2.30767801E-02
 -0.709458113       2.63811331E-02
  0.460306555      -5.85791990E-02
  0.485193193      -5.83199933E-02
  0.312293172     -0.101455845    
  0.440029263     -0.243501544    
  0.418162107      -7.13381395E-02
  0.508115053      -7.21095726E-02
  0.463363439      -5.48844673E-02
  0.391628265      -9.50620994E-02
  0.291830808       4.99787889E-02
  0.378694952       2.77661067E-02
  0.402864516       5.76590337E-02
  0.294486731       6.68949485E-02
  0.321461052       4.12588455E-02
 -0.141071707       3.54007259E-02
  -7.10534453E-02   2.88737919E-02
   4.27556038E-03   2.34559271E-02
  0.153282851       7.66068548E-02
 -0.305354416       4.90844063E-02
  -5.44624925E-02   4.77484949E-02
  -6.60400987E-02   2.25637984E-02
 -0.716408312       2.61050090E-02
 -0.626424372       3.62903476E-02
 -0.756098449       2.14641262E-02
 -0.749400079       2.41736658E-02
 -0.751992524       2.02291980E-02
 -0.718973279       1.66235678E-02
 -0.749093056       2.59069279E-02
 -0.733562112       4.60564457E-02
 -0.676780522       2.82314047E-02
 -0.699431777       9.98409465E-02
 -0.658423483       3.58928144E-02
 -0.700978994       2.59410404E-02
 -0.727570832       4.19465080E-02
 -0.708121061       3.03925369E-02
  0.675329566      -2.63931416E-02
  0.643615484      -3.86106558E-02
  0.696820140      -2.56242193E-02
  0.667087436      -3.54311168E-02
  0.723260283      -3.90036814E-02
  0.564846218       3.14185619E-02
  0.749881268       3.21139321E-02
  0.674562573       2.59650201E-02
  0.646670222       2.37509161E-02
  0.614888608       2.50457563E-02
  0.735075235       3.27353477E-02
  -1.69959366E-02   3.78389731E-02
  0.119911671       3.28543894E-02
  0.269040793       1.86671820E-02
   9.58354473E-02   5.74722514E-02
  0.184847862       1.92070175E-02
  0.105500311      -4.13334034E-02
  0.179602683      -6.19477145E-02
   1.88346505E-02  -4.53591123E-02
   1.51620805E-02  -8.79695266E-02
   6.26319945E-02  -3.74082364E-02
  0.233460546      -7.00180531E-02
  0.130128711      -4.98983450E-02
  -5.67294955E-02  -6.51205629E-02
   5.25009632E-02  -4.49155793E-02
  0.398355812       2.55944859E-02
  0.708856046       3.53315584E-02
  0.551539302       2.63082348E-02
  0.502851009       2.15880107E-02
  0.452376723       2.08980758E-02
  0.571612537       3.18176560E-02
  0.292854726       4.25720885E-02
  0.404563636       2.20012944E-02
  0.433586091       5.81065603E-02
  0.275894642       6.42260686E-02
  0.347101212       2.96873767E-02
