 cosx vtec
  0.20141212250905791        3.1388095203105523E-002
  0.35257777592579559        1.1266557126342261E-002
  0.28471834215057346        1.6147304182509994E-002
  0.23141569930465936        2.6590208887822465E-002
  0.27212810955059874        2.7965496839924199E-002
   5.6857022736345200E-002   4.8858144319178523E-002
  0.15881956399306338       -9.6162401822252549E-004
  0.20871697147662069       -3.1685733285309186E-004
   2.3741961502683272E-002   1.2930267714109428E-003
  0.11130204056038902        7.5567409252068395E-005
  0.23078396098367784        3.9073304018642291E-003
  0.17711813958055278       -7.3190681211835254E-004
   7.4167063362550439E-002  -5.0381838196475351E-004
  -5.7542316409137775E-002  -1.5853890733796313E-003
   4.3460574790051332E-002   2.7911010227498938E-003
   9.4612487066228657E-002   2.5617719413499748E-004
  -4.5645974193845910E-002   1.3981685127904576E-003
  -3.5888919298266937E-002  -5.1007868414364495E-003
  0.10823044946811168       -1.4334823602417959E-004
  0.16002209593888303        9.1280395362138908E-005
  -2.8097614149340953E-002   2.6484931139093269E-003
  -4.2224687998090052E-002   2.4790802105653944E-003
  0.10588383015688936        4.0766235908728171E-004
   5.6003042459522090E-002  -1.5515789069554193E-003
  0.19936004676374508       -3.5281456368758475E-003
  0.12237799680012533       -1.1035258684171378E-003
   3.2488496931612446E-002   4.7901094501673130E-004
  0.31631277021137055       0.10729922832570163     
  0.26136631813894490       0.12261495911962182     
  0.32771901302410711       0.10407521999405821     
  0.39233190907966897        7.9455081797138630E-002
  0.28661376439857417       0.11227182130513493     
  0.79387766209225952        1.5687779507678255E-003
  0.91604539629160919        2.7623175054397550E-003
  0.84397665914102804        4.0197458449612528E-003
  0.81455052056167510       -4.7835043372671920E-004
  0.87159668644361388       -3.4377783499088652E-003
  0.49604789157462925       -2.7604670143527199E-003
  0.60109569466560897       -1.1527491207212459E-004
  0.57857070004114275       -1.3811317215394021E-003
  0.50036670738660916        4.4922859168688416E-003
  0.38540675567770821       -1.2436391499969313E-003
   2.5269185418571205E-002   2.0479110461447654E-004
  0.15905216510209019       -4.5297425071958546E-003
  0.22230830554556902        3.3594982712548912E-003
  0.40019652747704104       -1.0845568661108529E-002
  0.35184770865563214        2.4618362171800252E-002
  0.23339857516134419       -3.8686800322529163E-002
  0.15510454012189007        4.1191537438215890E-004
  -6.7156278403815356E-002  -2.9124891541573404E-003
  -3.3640381157542865E-002  0.18163321329719903     
  -8.6782666930557334E-002  0.18364688198242726     
  -2.1454822729097937E-002  0.17466758563093754     
  -6.7916864868076104E-002  0.17416515867053778     
  0.10745096376517646       0.15282663361311893     
  -2.1200484735887981E-002  0.18282056158905738     
   6.3183619384321932E-002  0.16106935157295429     
  0.12988649946970929       0.15907872351079722     
  -4.1736754177586551E-002  0.19583999216562853     
  0.19232593624048941       0.15789407856856472     
   8.0845855470866021E-002  0.15939434382024795     
  -8.9993648618276467E-002   5.2849905566731969E-002
   1.1468636191580233E-002   3.8106920053663500E-002
  -5.2688498217626493E-002   7.0919116972806243E-002
   3.1580291658900033E-003   5.0497807114577992E-002
  -2.6455665559813459E-002   5.3512534605510184E-002
   9.1555048732211625E-002   6.5135368128468984E-002
  0.56299744878730096        7.1904269094688437E-003
  0.69069038711861641       -4.0428397746459149E-004
  0.66391051981756410        8.0264766956408590E-004
  0.61584583455269970       -4.8977605447199585E-004
  0.66183891210720569       -4.6278575108834206E-003
  0.56096607638465934       -1.1004490245101013E-003
  0.60363372552600369       -8.3599036980587562E-005
  0.57748000647930375       -7.6881997226430749E-004
  0.49175776772466412       -1.8436084074217239E-004
  0.60544624954222881        8.0550389157429145E-004
  0.58566514173694484        9.8471546486337408E-004
  0.62815936570611075       -6.6271548454806327E-004
  0.23885395596230971        9.8655685494388690E-002
   7.9052681314473600E-002  0.13308650335389738     
  0.37226042142446925        5.5964969898950119E-002
  0.19397608756132759       0.10687066290385225     
  0.26715688888144995       0.10745699758102502     
   9.2257991850456869E-002  0.13555866064375602     
  0.30058549240643739        9.3728464902475037E-002
  0.21284661589597448       0.10544067617861003     
  0.37945832499414994       -1.9673738106778019E-003
  0.50698337625358469        3.1601492638171458E-003
  0.46604829785207280       -3.5944424831929598E-003
  0.41633525124738052       -4.0640839485871225E-003
  0.46752608220891567        8.8320842817718771E-003
   9.4520580242521163E-002   4.4498150413293282E-003
  0.16672141904328111        1.7487307358282290E-002
  -3.2223025056389146E-002   4.1352447010887541E-002
  0.12174367975914684        2.9894771136291815E-002
   4.9836310067293728E-002   4.3363388991551628E-002
  0.16185327557501267       -3.1374722056225199E-002
   6.7605964221544588E-003   4.4487769866509388E-002
  0.14162283984281435        9.1331953273705319E-003
  -1.0489937531199424E-002   3.6179897849154104E-002
  0.21388045882671591        1.7362169594392445E-002
  -4.8187846386042087E-002   2.1612762921603676E-002
  0.70694238092130135        3.9713315750270527E-003
  0.80911035054941582        1.5067994553094507E-004
  0.77277155996158531       -6.6718014027117778E-004
  0.72731430083464665        4.4953568808341338E-003
  0.75038426209942932       -1.1062818537919612E-003
  0.66579739296812890       -4.5443046438902509E-003
  0.31902727706099476        7.7012684142695968E-003
  0.45115127274266620        2.1670522914370286E-003
  0.40092566784345285        1.8489583781809297E-003
  0.35199088361486786        4.0539128396376491E-003
  0.38972941052376298        1.1603254861881261E-002
  0.35396545090214321       -2.0566632077150596E-002
  0.40876018584951385       -1.2701386721718732E-002
  0.51814646296662714       -4.1639714671229781E-003
  0.48392606834203911       -1.2944937963955926E-003
  0.41365235798079575       -5.6288340745692606E-003
  0.31069151490103186       -4.6381131940633384E-003
  0.34654676789468752       -1.8425442309917390E-003
  0.14897498696164807       -6.4994435822044718E-003
  0.26763769904446688       -1.5193500429710259E-003
  0.29511060639445846       -1.0268789279195456E-003
  0.18748079471302176       -2.8028151825057441E-004
  0.90911538616871923        5.2825112062993246E-004
  0.81490764501279245       -2.3291142227196697E-004
  0.90808555759267762       -1.0360885492778609E-003
  0.90492656222618706        2.9107282886670050E-005
  0.94085332489221873       -2.7870839953360914E-003
  0.87005972940996756        1.0504469837238101E-003
  0.24229111390220606        1.2428388263224378E-003
  0.29004512900635182       -2.6804108066335843E-004
   9.0304117048796387E-002   5.3309663252945824E-003
  0.19507138988799547       -1.7674594537552189E-004
  0.30195659515067425        1.4058700887975260E-003
  0.26358070947358236        3.4385848994467221E-003
   4.7997464051703707E-002   7.1561491682741601E-004
  0.39333903575499624       -1.9313477136490538E-003
  0.13642026470373730        4.6256906650562378E-004
  0.24691967074099397        1.7706911728363754E-002
  0.28618781835383778        8.3064049308213578E-004
  0.40688919408663249       -9.0239836387568228E-003
  0.35509868911520248        2.1763725522982606E-002
  0.28840820370005665       -7.8960665841218552E-003
   6.4897166625458941E-002   8.2147199687336817E-002
  0.10235873408703207        4.5253359407055623E-004
  0.15530195270377586        9.6129781111855802E-004
  -5.3615380008444603E-002  -3.0777218663015225E-003
  -2.5210375908553538E-002   1.1174027867113141E-003
   9.1337351400441885E-002   4.3087592295885479E-004
   4.0050597440114480E-002  -2.2641791912794453E-003
  0.21732986926781755       -1.7650548315984085E-003
  0.11187859835705487        8.1385757764911872E-004
   2.6265734961730583E-002  -4.3943034735775886E-004
  0.41937768923830998       -6.3980360992366920E-003
  0.48730921232302171       -2.4152062409891399E-004
  0.58856655715983619       -1.6801410417189593E-004
  0.56180186961067669        3.3360350109583664E-003
  0.49212847462521558        4.1850298004085691E-003
  -1.0886116551143637E-002  0.15366162381360923     
  -2.2419262688430891E-002   9.2524625267465410E-002
   2.7162245424276390E-002  0.11551612918117631     
   5.1396727916537294E-002  0.16378948154012907     
   6.9269830575945162E-003  0.16060041294835464     
   8.0191141553673777E-003   3.7410694713585532E-002
  -8.4085120381122425E-002   4.7976232722304335E-002
  0.32055742026367112        1.3401480297468547E-003
  0.36339833342793415       -2.2287743463634928E-003
  0.14939625010655988        4.6502114942599477E-003
  0.30585926499624155       -5.4593737072498264E-003
  0.23872197899459716       -2.8915610890522516E-003
  0.40727999818119059       -3.4230545147837048E-003
  0.32936006853361111       -3.1479813156236563E-003
  0.22796642892642727        1.0378312096303243E-003
  0.29176487968255993        7.8589178373334942E-004
  0.34253698716138442        8.1466062100912489E-003
  0.11967825272516820       -1.6584863994053397E-002
  0.32134950645343080       -1.3931294641972591E-003
  0.24358247556843343        5.5444735493517883E-003
  0.34521916575353256        9.1762047814772235E-003
  0.32048277340818881       -1.2828109273727184E-002
  0.13106859965270662        3.2156347579018912E-003
  0.39046706496504646       -1.6253284049114482E-003
  0.13626599780946891        7.0115968919918338E-003
  0.92584762707301849       -9.8763709137592026E-004
  0.92342502687210681       -4.1869643802628563E-004
  0.91924643665084438        2.6979917087478181E-003
  0.95309069981406169       -2.0610140261236542E-002
  0.88841443042875767        1.2452667861203354E-003
  0.54523103459792910        1.2527483998860428E-003
  0.46628997835186037       -1.7301745083221845E-004
  0.59697287561324719       -3.1242440398636237E-003
  0.56058275497339061       -1.7347450135841900E-003
  0.66704411166227140        2.6230552523900720E-003
   2.7213973846443658E-003   3.4166946097695702E-002
  0.14348433158635057       -1.9788785958775273E-003
   1.7515324307723890E-002   3.0912012073850120E-003
  0.11289591916593636       -1.0990283110258188E-003
   3.4386375469927011E-002  -6.3503376515465252E-003
  0.13943272044108515       -6.4708599269172379E-004
   4.8901753281631231E-002  -7.8571204327096563E-004
  -7.3783081862445563E-003   9.8326762151727080E-003
  0.61981230339304105        4.4944733756782226E-003
  0.76217904080893661        4.1619556586150374E-005
  0.73975164950335537        1.0181072196445450E-004
  0.68888829927308493        9.7886086240164469E-004
  0.73987593516663253        1.4547404301936036E-003
  0.26923076216747416       -6.6559077245274684E-002
  0.31688987786383799        1.2596067335274474E-002
  0.44162890192053228        7.0879289311199635E-003
  0.39699249930392433        6.6438648602652759E-003
  0.32153687300327660       -5.4175284405365660E-003
  0.23228314301668376        2.9433060817074527E-002
  -5.9767342697463866E-002  -3.7000416006854219E-004
  -4.2602685182587417E-003  -3.2657256707119119E-003
  0.12546685976153932        2.5771873650454365E-003
  0.29072217044245346       -1.3529777179666987E-003
  0.48039932549648318       -1.1808690353571833E-003
  0.35953546623202232        7.4402037411422828E-004
  0.21811651994550227        7.6328347695225137E-004
  0.52689982441452865        2.6846181032148721E-003
  0.57184891074482713        1.0945867007753183E-002
  0.66246153722861234        2.3432810183311586E-003
  0.63568647402531575       -3.2395965922499021E-004
  0.58327091903665429       -4.8797874420135490E-003
  0.64968219599937438       -5.2858658594888007E-004
   5.1923416266001970E-002  -3.0756226850504678E-003
  -9.4989521953043679E-002  -2.6960714250803385E-003
  -6.0011019495498127E-002  -1.8727780249503010E-003
  0.14098430570819187       -6.5629287989389468E-002
  0.17906624584026720        3.7236779886469638E-002
  0.32149582688978406        2.3331244339242788E-002
  0.25002380595506163        5.3890500421188120E-002
  0.17776420288710987       -2.5957776823408510E-002
   9.9403953023592083E-003   1.1119219847883991E-003
   9.2091720226340726E-002   4.7128949035861690E-003
  0.16776133221267212        9.8461162684642806E-002
   2.2647847602754394E-002  0.13174878465105111     
  0.29342552916431763        7.6485740926834231E-002
  0.12353463587848312       0.10454917800673171     
  0.20700743881452541       0.11754210326410783     
   4.9026232464207210E-002  0.11888509311478077     
  0.23337965733789448        9.7090992999645923E-002
  0.14149820572658980       0.10509869906497141     
  -9.8532932021801536E-003   8.2660410074114427E-002
  0.20988502575095511        5.3228857593158180E-002
   8.6358930129147846E-002   7.3020605151964693E-002
   1.8071461499000352E-002   7.8166746204510071E-002
   7.6146745386609677E-002   9.1071406014058096E-002
  -9.8213777068238431E-002   9.4915412526753465E-002
  0.41129513469379941        9.4451464532240188E-003
  0.53537589134316133        1.1453759532210719E-003
  0.49505335879998313        3.0972946582373577E-004
  0.44813533204466832        4.0459565148590155E-003
  0.48478638637522742       -2.9440414659286200E-003
  -3.6117199296996451E-002   8.9833006876898162E-003
   1.5265188439385909E-002  -1.3661553311033220E-002
   3.3981476405331161E-002  -8.8073565653271145E-004
  -4.1633799242041525E-002  -2.4785332552559099E-003
  -9.0809825636191832E-002  -1.3171948025796579E-003
  -4.7691470115764835E-002  -1.8023279581236178E-003
  0.30332912015796643        8.4916412160106983E-004
  0.34585551992636787       -5.4668864384596884E-005
   9.5912676744823011E-002  -1.3352013552095448E-003
  0.29368647376567092       -4.2244938179285637E-004
  0.24142156010737095       -3.3303824079798957E-003
  0.37417292801657315        2.9710001599958600E-004
  0.31597363168474368        4.4567733278943306E-004
  0.21252527639721161       -2.3710797897497052E-003
   6.1989256030145580E-002   9.8087097748654267E-004
  0.16420282666842145        9.4037645013731136E-004
  0.20741889703725841        1.0679193046887114E-003
   6.8329457244413763E-002  -1.1549248023281166E-003
   9.2812352143703328E-002   1.8992592505824720E-003
  -9.6096399567070626E-002  -1.3085628101525500E-003
  0.51959302608935209       -8.5020807505557317E-004
  0.45588637062337856       -1.5506346889086720E-004
  0.56550478678784544       -5.1013352026934482E-003
  0.54131750043378957       -2.5845571095877728E-003
  0.59831659920897262        4.6924016013175840E-003
  0.40198837841656188        2.4799101011279450E-002
  0.45086214639727001        8.4751966823167141E-004
  0.55039903383290523       -1.8370760649632202E-002
  0.51759119495386308       -1.0370612665447969E-002
  0.45609891493285826       -6.4404368176136234E-003
  0.33375855010524802        2.5476774128805581E-002
  -8.8525995334913260E-002  -8.6461834010806492E-004
   2.2635457938329950E-002  -6.8462720169913715E-004
  -3.3093414821778105E-002   8.6660225717047866E-004
  -6.9270249305875539E-002   2.6070822242617044E-003
  -4.6852927436912273E-003   2.0056339037771636E-004
  0.34484159174159568       -5.3442707312885435E-003
  0.38305140083476757        3.7478703672659777E-002
  0.48574170676159983       -2.1772687804446937E-003
  0.44466489969934897        1.0759656352642602E-003
  0.38698683487012869        4.2652573153633314E-002
  0.26325009965563523       -3.3462569972034603E-002
   5.4224114710018874E-002  -5.4098435224847240E-003
  0.16783851342010656        1.0679439633908623E-003
  0.22691064907081418       -1.1953104522261194E-003
   4.0515157972804777E-002   8.8012785027625573E-004
  0.10278366219751804        8.7154376573935952E-004
