 cosx vtec
  0.68350729339957361        3.1388095203105523E-002
  0.73877338253245584        1.1266557126342261E-002
  0.70845539524984669        1.6147304182509994E-002
  0.69394406159532762        2.6590208887822465E-002
  0.64679926156715606        2.7965496839924199E-002
  0.64159136409791218        4.8858144319178523E-002
  0.38708022213871851       -1.2897270245265243E-003
  0.41101740013597560       -1.5853890733796313E-003
  0.48789920405509213        2.7911010227498938E-003
  0.41932104492759292        2.5617719413499748E-004
  0.36111827707213212        1.3981685127904576E-003
  0.49126370336011743       -5.1007868414364495E-003
  -6.2984199972601074E-002  0.10407521999405821     
   9.7518815433160266E-002   1.5687779507678255E-003
  0.32311377638975125        2.7623175054397550E-003
  0.17212802152739801        4.0197458449612528E-003
  0.19500864505432747       -4.7835043372671920E-004
  0.16477711546325385       -3.4377783499088652E-003
  -5.8527413367508496E-002  0.18116790074331321     
  -5.7331165393478434E-002  0.18711093450550123     
  -3.7423843874307694E-002  0.18987606643068172     
   1.0781315363167510E-003  0.18739092016021178     
  -6.3373559151260028E-002  0.18751340178758585     
  0.96006460416569550       -2.7604670143527199E-003
  0.98061483718103903       -1.1527491207212459E-004
  0.99088175779558152       -1.3811317215394021E-003
  0.99915343480822871        4.4922859168688416E-003
  0.96138617543651128       -1.2436391499969313E-003
  0.78013743868046159        2.0479110461447654E-004
  0.93137577460233034       -4.5297425071958546E-003
  0.89964192666495757        3.3594982712548912E-003
  0.97400458557387282       -1.0845568661108529E-002
  0.97892261036178363        2.4618362171800252E-002
  0.95318821708700885       -3.8686800322529163E-002
  0.88960949665652045        4.1191537438215890E-004
  0.41013436932093450        2.3041674179984772E-003
  0.42073513863643419       -2.7525199677435008E-004
  0.48388508741375935       -1.2724938539822386E-003
  0.41985934296018729       -2.9124891541573404E-003
  0.37548736832165386        1.6272398366837053E-003
  0.47675467537300792       -1.8118724865727565E-004
  0.34971635049161776       0.16537621692818413     
  0.41864884314463857       0.15934392381651821     
  0.45881743050582019        2.5444023499378923E-002
  0.37309226262394579       0.16245428121964881     
  0.41333410395826176       0.15838180996555629     
  0.34802255064353127       0.16540010551223430     
  0.29988299196184898       0.19077796878947312     
  0.32955152741105431       0.19748407119543368     
  0.26206433059129464       0.19677924073786038     
  0.23742502306384561       0.19784547479312053     
  0.88477361269692378        7.1904269094688437E-003
  0.88726935840606669       -4.0428397746459149E-004
  0.88429502228031565        8.0264766956408590E-004
  0.88745195727796689       -4.8977605447199585E-004
  0.82409152324089296       -4.6278575108834206E-003
  0.86328018224495084       -1.9673738106778019E-003
  0.89073511282497264        3.1601492638171458E-003
  0.87884690954758238       -3.5944424831929598E-003
  0.87184383904456664       -4.0640839485871225E-003
  0.81599384397256058        8.8320842817718771E-003
  -7.9030938387913252E-002   3.9713315750270527E-003
   9.9695707716326243E-002   1.5067994553094507E-004
  -4.5946102954124990E-002  -6.6718014027117778E-004
   2.5015710728641949E-003   4.4953568808341338E-003
  -3.2796157620469724E-002  -1.1062818537919612E-003
  -8.9864054959453987E-002  -4.5443046438902509E-003
  0.73073976453171052        7.7012684142695968E-003
  0.76788878509188552        2.1670522914370286E-003
  0.74851877451622451        1.8489583781809297E-003
  0.73947916526104340        4.0539128396376491E-003
  0.69059308486980509        1.1603254861881261E-002
  0.30796866241356019       0.15621543594884907     
  0.30134829175256905       0.16669204073483934     
  0.38309035308582767       0.15831919765343447     
  0.32901639718135933       0.15216228660618406     
  0.36560096675301962       0.14958327736875440     
  0.30425751374266830       0.15520144799549179     
  0.98338893981712139       -2.0566632077150596E-002
  0.98283807902759590       -1.2701386721718732E-002
  0.99969161220878977       -4.1639714671229781E-003
  0.99938394745146386       -1.2944937963955926E-003
  0.99379411022860897       -5.6288340745692606E-003
  0.97260140912221604       -4.6381131940633384E-003
  0.30326795222391234       -1.8425442309917390E-003
  0.29962400711359999       -6.4994435822044718E-003
  0.37493869174864680       -1.5193500429710259E-003
  0.31527786239510031       -1.0268789279195456E-003
  0.26264910108061779       -2.8028151825057441E-004
  0.67298778709361784        5.2825112062993246E-004
  0.79368307114857006       -2.3291142227196697E-004
  0.77065444861519805       -1.0360885492778609E-003
  0.80100309207054510        2.9107282886670050E-005
  0.62708786667945471       -2.7870839953360914E-003
  0.67909519106483018        1.0504469837238101E-003
  0.94132372118833052        1.7706911728363754E-002
  0.97272272748277255        8.3064049308213578E-004
  0.98214747674348324       -9.0239836387568228E-003
  0.96914495242877730        2.1763725522982606E-002
  0.95416201887526175       -7.8960665841218552E-003
  0.87559266571360506        8.2147199687336817E-002
  0.37799281424565223       0.17979436456887404     
  0.44575071529553345       0.16086609414302988     
  0.47455477998783879       0.16159190962225733     
  0.40671383622004398       0.16379153790527184     
  0.45506585637075786       0.16523917677199620     
  0.38044785429502243       0.16719070424129434     
  -5.0991083025885342E-002  0.12622566330818735     
  0.49467634685967510        4.4968026919053892E-003
  0.50072207062597696        4.2981282663374643E-003
  0.56912638838058804        1.4764253058574511E-003
  0.43423236467008136        7.5457911314361602E-003
  0.55434509880521043        8.4268154823119001E-004
  -3.2354799069262107E-002   4.3087592295885479E-004
  0.99308600923678525       -6.3980360992366920E-003
  0.98070095576974836       -2.4152062409891399E-004
  0.99277416867060397       -1.6801410417189593E-004
  0.99728416226603100        3.3360350109583664E-003
  0.99956119911921948        4.1850298004085691E-003
  0.14215632265397810       0.15366162381360923     
  -3.1869869239078891E-002   9.2524625267465410E-002
  0.15931842143502128       0.11551612918117631     
   9.2771933833265041E-002  0.16378948154012907     
   2.3609962625211693E-002  0.16060041294835464     
  0.61744466914677532        8.7806748522432240E-002
  0.71750880439698228        4.9557197440978550E-002
  0.77737924295652472        3.7410694713585532E-002
  0.73451153226553867        4.7976232722304335E-002
  0.67867267983420010        6.5191784758076146E-002
  0.73091108885410416        6.2451256859090268E-002
  0.63259380834106960        8.2339747719577638E-002
  0.14711554375543848        1.8039901042231622E-002
  0.15261753343797685        9.4478455624341824E-003
  0.22050641557975253        7.0401137222157381E-004
  0.20949962578211537        6.7728585436055448E-003
  -2.9243636671775736E-002   1.3401480297468547E-003
   5.2048297093667539E-002  -2.2287743463634928E-003
   4.5078508035596286E-002   4.6502114942599477E-003
  0.14328645701205944       -5.4593737072498264E-003
   2.0302332029234704E-002  -3.4230545147837048E-003
   5.8823032081273083E-002  -3.1479813156236563E-003
   1.1667493229833015E-002   1.0378312096303243E-003
  0.20123757576398493       0.20000990441896402     
  0.26723654822084170       0.18849306004408550     
  0.30590523165575612       0.20000520977718561     
  0.22508752848998281       0.19102871679253400     
  0.20216160694544705       0.19544743668399317     
  0.17716531820925888       0.21606207179078721     
  0.20823361030036774       0.22397928138036893     
  0.13878101786600017       0.21680856679272215     
  0.11362288232502032       0.23013724365828847     
  0.66315282736066306       -9.8763709137592026E-004
  0.75846450161881152       -4.1869643802628563E-004
  0.78680094521085697        2.6979917087478181E-003
  0.62101601325735578       -2.0610140261236542E-002
  0.66781082532046399        1.2452667861203354E-003
  -5.6696571266395879E-002  -3.1242440398636237E-003
  -3.2631041858446452E-002  -1.7347450135841900E-003
  -7.2117772361637467E-002   2.6230552523900720E-003
  0.61520191855227735        1.8930705919911962E-002
  0.61511561286502481        1.1916057871492762E-002
  0.71943121278053956        2.6299998063288428E-002
  0.70214893288316371        3.0246794274645942E-002
  0.76710050174619049        1.8192433725313806E-002
  0.64383791177175287        2.2596442649661611E-002
  0.67891845494518233        3.6811161512725413E-002
  0.59179395872595497        1.8706940296745276E-002
  0.66421236220096902        4.3737613825485785E-002
  0.64311238061095621        5.4220707082015401E-002
  0.75161093517601107        2.2100578287264510E-002
  0.78795521294296045        3.8172727753038857E-002
  0.84804749835365678        3.4166946097695702E-002
  0.77566550673857149        3.9101947776732475E-002
  0.70401828608908290        3.1988908536078074E-002
  0.74364048549244965        1.7970343024593889E-002
  0.65773311035397830        4.5846785742042269E-002
   1.4060727891386030E-002  -1.9788785958775273E-003
  0.14365162985969085        3.0912012073850120E-003
  0.21691320944186260       -1.0990283110258188E-003
  -5.7758878014146559E-002  -6.3503376515465252E-003
  0.15345841152181566       -6.4708599269172379E-004
  0.11372741741201593       -7.8571204327096563E-004
  0.26097879942678343        9.8326762151727080E-003
  0.90513904804787648        4.4944733756782226E-003
  0.89211763077669870        4.1619556586150374E-005
  0.89299231053843942        1.0181072196445450E-004
  0.90250278276470053        9.7886086240164469E-004
  0.82950225014744228        1.4547404301936036E-003
  0.96530317413924793       -6.6559077245274684E-002
  0.97051266563318728        1.2596067335274474E-002
  0.99778958536888751        7.0879289311199635E-003
  0.99218040895124404        6.6438648602652759E-003
  0.97883093387519182       -5.4175284405365660E-003
  0.95481241767931690        2.9433060817074527E-002
  0.36775645212284969       0.16996716393424466     
  0.38922719439027798       0.16878339842997775     
  0.33328089475160216       0.17779457800968479     
  0.30368535906784588       0.19331008144297543     
  0.72926537203681874        2.5771873650454365E-003
  0.82732357189948880       -1.3529777179666987E-003
  0.91844722524716838       -1.1808690353571833E-003
  0.74586395540242767        7.4402037411422828E-004
  0.82625582301642864        7.6328347695225137E-004
  0.94870657475528852        2.6846181032148721E-003
  0.99630923110005853        1.0945867007753183E-002
  0.95176681632176519        2.3432810183311586E-003
  0.95044045731576032       -3.2395965922499021E-004
  0.95278993553584135       -4.8797874420135490E-003
  0.87848368201012050       -5.2858658594888007E-004
  0.12986821482878810       -3.0756226850504678E-003
  0.12762908076666193        1.0429660983790989E-003
  0.14041305188084405       -3.9392958123306140E-003
  0.20778722832414490       -2.6960714250803385E-003
  0.14730040824892371       -1.8727780249503010E-003
  0.11198480029378767       -1.1094276968550666E-003
  0.89792593884063776       -6.5629287989389468E-002
  0.94142091965091168        3.7236779886469638E-002
  0.95858257551715920        2.3331244339242788E-002
  0.93453027746227946        5.3890500421188120E-002
  0.91232482927024372       -2.5957776823408510E-002
  0.84388924103678264        1.1119219847883991E-003
  0.90241522054191647        4.7128949035861690E-003
  0.63119997545174666        8.2660410074114427E-002
  0.73583385072866858        5.3228857593158180E-002
  0.67268156338254759        7.3020605151964693E-002
  0.64478272593500907        7.8166746204510071E-002
  0.59805989820575145        9.1071406014058096E-002
  0.59507181495182893        9.4915412526753465E-002
  0.54060324821762107       0.12187381817133008     
  0.76553030797964883        9.4451464532240188E-003
  0.79067192182528157        1.1453759532210719E-003
  0.77760288476149642        3.0972946582373577E-004
  0.77263838772703863        4.0459565148590155E-003
  0.72141770421548002       -2.9440414659286200E-003
  0.24532281216484669        9.1890626038973619E-002
  0.24662017978920758        8.9232693140954458E-002
  0.33298804525108439        7.9305013365230340E-002
  0.26765415909276924       0.10785865931896235     
  0.19196119024905084        9.8507271950027134E-002
  0.29595016823628845        8.8057338305888105E-002
  0.23397032807137846       0.10911163290952455     
  0.71257245321904028       -3.3425157168294802E-003
  0.71930921342012755       -3.8818913480724538E-003
  0.84100279208770057        8.9833006876898162E-003
  0.81249164327573031       -1.3661553311033220E-002
  0.87618350162721381       -8.8073565653271145E-004
  0.75250469314480772        4.9149835120062069E-003
  0.79722576351443331       -2.4785332552559099E-003
  0.25997531671648427        5.4750847723127635E-004
  0.27343301098186823       -4.2505274616567703E-004
  0.33674694629044866       -1.3171948025796579E-003
  0.27904631360730181       -1.8023279581236178E-003
  0.24039692344564445        8.3129325865411764E-004
  0.33910404442493175        1.6411836388117915E-003
  0.51899222767648256       0.13246439172701949     
  0.59354358400361273       0.11013581044319495     
  0.70665745032036875       0.11128465476742398     
  0.61717754688224991       0.11089543821439511     
  0.55452478880867540       0.11116968048219136     
  0.59877498237585314       0.10889889671508828     
  0.52237725133837398       0.12766311865842941     
   9.9638686129963905E-003  -4.2244938179285637E-004
  0.52585508551726523        9.8087097748654267E-004
  0.59536007073795827        9.4037645013731136E-004
  0.53649961484489739        1.0679193046887114E-003
  0.47021076193826011       -1.1549248023281166E-003
  0.60035091241564831        1.8992592505824720E-003
  0.45935648484727198        5.5251441139887595E-003
  0.46638514115285634        4.3041167197905104E-003
  0.53231107831795488        1.1148198628110624E-003
  0.45516292087829374       -1.3085628101525500E-003
  0.48810820294194823        6.9246880664974152E-003
  0.40981868178849823        5.5167347462069475E-003
  0.51945317907966926        2.1253009273816455E-003
  0.57088025804760356        8.4135536254450499E-002
  0.55800797147538661        8.2703558476082906E-002
  0.64916422649326000        7.5380639790021020E-002
  0.68141943254563853        5.4533390711802091E-002
  0.60015228858812231        6.4489324284025470E-002
  0.63601127009802216        7.1651545479248444E-002
  0.56438477641958362        9.0258191014254516E-002
  0.23644851461026223       0.22177906897442204     
  0.30247588549185678       0.19590597892690828     
  0.33499069256767355       0.20224077677783442     
  0.26322235033302394       0.19946131417052668     
  0.32568616760297553       0.21899558070053621     
  0.23933447148908188       0.20788173597004292     
  0.97968383984424312        2.4799101011279450E-002
  0.99537711666192297        8.4751966823167141E-004
  0.99455034420052524       -1.8370760649632202E-002
  0.99234438167805150       -1.0370612665447969E-002
  0.98845567422099323       -6.4404368176136234E-003
  0.98290228619254061        2.5476774128805581E-002
  0.66717392381349283        1.9621664489074078E-003
  0.68026373137876750       -8.6461834010806492E-004
  0.76018156012536964       -6.8462720169913715E-004
  0.55861150543583060        3.7369930714168309E-003
  0.74936777079332595        8.6660225717047866E-004
  0.94603520312882250       -5.3442707312885435E-003
  0.99131035750025609        3.7478703672659777E-002
  0.97399929768722815       -2.1772687804446937E-003
  0.96506562530446338        1.0759656352642602E-003
  0.95629563618081281        4.2652573153633314E-002
  0.96187131375454693       -3.3462569972034603E-002
  0.63439754587580621       -5.4098435224847240E-003
  0.71003763351088311        1.0679439633908623E-003
  0.64183260093365679       -1.1953104522261194E-003
  0.55101484778408039        8.8012785027625573E-004
  0.70892042030774793        8.7154376573935952E-004
