 cosx vtec
  0.31521065522244524        3.1388095203105523E-002
  0.46000602083331876        1.1266557126342261E-002
  0.39390171789972023        1.6147304182509994E-002
  0.34384307067885633        2.6590208887822465E-002
  0.37040223042871295        2.7965496839924199E-002
  0.17893953014975836        4.8858144319178523E-002
   5.3231379214638247E-002  -9.6162401822252549E-004
  0.10832268752839612       -3.1685733285309186E-004
  -8.0409834537108454E-002   1.2930267714109428E-003
   5.4074053266618405E-003   7.5567409252068395E-005
  0.12361798565889026        3.9073304018642291E-003
   8.1553477576773309E-002  -7.3190681211835254E-004
  -1.8018590037935517E-002  -5.0381838196475351E-004
  -9.7191626765738087E-002  -1.2897270245265243E-003
   3.1514608327715056E-002  -1.5853890733796313E-003
  0.13627260816224973        2.7911010227498938E-003
  0.16776841150263080        2.5617719413499748E-004
   3.2032185523232198E-002   1.3981685127904576E-003
   6.6758480996730929E-002  -5.1007868414364495E-003
   2.8403050973491467E-002  -1.4334823602417959E-004
   8.6416902240400689E-002   9.1280395362138908E-005
  -9.1993508256254297E-002   2.4790802105653944E-003
   6.9266371636820923E-002   4.0766235908728171E-004
  -2.3798491894745963E-002  -1.5515789069554193E-003
  0.11595870286563355       -3.5281456368758475E-003
   5.4209343635573226E-002  -1.1035258684171378E-003
  -3.2846834541365312E-002   4.7901094501673130E-004
  0.25206483008399078       0.10729922832570163     
  0.19850021606079127       0.12261495911962182     
  0.27725542115714741       0.10407521999405821     
  0.32666716202025076        7.9455081797138630E-002
  0.22886734977763074       0.11227182130513493     
  0.72177967962667011        1.5687779507678255E-003
  0.87507780222796927        2.7623175054397550E-003
  0.78105485910913541        4.0197458449612528E-003
  0.75961374281142924       -4.7835043372671920E-004
  0.80401226540033166       -3.4377783499088652E-003
  0.63128425628793172       -2.7604670143527199E-003
  0.72832505473369435       -1.1527491207212459E-004
  0.71045916433029332       -1.3811317215394021E-003
  0.64294223895475133        4.4922859168688416E-003
  0.53368141597791596       -1.2436391499969313E-003
  0.17877854907379193        2.0479110461447654E-004
  0.32744159022667441       -4.5297425071958546E-003
  0.37703192549927111        3.3594982712548912E-003
  0.54929387541840569       -1.0845568661108529E-002
  0.50751295546887620        2.4618362171800252E-002
  0.39757849978746918       -3.8686800322529163E-002
  0.31557508576109883        4.1191537438215890E-004
  -2.4778944971369829E-002  -1.2724938539822386E-003
   2.4783472164562170E-002  -2.9124891541573404E-003
  -7.4927186219561695E-002  -1.8118724865727565E-004
  -9.2827959654622705E-002  0.18163321329719903     
  -6.5208140285364063E-002  0.17466758563093754     
   3.5595442419771722E-003  0.15282663361311893     
  -3.8426688556707209E-002  0.16106935157295429     
   3.7989891228123893E-002  0.15907872351079722     
   8.5144613276270667E-002  0.15789407856856472     
  -1.7891859595486934E-002  0.15939434382024795     
  -7.6697785997732137E-002   6.5135368128468984E-002
  0.67540789594538375        7.1904269094688437E-003
  0.78885935758995418       -4.0428397746459149E-004
  0.76457478514214072        8.0264766956408590E-004
  0.72269207706629102       -4.8977605447199585E-004
  0.75067083782454735       -4.6278575108834206E-003
  0.42917042294372232       -1.1004490245101013E-003
  0.47817529187179020       -8.3599036980587562E-005
  0.43270648029468567       -7.6881997226430749E-004
  0.35494747084531753       -1.8436084074217239E-004
  0.47667267542808006        8.0550389157429145E-004
  0.46414427350979071        9.8471546486337408E-004
  0.49667997726736623       -6.6271548454806327E-004
  0.11057663840575074        9.8655685494388690E-002
  -4.7264395495333469E-002  0.13308650335389738     
  0.23208131178508212        5.5964969898950119E-002
   6.6794868928753776E-002  0.10687066290385225     
  0.15055332979174479       0.10745699758102502     
  -4.7038871403088781E-002  0.13555866064375602     
  0.17167880935286006        9.3728464902475037E-002
   8.8516782198364799E-002  0.10544067617861003     
  0.50874832589673691       -1.9673738106778019E-003
  0.62705588995818928        3.1601492638171458E-003
  0.58846296397652642       -3.5944424831929598E-003
  0.54308499525927434       -4.0640839485871225E-003
  0.57716736932834822        8.8320842817718771E-003
  -6.4861843636994876E-002   4.4498150413293282E-003
   1.0880529535138767E-002   1.7487307358282290E-002
  -4.7734741036133163E-002   2.9894771136291815E-002
   1.8177037055768508E-003  -3.1374722056225199E-002
  -8.0567273490333158E-003   9.1331953273705319E-003
   4.8787462451682417E-002   1.7362169594392445E-002
  0.60948062672268277        3.9713315750270527E-003
  0.73569027591769764        1.5067994553094507E-004
  0.67434384918201395       -6.6718014027117778E-004
  0.64384886558831178        4.4953568808341338E-003
  0.65717783874903712       -1.1062818537919612E-003
  0.57091358201360032       -4.5443046438902509E-003
  0.42871802820285287        7.7012684142695968E-003
  0.55303737538968378        2.1670522914370286E-003
  0.50472630672693475        1.8489583781809297E-003
  0.45962840176152053        4.0539128396376491E-003
  0.48320786026157780        1.1603254861881261E-002
  0.51028175954122335       -2.0566632077150596E-002
  0.55864009430996531       -1.2701386721718732E-002
  0.65877726697634587       -4.1639714671229781E-003
  0.62844586036072947       -1.2944937963955926E-003
  0.56516428648433403       -5.6288340745692606E-003
  0.46984069021805475       -4.6381131940633384E-003
  0.36734737017225766       -1.8425442309917390E-003
  0.19185421580395673       -6.4994435822044718E-003
  0.31191901868806304       -1.5193500429710259E-003
  0.32425754089936221       -1.0268789279195456E-003
  0.21850070323818838       -2.8028151825057441E-004
  0.93910166228621028        5.2825112062993246E-004
  0.87997083276312538       -2.3291142227196697E-004
  0.95777402852666005       -1.0360885492778609E-003
  0.96106498953056207        2.9107282886670050E-005
  0.95797204875492115       -2.7870839953360914E-003
  0.90577951119072231        1.0504469837238101E-003
  0.11865064567492298        1.2428388263224378E-003
  0.17134514050865471       -2.6804108066335843E-004
  -3.3314380639361485E-002   5.3309663252945824E-003
   7.0577905633658039E-002  -1.7674594537552189E-004
  0.17815682482432210        1.4058700887975260E-003
  0.14935652348091247        3.4385848994467221E-003
  -9.4429766167615226E-002   7.1561491682741601E-004
  0.25807653244548234       -1.9313477136490538E-003
   2.6583958000962055E-002   4.6256906650562378E-004
  0.40715964142647609        1.7706911728363754E-002
  0.44819022379046258        8.3064049308213578E-004
  0.55684663112655852       -9.0239836387568228E-003
  0.50842808223191038        2.1763725522982606E-002
  0.44643263170170366       -7.8960665841218552E-003
  0.23297144122116131        8.2147199687336817E-002
  -7.5313588503709977E-002   1.4764253058574511E-003
   4.8433485813682009E-002   4.5253359407055623E-004
  0.10979911739412840        9.6129781111855802E-004
  -4.9972537358014241E-002   1.1174027867113141E-003
   7.4305116800814391E-002   4.3087592295885479E-004
  -1.3895171134956502E-002  -2.2641791912794453E-003
  0.15764858847275551       -1.7650548315984085E-003
   7.2624153857745968E-002   8.1385757764911872E-004
  -1.0385000229089305E-002  -4.3943034735775886E-004
  0.57008665682547299       -6.3980360992366920E-003
  0.62769226949063128       -2.4152062409891399E-004
  0.71968046949715914       -1.6801410417189593E-004
  0.69691001960275978        3.3360350109583664E-003
  0.63573685572597360        4.1850298004085691E-003
   1.8874662850668543E-002  0.15366162381360923     
  -2.6221282122032626E-002   9.2524625267465410E-002
   5.5971615704950503E-002  0.11551612918117631     
   6.4064928273292299E-002  0.16378948154012907     
   1.0861348737805055E-002  0.16060041294835464     
   4.2419727501081847E-002   4.9557197440978550E-002
  0.16296691481002676        3.7410694713585532E-002
   7.2900460770424794E-002   4.7976232722304335E-002
  -3.1013579377627970E-002   6.5191784758076146E-002
   1.5006758520238472E-003   6.2451256859090268E-002
  -9.8784436741635034E-002   8.2339747719577638E-002
  0.27768599632771523        1.3401480297468547E-003
  0.33188098840048919       -2.2287743463634928E-003
  0.14118750783222053        4.6502114942599477E-003
  0.29927900779555100       -5.4593737072498264E-003
  0.19082254373006693       -2.8915610890522516E-003
  0.36433116410530714       -3.4230545147837048E-003
  0.30313078862327253       -3.1479813156236563E-003
  0.20398761387847197        1.0378312096303243E-003
  0.14617590226865113        7.8589178373334942E-004
  0.20160834289911272        8.1466062100912489E-003
  -2.6691277006210878E-002  -1.6584863994053397E-002
  0.16039353020810476       -1.3931294641972591E-003
   9.6864935197672197E-002   5.5444735493517883E-003
  0.20034657496984173        9.1762047814772235E-003
  0.18419479205431222       -1.2828109273727184E-002
  -2.6892807625388176E-002   3.2156347579018912E-003
  0.24054870571852624       -1.6253284049114482E-003
   7.0983980382776091E-003   7.0115968919918338E-003
  0.95193017437059779       -9.8763709137592026E-004
  0.96889835940318270       -4.1869643802628563E-004
  0.97088396629890861        2.6979917087478181E-003
  0.96757916508323338       -2.0610140261236542E-002
  0.91975255072164008        1.2452667861203354E-003
  0.46183212408219676        1.2527483998860428E-003
  0.37587453666162296       -1.7301745083221845E-004
  0.51668518884028769       -3.1242440398636237E-003
  0.48932165617140505       -1.7347450135841900E-003
  0.57557470578669179        2.6230552523900720E-003
  -6.3509327973850116E-002   2.6299998063288428E-002
  -2.9319637350423061E-002   3.0246794274645942E-002
   5.3833115389453068E-003   1.8192433725313806E-002
  -8.2547226220088560E-002   3.6811161512725413E-002
  -7.0191121188490357E-003   2.2100578287264510E-002
   3.7114101555016293E-002   3.8172727753038857E-002
  0.17245061743170981        3.4166946097695702E-002
   3.2542381954475119E-002   3.9101947776732475E-002
  -8.2889864075623487E-002   3.1988908536078074E-002
  -3.3409871657942292E-002   1.7970343024593889E-002
  0.12973868270723757       -1.9788785958775273E-003
   4.4297038801410671E-002   3.0912012073850120E-003
  0.14335592839171965       -1.0990283110258188E-003
   1.8835207202087853E-002  -6.3503376515465252E-003
  0.15410568128043453       -6.4708599269172379E-004
   6.6059812147894970E-002  -7.8571204327096563E-004
   4.5802791969918558E-002   9.8326762151727080E-003
  0.72974709244042557        4.4944733756782226E-003
  0.85306691954840208        4.1619556586150374E-005
  0.83340411067280185        1.0181072196445450E-004
  0.79031979629919780        9.7886086240164469E-004
  0.82078355125822444        1.4547404301936036E-003
  0.43170312008890138       -6.6559077245274684E-002
  0.47490464676877858        1.2596067335274474E-002
  0.59071213183230520        7.0879289311199635E-003
  0.55010421037106694        6.6438648602652759E-003
  0.48068306496713420       -5.4175284405365660E-003
  0.39691751326145741        2.9433060817074527E-002
  0.25720815386160040        2.5771873650454365E-003
  0.42304686963031313       -1.3529777179666987E-003
  0.60909751773325549       -1.1808690353571833E-003
  0.46758220169010833        7.4402037411422828E-004
  0.35860930497495913        7.6328347695225137E-004
  0.65629697597332703        2.6846181032148721E-003
  0.70560166421608650        1.0945867007753183E-002
  0.77682196529884262        2.3432810183311586E-003
  0.75287208093048341       -3.2395965922499021E-004
  0.70697889813785952       -4.8797874420135490E-003
  0.75082385238538829       -5.2858658594888007E-004
   7.1969047848804410E-002  -3.0756226850504678E-003
  -4.2359406106439658E-002  -2.6960714250803385E-003
  -2.3547415986182769E-002  -1.8727780249503010E-003
  0.30475254861589246       -6.5629287989389468E-002
  0.34715925262346092        3.7236779886469638E-002
  0.47658672587699513        2.3331244339242788E-002
  0.40854324564741440        5.3890500421188120E-002
  0.34017342302530895       -2.5957776823408510E-002
  0.17800241698089259        1.1119219847883991E-003
  0.26240467083302660        4.7128949035861690E-003
   2.5750671555000132E-002   9.8461162684642806E-002
  0.14146532109107551        7.6485740926834231E-002
  -1.7145849532526153E-002  0.10454917800673171     
   7.7369773785468665E-002  0.11754210326410783     
  -9.9455613658528591E-002  0.11888509311478077     
   9.0449792217248470E-002   9.7090992999645923E-002
   3.2785272256235232E-003  0.10509869906497141     
  0.11784719672058995        8.2660410074114427E-002
  0.33319746233192871        5.3228857593158180E-002
  0.21126944643691292        7.3020605151964693E-002
  0.14527159216085045        7.8166746204510071E-002
  0.18727372573122170        9.1071406014058096E-002
   3.2443642881798962E-002   9.4915412526753465E-002
  -5.7249060825290882E-002  0.12187381817133008     
  0.51730964926668155        9.4451464532240188E-003
  0.63210670892237697        1.1453759532210719E-003
  0.59381884063776458        3.0972946582373577E-004
  0.55132196985641058        4.0459565148590155E-003
  0.57347138726876890       -2.9440414659286200E-003
  -1.2870690866161022E-002  -3.3425157168294802E-003
   4.0892700155454639E-002  -3.8818913480724538E-003
  0.13668331597007377        8.9833006876898162E-003
  0.17641688902882005       -1.3661553311033220E-002
  0.20574337712673293       -8.8073565653271145E-004
   1.5720491323237273E-004   4.9149835120062069E-003
  0.12302579274610216       -2.4785332552559099E-003
  -9.1089989185487066E-002  -4.2505274616567703E-004
  -1.2804322278274327E-002  -1.3171948025796579E-003
   1.3766453632643574E-002  -1.8023279581236178E-003
  -8.7127211532288654E-002   8.3129325865411764E-004
  -7.0630079621038400E-002   1.6411836388117915E-003
   2.3227197161100555E-002  0.11128465476742398     
  0.23124792845471465        8.4916412160106983E-004
  0.28149775510900854       -5.4668864384596884E-005
   2.0401847974210768E-002  -1.3352013552095448E-003
  0.26177881006907877       -4.2244938179285637E-004
  0.16670691353229791       -3.3303824079798957E-003
  0.30185695538331214        2.9710001599958600E-004
  0.25623488037215847        4.4567733278943306E-004
  0.15553830678671432       -2.3710797897497052E-003
  0.16027278527044161        9.8087097748654267E-004
  0.26462255588197403        9.4037645013731136E-004
  0.29104720758969560        1.0679193046887114E-003
  0.15472368758360122       -1.1549248023281166E-003
  0.20247469545118968        1.8992592505824720E-003
  -7.7959623800764294E-002   1.1148198628110624E-003
   6.2632105502427871E-003  -1.3085628101525500E-003
  0.39415203217439199       -8.5020807505557317E-004
  0.32627124179591011       -1.5506346889086720E-004
  0.44254695059155480       -5.1013352026934482E-003
  0.42591312340318582       -2.5845571095877728E-003
  0.47115193185428950        4.6924016013175840E-003
  0.55201761725647924        2.4799101011279450E-002
  0.59839568801931509        8.4751966823167141E-004
  0.68627545680081370       -1.8370760649632202E-002
  0.65681289829162270       -1.0370612665447969E-002
  0.60164005193633374       -6.4404368176136234E-003
  0.49231012664100859        2.5476774128805581E-002
  -1.1560311795330624E-002   1.9621664489074078E-003
   5.8094960372400001E-002  -8.6461834010806492E-004
  0.17244749427318462       -6.8462720169913715E-004
  -6.4574715336039867E-003   3.7369930714168309E-003
  0.12098412138900888        8.6660225717047866E-004
  0.49472137303271563       -5.3442707312885435E-003
  0.53759812930873319        3.7478703672659777E-002
  0.62496196891899713       -2.1772687804446937E-003
  0.58683609443036100        1.0759656352642602E-003
  0.53405836567632536        4.2652573153633314E-002
  0.42572478552133186       -3.3462569972034603E-002
  0.17516814192739244       -5.4098435224847240E-003
  0.29083269654531563        1.0679439633908623E-003
  0.32940916500852641       -1.1953104522261194E-003
  0.14632265565708449        8.8012785027625573E-004
  0.23306428781934641        8.7154376573935952E-004
