 -0.754320264       2.70701461E-02
 -0.724734902       4.47030701E-02
 -0.742790341       2.86799949E-02
 -0.751087308       2.41102763E-02
 -0.748276234       4.33861502E-02
 -0.752894640       5.09872809E-02
  0.700518787      -3.03858202E-02
  0.683020651      -3.71708386E-02
  0.738579750      -5.24536297E-02
  0.716340721      -3.43128517E-02
  0.670492649      -4.29042876E-02
  0.696665049      -3.57277505E-02
  0.728148699      -5.20547070E-02
  0.751165152       4.69563417E-02
  0.734964848       3.13453674E-02
  0.724021137       6.43007755E-02
  0.749564052       6.11776002E-02
  0.749108672       4.22847569E-02
  0.720595360      -4.79087904E-02
  0.706505477      -5.60657158E-02
  0.747424245      -7.31196478E-02
  0.749104857     -0.138923645    
  0.723634005     -0.203890458    
  0.732980490      -5.18113002E-02
  0.692010880      -6.96256682E-02
  0.717714250      -4.85796370E-02
  0.737862170      -6.34714812E-02
 -0.748199821      -6.65162057E-02
 -0.715549827     -0.265893638    
 -0.753925443      -7.46656880E-02
 -0.747940004      -6.94662556E-02
 -0.735258222      -8.69862884E-02
 -0.752041221      -6.44826367E-02
 -0.487815320     -0.116715349    
 -0.517908990     -0.120985933    
 -0.455012172     -0.135105222    
 -0.533706069     -0.134717271    
  0.275697947      -9.13321748E-02
  0.145511061     -0.222892195    
  0.224505931      -7.01221377E-02
  0.282122374      -9.76051465E-02
  0.164277166      -9.61549282E-02
  0.352641702      0.160104647    
  0.309206873       3.88030820E-02
  0.352138788       5.17905727E-02
  0.257430911       4.82647605E-02
  0.403019249       9.54604745E-02
  0.325616062       4.49018218E-02
  0.267840236       4.54595499E-02
  0.752941310     -0.147256419    
  0.736096859     -0.152876824    
  0.744211257     -0.136180013    
  0.754023075     -0.210997626    
  0.743825436     -0.159340844    
  0.241402239       2.76553780E-02
   3.76758873E-02   3.01149115E-02
  -1.92286074E-02   3.21221687E-02
  -7.68527091E-02   3.61414813E-02
  0.286763191       3.53158861E-02
  0.732505500       4.17055972E-02
  0.205668330       3.14471908E-02
  0.550716341       1.94739234E-02
  0.203454763       3.69438641E-02
  0.129646778       3.43454070E-02
  0.201825261       2.99726967E-02
  0.601421177       2.09585726E-02
  0.744715214       4.72351275E-02
  0.754629791       3.38495374E-02
  0.757011175       2.64971014E-02
  0.752169728       7.16292858E-02
  0.755434871       4.92483228E-02
  0.755198658       2.97559537E-02
  -4.82424200E-02   2.91377921E-02
  0.115994304       4.84017320E-02
 -0.213007420       2.58468743E-02
 -0.264589012       3.27375829E-02
 -0.139970034       2.11147908E-02
  -5.90367615E-02   2.44347174E-02
 -0.122794122       2.46237163E-02
 -0.737841427      -7.46415779E-02
 -0.709148526      -9.03460011E-02
 -0.727072060      -6.57027885E-02
 -0.739932537      -8.53464529E-02
 -0.731197119      -6.14167042E-02
 -0.755834579      -3.06887701E-02
 -0.739146948      -5.04193716E-02
 -0.752213061      -3.10627017E-02
 -0.756499529      -4.33353484E-02
 -0.734812498      -5.47613464E-02
 -0.756043077      -4.80380468E-02
 -0.753788471      -2.96415444E-02
  0.756705284      -1.68737080E-02
  0.738770723      -3.30927409E-02
  0.733065963      -2.24497449E-02
  0.756398559      -3.02072186E-02
  0.750319004      -1.61095150E-02
  0.741541862      -2.74718814E-02
  0.600060940      -3.33116651E-02
  0.749939442      -3.86791900E-02
  0.723924100      -2.09281929E-02
  0.662223160      -3.45335305E-02
  0.744536281      -4.11682166E-02
 -0.326643348       5.23952432E-02
 -0.474771380       2.84483247E-02
 -0.423434436      0.101008229    
 -0.502140760       3.55620421E-02
 -0.428698629       2.76636370E-02
 -0.353753686       4.68064882E-02
 -0.411053479       3.28706838E-02
 -0.573583364       4.36077490E-02
 -0.472543538       2.91814469E-02
 -0.500525653       2.62972619E-02
 -0.534257412       3.21337506E-02
 -0.555738866       5.63299172E-02
  0.335543215      -2.56914813E-02
  0.316379845      -2.63584722E-02
  0.142527550      -4.61685508E-02
  0.398548543      -3.86408083E-02
  0.289207160      -2.34547239E-02
  0.363516539      -3.75611112E-02
  0.224468082      -3.26312371E-02
  0.730956376     -0.108293086    
  0.700633287      -8.67516771E-02
  0.681502461     -0.283508301    
  0.706514239     -0.139521345    
  0.712409079      -8.82378444E-02
  0.738188505     -0.147673279    
  0.663116872     -0.112031788    
  0.712041676      -8.80063474E-02
 -0.747381866      -2.20183935E-02
 -0.754664660      -4.67419140E-02
 -0.682883084      -4.83914353E-02
 -0.753966153      -2.57585123E-02
 -0.746459842      -3.80196273E-02
 -0.756609082      -4.24519666E-02
 -0.732784569      -2.99186856E-02
 -0.752388835      -2.51771528E-02
 -0.679370880       2.77097393E-02
 -0.599908054       2.94637643E-02
 -0.631666005       2.26042029E-02
 -0.658774316       2.23817714E-02
 -0.666655004       4.70105633E-02
  0.691678166      -1.58137381E-02
  0.643323123      -2.68221200E-02
  0.751778483      -2.73479111E-02
  0.586865246      -2.90567074E-02
  0.720862150      -1.71965901E-02
  0.630060136      -2.21769568E-02
  0.734732985      -3.21988016E-02
  0.677736998      -3.40399221E-02
  0.747236371      -2.42886152E-02
  0.521013618      -3.04795783E-02
  0.753201425      -4.63717356E-02
 -0.546517491      -4.44208346E-02
 -0.498122126      -8.61580074E-02
 -0.463424653      -5.62794209E-02
 -0.561065197      -5.90143241E-02
 -0.512865067      -3.77258025E-02
 -0.589368165      -6.27870113E-02
 -0.708433688     -0.181315228    
 -0.663982749     -0.225405291    
 -0.686586440     -0.175658554    
 -0.702692866      0.594343424    
 -0.693571806     -0.185265556    
 -0.733968139       3.07502411E-02
 -0.688998222       3.94469947E-02
 -0.710338712       2.74845175E-02
 -0.725089133       2.58066189E-02
 -0.722261071       4.35296372E-02
   9.42214429E-02   2.65682358E-02
  0.201734155       4.19428721E-02
  -6.43305480E-02   3.08705010E-02
  0.320525736       4.53844778E-02
 -0.132327676       3.93032245E-02
   1.61907673E-02   2.24465579E-02
   9.84808803E-02   2.32562851E-02
   2.88562477E-02   2.51474380E-02
 -0.321937382       3.17175649E-02
  0.137528241       2.68848147E-02
 -0.125724614       2.74777636E-02
 -0.187112778       2.57230457E-02
 -0.238129169       2.62179822E-02
  0.118737370       2.88343746E-02
  0.645990074      0.191421449    
  0.712149918      0.131665125    
  0.673920512       7.44308755E-02
  0.665569544      0.105077125    
  0.701992512      0.152016982    
  0.119428933      0.131031707    
  0.178729504       8.34101140E-02
   2.27043629E-02   5.70984259E-02
  -2.86844373E-02   7.74690285E-02
   7.94962943E-02  0.217366710    
  0.184091687      0.139295995    
  0.652493417      -2.36669425E-02
  0.630418718      -2.91945990E-02
  0.718542337      -4.70025428E-02
  0.676270306      -2.84682773E-02
  0.616404772      -3.06996182E-02
  0.649675071      -3.15844081E-02
  0.728806615      -4.84852754E-02
  0.520169437      -5.14251590E-02
  0.707586765      -5.35816476E-02
 -0.599899948       2.26670150E-02
  -8.34352076E-02   2.87083909E-02
 -0.406559050       2.77889222E-02
 -0.483994067       2.21284162E-02
 -0.545996189       1.94582157E-02
 -0.751022577       3.32477838E-02
 -0.359497905       2.47225091E-02
   6.88039958E-02  -5.22654541E-02
   7.08036125E-02 -0.114032678    
  -2.41174102E-02  -4.39523011E-02
  0.113251716      -6.80620894E-02
   1.08006001E-02  -4.24136743E-02
  -3.27122211E-03  -9.02345255E-02
 -0.231184155       3.61876972E-02
 -0.403244615       2.26482991E-02
 -0.438845187       2.76950542E-02
 -0.341723800       2.15451531E-02
 -0.269275218       2.90057007E-02
 -0.319413662       2.63205040E-02
  0.580035686      0.235334396    
  0.568665504       8.05263519E-02
  0.592350125       7.66288787E-02
  0.638795853      0.113485724    
  0.490395933      0.126712799    
  0.603500545      0.108105704    
  0.584444106       8.47304314E-02
  0.516141415      0.127861574    
  0.706708670       3.23186144E-02
  0.729991674       2.78735887E-02
  0.747503519       2.22509857E-02
  0.735258162       4.89158928E-02
  0.731196642       2.02777497E-02
  0.723789215      -8.85486081E-02
  0.710644960     -0.101648696    
  0.750236392     -0.124697365    
  0.746809661     -0.239635661    
  0.736786366      -9.39301848E-02
  0.690697193     -0.120478593    
  0.721904397      -8.53316560E-02
  0.739181161     -0.108207919    
  0.584301353      -3.06649711E-02
  0.521520019      -2.20754296E-02
  0.377846062      -4.19051573E-02
  0.544162154      -2.19436828E-02
  0.484816551      -2.31440086E-02
  0.574074686      -4.10843566E-02
 -0.278991044       3.76484841E-02
  0.146379739       2.91584581E-02
  -7.41179883E-02   2.77131200E-02
 -0.128043324       2.79031396E-02
 -0.182025492       3.10697071E-02
 -0.741746187      0.153327331    
 -0.747029543      0.151783779    
 -0.749691546      0.255753338    
 -0.709079146      0.198004693    
 -0.744284153       1.10270500    
 -0.351719528       4.05685306E-02
 -0.681842327       1.74407698E-02
 -0.745283842       2.87455972E-02
 -0.702574849       1.79685503E-02
 -0.751834393       5.54712936E-02
 -0.615882635       2.30912734E-02
 -0.586280346       2.51523480E-02
 -0.555462003       3.27002965E-02
  0.713727236       5.91759086E-02
  0.729223073       4.34221700E-02
  0.742006361       4.65452485E-02
  0.753358066      0.112276159    
  0.727672398       4.74373475E-02
  0.655217052     -0.134679481    
  0.638477564     -0.146504775    
  0.685463309     -0.148465768    
  0.616181910     -0.161859468    
  0.653416038     -0.142597064    
  0.690513015     -0.248755559    
  0.571830273      -1.85736697E-02
  0.542193949      -2.45813858E-02
  0.693343937      -4.02694382E-02
  0.398323864      -3.85596305E-02
  0.610434413      -2.32206006E-02
  0.521607697      -2.23351512E-02
  0.577165484      -3.10519189E-02
  0.665682852      -3.74933854E-02
  0.434690356      -3.39504257E-02
  0.701337755      -5.55677488E-02
  0.535174012      0.191446200    
  0.560985327      0.199788392    
  0.628280640      0.199056223    
  0.572486758      0.368958503    
  0.552154601      0.166660652    
  0.214767665     -0.226968229    
  0.116751581     -0.258586973    
  0.160016239     -0.186683059    
  0.132013172      0.852615654    
 -0.219579488       4.24305759E-02
 -0.355994433       3.05522755E-02
 -0.319377780       9.93900076E-02
 -0.394022644       3.98745351E-02
 -0.302948534       2.59178113E-02
 -0.230340987       4.05369252E-02
 -0.287447721       2.95142643E-02
 -0.529264927       3.91726531E-02
 -0.485963821      0.109202445    
 -0.552399695       4.87443432E-02
 -0.626966476      0.108005002    
 -0.489752740       3.98024172E-02
 -0.388173640       6.81731477E-02
 -0.474071145       4.66076359E-02
  0.555523574      -2.06131581E-02
  0.465396881      -2.03504544E-02
  0.243741095      -2.79198885E-02
  0.231484175      -3.01334057E-02
  0.500168562      -1.70265380E-02
  0.196290642      -2.77272947E-02
  0.393682718      -1.65199693E-02
  0.597611845      -4.57781926E-02
   9.14301574E-02  0.143536747    
  -4.69619036E-03   5.94735183E-02
  -5.29074073E-02   8.02538842E-02
   5.18812537E-02  0.230538607    
  0.161012292      0.157590672    
 -0.152817190      0.467047274    
 -0.302984446      0.267092079    
 -0.199442595     -0.257865936    
 -0.223849505      0.331219554    
 -0.212360889      0.457310379    
  0.505543292      -5.22256158E-02
  0.554680347      -7.34072849E-02
  0.467978597      -5.09012192E-02
  0.507409275      -5.09052649E-02
  0.381289124      -8.43106806E-02
  0.595219016       2.68162526E-02
  0.663301587       2.90424712E-02
  0.426319808       2.92783435E-02
  0.716787755       2.06752270E-02
  0.458645791       2.99533401E-02
  0.494740397       2.73275934E-02
  0.653655291       1.55415563E-02
  0.455675721       3.42855491E-02
   9.18608606E-02   2.94237565E-02
  0.417774856       3.78484577E-02
 -0.393774331       1.86704341E-02
  0.442250162       2.50955094E-02
 -0.742696047       3.07232775E-02
 -0.479388118       1.95764024E-02
 -0.202945501       2.07434595E-02
   1.01927221E-02   1.61944330E-02
 -0.140749037       2.84583215E-02
  0.740621269      0.183442205    
  0.721940041      0.120929830    
  0.715778708      0.210086584    
  0.735286951      0.228559688    
  0.744831622      0.140287176    
 -0.510323107       5.29390313E-02
 -0.380807787       2.96890866E-02
 -0.409663975       2.91911494E-02
 -0.450902760       3.89036983E-02
 -0.486792594       6.70610890E-02
 -0.368395954       2.69156657E-02
  0.178421289       2.44112741E-02
 -0.155751526       2.85200439E-02
 -0.232176051       2.49772537E-02
 -0.285036206       2.30313484E-02
  0.134096622       2.38389615E-02
 -0.420395404       6.58910125E-02
 -0.609612942       2.69781612E-02
 -0.542700946      0.113665208    
 -0.689349115       5.67186624E-02
 -0.626707196       3.11760940E-02
 -0.678840280       7.24810958E-02
 -0.571397185       3.20248455E-02
 -0.492738545       5.33736944E-02
 -0.549981296       4.07185033E-02
  0.756898582      -3.69652174E-02
  0.751531124      -5.61754107E-02
  0.753556252      -4.16062213E-02
  0.752665818      -8.58421773E-02
  0.756552339      -3.37375030E-02
  0.743980289      -6.36223927E-02
  0.755877733      -4.62816991E-02
  0.743808270      -5.97400069E-02
  0.756034851      -4.26000915E-02
  0.699061871       4.81133498E-02
  0.588115215       2.12398712E-02
  0.357230127       4.76572402E-02
  0.586146355       6.08453490E-02
  0.629304528       2.88020447E-02
 -0.501635015       3.88303101E-02
 -0.121448904       4.67381515E-02
 -0.369238317       2.61768326E-02
 -0.405064344       2.44304072E-02
 -0.447637826       2.91033480E-02
 -0.516885102       6.20271899E-02
  0.735151410      0.345686138    
  0.752396107      0.129375115    
  0.756981611       8.38993117E-02
  0.753916025       7.04054609E-02
  0.750668108      0.121584207    
  0.756620765       9.60933045E-02
 -0.721863985       1.94432456E-02
 -0.201224655       2.81038545E-02
 -0.535202086       3.05446852E-02
 -0.629024267       2.23779846E-02
 -0.690143406       1.76100470E-02
 -0.750285804       2.89524775E-02
 -0.676037788       2.19077114E-02
 -0.721532702      -3.88444737E-02
 -0.753605545      -1.88511461E-02
 -0.747815192      -3.75639126E-02
 -0.695066690      -4.04410325E-02
 -0.756957889      -2.15642005E-02
 -0.751932859      -3.94101441E-02
 -0.753693402      -3.19213495E-02
 -0.740351439      -2.65196189E-02
 -0.756465554      -2.23854538E-02
 -0.741188645       2.17322707E-02
 -0.751024246       5.18958829E-02
 -0.755418539       3.10130138E-02
 -0.746902585       2.14247573E-02
 -0.753843427       4.80132401E-02
 -0.714787722       3.47871631E-02
 -0.676993489       4.92609367E-02
 -0.703441858       3.51451598E-02
 -0.646910667       3.64093259E-02
 -0.669606209       2.73250453E-02
 -0.688938081       2.81063076E-02
 -0.688025892       4.52833772E-02
  -5.97986579E-03  -4.55220006E-02
 -0.257643878      -6.21392652E-02
   2.17118859E-02 -0.116330162    
 -0.106834561      -3.38592939E-02
   3.21436226E-02  -5.66555485E-02
 -0.154485941      -4.56440188E-02
  -7.37517774E-02  -3.29357758E-02
 -0.111659259     -0.148389652    
  -8.10467303E-02  -8.35277587E-02
 -0.218390405      -6.15928285E-02
  0.343147993      -2.23944299E-02
  0.262568295      -2.17811633E-02
  -6.58314228E-02  -2.47461293E-02
   2.38645971E-02  -2.57137120E-02
  0.282917529      -1.84364282E-02
  -3.87840271E-02  -2.32965425E-02
  0.145936877      -1.56004345E-02
 -0.204879850      -3.22480872E-02
  0.519841552       2.75854822E-02
  0.555335224       2.97116078E-02
  0.601949215       3.70731130E-02
  0.459034562       3.84466350E-02
  0.585793972       5.41398227E-02
  0.540548444       2.39318348E-02
  0.462891787       3.96661013E-02
  0.723575234       3.38523388E-02
  0.754969954       3.33383046E-02
  0.752863884       2.88329851E-02
  0.736913681       1.83775760E-02
  0.677890062       2.83458475E-02
  0.653848410       3.20785008E-02
  0.755604863       1.67806651E-02
  0.752827764       8.11228156E-02
  0.757022858       5.17549776E-02
  0.754036248       4.17120792E-02
  0.749580801       8.05926025E-02
  0.756796002       6.30374327E-02
  0.757018983       5.44037297E-02
 -0.228364050       3.40136923E-02
 -0.467292726       1.90826859E-02
 -0.663512588       3.87020558E-02
 -0.505248010       2.17513926E-02
 -0.388332635       2.02318244E-02
 -0.310883909       2.30767801E-02
 -0.352573276       2.63811331E-02
  0.654865980      -5.85791990E-02
  0.638300240      -5.83199933E-02
  0.723854899     -0.101455845    
  0.667155981     -0.243501544    
  0.679290056      -7.13381395E-02
  0.621456742      -7.21095726E-02
  0.652921736      -5.48844673E-02
  0.692566872      -9.50620994E-02
  0.730076075       4.99787889E-02
  0.698497713       2.77661067E-02
  0.687130988       5.76590337E-02
  0.729308486       6.68949485E-02
  0.720833898       4.12588455E-02
  0.719714642       3.54007259E-02
  0.738486350       2.88737919E-02
  0.751401067       2.34559271E-02
  0.754875064       7.66068548E-02
  0.648115516       4.90844063E-02
  0.741972327       4.77484949E-02
  0.739578128       2.25637984E-02
  0.151313961       2.61050090E-02
  0.341710150       3.62903476E-02
 -0.134239435       2.14641262E-02
 -0.202143371       2.41736658E-02
  -9.25666094E-03   2.02291980E-02
  0.143407941       1.66235678E-02
   1.30330622E-02   2.59069279E-02
 -0.279213905       4.60564457E-02
 -0.422853649       2.82314047E-02
 -0.376587629       9.98409465E-02
 -0.454610765       3.58928144E-02
 -0.373051763       2.59410404E-02
 -0.300354898       4.19465080E-02
 -0.355936289       3.03925369E-02
  0.425524116      -2.63931416E-02
  0.477483511      -3.86106558E-02
  0.382429987      -2.56242193E-02
  0.440147161      -3.54311168E-02
  0.314133406      -3.90036814E-02
 -0.427869141       3.14185619E-02
  -7.44447112E-03   3.21139321E-02
 -0.254769921       2.59650201E-02
 -0.307903558       2.37509161E-02
 -0.359567761       2.50457563E-02
  -8.58248770E-02   3.27353477E-02
  0.748509526       3.78389731E-02
  0.756689966       3.28543894E-02
  0.736183643       1.86671820E-02
  0.757055819       5.74722514E-02
  0.751728535       1.92070175E-02
  0.757003069      -4.13334034E-02
  0.752349317      -6.19477145E-02
  0.753038466      -4.53591123E-02
  0.752651572      -8.79695266E-02
  0.756285548      -3.74082364E-02
  0.744063258      -7.00180531E-02
  0.756296873      -4.98983450E-02
  0.741517484      -6.51205629E-02
  0.755759060      -4.49155793E-02
 -0.587680936       2.55944859E-02
 -0.173188567       3.53315584E-02
 -0.443974912       2.63082348E-02
 -0.497136354       2.15880107E-02
 -0.544345915       2.08980758E-02
 -0.419382304       3.18176560E-02
  0.729781568       4.25720885E-02
  0.686285377       2.20012944E-02
  0.670848310       5.81065603E-02
  0.734435916       6.42260686E-02
  0.711587906       2.96873767E-02
