 cosx vtec
  0.64498317459019483        3.1388095203105523E-002
  0.72417937466340199        1.1266557126342261E-002
  0.68375493358718376        1.6147304182509994E-002
  0.66023110466369050        2.6590208887822465E-002
  0.62669239302604152        2.7965496839924199E-002
  0.57892137721007131        4.8858144319178523E-002
  0.30276731921514766       -1.2897270245265243E-003
  0.35202833161164293       -1.5853890733796313E-003
  0.44028653596482992        2.7911010227498938E-003
  0.38988214682259892        2.5617719413499748E-004
  0.31027532096252325        1.3981685127904576E-003
  0.42735211263228084       -5.1007868414364495E-003
  -8.6379801311708096E-002   4.0766235908728171E-004
  -5.8906852432377421E-002  0.10729922832570163     
  -9.1812329873448506E-002  0.12261495911962182     
   9.9986829554296053E-003  0.10407521999405821     
  -1.1198081881488353E-002   7.9455081797138630E-002
  -5.1306127019146303E-002  0.11227182130513493     
  0.24544217385450989        1.5687779507678255E-003
  0.46948868639705743        2.7623175054397550E-003
  0.32148332378265343        4.0197458449612528E-003
  0.33582214008185696       -4.7835043372671920E-004
  0.32051920275449131       -3.4377783499088652E-003
  0.94869038184036514       -2.7604670143527199E-003
  0.98793143814636752       -1.1527491207212459E-004
  0.99249653887545686       -1.3811317215394021E-003
  0.98413245545326400        4.4922859168688416E-003
  0.92767454394677318       -1.2436391499969313E-003
  0.69513884616840738        2.0479110461447654E-004
  0.85574205422349980       -4.5297425071958546E-003
  0.84035541052075513        3.3594982712548912E-003
  0.94180170453142886       -1.0845568661108529E-002
  0.93645745160630844        2.4618362171800252E-002
  0.88994361349349937       -3.8686800322529163E-002
  0.81800606750501847        4.1191537438215890E-004
  0.30682834490754518        2.3041674179984772E-003
  0.32948526877256845       -2.7525199677435008E-004
  0.40041086865209585       -1.2724938539822386E-003
  0.35792177788953405       -2.9124891541573404E-003
  0.28976468955482831        1.6272398366837053E-003
  0.38306005903232110       -1.8118724865727565E-004
  0.18420574438690540       0.16537621692818413     
  0.26209754677551539       0.15934392381651821     
  0.30676392583295853        2.5444023499378923E-002
  0.21151699840259225       0.16245428121964881     
  0.25127887381171454       0.15838180996555629     
  0.18477307243170765       0.16540010551223430     
  0.16510595561952351       0.19077796878947312     
  0.19853204249383150       0.19748407119543368     
  0.12141863307449641       0.19677924073786038     
   9.4861773006470917E-002  0.19784547479312053     
  0.89551575566311703        7.1904269094688437E-003
  0.92332729365419064       -4.0428397746459149E-004
  0.91532666359904935        8.0264766956408590E-004
  0.90848160738116457       -4.8977605447199585E-004
  0.86165816061543099       -4.6278575108834206E-003
  0.83970196829904709       -1.9673738106778019E-003
  0.88955753822638040        3.1601492638171458E-003
  0.87083384505978212       -3.5944424831929598E-003
  0.85467122068039081       -4.0640839485871225E-003
  0.81553335731982579        8.8320842817718771E-003
   7.1843211301868826E-002   3.9713315750270527E-003
  0.25042207957525919        1.5067994553094507E-004
  0.11430798354189764       -6.6718014027117778E-004
  0.14804775743400234        4.4953568808341338E-003
  0.12145087916665970       -1.1062818537919612E-003
   5.4010707811706860E-002  -4.5443046438902509E-003
  0.71034595655896327        7.7012684142695968E-003
  0.76969859444470057        2.1670522914370286E-003
  0.74249399539846195        1.8489583781809297E-003
  0.72468599739746420        4.0539128396376491E-003
  0.68901073460288642        1.1603254861881261E-002
  0.13826387108372329       0.15621543594884907     
  0.13147503437849833       0.16669204073483934     
  0.21950250197917065       0.15831919765343447     
  0.16117386456336058       0.15216228660618406     
  0.19854672201504364       0.14958327736875440     
  0.13519047512426580       0.15520144799549179     
  0.94083278394853842       -2.0566632077150596E-002
  0.95133250148958348       -1.2701386721718732E-002
  0.98817354937754565       -4.1639714671229781E-003
  0.98103981625512582       -1.2944937963955926E-003
  0.96200461756624400       -5.6288340745692606E-003
  0.92261372465554781       -4.6381131940633384E-003
  0.33774291665192735       -1.8425442309917390E-003
  0.29490421488199026       -6.4994435822044718E-003
  0.38531722060192103       -1.5193500429710259E-003
  0.33805275649503225       -1.0268789279195456E-003
  0.26991885314759390       -2.8028151825057441E-004
  0.77758087149418198        5.2825112062993246E-004
  0.86545236915192070       -2.3291142227196697E-004
  0.86376561321046597       -1.0360885492778609E-003
  0.88997714911233006        2.9107282886670050E-005
  0.74334383446629881       -2.7870839953360914E-003
  0.77515207345130366        1.0504469837238101E-003
  0.88215998783565674        1.7706911728363754E-002
  0.91780776050869206        8.3064049308213578E-004
  0.95034647226476565       -9.0239836387568228E-003
  0.92846046481567435        2.1763725522982606E-002
  0.90183506293426619       -7.8960665841218552E-003
  0.78751982360914308        8.2147199687336817E-002
  0.22086249167420907       0.17979436456887404     
  0.30244180595316733       0.16086609414302988     
  0.33522379978416084       0.16159190962225733     
  0.25748421121892839       0.16379153790527184     
  0.30295943009650916       0.16523917677199620     
  0.22889638373697624       0.16719070424129434     
  0.36966556935878597        4.4968026919053892E-003
  0.38389164927802177        4.2981282663374643E-003
  0.46048153927589464        1.4764253058574511E-003
  0.32248887984657737        7.5457911314361602E-003
  0.43704980395007487        8.4268154823119001E-004
  -9.0500042065324249E-002   9.6129781111855802E-004
  -1.0305297385791466E-002   4.3087592295885479E-004
  -9.3757663430344612E-002   8.1385757764911872E-004
  0.96252626106100747       -6.3980360992366920E-003
  0.96519209959912322       -2.4152062409891399E-004
  0.99617476034289387       -1.6801410417189593E-004
  0.99479745233461325        3.3360350109583664E-003
  0.98284128254884950        4.1850298004085691E-003
  0.12356185698628508       0.15366162381360923     
  -3.2685877745348507E-002   9.2524625267465410E-002
  0.14637176435727645       0.11551612918117631     
   9.2367236029902017E-002  0.16378948154012907     
   2.2273178879997503E-002  0.16060041294835464     
  0.47979475117758963        8.7806748522432240E-002
  0.61167714644630311        4.9557197440978550E-002
  0.68924023861702388        3.7410694713585532E-002
  0.63285355051129288        4.7976232722304335E-002
  0.56244378917022064        6.5191784758076146E-002
  0.61364740238426452        6.2451256859090268E-002
  0.50841661870689392        8.2339747719577638E-002
   3.8732913235126232E-002   1.8039901042231622E-002
   5.3339118029142873E-002   9.4478455624341824E-003
  0.12692732066668669        7.0401137222157381E-004
  0.10532989371274865        6.7728585436055448E-003
   3.8407980723403873E-002   1.3401480297468547E-003
  0.11890501998841610       -2.2287743463634928E-003
   6.9829969539622089E-002   4.6502114942599477E-003
  0.18807265745895227       -5.4593737072498264E-003
  -4.1860395443393900E-002  -2.8915610890522516E-003
   9.9622850038905003E-002  -3.4230545147837048E-003
  0.11807255639004985       -3.1479813156236563E-003
   5.6030427687474529E-002   1.0378312096303243E-003
   4.0211301397928723E-002  0.20000990441896402     
  0.11783123613218255       0.18849306004408550     
  0.16052641034513482       0.20000520977718561     
   7.0735602574755807E-002  0.19102871679253400     
   4.6511880554332530E-002  0.19544743668399317     
   5.7185758984285406E-002  0.21606207179078721     
   9.1982416071298645E-002  0.22397928138036893     
   1.2463590247998368E-002  0.21680856679272215     
  -1.4513260997106203E-002  0.23013724365828847     
  0.77223634801276553       -9.8763709137592026E-004
  0.85605871425900715       -4.1869643802628563E-004
  0.88028591423714386        2.6979917087478181E-003
  0.74042670097168084       -2.0610140261236542E-002
  0.76885079722805116        1.2452667861203354E-003
   1.9097107144190606E-002   1.2527483998860428E-003
  -6.7889115750475348E-002  -1.7301745083221845E-004
   6.9548952372617989E-002  -3.1242440398636237E-003
   8.3539519952143704E-002  -1.7347450135841900E-003
   6.9958198023468698E-002   2.6230552523900720E-003
  0.47829008837901626        1.8930705919911962E-002
  0.48400493493348862        1.1916057871492762E-002
  0.58927807099051810        2.6299998063288428E-002
  0.58252668998625456        3.0246794274645942E-002
  0.64489404754284907        1.8192433725313806E-002
  0.50502666295337328        2.2596442649661611E-002
  0.55096828953141852        3.6811161512725413E-002
  0.44654733649433320        1.8706940296745276E-002
  0.52437289957815558        4.3737613825485785E-002
  0.50265987086601893        5.4220707082015401E-002
  0.62908535669023780        2.2100578287264510E-002
  0.66958601426841780        3.8172727753038857E-002
  0.75068772669156547        3.4166946097695702E-002
  0.65823740158932986        3.9101947776732475E-002
  0.57195187894852850        3.1988908536078074E-002
  0.61641505572312583        1.7970343024593889E-002
  0.51873321149097273        4.5846785742042269E-002
   4.1207723607806147E-002  -1.9788785958775273E-003
  0.13057935353353434        3.0912012073850120E-003
  0.21450794555201755       -1.0990283110258188E-003
  -4.4195858496190565E-002  -6.3503376515465252E-003
  0.16369981904170386       -6.4708599269172379E-004
  0.11040317808635908       -7.8571204327096563E-004
  0.22936986505285609        9.8326762151727080E-003
  0.92492208092665607        4.4944733756782226E-003
  0.94195015000601079        4.1619556586150374E-005
  0.93822689652600322        1.0181072196445450E-004
  0.93644070903173504        9.7886086240164469E-004
  0.88209156153817259        1.4547404301936036E-003
  0.90784469299515214       -6.6559077245274684E-002
  0.92200896652522168        1.2596067335274474E-002
  0.97114844571462244        7.0879289311199635E-003
  0.95723671928847276        6.6438648602652759E-003
  0.93029868343267641       -5.4175284405365660E-003
  0.89115664613292245        2.9433060817074527E-002
  0.25764099699736359       0.16996716393424466     
  0.28274943309310685       0.16878339842997775     
  0.21540094619852118       0.17779457800968479     
  0.18230370251985423       0.19331008144297543     
  0.67023066187742431        2.5771873650454365E-003
  0.79010384663317712       -1.3529777179666987E-003
  0.90873992908058054       -1.1808690353571833E-003
  0.73184645254731873        7.4402037411422828E-004
  0.77460108877523992        7.6328347695225137E-004
  0.94482978680661700        2.6846181032148721E-003
  0.99594962384535912        1.0945867007753183E-002
  0.97471843162666127        2.3432810183311586E-003
  0.96817648619758578       -3.2395965922499021E-004
  0.95974479247390521       -4.8797874420135490E-003
  0.90733328668956226       -5.2858658594888007E-004
  0.12528643027804917       -3.0756226850504678E-003
   5.6519970745496778E-002   1.0429660983790989E-003
   9.0086086258518050E-002  -3.9392958123306140E-003
  0.16475208924509521       -2.6960714250803385E-003
  0.11826195268000758       -1.8727780249503010E-003
   6.8393833993149258E-002  -1.1094276968550666E-003
  0.82253112107355808       -6.5629287989389468E-002
  0.86864056298367043        3.7236779886469638E-002
  0.91237972866226924        2.3331244339242788E-002
  0.87677324931141665        5.3890500421188120E-002
  0.84264248518841212       -2.5957776823408510E-002
  0.74845702529748048        1.1119219847883991E-003
  0.81669859107361620        4.7128949035861690E-003
  0.55635345900577238        8.2660410074114427E-002
  0.69296764785572729        5.3228857593158180E-002
  0.61233774913977790        7.3020605151964693E-002
  0.57396734575541619        7.8166746204510071E-002
  0.54428334891083385        9.1071406014058096E-002
  0.50667891866667236        9.4915412526753465E-002
  0.44064267882953845       0.12187381817133008     
  0.75962077909476933        9.4451464532240188E-003
  0.80673947904774734        1.1453759532210719E-003
  0.78709409965016452        3.0972946582373577E-004
  0.77329513340674816        4.0459565148590155E-003
  0.73533674198980292       -2.9440414659286200E-003
   8.8767088612628553E-002   9.1890626038973619E-002
   9.4154776013577857E-002   8.9232693140954458E-002
  0.18686372849479882        7.9305013365230340E-002
  0.10594702867321848       0.10785865931896235     
   4.4591634196329666E-002   9.8507271950027134E-002
  0.14192688956897331        8.8057338305888105E-002
   7.2112657020104998E-002  0.10911163290952455     
  0.59500173556312941       -3.3425157168294802E-003
  0.61284171999807946       -3.8818913480724538E-003
  0.73666872717519738        8.9833006876898162E-003
  0.72175190251250909       -1.3661553311033220E-002
  0.78184349271390030       -8.8073565653271145E-004
  0.63146204769069203        4.9149835120062069E-003
  0.69683952934699256       -2.4785332552559099E-003
  0.17797605099784786        5.4750847723127635E-004
  0.20878911494475341       -4.2505274616567703E-004
  0.27966173497458086       -1.3171948025796579E-003
  0.23726826119474531       -1.8023279581236178E-003
  0.18196683477366998        8.3129325865411764E-004
  0.26853154004467289        1.6411836388117915E-003
  0.36896130117019899       0.13246439172701949     
  0.46042198390487898       0.11013581044319495     
  0.59822118576025751       0.11128465476742398     
  0.48816323175529447       0.11089543821439511     
  0.41418241639084136       0.11116968048219136     
  0.45766489725057469       0.10889889671508828     
  0.37820311364543802       0.12766311865842941     
  -3.8421667060049208E-002  -5.4668864384596884E-005
   6.7701117629327665E-002  -4.2244938179285637E-004
  -5.3429177586238941E-002   2.9710001599958600E-004
  -3.9255405952173333E-002   4.4567733278943306E-004
  0.47757570070105093        9.8087097748654267E-004
  0.55955148113511033        9.4037645013731136E-004
  0.51615167645693916        1.0679193046887114E-003
  0.42962669084514082       -1.1549248023281166E-003
  0.54965151821005143        1.8992592505824720E-003
  0.33939482556745609        5.5251441139887595E-003
  0.35528675199522558        4.3041167197905104E-003
  0.42899001858400987        1.1148198628110624E-003
  0.38334679467414629       -1.3085628101525500E-003
  0.35031909432112407        6.9246880664974152E-003
  0.30387971788949175        5.5167347462069475E-003
  0.40721714935058884        2.1253009273816455E-003
  0.41963797856103674        8.4135536254450499E-002
  0.40710475067843849        8.2703558476082906E-002
  0.50898413247943453        7.5380639790021020E-002
  0.54636203561351471        5.4533390711802091E-002
  0.45283695532041485        6.4489324284025470E-002
  0.49234809382021583        7.1651545479248444E-002
  0.41306389954825612        9.0258191014254516E-002
   8.0099040463859406E-002  0.22177906897442204     
  0.16045098869924340       0.19590597892690828     
  0.19682231158030267       0.20224077677783442     
  0.11573061936377127       0.19946131417052668     
  0.17154197459105741       0.21899558070053621     
   9.0164447457227515E-002  0.20788173597004292     
  0.94718458686212514        2.4799101011279450E-002
  0.97086586490563254        8.4751966823167141E-004
  0.99009284690215660       -1.8370760649632202E-002
  0.98156320469835978       -1.0370612665447969E-002
  0.96579352268903707       -6.4404368176136234E-003
  0.93635059459648518        2.5476774128805581E-002
  0.55720488499966125        1.9621664489074078E-003
  0.58397810617140700       -8.6461834010806492E-004
  0.67695874216394580       -6.8462720169913715E-004
  0.46726691951396865        3.7369930714168309E-003
  0.65621909586745908        8.6660225717047866E-004
  0.90596202389579172       -5.3442707312885435E-003
  0.95367176098825590        3.7478703672659777E-002
  0.95894983186014848       -2.1772687804446937E-003
  0.94281115646344915        1.0759656352642602E-003
  0.92348852188316766        4.2652573153633314E-002
  0.90360984176777803       -3.3462569972034603E-002
  0.57203014266546570       -5.4098435224847240E-003
  0.66171873861255426        1.0679439633908623E-003
  0.61323249631061061       -1.1953104522261194E-003
  0.49552501031778123        8.8012785027625573E-004
  0.64768625018869230        8.7154376573935952E-004
