 cosx vtec
  0.67919319119349453        3.1388095203105523E-002
  0.77309192751402678        1.1266557126342261E-002
  0.72823748422748580        1.6147304182509994E-002
  0.69788499836505968        2.6590208887822465E-002
  0.68552141674703604        2.7965496839924199E-002
  0.59163384832078170        4.8858144319178523E-002
  0.10462619782961702       -1.2897270245265243E-003
  0.16867523147285335       -1.5853890733796313E-003
  0.26683320876341432        2.7911010227498938E-003
  0.22803310138958785        2.5617719413499748E-004
  0.13145560992163344        1.3981685127904576E-003
  0.24338114858258628       -5.1007868414364495E-003
  0.13628253739713367       0.10729922832570163     
   9.9376274154010152E-002  0.12261495911962182     
  0.19961320408775254       0.10407521999405821     
  0.18845978805786034        7.9455081797138630E-002
  0.13928335746754630       0.11227182130513493     
  0.31012818598967284        1.5687779507678255E-003
  0.54177442442700241        2.7623175054397550E-003
  0.39109890632009836        4.0197458449612528E-003
  0.38701341925479604       -4.7835043372671920E-004
  0.40618479665193308       -3.4377783499088652E-003
  0.86558235319050580       -2.7604670143527199E-003
  0.93849127795235687       -1.1527491207212459E-004
  0.94464451294643614       -1.3811317215394021E-003
  0.92791482180212248        4.4922859168688416E-003
  0.82773563963481744       -1.2436391499969313E-003
  0.52719604295108347        2.0479110461447654E-004
  0.74099074023053302       -4.5297425071958546E-003
  0.70655605691962631        3.3594982712548912E-003
  0.84930232861255006       -1.0845568661108529E-002
  0.84437715934775615        2.4618362171800252E-002
  0.78202625613644761       -3.8686800322529163E-002
  0.67837884195856923        4.1191537438215890E-004
  0.10159084358213982        2.3041674179984772E-003
  0.12903038932876815       -2.7525199677435008E-004
  0.20561939962764156       -1.2724938539822386E-003
  0.17291168638342169       -2.9124891541573404E-003
   9.0726449456845437E-002   1.6272398366837053E-003
  0.18360034303647679       -1.8118724865727565E-004
   4.2062978376738835E-002  0.16537621692818413     
  0.14069275672600579       0.15934392381651821     
  0.19136218910677411        2.5444023499378923E-002
   8.1503401345084825E-002  0.16245428121964881     
  0.10900709348948112       0.15838180996555629     
   5.3206081770897418E-002  0.16540010551223430     
  -5.0718881578272479E-002  0.17466758563093754     
  0.10956341603735398       0.19077796878947312     
  0.14721862851025813       0.19748407119543368     
   5.7784029968926509E-002  0.19677924073786038     
   2.9356552562342930E-002  0.19784547479312053     
  0.93165419659625703        7.1904269094688437E-003
  0.97150627937130873       -4.0428397746459149E-004
  0.96275842902924458        8.0264766956408590E-004
  0.95005721321533976       -4.8977605447199585E-004
  0.93019256453441868       -4.6278575108834206E-003
  -8.9768835814965753E-002  -1.1004490245101013E-003
  -3.2622014035856295E-002  -8.3599036980587562E-005
  -9.8432664264077152E-002  -7.6881997226430749E-004
  -3.8960693951309966E-002   8.0550389157429145E-004
  -3.9734301785589898E-002   9.8471546486337408E-004
  -2.2062455231658340E-002  -6.6271548454806327E-004
  0.85285321979774675       -1.9673738106778019E-003
  0.91516726921765001        3.1601492638171458E-003
  0.89427061062162805       -3.5944424831929598E-003
  0.87176721589644646       -4.0640839485871225E-003
  0.86120158123411339        8.8320842817718771E-003
  0.27892741807419147        3.9713315750270527E-003
  0.44671731412102356        1.5067994553094507E-004
  0.31423090555410282       -6.6718014027117778E-004
  0.35313775436307687        4.4953568808341338E-003
  0.32495237273944499       -1.1062818537919612E-003
  0.26355735761833343       -4.5443046438902509E-003
  -3.7752902524674732E-002   5.4977674025444352E-002
  0.75518484038332201        7.7012684142695968E-003
  0.82745522269525318        2.1670522914370286E-003
  0.79735665895301244        1.8489583781809297E-003
  0.77328348121123591        4.0539128396376491E-003
  0.75792257091568471        1.1603254861881261E-002
  -2.1913360741736221E-002  0.15621543594884907     
  -4.1937747053416186E-002  0.16669204073483934     
   7.8344624258705475E-002  0.15831919765343447     
   1.0732708954306891E-002  0.15216228660618406     
   3.7610700609161607E-002  0.14958327736875440     
  -1.6501794713988327E-002  0.15520144799549179     
  0.87720807278279989       -2.0566632077150596E-002
  0.86516533976524457       -1.2701386721718732E-002
  0.93886512943193157       -4.1639714671229781E-003
  0.93124673410979575       -1.2944937963955926E-003
  0.90361755150999790       -5.6288340745692606E-003
  0.82585203997376699       -4.6381131940633384E-003
  0.23475139970356448       -1.8425442309917390E-003
  0.15257937892391965       -6.4994435822044718E-003
  0.25817147277836094       -1.5193500429710259E-003
  0.22266213911096644       -1.0268789279195456E-003
  0.13874352872710644       -2.8028151825057441E-004
  0.80387018894470852        5.2825112062993246E-004
  0.85220023832861580       -2.3291142227196697E-004
  0.89289194559830332       -1.0360885492778609E-003
  0.92297755552590288        2.9107282886670050E-005
  0.78795574252988465       -2.7870839953360914E-003
  0.78373106116674496        1.0504469837238101E-003
  0.82220689610142983        1.7706911728363754E-002
  0.82906637378399017        8.3064049308213578E-004
  0.90635748749919198       -9.0239836387568228E-003
  0.88150178773771537        2.1763725522982606E-002
  0.84604747116557832       -7.8960665841218552E-003
  0.70388651789118428        8.2147199687336817E-002
  0.10505377542303501       0.17979436456887404     
  0.21218890495105708       0.16086609414302988     
  0.24948987199356570       0.16159190962225733     
  0.15889729878424425       0.16379153790527184     
  0.18816665012759615       0.16523917677199620     
  0.12825190240628903       0.16719070424129434     
  0.16481267839472907        4.4968026919053892E-003
  0.17971675098851647        4.2981282663374643E-003
  0.26226461660923517        1.4764253058574511E-003
  0.11580640422480731        7.5457911314361602E-003
  0.23675767293057498        8.4268154823119001E-004
  0.90800624726183998       -6.3980360992366920E-003
  0.88868161331751594       -2.4152062409891399E-004
  0.95508689958248705       -1.6801410417189593E-004
  0.95418033187669926        3.3360350109583664E-003
  0.93429174498016576        4.1850298004085691E-003
  0.23240772776683513       0.15366162381360923     
  0.10070309224433502        9.2524625267465410E-002
  0.25973692996116304       0.11551612918117631     
  0.22100416761237346       0.16378948154012907     
  0.15316205184348608       0.16060041294835464     
  0.36738907251299863        8.7806748522432240E-002
  0.54601277475887566        4.9557197440978550E-002
  0.63992098528101193        3.7410694713585532E-002
  0.57075731397387408        4.7976232722304335E-002
  0.48574158012480273        6.5191784758076146E-002
  0.51999936589685392        6.2451256859090268E-002
  0.42571812163820621        8.2339747719577638E-002
  -7.6358995296466725E-002   7.0401137222157381E-004
  -2.1431660266870947E-002   1.3401480297468547E-003
   5.5602192806698675E-002  -2.2287743463634928E-003
  -4.0729641492562571E-002   4.6502114942599477E-003
   9.6946092338436651E-002  -5.4593737072498264E-003
   5.2995679388846639E-002  -3.4230545147837048E-003
   4.5358173794200637E-002  -3.1479813156236563E-003
  -3.2524763032584898E-002   1.0378312096303243E-003
  -6.5721395759275048E-002  0.20000990441896402     
   3.5243582077001623E-002  0.18849306004408550     
   8.3117322289565143E-002  0.20000520977718561     
  -1.9746972839994825E-002  0.19102871679253400     
  -4.5335865954444554E-002  0.19544743668399317     
   3.6465415915176214E-002  0.21606207179078721     
   7.5359797942721324E-002  0.22397928138036893     
  -1.6722947736574956E-002  0.21680856679272215     
  -4.5591928321761399E-002  0.23013724365828847     
  0.80731846487835446       -9.8763709137592026E-004
  0.89390489093053382       -4.1869643802628563E-004
  0.92159746624484618        2.6979917087478181E-003
  0.79265112959507777       -2.0610140261236542E-002
  0.78570228684608090        1.2452667861203354E-003
   3.7755564140053988E-002   1.2527483998860428E-003
  -5.5549433787295488E-002  -1.7301745083221845E-004
   9.5014280935640683E-002  -3.1242440398636237E-003
   9.1531784177615261E-002  -1.7347450135841900E-003
  0.12507745196179432        2.6230552523900720E-003
  0.29261082342810563        1.8930705919911962E-002
  0.29372857197331148        1.1916057871492762E-002
  0.42998514096664719        2.6299998063288428E-002
  0.40266795116172488        3.0246794274645942E-002
  0.49453919075740527        1.8192433725313806E-002
  0.33032265871364075        2.2596442649661611E-002
  0.37149530298536027        3.6811161512725413E-002
  0.26764117827648265        1.8706940296745276E-002
  0.37531606663415074        4.3737613825485785E-002
  0.33194280686512140        5.4220707082015401E-002
  0.51084010891804887        2.2100578287264510E-002
  0.52437510082415162        3.8172727753038857E-002
  0.65843896271811264        3.4166946097695702E-002
  0.54477231701013495        3.9101947776732475E-002
  0.44219243995862384        3.1988908536078074E-002
  0.47766971721258716        1.7970343024593889E-002
  0.38416702760988741        4.5846785742042269E-002
  -6.5914525827070677E-002  -1.9788785958775273E-003
  -1.8042327003432057E-002   3.0912012073850120E-003
   7.4417797965755483E-002  -1.0990283110258188E-003
   3.6251317933505001E-002  -6.4708599269172379E-004
  -2.8998236609022607E-002  -7.8571204327096563E-004
   6.4223397865422832E-002   9.8326762151727080E-003
  0.95976682547272096        4.4944733756782226E-003
  0.98970756371902913        4.1619556586150374E-005
  0.98578301622920717        1.0181072196445450E-004
  0.97806541530762492        9.7886086240164469E-004
  0.95427338434584374        1.4547404301936036E-003
  0.83115668976345192       -6.6559077245274684E-002
  0.82284567592799251        1.2596067335274474E-002
  0.91073651400718680        7.0879289311199635E-003
  0.89521780975936249        6.6438648602652759E-003
  0.85849315472939980       -5.4175284405365660E-003
  0.78566023750345482        2.9433060817074527E-002
  0.23791112662376590       0.16996716393424466     
  0.26653880727078538       0.16878339842997775     
  0.18647247592187710       0.17779457800968479     
  0.15018055442176328       0.19331008144297543     
  0.50609616560059345        2.5771873650454365E-003
  0.65319729879512856       -1.3529777179666987E-003
  0.81331472091801649       -1.1808690353571833E-003
  0.60282593172749854        7.4402037411422828E-004
  0.62818886337688584        7.6328347695225137E-004
  0.94738706697541408        2.6846181032148721E-003
  0.95717566783089025        1.0945867007753183E-002
  0.98940405236971851        2.3432810183311586E-003
  0.98230727870098011       -3.2395965922499021E-004
  0.96765312722600472       -4.8797874420135490E-003
  0.95577349307309267       -5.2858658594888007E-004
  -1.5586952717758076E-002  -3.0756226850504678E-003
  -8.7422065373935959E-002  -3.9392958123306140E-003
  -8.6655182302155243E-003  -2.6960714250803385E-003
  -4.3630951495424175E-002  -1.8727780249503010E-003
  0.75500234912542608       -6.5629287989389468E-002
  0.76975595189008972        3.7236779886469638E-002
  0.86383262322955578        2.3331244339242788E-002
  0.82304684611501888        5.3890500421188120E-002
  0.77902504896085611       -2.5957776823408510E-002
  0.66316170604300995        1.1119219847883991E-003
  0.72066195594817972        4.7128949035861690E-003
  0.55497246865212446        8.2660410074114427E-002
  0.71334870292307340        5.3228857593158180E-002
  0.62301220191902651        7.3020605151964693E-002
  0.57579791867069741        7.8166746204510071E-002
  0.57404735567660992        9.1071406014058096E-002
  0.49197610375559486        9.4915412526753465E-002
  0.41655825751610948       0.12187381817133008     
  0.81131814151097770        9.4451464532240188E-003
  0.87061354981657424        1.1453759532210719E-003
  0.84893918916234845        3.0972946582373577E-004
  0.82915351695922179        4.0459565148590155E-003
  0.81139587006252190       -2.9440414659286200E-003
  -2.2370359940882323E-002   7.9305013365230340E-002
  -9.4332554643355104E-002  0.10785865931896235     
  -6.4448983506072810E-002   8.8057338305888105E-002
  0.41641725396032347       -3.3425157168294802E-003
  0.43269445684334773       -3.8818913480724538E-003
  0.59423612870895703        8.9833006876898162E-003
  0.55984173547483040       -1.3661553311033220E-002
  0.64729969032599677       -8.8073565653271145E-004
  0.46822448696138075        4.9149835120062069E-003
  0.53245412341798382       -2.4785332552559099E-003
  -2.0098174543895675E-002   5.4750847723127635E-004
   2.0453557556122243E-002  -4.2505274616567703E-004
   9.6378085425142368E-002  -1.3171948025796579E-003
   6.4376576217747838E-002  -1.8023279581236178E-003
  -2.3242588771550943E-003   8.3129325865411764E-004
   7.6956302366366636E-002   1.6411836388117915E-003
  0.24568570575505805       0.13246439172701949     
  0.36628303870348672       0.11013581044319495     
  0.53023903892598245       0.11128465476742398     
  0.39822004051433724       0.11089543821439511     
  0.31086996071026057       0.11116968048219136     
  0.34035055552935384       0.10889889671508828     
  0.27183976372362340       0.12766311865842941     
  -7.4177274667007881E-002  -5.4668864384596884E-005
  -5.4425562573652553E-003  -4.2244938179285637E-004
  -7.6672836582695636E-002   2.9710001599958600E-004
  -8.3974660290660336E-002   4.4567733278943306E-004
  0.30520974316712007        9.8087097748654267E-004
  0.39993719882299883        9.4037645013731136E-004
  0.36583880549308162        1.0679193046887114E-003
  0.26062303166656847       -1.1549248023281166E-003
  0.37966841148779557        1.8992592505824720E-003
  0.13256774448340020        5.5251441139887595E-003
  0.15012917887167160        4.3041167197905104E-003
  0.22928113961248547        1.1148198628110624E-003
  0.19349681373355923       -1.3085628101525500E-003
  0.14741206751693775        6.9246880664974152E-003
   9.7831763753873979E-002   5.5167347462069475E-003
  0.20482656710652952        2.1253009273816455E-003
  0.26007743576932590        8.4135536254450499E-002
  0.23207636045757962        8.2703558476082906E-002
  0.37362200026074599        7.5380639790021020E-002
  0.41675625185016119        5.4533390711802091E-002
  0.30696806503368190        6.4489324284025470E-002
  0.33770990124312050        7.1651545479248444E-002
  0.26424685524633545        9.0258191014254516E-002
  -1.6310265649258970E-002  0.22177906897442204     
   9.0426314654136253E-002  0.19590597892690828     
  0.13136286658462015       0.20224077677783442     
   3.7746831195734298E-002  0.19946131417052668     
   7.1443338888939001E-002  0.21899558070053621     
   1.0518861056133866E-002  0.20788173597004292     
  -6.2761670375736045E-002  -5.1013352026934482E-003
  -6.4324651354733475E-002  -2.5845571095877728E-003
  -4.2083654614938681E-002   4.6924016013175840E-003
  0.90423997838850068        2.4799101011279450E-002
  0.90104927164170945        8.4751966823167141E-004
  0.96036034701068895       -1.8370760649632202E-002
  0.95102968079427685       -1.0370612665447969E-002
  0.92776270717458531       -6.4404368176136234E-003
  0.85382802028014737        2.5476774128805581E-002
  0.36921082507958058        1.9621664489074078E-003
  0.39906751754363157       -8.6461834010806492E-004
  0.50615885262434512       -6.8462720169913715E-004
  0.27303664598405963        3.7369930714168309E-003
  0.48158797766390260        8.6660225717047866E-004
  0.87269756819652389       -5.3442707312885435E-003
  0.88525097037629286        3.7478703672659777E-002
  0.93924582964258807       -2.1772687804446937E-003
  0.92109900495228181        1.0759656352642602E-003
  0.89440601600311420        4.2652573153633314E-002
  0.82916879922154063       -3.3462569972034603E-002
  0.39708969711040348       -5.4098435224847240E-003
  0.50219271366762763        1.0679439633908623E-003
  0.46237859237837525       -1.1953104522261194E-003
  0.31953319523861451        8.8012785027625573E-004
  0.48009181031134995        8.7154376573935952E-004
