 cosx vtec
  0.32194249932701685        3.1388095203105523E-002
  0.46420365866659019        1.1266557126342261E-002
  0.40215090548440807        1.6147304182509994E-002
  0.35076600865087992        2.6590208887822465E-002
  0.40002881692716552        2.7965496839924199E-002
  0.17822425465603986        4.8858144319178523E-002
   1.9483582824307212E-002  -9.6162401822252549E-004
   6.6306289231731153E-002  -3.1685733285309186E-004
  -2.7945168573757305E-002   7.5567409252068395E-005
   9.3852557933676195E-002   3.9073304018642291E-003
   3.0962356896081612E-002  -7.3190681211835254E-004
  -7.4255668359614349E-002  -5.0381838196475351E-004
  -6.2772346121182432E-002   2.5617719413499748E-004
  -4.7322467446383756E-002  -1.4334823602417959E-004
   1.6557856148612224E-003   9.1280395362138908E-005
  -6.4810582086047938E-002   4.0766235908728171E-004
  -9.9204183413069566E-002  -1.5515789069554193E-003
   4.6346345143423798E-002  -3.5281456368758475E-003
  -3.8557138875986316E-002  -1.1035258684171378E-003
  0.46514091481792685       0.10729922832570163     
  0.41431962870328026       0.12261495911962182     
  0.48036739537290174       0.10407521999405821     
  0.53451905358529561        7.9455081797138630E-002
  0.43982190596096221       0.11227182130513493     
  0.69495427515908548        1.5687779507678255E-003
  0.83795071583984215        2.7623175054397550E-003
  0.75263520652691218        4.0197458449612528E-003
  0.71087712210030884       -4.7835043372671920E-004
  0.79283143908286247       -3.4377783499088652E-003
  0.44003504712743141       -2.7604670143527199E-003
  0.56619045732806506       -1.1527491207212459E-004
  0.55336289295267937       -1.3811317215394021E-003
  0.48562306391023763        4.4922859168688416E-003
  0.33574860512598181       -1.2436391499969313E-003
  -5.5434707171820932E-002   2.0479110461447654E-004
  0.14193004743498583       -4.5297425071958546E-003
  0.15837067977265357        3.3594982712548912E-003
  0.35884079952767839       -1.0845568661108529E-002
  0.32422353271933796        2.4618362171800252E-002
  0.21038128635331838       -3.8686800322529163E-002
   9.8751288458022946E-002   4.1191537438215890E-004
  0.12982969924387897       0.18163321329719903     
   7.8411956154511187E-002  0.18364688198242726     
  0.14679024072975660       0.17466758563093754     
   9.8535237172790724E-002  0.17416515867053778     
  0.24491794131376241       0.15282663361311893     
  0.12084361907951779       0.18282056158905738     
  0.20330103115946122       0.16106935157295429     
  0.27474230294130358       0.15907872351079722     
   8.7401671189650296E-002  0.19583999216562853     
  0.32419388501753565       0.15789407856856472     
  0.22261589630274375       0.15939434382024795     
  -6.8259688952160683E-002   3.8106920053663500E-002
  -8.8814290607102178E-002   7.0919116972806243E-002
  -6.4896467734224125E-002   5.0497807114577992E-002
   4.4798529991632634E-002   6.5135368128468984E-002
  0.63166982659845883        7.1904269094688437E-003
  0.74313628060920400       -4.0428397746459149E-004
  0.72162500919094485        8.0264766956408590E-004
  0.67870081954369099       -4.8977605447199585E-004
  0.73644139324656754       -4.6278575108834206E-003
  0.47849424306024346       -1.1004490245101013E-003
  0.51933921595094890       -8.3599036980587562E-005
  0.52868354847647281       -7.6881997226430749E-004
  0.40597290624411170       -1.8436084074217239E-004
  0.52695095923525159        8.0550389157429145E-004
  0.49234685424487118        9.8471546486337408E-004
  0.56041762283399532       -6.6271548454806327E-004
  0.34878629417414847        9.8655685494388690E-002
  0.19748118519966987       0.13308650335389738     
  0.45536557918592613        5.5964969898950119E-002
  0.30758364380703179       0.10687066290385225     
  0.38693353188625051       0.10745699758102502     
  0.19517289965818194       0.13555866064375602     
  0.40542089737818893        9.3728464902475037E-002
  0.32845459236966290       0.10544067617861003     
  0.46071129645266495       -1.9673738106778019E-003
  0.57723525799776643        3.1601492638171458E-003
  0.54164401387308247       -3.5944424831929598E-003
  0.49496955125537795       -4.0640839485871225E-003
  0.56009026972811626        8.8320842817718771E-003
   2.2819282563097853E-002   4.4498150413293282E-003
   8.7950822823122332E-002   1.7487307358282290E-002
   7.9802565594167235E-002   2.9894771136291815E-002
  -2.1636454076826673E-002   4.3363388991551628E-002
   9.2064071279716012E-002  -3.1374722056225199E-002
  -1.5862976425133631E-002   4.4487769866509388E-002
   5.1242093711620772E-002   9.1331953273705319E-003
  -6.8846760202003324E-002   3.6179897849154104E-002
  0.15982816961228219        1.7362169594392445E-002
  0.78316899975669185        3.9713315750270527E-003
  0.87852905415334615        1.5067994553094507E-004
  0.82908947602648653       -6.6718014027117778E-004
  0.81091541383892307        4.4953568808341338E-003
  0.81949863507809129       -1.1062818537919612E-003
  0.75366824283151346       -4.5443046438902509E-003
  -6.9006968665377477E-002   6.7539068959038440E-002
   7.0873396057761591E-003   5.4977674025444352E-002
  -4.6692376243177208E-002   5.8772998018942098E-002
  0.43235777325868957        7.7012684142695968E-003
  0.55471409407480055        2.1670522914370286E-003
  0.50985896846941670        1.8489583781809297E-003
  0.46348555260089463        4.0539128396376491E-003
  0.50908205718579769        1.1603254861881261E-002
  0.36377973065549885       -2.0566632077150596E-002
  0.37513834240089655       -1.2701386721718732E-002
  0.50800971125985128       -4.1639714671229781E-003
  0.48178448119408096       -1.2944937963955926E-003
  0.41708877972142760       -5.6288340745692606E-003
  0.28622707556706944       -4.6381131940633384E-003
  0.18049330140640341       -1.8425442309917390E-003
  -1.8958520214360827E-002  -6.4994435822044718E-003
  0.10339578013235572       -1.5193500429710259E-003
  0.12815691042512109       -1.0268789279195456E-003
   1.7459679674730732E-002  -2.8028151825057441E-004
  0.83773915504340468        5.2825112062993246E-004
  0.73824747659175605       -2.3291142227196697E-004
  0.85881981246030448       -1.0360885492778609E-003
  0.86715833019611843        2.9107282886670050E-005
  0.87681274154269007       -2.7870839953360914E-003
  0.78661118869685120        1.0504469837238101E-003
  0.12031717299100701        1.2428388263224378E-003
  0.16499889419435640       -2.6804108066335843E-004
  -3.3393468345203549E-002   5.3309663252945824E-003
   7.2790014001863967E-002  -1.7674594537552189E-004
  0.18250947648760313        1.4058700887975260E-003
  0.13344003061109727        3.4385848994467221E-003
  -5.2761169599955894E-002   7.1561491682741601E-004
  0.29369707051314237       -1.9313477136490538E-003
   2.6013274779361251E-004   4.6256906650562378E-004
  0.28087935623976951        1.7706911728363754E-002
  0.27843462076490960        8.3064049308213578E-004
  0.42867359367248842       -9.0239836387568228E-003
  0.38373490474947136        2.1763725522982606E-002
  0.31966117907962893       -7.8960665841218552E-003
  0.10192886859551534        8.2147199687336817E-002
  -6.3802294033979662E-002   4.5253359407055623E-004
  -1.3084738937576591E-002   9.6129781111855802E-004
  -8.2263449446604145E-002   4.3087592295885479E-004
   5.4181932433125975E-002  -1.7650548315984085E-003
  -5.8242890290401077E-002   8.1385757764911872E-004
  0.42627756236492587       -6.3980360992366920E-003
  0.44596075565284971       -2.4152062409891399E-004
  0.57000342403137616       -1.6801410417189593E-004
  0.55148394112627575        3.3360350109583664E-003
  0.48956141162820571        4.1850298004085691E-003
  0.16037640545132717       0.15366162381360923     
  0.15147644003939784        9.2524625267465410E-002
  0.19785633272814823       0.11551612918117631     
  0.22351228152699887       0.16378948154012907     
  0.18041876852261354       0.16060041294835464     
  -3.7993548764673597E-002   4.9557197440978550E-002
   8.6032824136658304E-002   3.7410694713585532E-002
  -7.3393353764852473E-003   4.7976232722304335E-002
  0.15565281915894047        1.3401480297468547E-003
  0.19820337090063012       -2.2287743463634928E-003
  -2.4470067307771078E-002   4.6502114942599477E-003
  0.13589748795501300       -5.4593737072498264E-003
   7.2383196433247546E-002  -2.8915610890522516E-003
  0.24681841959684844       -3.4230545147837048E-003
  0.16177666645685995       -3.1479813156236563E-003
   5.6676535489663823E-002   1.0378312096303243E-003
  0.19980133375426970        7.8589178373334942E-004
  0.24680956716503591        8.1466062100912489E-003
   2.3909492467816904E-002  -1.6584863994053397E-002
  0.26469127721822755       -1.3931294641972591E-003
  0.15093954365274800        5.5444735493517883E-003
  0.25592615355912857        9.1762047814772235E-003
  0.21669151368330364       -1.2828109273727184E-002
   5.6214594925442826E-002   3.2156347579018912E-003
  0.31507801202476421       -1.6253284049114482E-003
   1.8264657216394076E-002   7.0115968919918338E-003
  0.85987574633188957       -9.8763709137592026E-004
  0.87938433898308699       -4.1869643802628563E-004
  0.88605466283314172        2.6979917087478181E-003
  0.89475365639982862       -2.0610140261236542E-002
  0.80900997796630425        1.2452667861203354E-003
  0.41225878144443723        1.2527483998860428E-003
  0.33015811035097287       -1.7301745083221845E-004
  0.46817227177231135       -3.1242440398636237E-003
  0.42267953790224461       -1.7347450135841900E-003
  0.55630501025992196        2.6230552523900720E-003
   3.9168729350832002E-002   3.4166946097695702E-002
  -3.0157253592266658E-002  -1.9788785958775273E-003
  -5.8330660795161415E-002  -1.0990283110258188E-003
  -3.3815679886173115E-002  -6.4708599269172379E-004
  0.67616021337997023        4.4944733756782226E-003
  0.79683182812680309        4.1619556586150374E-005
  0.77999616215912460        1.0181072196445450E-004
  0.73606579606747169        9.7886086240164469E-004
  0.80043954843387721        1.4547404301936036E-003
  0.28013728496785445       -6.6559077245274684E-002
  0.28732917206172714        1.2596067335274474E-002
  0.43606403368782071        7.0879289311199635E-003
  0.39961628324953424        6.6438648602652759E-003
  0.32805526521528477       -5.4175284405365660E-003
  0.21301103392764026        2.9433060817074527E-002
   1.4852955279501506E-002   2.5771873650454365E-003
  0.19192905525912313       -1.3529777179666987E-003
  0.40454692681153775       -1.1808690353571833E-003
  0.23843774801568884        7.4402037411422828E-004
  0.12514328642622644        7.6328347695225137E-004
  0.57277476752635370        2.6846181032148721E-003
  0.56120602711024292        1.0945867007753183E-002
  0.69033241852766158        2.3432810183311586E-003
  0.66938206247250953       -3.2395965922499021E-004
  0.62258305041406370       -4.8797874420135490E-003
  0.71124450770358794       -5.2858658594888007E-004
  0.18387769124232617       -6.5629287989389468E-002
  0.17944344457733344        3.7236779886469638E-002
  0.35462437441960065        2.3331244339242788E-002
  0.29006187257183125        5.3890500421188120E-002
  0.21910406977222818       -2.5957776823408510E-002
   5.2860080386856710E-002   1.1119219847883991E-003
  0.11101355890981399        4.7128949035861690E-003
  0.26448704544244267        9.8461162684642806E-002
  0.12676773834793434       0.13174878465105111     
  0.36512901266378189        7.6485740926834231E-002
  0.22377079418824702       0.10454917800673171     
  0.31726943233887039       0.11754210326410783     
  0.13913836419429948       0.11888509311478077     
  0.32514072880890710        9.7090992999645923E-002
  0.24439573931374628       0.10509869906497141     
  0.10811642466357611        8.2660410074114427E-002
  0.31993442635976982        5.3228857593158180E-002
  0.20335454699013966        7.3020605151964693E-002
  0.13566994250101955        7.8166746204510071E-002
  0.20678973045769272        9.1071406014058096E-002
   1.8078778844064492E-002   9.4915412526753465E-002
  -7.0738787809864853E-002  0.12187381817133008     
  0.51662529877059460        9.4451464532240188E-003
  0.62978149349409929        1.1453759532210719E-003
  0.59461590221189731        3.0972946582373577E-004
  0.55086804225392960        4.0459565148590155E-003
  0.59507101604888146       -2.9440414659286200E-003
  -5.6631969955074753E-002   8.9833006876898162E-003
  -4.9013535815155454E-002  -1.3661553311033220E-002
   1.2510302405620245E-002  -8.8073565653271145E-004
  -9.7539243355094327E-002  -2.4785332552559099E-003
  -5.7390493884671157E-002  0.11128465476742398     
  0.14763580686256236        8.4916412160106983E-004
  0.18876704669443942       -5.4668864384596884E-005
  -6.1724956160241054E-002  -1.3352013552095448E-003
  0.12551886698350811       -4.2244938179285637E-004
   8.4951536970997929E-002  -3.3303824079798957E-003
  0.22188600308586209        2.9710001599958600E-004
  0.15585123334589152        4.4567733278943306E-004
   4.8356202666055469E-002  -2.3710797897497052E-003
  -8.1051632369781704E-002   9.8087097748654267E-004
   2.4780100143496676E-002   9.4037645013731136E-004
   5.8234437713802850E-002   1.0679193046887114E-003
  -8.2269637466008030E-002  -1.1549248023281166E-003
  -4.1100021922197846E-002   1.8992592505824720E-003
  0.42116999226018942       -8.5020807505557317E-004
  0.35497032396020062       -1.5506346889086720E-004
  0.47071045618763713       -5.1013352026934482E-003
  0.43394606817253822       -2.5845571095877728E-003
  0.51562309270007745        4.6924016013175840E-003
  0.42592219967589867        2.4799101011279450E-002
  0.43022878465653341        8.4751966823167141E-004
  0.55667604470412935       -1.8370760649632202E-002
  0.53073919996289076       -1.0370612665447969E-002
  0.47434392078303672       -6.4404368176136234E-003
  0.32394144049694795        2.5476774128805581E-002
  -6.4837303345354549E-002  -6.8462720169913715E-004
  0.38966395627568734       -5.3442707312885435E-003
  0.38069467250057587        3.7478703672659777E-002
  0.51770156396713762       -2.1772687804446937E-003
  0.48276864101858208        1.0759656352642602E-003
  0.42847834650317546        4.2652573153633314E-002
  0.27797007973417848       -3.3462569972034603E-002
  -7.0040472499001236E-002  -5.4098435224847240E-003
   4.8914419384919257E-002   1.0679439633908623E-003
   9.1642986985429845E-002  -1.1953104522261194E-003
  -9.7134429792462784E-002   8.8012785027625573E-004
  -1.0369891608010171E-002   8.7154376573935952E-004
