 cosx vtec
  0.52430221900204155       -9.6162401822252549E-004
  0.51802973610487579       -3.1685733285309186E-004
  0.45974445012754978        1.2930267714109428E-003
  0.50571646653328572        7.5567409252068395E-005
  0.56390297127080113        3.9073304018642291E-003
  0.47866544154334850       -7.3190681211835254E-004
  0.41700483595744392       -5.0381838196475351E-004
  0.36625693976186358       -1.4334823602417959E-004
  0.35579030836551206        9.1280395362138908E-005
  0.29656669439274941        2.6484931139093269E-003
  0.14761267329679459        2.4790802105653944E-003
  0.14219227517948960        4.0766235908728171E-004
  0.34414422765860608       -1.5515789069554193E-003
  0.42401081902529958       -3.5281456368758475E-003
  0.31142270251807502       -1.1035258684171378E-003
  0.25888454520371862        4.7901094501673130E-004
  0.52902423875589522       0.10729922832570163     
  0.50088518722665309       0.12261495911962182     
  0.46702738377760411       0.10407521999405821     
  0.56501949153631648        7.9455081797138630E-002
  0.48619027398759457       0.11227182130513493     
  -9.0207204700242016E-002  0.23299099210043162     
  -3.5150501345249302E-002  0.23848472930534723     
  -3.9653964879977854E-002  0.23595003965126718     
  0.64689711561918373        1.5687779507678255E-003
  0.55388423541075515        2.7623175054397550E-003
  0.62617787101322486        4.0197458449612528E-003
  0.56770513777977816       -4.7835043372671920E-004
  0.66743690529517286       -3.4377783499088652E-003
   8.8153687910771938E-004   1.7863194930720187E-002
  -7.2532147402940700E-002   2.5127913673000962E-002
  0.36264643740043456       0.18163321329719903     
  0.31559042836057738       0.18364688198242726     
  0.29322905316196912       0.17466758563093754     
  0.30603685883870568       0.17416515867053778     
  0.63244928021582247       0.15282663361311893     
  0.56051574412929628       0.18282056158905738     
  0.60361839385412386       0.16106935157295429     
  0.58584055751466291       0.15907872351079722     
  0.62504714175606491       0.19583999216562853     
  0.68206403625640311       0.15789407856856472     
  0.59761128974252320       0.15939434382024795     
  0.70903417237796929        5.2849905566731969E-002
  0.73560159214266163        3.8106920053663500E-002
  0.64251679499995795        6.3276848475789002E-002
  0.80057984886298261        7.0919116972806243E-002
  0.68369815636930353       0.10519336145341916     
  0.76439534893203909        5.0497807114577992E-002
  0.75100766585502299       0.10388572255787835     
  0.67373787844732946        5.3512534605510184E-002
  0.68233275950980066        7.5890816554633062E-002
  0.85457989149235369        6.5135368128468984E-002
  0.57009421217627498        6.0586009130342254E-002
  0.85404091322099329       -1.1004490245101013E-003
  0.83962533604608858       -8.3599036980587562E-005
  0.94260813223724327       -7.6881997226430749E-004
  0.84803321860142211       -1.8436084074217239E-004
  0.85982728326066948        8.0550389157429145E-004
  0.80785299927717946        9.8471546486337408E-004
  0.88833424969906560       -6.6271548454806327E-004
   1.8228424457795600E-002   5.8068373183961623E-002
  -6.2890537537134278E-002   6.3733997491919478E-002
  -8.1798729914076690E-002   4.5257741978062357E-002
  -1.3667810360178390E-002  0.10812904251234406     
  0.79604575201707251        9.8655685494388690E-002
  0.72272473584940822       0.13308650335389738     
  0.89858464081720135        5.5964969898950119E-002
  0.77337819764401161       0.10687066290385225     
  0.75475507758114624       0.10745699758102502     
  0.78530339032581520       0.13555866064375602     
  0.82282461136010299        9.3728464902475037E-002
  0.76816335514703138       0.10544067617861003     
  0.79912669676176751        4.4498150413293282E-003
  0.80855950767895923        1.7487307358282290E-002
  0.73201256557451466        4.1352447010887541E-002
  0.87590688773138003        2.9894771136291815E-002
  0.77896462016829027        4.3363388991551628E-002
  0.83190487228407928       -3.1374722056225199E-002
  0.85075974900318629        4.4487769866509388E-002
  0.76137879612952086        9.1331953273705319E-003
  0.78089876734773334        3.6179897849154104E-002
  0.88706755216482580        1.7362169594392445E-002
  0.64031909280958743        2.1612762921603676E-002
  0.82408659112129223        3.9713315750270527E-003
  0.74412395204446524        1.5067994553094507E-004
  0.84687658052234149       -6.6718014027117778E-004
  0.76661324744395110        4.4953568808341338E-003
  0.81773756659043606       -1.1062818537919612E-003
  0.79959683703652895       -4.5443046438902509E-003
   8.9181365621612191E-002   6.7539068959038440E-002
   6.1722781551511528E-002   5.4977674025444352E-002
   7.5876991655940307E-002   5.8772998018942098E-002
  -3.9747930874162743E-002  -1.8425442309917390E-003
  0.20043943942745510        5.2825112062993246E-004
  -1.7105549542934584E-002  -2.3291142227196697E-004
  0.11279819182028555       -1.0360885492778609E-003
   8.5039309418885822E-002   2.9107282886670050E-005
  0.28174512066595558       -2.7870839953360914E-003
  0.14924022617953481        1.0504469837238101E-003
  0.65842568533226886        1.2428388263224378E-003
  0.65250898139795910       -2.6804108066335843E-004
  0.59297645704423119        5.3309663252945824E-003
  0.64249402007096401       -1.7674594537552189E-004
  0.68579561465316718        1.4058700887975260E-003
  0.61641278298242663        3.4385848994467221E-003
  0.68030176342396687        7.1561491682741601E-004
  0.79163301555040899       -1.9313477136490538E-003
  0.53757404118053065        4.6256906650562378E-004
  -3.0226281267796140E-002  0.26215514191980205     
  -3.1444421537839773E-002  0.25579646739042927     
   1.3754174221358717E-003  0.25371490527562868     
  0.22928163355027850        4.5253359407055623E-004
  0.20862443205353060        9.6129781111855802E-004
  0.14820465034679070       -3.0777218663015225E-003
   2.7110230304913788E-002   1.1174027867113141E-003
   3.6891749817184891E-002   4.3087592295885479E-004
  0.20317341568915340       -2.2641791912794453E-003
  0.30826940298518496       -1.7650548315984085E-003
  0.15817319871671592        8.1385757764911872E-004
  0.10884897229483707       -4.3943034735775886E-004
  0.42176548274877218       0.13828575727672404     
  0.33019531021083193       0.13496985917050677     
  0.33383006536038035       0.17457448895407282     
  0.37046561221971830       0.13312764346030101     
  0.36318477090399254       0.13731931094613789     
  0.28283204651981730       0.14286392655987321     
  -6.7411181976540294E-002  0.15366162381360923     
   9.6398454657574378E-002   9.2524625267465410E-002
  -4.6809138037554016E-002  0.11551612918117631     
   4.4682563950684012E-002  0.16378948154012907     
   7.0062908436888255E-002  0.16060041294835464     
  0.26734874436506706        1.3401480297468547E-003
  0.22875254089759423       -2.2287743463634928E-003
   1.7384580211063153E-002   4.6502114942599477E-003
   7.7591908315048502E-002  -5.4593737072498264E-003
  0.25699030107350385       -2.8915610890522516E-003
  0.30674686035244503       -3.4230545147837048E-003
  0.18674532301925126       -3.1479813156236563E-003
  0.13065398179473980        1.0378312096303243E-003
  0.80388178011237232        7.8589178373334942E-004
  0.80029681781894912        8.1466062100912489E-003
  0.73286722457346076       -1.6584863994053397E-002
  0.91072413369090421       -1.3931294641972591E-003
  0.78872995818283242        5.5444735493517883E-003
  0.82432130274929138        9.1762047814772235E-003
  0.76376467591272179       -1.2828109273727184E-002
  0.80596825044411480        3.2156347579018912E-003
  0.87563338019749004       -1.6253284049114482E-003
  0.64299781800650624        7.0115968919918338E-003
  0.64798243534516309       0.12439328161424504     
  0.56709106039113832       0.12268714835724899     
  0.70217034105309495       0.13250280893800487     
  0.56683722033980022       0.14929554268333578     
  0.60969910058376908       0.12294461422415401     
  0.63919059848513826       0.13888483793408246     
  0.59975569555280517       0.16177407630208820     
  0.47839506988199831       0.14745223535839036     
  0.22970881427587753       -9.8763709137592026E-004
  0.14294013581167664       -4.1869643802628563E-004
  0.11584955897114396        2.6979917087478181E-003
  0.30290611821594238       -2.0610140261236542E-002
  0.18090133603953554        1.2452667861203354E-003
  0.58074914363481478        1.2527483998860428E-003
  0.58067310473576694       -1.7301745083221845E-004
  0.58926911807833815       -3.1242440398636237E-003
  0.52426216348188692       -1.7347450135841900E-003
  0.68379230244933775        2.6230552523900720E-003
   4.2602808245645045E-002  -1.9788785958775273E-003
   5.4372872985482129E-003  -6.3503376515465252E-003
  -5.9344547219795041E-002   1.4547404301936036E-003
  0.34890704807963924        9.9820059252443555E-003
  0.36052166405941927       -3.7000416006854219E-004
  0.27798772396684196        1.8675346546876515E-002
  0.15056925773888680        1.4043305679535661E-002
  0.31839493139654895        1.3691458398637160E-002
  0.45087856621133648       -3.2657256707119119E-003
  0.29861465706147644        3.4037502207289396E-003
  0.35231667251921750        3.1281954673396055E-002
  0.24458704741077636        1.2257620280420930E-002
  0.82777413201335559        9.8461162684642806E-002
  0.75489516041287141       0.13174878465105111     
  0.91819465810675893        7.6485740926834231E-002
  0.80413304441863143       0.10454917800673171     
  0.78948463131184377       0.11754210326410783     
  0.80636940993753736       0.11888509311478077     
  0.85771353634361003        9.7090992999645923E-002
  0.80081182503035087       0.10509869906497141     
   8.9411408780326163E-002  0.24900590984499346     
  0.30592122209356004       0.22365486852961142     
   8.7847213912315758E-002  0.23657501750403848     
  0.17740914691371873       0.27576256098499924     
  0.14859848860018821       0.24673764574183799     
  0.11870253378657131       0.23544226493101264     
  -5.0179145622308796E-002  0.27503329833987039     
  0.17118829593795604       0.28070750620823104     
  0.67139918167444168       0.13561832585111258     
  0.57982978053588463       0.14488049082489490     
  0.69439558487217312       0.14099650179983431     
  0.58097123589039257       0.14005128467219471     
  0.62682301533280305       0.12712883641484735     
  0.64006307117543415       0.14563795754615758     
  0.61223742626597899       0.14434854905661090     
  0.41032174748767081        8.4916412160106983E-004
  0.38914665633091672       -5.4668864384596884E-005
  0.33846120591002271       -1.3352013552095448E-003
  0.19963879118219890       -4.2244938179285637E-004
  0.39680386488970498       -3.3303824079798957E-003
  0.44325010118492575        2.9710001599958600E-004
  0.35191668797659881        4.4567733278943306E-004
  0.29228338930126613       -2.3710797897497052E-003
  0.79682129649627609       -8.5020807505557317E-004
  0.78936577098573180       -1.5506346889086720E-004
  0.80572880490494336       -5.1013352026934482E-003
  0.75150829496727334       -2.5845571095877728E-003
  0.84667953888112268        4.6924016013175840E-003
  0.31139864049010169        8.3818313049875796E-003
  0.32281676352132255        2.6070822242617044E-003
  0.23802517124258940        1.8072617873496892E-002
  0.12015940642780770        1.3724598829335260E-002
  0.27920565250695273        1.3313824791760968E-002
  0.42421775262486111        2.0056339037771636E-004
  0.25833812043097221        4.3708906987681489E-003
  0.31860166860700800        3.5249432613144997E-002
  0.20541437048981001        1.1506305277751162E-002
