 cosx vtec
  0.71864182354601736        3.1388095203105523E-002
  0.72024187220977665        1.1266557126342261E-002
  0.71357363245450900        1.6147304182509994E-002
  0.71845582378657979        2.6590208887822465E-002
  0.65025090982800771        2.7965496839924199E-002
  0.72821137430222760        4.8858144319178523E-002
  0.49450045473524123       -1.2897270245265243E-003
  0.46435057376330346       -1.5853890733796313E-003
  0.51216134052648665        2.7911010227498938E-003
  0.41213932075936255        2.5617719413499748E-004
  0.40180263675330913        1.3981685127904576E-003
  0.54854629451767967       -5.1007868414364495E-003
  -7.9041548582101939E-003   2.7623175054397550E-003
   9.3884841529715296E-002  0.24536648206127828     
  0.27532094152204611       0.18116790074331321     
  0.27015653779146931       0.18711093450550123     
  0.30151483291066311       0.18987606643068172     
  0.20761170812163562       0.21150504713415480     
  0.33027501285472016       0.18739092016021178     
  0.27552133223171138       0.18751340178758585     
  -7.4935413898173486E-002   1.3116161486377044E-002
  -1.4971017274014453E-003   1.0555076789434181E-002
  0.88611403470131667       -2.7604670143527199E-003
  0.87166157601495664       -1.1527491207212459E-004
  0.89391644318550312       -1.3811317215394021E-003
  0.93602489877337636        4.4922859168688416E-003
  0.93241594842869524       -1.2436391499969313E-003
  0.86314589227895866        2.0479110461447654E-004
  0.99333361197103187       -4.5297425071958546E-003
  0.92413598489161475        3.3594982712548912E-003
  0.94236583798410045       -1.0845568661108529E-002
  0.96943730782201643        2.4618362171800252E-002
  0.98775242988832013       -3.8686800322529163E-002
  0.94058537902300454        4.1191537438215890E-004
  0.55560830912973247        2.3041674179984772E-003
  0.54001385551949865       -2.7525199677435008E-004
  0.58216042593229445       -1.2724938539822386E-003
  0.47853546234079192       -2.9124891541573404E-003
  0.48675699654144022        1.6272398366837053E-003
  0.59694271101628904       -1.8118724865727565E-004
  0.65071940044469589       0.16537621692818413     
  0.69899219461146656       0.15934392381651821     
  0.72732629865025977        2.5444023499378923E-002
  0.66628048588369304       0.16245428121964881     
  0.70144060286591003       0.15838180996555629     
  0.64661356476789600       0.16540010551223430     
  0.55738159234283791       0.19077796878947312     
  0.57730931913458039       0.19748407119543368     
  0.53372941971986565       0.19677924073786038     
  0.51491789095601204       0.19784547479312053     
  0.79570719055533512        7.1904269094688437E-003
  0.74529766866236669       -4.0428397746459149E-004
  0.75340645601155598        8.0264766956408590E-004
  0.77687125438583260       -4.8977605447199585E-004
  0.68869627370601938       -4.6278575108834206E-003
  0.84593562189150950       -1.9673738106778019E-003
  0.82488232136281647        3.1601492638171458E-003
  0.82845802761492526       -3.5944424831929598E-003
  0.84065528983358084       -4.0640839485871225E-003
  0.75934708018251074        8.8320842817718771E-003
  -6.4928141044167553E-002   5.4977674025444352E-002
  0.72465250888706367        7.7012684142695968E-003
  0.71302083581026066        2.1670522914370286E-003
  0.71176228716615153        1.8489583781809297E-003
  0.72125345556130005        4.0539128396376491E-003
  0.65212267141372715        1.1603254861881261E-002
  0.61754578403348404       0.15621543594884907     
  0.60884575894627690       0.16669204073483934     
  0.67732548276825422       0.15831919765343447     
  0.63496908652856066       0.15216228660618406     
  0.66439972319405560       0.14958327736875440     
  0.61467101490939979       0.15520144799549179     
  0.98018098666476672       -2.0566632077150596E-002
  0.95037183780401180       -1.2701386721718732E-002
  0.93041509577079329       -4.1639714671229781E-003
  0.94496826722282345       -1.2944937963955926E-003
  0.96733360578853267       -5.6288340745692606E-003
  0.97905163592783384       -4.6381131940633384E-003
  0.17916670324526041       -1.8425442309917390E-003
  0.25272368712208204       -6.4994435822044718E-003
  0.29214585760716272       -1.5193500429710259E-003
  0.21298127273172093       -1.0268789279195456E-003
  0.19510773526035330       -2.8028151825057441E-004
  0.39386140733994190        5.2825112062993246E-004
  0.56739901611695198       -2.3291142227196697E-004
  0.50916999170205490       -1.0360885492778609E-003
  0.54692530182061139        2.9107282886670050E-005
  0.33040547475534221       -2.7870839953360914E-003
  0.41413444034233049        1.0504469837238101E-003
  0.97881467093062624        1.7706911728363754E-002
  0.99176873575701696        8.3064049308213578E-004
  0.95994661724708896       -9.0239836387568228E-003
  0.96680416542665737        2.1763725522982606E-002
  0.97655872759264639       -7.8960665841218552E-003
  0.97648782505857068        8.2147199687336817E-002
  0.66426079962738238       0.17979436456887404     
  0.70190387572852875       0.16086609414302988     
  0.72062238511747601       0.16159190962225733     
  0.67719413836306153       0.16379153790527184     
  0.72414129701709951       0.16523917677199620     
  0.65773429106251668       0.16719070424129434     
  -2.6341494900670004E-002  0.14616974875789149     
   9.1821604312621430E-002  0.13480062142992202     
   8.2285061877531041E-002  0.13244874296649659     
  0.17999581242251531       0.12622566330818735     
   4.5413938486994543E-002  0.13218300977472652     
  0.15470924758476612       0.13403129489593524     
  0.10496127839912517       0.16718654530471480     
  0.68071210857280262        4.4968026919053892E-003
  0.66849750497162941        4.2981282663374643E-003
  0.71462981852615193        1.4764253058574511E-003
  0.59584341987480649        7.5457911314361602E-003
  0.71954939724223910        8.4268154823119001E-004
  0.96486869502190276       -6.3980360992366920E-003
  0.91557844531990051       -2.4152062409891399E-004
  0.89327457635689878       -1.6801410417189593E-004
  0.91040511697798121        3.3360350109583664E-003
  0.94185656402561657        4.1850298004085691E-003
  0.19569288553161959       0.15366162381360923     
   2.8096458828600936E-003   9.2524625267465410E-002
  0.20008372452392503       0.11551612918117631     
  0.11508574196455777       0.16378948154012907     
   5.4239105074934811E-002  0.16060041294835464     
  0.84187692274879333        8.7806748522432240E-002
  0.87453363907989756        4.9557197440978550E-002
  0.89438298950064532        3.7410694713585532E-002
  0.88179025860008697        4.7976232722304335E-002
  0.85919594610170313        6.5191784758076146E-002
  0.90550495218301541        6.2451256859090268E-002
  0.83300024356326752        8.2339747719577638E-002
  0.32506776361577916        1.8039901042231622E-002
  0.31087317470011216        9.4478455624341824E-003
  0.36093052072948667        7.0401137222157381E-004
  0.37312033525661992        6.7728585436055448E-003
  -3.7931362746207953E-002   4.6502114942599477E-003
   1.2632540259652950E-002  -5.4593737072498264E-003
  -9.2283913619546520E-002  -3.1479813156236563E-003
  -5.1421637809613452E-002  0.15193625256534618     
  -6.1153337920766312E-002  0.14234849483706394     
   8.1322335544784768E-002  0.14808115052818685     
  -9.8123030682100404E-002  0.15622842766649297     
   3.1076911990547462E-002  0.16013105653987095     
  0.51300535874118591       0.20000990441896402     
  0.55335264689578900       0.18849306004408550     
  0.58115682761780851       0.20000520977718561     
  0.52375696883205691       0.19102871679253400     
  0.50527371220858763       0.19544743668399317     
  0.42038734980093312       0.21606207179078721     
  0.44163228872492966       0.22397928138036893     
  0.39715915809896585       0.21680856679272215     
  0.37765077115317353       0.23013724365828847     
  0.37700788119995615       -9.8763709137592026E-004
  0.49015738743985071       -4.1869643802628563E-004
  0.52591454976853291        2.6979917087478181E-003
  0.31965831012010315       -2.0610140261236542E-002
  0.39475574397922319        1.2452667861203354E-003
  -9.5639905634569339E-002  0.23721193722235798     
  0.82159534240864207        1.8930705919911962E-002
  0.80777305482090522        1.1916057871492762E-002
  0.90832164860253162        2.6299998063288428E-002
  0.86476138097887723        3.0246794274645942E-002
  0.93664559539570569        1.8192433725313806E-002
  0.85449122989218218        2.2596442649661611E-002
  0.86178766816245544        3.6811161512725413E-002
  0.81992187516882364        1.8706940296745276E-002
  0.88123254090799508        4.3737613825485785E-002
  0.85832332441059522        5.4220707082015401E-002
  0.93042432026207034        2.2100578287264510E-002
  0.94852693292203083        3.8172727753038857E-002
  0.96961827125096811        3.4166946097695702E-002
  0.94239723823836230        3.9101947776732475E-002
  0.90507689507745526        3.1988908536078074E-002
  0.92876105555354960        1.7970343024593889E-002
  0.87673990114553968        4.5846785742042269E-002
  -7.0829657222802239E-002  -1.9788785958775273E-003
  0.12661009254402675        3.0912012073850120E-003
  0.17234534013819491       -1.0990283110258188E-003
   8.9355920298189631E-002  -6.4708599269172379E-004
   7.9927463530997320E-002  -7.8571204327096563E-004
  0.27099737319030293        9.8326762151727080E-003
  0.79428784933626706        4.4944733756782226E-003
  0.71948810615458569        4.1619556586150374E-005
  0.73031101662761100        1.0181072196445450E-004
  0.76241733231163700        9.7886086240164469E-004
  0.66159207432186906        1.4547404301936036E-003
  0.99326862138272487       -6.6559077245274684E-002
  0.97334352256574441        1.2596067335274474E-002
  0.95926523496782989        7.0879289311199635E-003
  0.97193695148679415        6.6438648602652759E-003
  0.98723253461592175       -5.4175284405365660E-003
  0.99069026468842647        2.9433060817074527E-002
  0.57372206987489249       0.16996716393424466     
  0.58623672983277808       0.16878339842997775     
  0.55703429972412255       0.17779457800968479     
  0.53684783290515248       0.19331008144297543     
  0.76053134276494105        2.5771873650454365E-003
  0.80882725043179049       -1.3529777179666987E-003
  0.84152349780795344       -1.1808690353571833E-003
  0.68514514726433295        7.4402037411422828E-004
  0.83729787392278920        7.6328347695225137E-004
  0.87870640509103715        2.6846181032148721E-003
  0.90527215184516951        1.0945867007753183E-002
  0.82552250939618133        2.3432810183311586E-003
  0.83559997756255677       -3.2395965922499021E-004
  0.85994752737493640       -4.8797874420135490E-003
  0.75308541492385916       -5.2858658594888007E-004
   9.7142657222015732E-002  -3.0756226850504678E-003
  0.22952328400956681        1.0429660983790989E-003
  0.19865916503999959       -3.9392958123306140E-003
  0.24538065502665515       -2.6960714250803385E-003
  0.16190293418638324       -1.8727780249503010E-003
  0.15907356472385731       -1.1094276968550666E-003
  0.97285299807992698       -6.5629287989389468E-002
  0.99989107520415554        3.7236779886469638E-002
  0.96884396562575814        2.3331244339242788E-002
  0.97091903265840152        5.3890500421188120E-002
  0.97443153038534502       -2.5957776823408510E-002
  0.96316258265762134        1.1119219847883991E-003
  0.99310459653419758        4.7128949035861690E-003
  0.74215071286581813        8.2660410074114427E-002
  0.77297917558488038        5.3228857593158180E-002
  0.75115550800076181        7.3020605151964693E-002
  0.74650363503261374        7.8166746204510071E-002
  0.67270182901176057        9.1071406014058096E-002
  0.73567232972731489        9.4915412526753465E-002
  0.70894305421730408       0.12187381817133008     
  0.72638618877874583        9.4451464532240188E-003
  0.70407582864427076        1.1453759532210719E-003
  0.70603437339314234        3.0972946582373577E-004
  0.71946882535610424        4.0459565148590155E-003
  0.64805955854848207       -2.9440414659286200E-003
  0.52097194603530883        9.1890626038973619E-002
  0.51262139591870792        8.9232693140954458E-002
  0.57773238663064186        7.9305013365230340E-002
  0.55399058125148315       0.10785865931896235     
  0.45084788343020954        9.8507271950027134E-002
  0.56172331153182109        8.8057338305888105E-002
  0.52324129427933208       0.10911163290952455     
  0.87011339920575903       -3.3425157168294802E-003
  0.85162494204644923       -3.8818913480724538E-003
  0.96705452370994827        8.9833006876898162E-003
  0.90674082280613355       -1.3661553311033220E-002
  0.97921034304164778       -8.8073565653271145E-004
  0.91779791519776011        4.9149835120062069E-003
  0.91330627497719330       -2.4785332552559099E-003
  0.37293847573465377        5.4750847723127635E-004
  0.34948413590004057       -4.2505274616567703E-004
  0.39211743766136814       -1.3171948025796579E-003
  0.30806775774968131       -1.8023279581236178E-003
  0.30651360067770195        8.3129325865411764E-004
  0.42192774579711267        1.6411836388117915E-003
  0.77627285762055775       0.13246439172701949     
  0.81419420726029434       0.11013581044319495     
  0.86976381922981894       0.11128465476742398     
  0.82781702417363845       0.11089543821439511     
  0.79215710400914974       0.11116968048219136     
  0.83122623674287599       0.10889889671508828     
  0.77038654964648901       0.12766311865842941     
  0.54866008022498203        9.8087097748654267E-004
  0.58795922737783379        9.4037645013731136E-004
  0.50226312119980643        1.0679193046887114E-003
  0.48156728127087889       -1.1549248023281166E-003
  0.62278576613596059        1.8992592505824720E-003
  0.63683379835445098        5.5251441139887595E-003
  0.62424978699982703        4.3041167197905104E-003
  0.66888864078131360        1.1148198628110624E-003
  0.53142784745759686       -1.3085628101525500E-003
  0.70310946169147170        6.9246880664974152E-003
  0.56089979972988135        5.5167347462069475E-003
  0.67601298003064691        2.1253009273816455E-003
  0.81826342079460446        8.4135536254450499E-002
  0.80221533094786168        8.2703558476082906E-002
  0.87128867451339942        7.5380639790021020E-002
  0.89094482233086991        5.4533390711802091E-002
  0.83960179416327430        6.4489324284025470E-002
  0.86248828652716436        7.1651545479248444E-002
  0.81491672466878695        9.0258191014254516E-002
  0.53720107056407662       0.22177906897442204     
  0.57234408868468822       0.19590597892690828     
  0.59474038614316660       0.20224077677783442     
  0.54652700182840541       0.19946131417052668     
  0.61333685344556810       0.21899558070053621     
  0.52792777415562087       0.20788173597004292     
  0.95945379912156636        2.4799101011279450E-002
  0.95025876787461683        8.4751966823167141E-004
  0.91468134574934823       -1.8370760649632202E-002
  0.92632278071226126       -1.0370612665447969E-002
  0.94707098877409257       -6.4404368176136234E-003
  0.98419895880826591        2.5476774128805581E-002
  0.80972233892003642        1.9621664489074078E-003
  0.79246157803111350       -8.6461834010806492E-004
  0.84031764348063265       -6.8462720169913715E-004
  0.66801761404765370        3.7369930714168309E-003
  0.85126840035508566        8.6660225717047866E-004
  0.94738626720927033       -5.3442707312885435E-003
  0.97558847863495701        3.7478703672659777E-002
  0.92130650961573424       -2.1772687804446937E-003
  0.92843688458898421        1.0759656352642602E-003
  0.94183114806156243        4.2652573153633314E-002
  0.99239020165972913       -3.3462569972034603E-002
  0.67841717436403803       -5.4098435224847240E-003
  0.72048944343255195        1.0679439633908623E-003
  0.61676210408381471       -1.1953104522261194E-003
  0.58668767902123020        8.8012785027625573E-004
  0.74591320656948434        8.7154376573935952E-004
