 cosx vtec
  0.58851981126888619       -9.6162401822252549E-004
  0.56289527584128440       -3.1685733285309186E-004
  0.56852469393890614        1.2930267714109428E-003
  0.58611595056892629        7.5567409252068395E-005
  0.60418152238543166        3.9073304018642291E-003
  0.53209026128804848       -7.3190681211835254E-004
  0.50352625232323900       -5.0381838196475351E-004
  0.43518112273142862       -1.4334823602417959E-004
  0.40393588578678841        9.1280395362138908E-005
  0.40945259039925913        2.6484931139093269E-003
  0.24984319390161971        2.4790802105653944E-003
  0.18729078581592196        4.0766235908728171E-004
  0.43052516462826579       -1.5515789069554193E-003
  0.46386370682914529       -3.5281456368758475E-003
  0.36936423082034670       -1.1035258684171378E-003
  0.34533632108346118        4.7901094501673130E-004
  0.41788566612351696       0.10729922832570163     
  0.40595801128277342       0.12261495911962182     
  0.34137203770149671       0.10407521999405821     
  0.43141838976661817        7.9455081797138630E-002
  0.37917593670295724       0.11227182130513493     
   8.5689721535270130E-002  0.23299099210043162     
  0.12893780197669780       0.23848472930534723     
  -4.8758068733788955E-002  0.24579306243113461     
  -2.0518330265400730E-002  0.24387617783107565     
  0.11419360890884543       0.23595003965126718     
  0.46116536954327886        1.5687779507678255E-003
  0.29892132029162410        2.7623175054397550E-003
  0.41482433502651167        4.0197458449612528E-003
  0.36482315249409419       -4.7835043372671920E-004
  0.44586764503150111       -3.4377783499088652E-003
  0.17328626370483047        1.7863194930720187E-002
   7.0386014995586027E-002   1.9575283317887330E-002
  -8.7923401175181867E-002   3.0287222014354839E-002
  -2.4842356745137698E-002   1.6668697761839574E-002
  -8.6451401002392680E-002   1.3116161486377044E-002
  0.11901444959252687        2.5127913673000962E-002
   4.8426645253731304E-002   1.0602088710713380E-002
   1.9222390321205082E-002   1.3917213258329682E-002
  0.36111255564146139       0.18163321329719903     
  0.32790888989902345       0.18364688198242726     
  0.27547577862190942       0.17466758563093754     
  0.30909766716237264       0.17416515867053778     
  0.62246912822486666       0.15282663361311893     
  0.58967010718369739       0.18282056158905738     
  0.60611965584908367       0.16106935157295429     
  0.55768908446377496       0.15907872351079722     
  0.67625976108673580       0.19583999216562853     
  0.64758043088983408       0.15789407856856472     
  0.59166059310298458       0.15939434382024795     
  0.86898200212991539        5.2849905566731969E-002
  0.86345311512409340        3.8106920053663500E-002
  0.83385368988639441        6.3276848475789002E-002
  0.94546130786323423        7.0919116972806243E-002
  0.85721517125598379       0.10519336145341916     
  0.89486792710130536        5.0497807114577992E-002
  0.92778158883278927       0.10388572255787835     
  0.81291870820786494        5.3512534605510184E-002
  0.86887853628099432        7.5890816554633062E-002
  0.95410006554776428        6.5135368128468984E-002
  0.76366755631240280        6.0586009130342254E-002
  0.78220734654545554       -1.1004490245101013E-003
  0.74968361742466672       -8.3599036980587562E-005
  0.86310096603133857       -7.6881997226430749E-004
  0.80401656137225164       -1.8436084074217239E-004
  0.76965031172040532        8.0550389157429145E-004
  0.72421356578136387        9.8471546486337408E-004
  0.78885021973368497       -6.6271548454806327E-004
  0.23852402382766785        5.8068373183961623E-002
  0.12938758573640269        6.6928927599418278E-002
  -9.5922697465198464E-003   7.8420673010781289E-002
   4.1528158937223905E-002   6.1524758571879119E-002
  -6.1119426158765602E-002   3.4345231023820519E-002
  0.17499896986547159        6.3733997491919478E-002
  0.12098514840358343        4.5257741978062357E-002
  0.26144070379429912       0.10812904251234406     
   8.6251866117509110E-002   6.0545584113714725E-002
  0.76748335339306373        9.8655685494388690E-002
  0.74386082592064418       0.13308650335389738     
  0.84199482694994932        5.5964969898950119E-002
  0.75797895951864303       0.10687066290385225     
  0.70546381042145678       0.10745699758102502     
  0.81593425860929569       0.13555866064375602     
  0.77556839652012155        9.3728464902475037E-002
  0.74380627808683908       0.10544067617861003     
  0.89972130261577232        4.4498150413293282E-003
  0.88472544491180005        1.7487307358282290E-002
  0.87390361404315220        4.1352447010887541E-002
  0.96452805715618295        2.9894771136291815E-002
  0.89435077703936205        4.3363388991551628E-002
  0.90964836506618540       -3.1374722056225199E-002
  0.97371305997726831        4.4487769866509388E-002
  0.84557092935246259        9.1331953273705319E-003
  0.91519501424827954        3.6179897849154104E-002
  0.94561491673191300        1.7362169594392445E-002
  0.78565579209365566        2.1612762921603676E-002
  0.62781908871562053        3.9713315750270527E-003
  0.49922830438512256        1.5067994553094507E-004
  0.63559949558318185       -6.6718014027117778E-004
  0.55150489954003956        4.4953568808341338E-003
  0.60625155081173887       -1.1062818537919612E-003
  0.61162112710974270       -4.5443046438902509E-003
  0.12866628677602140        6.7539068959038440E-002
   6.7389547715883041E-002   5.4977674025444352E-002
  0.10472439017245755        5.8772998018942098E-002
  -2.5891672408493382E-002  -2.7870839953360914E-003
  0.70121709296295365        1.2428388263224378E-003
  0.67684267554151212       -2.6804108066335843E-004
  0.68749605123262147        5.3309663252945824E-003
  0.70187021303996422       -1.7674594537552189E-004
  0.70777936877552450        1.4058700887975260E-003
  0.64825916235728920        3.4385848994467221E-003
  0.79444762738599373        7.1561491682741601E-004
  0.78422180847037093       -1.9313477136490538E-003
  0.61120390387980494        4.6256906650562378E-004
  0.30344949002868193       0.26215514191980205     
  0.29103372817946482       0.25579646739042927     
  0.32738751379284692       0.25371490527562868     
  0.28592694506975341        4.5253359407055623E-004
  0.24240651546545425        9.6129781111855802E-004
  0.25476195248435696       -3.0777218663015225E-003
  0.10846789625347888        1.1174027867113141E-003
   7.4440123402613426E-002   4.3087592295885479E-004
  0.28066937075225706       -2.2641791912794453E-003
  0.32915291090028465       -1.7650548315984085E-003
  0.20286983727609009        8.1385757764911872E-004
  0.18060667146822088       -4.3943034735775886E-004
  0.68871236427971916       0.13828575727672404     
  0.62075772804491647       0.13496985917050677     
  0.63409620336762418       0.17457448895407282     
  0.65179845652387991       0.13312764346030101     
  0.65194467108978027       0.13731931094613789     
  0.57230042854497332       0.14286392655987321     
   4.9797558069496817E-002   9.2524625267465410E-002
  -3.7460758322948637E-002  0.16378948154012907     
   8.4196618596035291E-003  0.16060041294835464     
  0.24254567201163446        1.3401480297468547E-003
  0.18185116380016028       -2.2287743463634928E-003
   2.9432999428103849E-002   4.6502114942599477E-003
   3.4564151606111038E-002  -5.4593737072498264E-003
  0.26365222770783148       -2.8915610890522516E-003
  0.25134344817673654       -3.4230545147837048E-003
  0.14846834787754007       -3.1479813156236563E-003
  0.12619091251823336        1.0378312096303243E-003
  0.83523291236268826        7.8589178373334942E-004
  0.81259124223714452        8.1466062100912489E-003
  0.82394325414800773       -1.6584863994053397E-002
  0.93110251244503961       -1.3931294641972591E-003
  0.83729992454389324        5.5444735493517883E-003
  0.83631045703141360        9.1762047814772235E-003
  0.78294297205677554       -1.2828109273727184E-002
  0.89431239131716989        3.2156347579018912E-003
  0.87129950440555204       -1.6253284049114482E-003
  0.72397685627566577        7.0115968919918338E-003
  -5.6818514854741806E-002  0.24981006337795672     
  -6.0755815767224275E-002  0.24906902391523478     
   1.8320505852269520E-003  0.25112652606919900     
  0.86362290562411725       0.12439328161424504     
  0.81111486904624974       0.12268714835724899     
  0.90332545842526635       0.13250280893800487     
  0.81432688440774137       0.14929554268333578     
  0.83985886697577494       0.12294461422415401     
  0.86343464319389618       0.13888483793408246     
  0.83614996497420568       0.16177407630208820     
  0.73331341518381066       0.14745223535839036     
  -7.8376234263961508E-002  -9.8763709137592026E-004
  -8.9136948050073661E-003  -2.0610140261236542E-002
  -9.2295820047312890E-002  0.24713170551468802     
  0.49758984287523056        1.2527483998860428E-003
  0.52992746224822151       -1.7301745083221845E-004
  0.48519643811627639       -3.1242440398636237E-003
  0.42923974155280997       -1.7347450135841900E-003
  0.55787789925814857        2.6230552523900720E-003
   6.0356155271220291E-002  -1.9788785958775273E-003
   6.1090117744428955E-002  -6.3503376515465252E-003
  0.50677688846928914        9.9820059252443555E-003
  0.49101901324506508       -3.7000416006854219E-004
  0.46449145924606045        1.8675346546876515E-002
  0.33479613821381915        1.4043305679535661E-002
  0.49035170688196039        1.3691458398637160E-002
  0.56908326395657505       -3.2657256707119119E-003
  0.44384447395759741        3.4037502207289396E-003
  0.55955838704292915        3.1281954673396055E-002
  0.41796139552230227        1.2257620280420930E-002
  0.83685590927252973        9.8461162684642806E-002
  0.80837060407902195       0.13174878465105111     
  0.89993171929875082        7.6485740926834231E-002
  0.82605236026249063       0.10454917800673171     
  0.77246930324512930       0.11754210326410783     
  0.86201941857919273       0.11888509311478077     
  0.84694773278013613        9.7090992999645923E-002
  0.81413018190284936       0.10509869906497141     
  0.40849986183238546       0.24900590984499346     
  0.56915031871831734       0.22365486852961142     
  0.20391492182756840       0.31946926041257023     
  0.39277240564178162       0.23657501750403848     
  0.49265980708672125       0.27576256098499924     
  0.44209684584001530       0.24673764574183799     
  0.42691645803379530       0.23544226493101264     
  0.16248350063904005       0.16105346369551943     
  0.26353212453312663       0.27503329833987039     
  0.45075538406685139       0.28070750620823104     
  0.88412542871538935       0.13561832585111258     
  0.82351563942107109       0.14488049082489490     
  0.89471577904992106       0.14099650179983431     
  0.82023381206543511       0.14005128467219471     
  0.85550083321627224       0.12712883641484735     
  0.85950178756391193       0.14563795754615758     
  0.84484054229065664       0.14434854905661090     
  0.40829473622700535        8.4916412160106983E-004
  0.36797131584863252       -5.4668864384596884E-005
  0.40926096782129551       -1.3352013552095448E-003
  0.17744958222544285       -4.2244938179285637E-004
  0.41767871930015366       -3.3303824079798957E-003
  0.41641578516632799        2.9710001599958600E-004
  0.33863442839377755        4.4567733278943306E-004
  0.31327504744614404       -2.3710797897497052E-003
  0.73977871479370805       -8.5020807505557317E-004
  0.75744489519004032       -1.5506346889086720E-004
  0.73034290211325603       -5.1013352026934482E-003
  0.68320500469624668       -2.5845571095877728E-003
  0.75917297253766924        4.6924016013175840E-003
  0.46985383256653396        8.3818313049875796E-003
  0.45328507489492664        2.6070822242617044E-003
  0.42511959600950111        1.8072617873496892E-002
  0.30278471217632807        1.3724598829335260E-002
  0.45202283909904722        1.3313824791760968E-002
  0.54035319570040596        2.0056339037771636E-004
  0.40419707201503990        4.3708906987681489E-003
  0.52966646185196320        3.5249432613144997E-002
  0.37873464056097028        1.1506305277751162E-002
