 cosx vtec
  -6.1890672713542094E-002   1.1266557126342261E-002
  -7.2641722148821697E-002   2.7965496839924199E-002
  0.39684603776316724       -9.6162401822252549E-004
  0.41068216144750164       -3.1685733285309186E-004
  0.29551223747057853        1.2930267714109428E-003
  0.36432010969333367        7.5567409252068395E-005
  0.45560939575254178        3.9073304018642291E-003
  0.36750650201847435       -7.3190681211835254E-004
  0.28018647926845930       -5.0381838196475351E-004
  0.25315676204667303       -1.4334823602417959E-004
  0.26473116648558370        9.1280395362138908E-005
  0.14791047621366918        2.6484931139093269E-003
   2.7577884780522421E-002   2.4790802105653944E-003
   7.9943276677129554E-002   4.0766235908728171E-004
  0.21625441551877567       -1.5515789069554193E-003
  0.33301596589643173       -3.5281456368758475E-003
  0.21591899811327853       -1.1035258684171378E-003
  0.14120747072327522        4.7901094501673130E-004
  0.57635467711296395       0.10729922832570163     
  0.53539821398479159       0.12261495911962182     
  0.53635233167685548       0.10407521999405821     
  0.63047090007286211        7.9455081797138630E-002
  0.53456288559458365       0.11227182130513493     
  0.75460351806846970        1.5687779507678255E-003
  0.74204053359834266        2.7623175054397550E-003
  0.76200511019395079        4.0197458449612528E-003
  0.70211350124158600       -4.7835043372671920E-004
  0.80850342002581355       -3.4377783499088652E-003
  -7.1037184926782848E-002  -1.1527491207212459E-004
  -9.6843388417520937E-002  -1.3811317215394021E-003
  0.32043980430790053       0.18163321329719903     
  0.26520710144622567       0.18364688198242726     
  0.27561457434240588       0.17466758563093754     
  0.26606348668261942       0.17416515867053778     
  0.56614671085314472       0.15282663361311893     
  0.46375490627718713       0.18282056158905738     
  0.52831184109088469       0.16106935157295429     
  0.54333100935085676       0.15907872351079722     
  0.49844460826311987       0.19583999216562853     
  0.63428064812536433       0.15789407856856472     
  0.53148124106497063       0.15939434382024795     
  0.46356635249613382        5.2849905566731969E-002
  0.51902565593783401        3.8106920053663500E-002
  0.37368288782933357        6.3276848475789002E-002
  0.55913663947017977        7.0919116972806243E-002
  0.42771704897149743       0.10519336145341916     
  0.54172540532866575        5.0497807114577992E-002
  0.48365112969235169       0.10388572255787835     
  0.45329431275728610        5.3512534605510184E-002
  0.41348757724892110        7.5890816554633062E-002
  0.65198476458873433        6.5135368128468984E-002
  0.30775908856919615        6.0586009130342254E-002
   3.6120108730995859E-002   7.1904269094688437E-003
  0.16704453855026019       -4.0428397746459149E-004
  0.14283520956081036        8.0264766956408590E-004
   8.9772752537428724E-002  -4.8977605447199585E-004
  0.19810109103144646       -4.6278575108834206E-003
  0.82286453578590157       -1.1004490245101013E-003
  0.82829584201121964       -8.3599036980587562E-005
  0.90842284001773055       -7.6881997226430749E-004
  0.78976454839513122       -1.8436084074217239E-004
  0.84629638902734483        8.0550389157429145E-004
  0.79405343305189724        9.8471546486337408E-004
  0.88067205283095507       -6.6271548454806327E-004
  0.72859327927441653        9.8655685494388690E-002
  0.61441737155146248       0.13308650335389738     
  0.84679187933434497        5.5964969898950119E-002
  0.69549660614819497       0.10687066290385225     
  0.71301173837095377       0.10745699758102502     
  0.65995333810738699       0.13555866064375602     
  0.77083602900484505        9.3728464902475037E-002
  0.69986858958870279       0.10544067617861003     
  -3.0791560111159411E-002   3.1601492638171458E-003
  -6.4423850197047938E-002  -3.5944424831929598E-003
  -3.0935176820338084E-003   8.8320842817718771E-003
  0.60214561211451445        4.4498150413293282E-003
  0.63486935538011802        1.7487307358282290E-002
  0.50182999347883794        4.1352447010887541E-002
  0.68163841481729148        2.9894771136291815E-002
  0.56962382863567040        4.3363388991551628E-002
  0.65382136876858943       -3.1374722056225199E-002
  0.62519225076977036        4.4487769866509388E-002
  0.58535313828007718        9.1331953273705319E-003
  0.55241459907797441        3.6179897849154104E-002
  0.72152674318975762        1.7362169594392445E-002
  0.41775045657472248        2.1612762921603676E-002
  0.92095708293930234        3.9713315750270527E-003
  0.89926726404299140        1.5067994553094507E-004
  0.95600784565622243       -6.6718014027117778E-004
  0.88925671860578626        4.4953568808341338E-003
  0.93059235788370143       -1.1062818537919612E-003
  0.89112936231127549       -4.5443046438902509E-003
   3.8939855003889107E-002   6.7539068959038440E-002
   4.8611336590670511E-002   5.4977674025444352E-002
   3.7877707616418142E-002   5.8772998018942098E-002
  -9.2774311893330852E-002   7.7012684142695968E-003
   2.2416062022189487E-002   2.1670522914370286E-003
  -1.6207412546118682E-002   1.8489583781809297E-003
  -6.3182428715208572E-002   4.0539128396376491E-003
   2.2036378367387199E-002   1.1603254861881261E-002
   4.1780376913721079E-002  -1.8425442309917390E-003
  -9.9759949736009476E-002  -1.5193500429710259E-003
  -2.6314364154794212E-002  -1.0268789279195456E-003
  0.47962063914093467        5.2825112062993246E-004
  0.27886049741292446       -2.3291142227196697E-004
  0.42289632290386775       -1.0360885492778609E-003
  0.40558606311875034        2.9107282886670050E-005
  0.55539929220089923       -2.7870839953360914E-003
  0.42142717918032863        1.0504469837238101E-003
  0.53621841834739703        1.2428388263224378E-003
  0.54947306975526056       -2.6804108066335843E-004
  0.42693514679580535        5.3309663252945824E-003
  0.50562356181048596       -1.7674594537552189E-004
  0.58109478358152622        1.4058700887975260E-003
  0.51021792060032589        3.4385848994467221E-003
  0.48410146208801036        7.1561491682741601E-004
  0.70356159243603644       -1.9313477136490538E-003
  0.39910481179508134        4.6256906650562378E-004
  0.14498157166465039        4.5253359407055623E-004
  0.14967916178104365        9.6129781111855802E-004
   2.3771679124963724E-002  -3.0777218663015225E-003
  -5.7517329702945527E-002   1.1174027867113141E-003
  -5.1063135055644734E-003   4.3087592295885479E-004
  0.10117174682368321       -2.2641791912794453E-003
  0.25020405344992380       -1.7650548315984085E-003
   9.4398536953326617E-002   8.1385757764911872E-004
   2.3962479899705930E-002  -4.3943034735775886E-004
  0.10394745660030552       0.13828575727672404     
  -1.9353739244154511E-004  0.13496985917050677     
  -6.7009075545120256E-003  0.17457448895407282     
   4.4449145130159073E-002  0.13312764346030101     
   3.0619424897634973E-002  0.13731931094613789     
  -4.0750056351359254E-002  0.14286392655987321     
  -8.1791002742404417E-002  -1.6801410417189593E-004
   1.3303176634497066E-002  0.15366162381360923     
  0.13137227428375675        9.2524625267465410E-002
   4.3396553541923497E-002  0.11551612918117631     
  0.12143650927055882       0.16378948154012907     
  0.12325553377274723       0.16060041294835464     
  0.25990561072442420        1.3401480297468547E-003
  0.24806298401488028       -2.2287743463634928E-003
   3.2393239359774541E-003   4.6502114942599477E-003
  0.11126093523102348       -5.4593737072498264E-003
  0.21933154964923157       -2.8915610890522516E-003
  0.32515207202995317       -3.4230545147837048E-003
  0.20249805489656886       -3.1479813156236563E-003
  0.11935825175126011        1.0378312096303243E-003
  0.67557063580757393        7.8589178373334942E-004
  0.69147478073108692        8.1466062100912489E-003
  0.55339658687749960       -1.6584863994053397E-002
  0.78049897750559649       -1.3931294641972591E-003
  0.64502751320974405        5.5444735493517883E-003
  0.71290682819163642        9.1762047814772235E-003
  0.65246508281262372       -1.2828109273727184E-002
  0.62041243838768290        3.2156347579018912E-003
  0.77435294154708822       -1.6253284049114482E-003
  0.48446374897622946        7.0115968919918338E-003
  0.35418571585581227       0.12439328161424504     
  0.25466769671211786       0.12268714835724899     
  0.41632311295378255       0.13250280893800487     
  0.25097861810610794       0.14929554268333578     
  0.30600062040981157       0.12294461422415401     
  0.33785072990341292       0.13888483793408246     
  0.29102203381128566       0.16177407630208820     
  0.16577521561442776       0.14745223535839036     
  0.51008758814670196       -9.8763709137592026E-004
  0.45339005959433415       -4.1869643802628563E-004
  0.43591701315170572        2.6979917087478181E-003
  0.57819098094919097       -2.0610140261236542E-002
  0.45377288904649260        1.2452667861203354E-003
  0.59386152286871063        1.2527483998860428E-003
  0.56138099711156908       -1.7301745083221845E-004
  0.62226724179878057       -3.1242440398636237E-003
  0.55605082772608760       -1.7347450135841900E-003
  0.72723125772207542        2.6230552523900720E-003
   1.9710933512083775E-002  -1.9788785958775273E-003
  -5.0871360277479773E-002  -6.3503376515465252E-003
  -8.8059944423136638E-002  -6.4708599269172379E-004
   7.6170705875755473E-002   4.4944733756782226E-003
  0.23110960445365625        4.1619556586150374E-005
  0.20924041564245838        1.0181072196445450E-004
  0.14965279200382559        9.7886086240164469E-004
  0.27207113192386112        1.4547404301936036E-003
  0.14895386605365210        9.9820059252443555E-003
  0.18654007905962552       -3.7000416006854219E-004
   5.7954564668266428E-002   1.8675346546876515E-002
  -5.1818498385393208E-002   1.4043305679535661E-002
  0.10803502606040238        1.3691458398637160E-002
  0.27829125612619893       -3.2657256707119119E-003
  0.11736750345661873        3.4037502207289396E-003
  0.10258036530840287        3.1281954673396055E-002
   4.1711890035972754E-002   1.2257620280420930E-002
  -6.9845225635943420E-002   2.6846181032148721E-003
  -9.7358164821782778E-002   1.0945867007753183E-002
   6.8246556625066346E-002   2.3432810183311586E-003
   4.3245523142218245E-002  -3.2395965922499021E-004
  -1.3800570475651142E-002  -4.8797874420135490E-003
  0.13391629481386158       -5.2858658594888007E-004
  0.71885057228812754        9.8461162684642806E-002
  0.61036821431899957       0.13174878465105111     
  0.82570976393620676        7.6485740926834231E-002
  0.68522341033501932       0.10454917800673171     
  0.71127645604436829       0.11754210326410783     
  0.65345934435444930       0.11888509311478077     
  0.76502642322131931        9.7090992999645923E-002
  0.69090373801437166       0.10509869906497141     
  -1.9802275818024628E-002   9.4451464532240188E-003
   9.4267661395135649E-002   1.1453759532210719E-003
   6.2065211346182370E-002   3.0972946582373577E-004
   1.4825274603625371E-002   4.0459565148590155E-003
  0.10030580528625876       -2.9440414659286200E-003
   5.7935091352327994E-003  0.22365486852961142     
  0.37769228006582400       0.13561832585111258     
  0.26620788888920366       0.14488049082489490     
  0.41032103035754364       0.14099650179983431     
  0.27163495058443060       0.14005128467219471     
  0.32254108671280241       0.12712883641484735     
  0.34342329782541642       0.14563795754615758     
  0.30578943690351201       0.14434854905661090     
  0.36285789757088871        8.4916412160106983E-004
  0.36338516428101830       -5.4668864384596884E-005
  0.22683802516168772       -1.3352013552095448E-003
  0.19774861424111506       -4.2244938179285637E-004
  0.32806860553564277       -3.3303824079798957E-003
  0.41662191038065050        2.9710001599958600E-004
  0.32275259891395780        4.4567733278943306E-004
  0.23603803882116170       -2.3710797897497052E-003
  0.75775546471701660       -8.5020807505557317E-004
  0.72607747975754366       -1.5506346889086720E-004
  0.78393191718070865       -5.1013352026934482E-003
  0.72916858879063251       -2.5845571095877728E-003
  0.83206405155056251        4.6924016013175840E-003
  0.11538417454699573        8.3818313049875796E-003
  0.15341198405406276        2.6070822242617044E-003
   2.2221396364862034E-002   1.8072617873496892E-002
  -7.6958897898278616E-002   1.3724598829335260E-002
   7.2712141730760405E-002   1.3313824791760968E-002
  0.25691538497679722        2.0056339037771636E-004
   8.1319777141798222E-002   4.3708906987681489E-003
   6.9108809951246408E-002   3.5249432613144997E-002
   7.3180943794634579E-003   1.1506305277751162E-002
