 cosx vtec
  0.43390990468460139        3.1388095203105523E-002
  0.56993605549914206        1.1266557126342261E-002
  0.50955021662793765        1.6147304182509994E-002
  0.46138018054676233        2.6590208887822465E-002
  0.49635983856103294        2.7965496839924199E-002
  0.29846292100354593        4.8858144319178523E-002
  -8.3987775196402895E-002  -9.6162401822252549E-004
  -3.1924456338023030E-002  -3.1685733285309186E-004
  -1.1233121580105920E-002   3.9073304018642291E-003
  -6.2381870235196729E-002  -7.3190681211835254E-004
  -8.3067504156731781E-003   2.7911010227498938E-003
   1.2774607705870238E-002   2.5617719413499748E-004
  -7.0893838411587029E-002  -5.1007868414364495E-003
  -6.9543467849070575E-002   9.1280395362138908E-005
  -9.8834808791925757E-002   4.0766235908728171E-004
  -3.4730376678107085E-002  -3.5281456368758475E-003
  0.39863194063343110       0.10729922832570163     
  0.34912982202443532       0.12261495911962182     
  0.42758473145027198       0.10407521999405821     
  0.46669416418814158        7.9455081797138630E-002
  0.37974791528364998       0.11227182130513493     
  0.62435916130408353        1.5687779507678255E-003
  0.79816955551592150        2.7623175054397550E-003
  0.69110108848039231        4.0197458449612528E-003
  0.65751537631298773       -4.7835043372671920E-004
  0.72644363919796817       -3.4377783499088652E-003
  0.57612237285530443       -2.7604670143527199E-003
  0.69395010641238808       -1.1527491207212459E-004
  0.68563432049439821       -1.3811317215394021E-003
  0.62842258456400724        4.4922859168688416E-003
  0.48477768435620894       -1.2436391499969313E-003
   9.9300730020573158E-002   2.0479110461447654E-004
  0.31057959601456320       -4.5297425071958546E-003
  0.31406565598283442        3.3594982712548912E-003
  0.50856643393728818       -1.0845568661108529E-002
  0.48030845285953805        2.4618362171800252E-002
  0.37491089533541655       -3.8686800322529163E-002
  0.26007796666260141        4.1191537438215890E-004
   6.8158642772359418E-002  0.18163321329719903     
   2.1802400723984122E-002  0.18364688198242726     
  0.10048090247305261       0.17466758563093754     
   4.5553041825633023E-002  0.17416515867053778     
  0.13893808939904309       0.15282663361311893     
   1.8733074083923371E-002  0.18282056158905738     
   9.9562024773282035E-002  0.16106935157295429     
  0.18064500943359446       0.15907872351079722     
  -3.0492862073356330E-002  0.19583999216562853     
  0.21500919149450798       0.15789407856856472     
  0.12172437564103779       0.15939434382024795     
  0.74303698597367873        7.1904269094688437E-003
  0.84050848006890566       -4.0428397746459149E-004
  0.82141246168951165        8.0264766956408590E-004
  0.78459215354787470       -4.8977605447199585E-004
  0.82413993958161991       -4.6278575108834206E-003
  0.34795152215026193       -1.1004490245101013E-003
  0.39516140537700661       -8.3599036980587562E-005
  0.38465135017511692       -7.6881997226430749E-004
  0.27046587424054025       -1.8436084074217239E-004
  0.39936990502502606        8.0550389157429145E-004
  0.37224370056847705        9.8471546486337408E-004
  0.42996738374147947       -6.6271548454806327E-004
  0.21883885729081523        9.8655685494388690E-002
   6.9364913208564194E-002  0.13308650335389738     
  0.31392391539377851        5.5964969898950119E-002
  0.17867647102447964       0.10687066290385225     
  0.26851029635163087       0.10745699758102502     
   5.4312527619699319E-002  0.13555866064375602     
  0.27492152887079968        9.3728464902475037E-002
  0.20236841364220481       0.10544067617861003     
  0.58876688207583516       -1.9673738106778019E-003
  0.69624048770430735        3.1601492638171458E-003
  0.66291021114477011       -3.5944424831929598E-003
  0.62052466349351965       -4.0640839485871225E-003
  0.66832529877046620        8.8320842817718771E-003
  -6.6693364265434318E-002   1.7487307358282290E-002
  -8.9038675400403014E-002   2.9894771136291815E-002
  -6.6911245702125505E-002  -3.1374722056225199E-002
  -9.7064386785835705E-002   9.1331953273705319E-003
  -4.4436509891635223E-003   1.7362169594392445E-002
  0.68454919187339391        3.9713315750270527E-003
  0.80405435337235853        1.5067994553094507E-004
  0.72980616950872224       -6.6718014027117778E-004
  0.72617988976486558        4.4953568808341338E-003
  0.72524220904471137       -1.1062818537919612E-003
  0.65744947614872484       -4.5443046438902509E-003
  -9.2758850243983532E-002   6.7539068959038440E-002
  -4.6859225320689717E-003   5.4977674025444352E-002
  -6.5878416992435990E-002   5.8772998018942098E-002
  0.54032677941548279        7.7012684142695968E-003
  0.65502684467404515        2.1670522914370286E-003
  0.61200466565272160        1.8489583781809297E-003
  0.56942921610445740        4.0539128396376491E-003
  0.60074727193621680        1.1603254861881261E-002
  0.51994693832428163       -2.0566632077150596E-002
  0.52552904223956021       -1.2701386721718732E-002
  0.64879451531370236       -4.1639714671229781E-003
  0.62633680873547526       -1.2944937963955926E-003
  0.56854850125422984       -5.6288340745692606E-003
  0.44574792070950453       -4.6381131940633384E-003
  0.20381662910008844       -1.8425442309917390E-003
   2.6471996088123312E-002  -6.4994435822044718E-003
  0.15017230371233162       -1.5193500429710259E-003
  0.15984024685552084       -1.0268789279195456E-003
   5.1062591116090954E-002  -2.8028151825057441E-004
  0.86880979655340640        5.2825112062993246E-004
  0.80447530461952066       -2.3291142227196697E-004
  0.90925674080392516       -1.0360885492778609E-003
  0.92387054184163930        2.9107282886670050E-005
  0.89490438581889120       -2.7870839953360914E-003
  0.82359874138926903        1.0504469837238101E-003
  -1.4702368970086199E-003   1.2428388263224378E-003
   4.8198639086277806E-002  -2.6804108066335843E-004
  -4.9845741284874859E-002  -1.7674594537552189E-004
   6.0524376390699505E-002   1.4058700887975260E-003
   2.1192974064622949E-002   3.4385848994467221E-003
  0.15994835263396751       -1.9313477136490538E-003
  0.44060340296688560        1.7706911728363754E-002
  0.44055481470078950        8.3064049308213578E-004
  0.57830007671505301       -9.0239836387568228E-003
  0.53662924938131662        2.1763725522982606E-002
  0.47721080413384809       -7.8960665841218552E-003
  0.26944054839727860        8.2147199687336817E-002
  -5.6029401896337823E-002   9.6129781111855802E-004
  -9.6658297656073699E-002   4.3087592295885479E-004
  -3.0207644723993718E-003  -1.7650548315984085E-003
  -9.4912806972770242E-002   8.1385757764911872E-004
  0.57688170536954575       -6.3980360992366920E-003
  0.58697198882162893       -2.4152062409891399E-004
  0.70139935208770976       -1.6801410417189593E-004
  0.68674884364499822        3.3360350109583664E-003
  0.63320879218621262        4.1850298004085691E-003
  0.18753532217468660       0.15366162381360923     
  0.14503255399317946        9.2524625267465410E-002
  0.22407247613118653       0.11551612918117631     
  0.23356565973770471       0.16378948154012907     
  0.18171740400136732       0.16060041294835464     
  0.11795085681753559        4.9557197440978550E-002
  0.23979542117505287        3.7410694713585532E-002
  0.14848030478927382        4.7976232722304335E-002
   4.1770872962619582E-002   6.5191784758076146E-002
   5.5830392658366840E-002   6.2451256859090268E-002
  -2.5600912766988226E-002   8.2339747719577638E-002
  0.11528666679146787        1.3401480297468547E-003
  0.16919570868436090       -2.2287743463634928E-003
  -3.0037389398459034E-002   4.6502114942599477E-003
  0.13189933219295888       -5.4593737072498264E-003
   2.7010821177324458E-002  -2.8915610890522516E-003
  0.20630735759019908       -3.4230545147837048E-003
  0.13809335512326201       -3.1479813156236563E-003
   3.5299998953774545E-002   1.0378312096303243E-003
   5.5609489321536643E-002   7.8589178373334942E-004
  0.10733523759158725        8.1466062100912489E-003
  0.10459606683311801       -1.3931294641972591E-003
   5.6294576634560722E-003   5.5444735493517883E-003
  0.11241012434628680        9.1762047814772235E-003
   8.1980354869876843E-002  -1.2828109273727184E-002
  0.16630498195426999       -1.6253284049114482E-003
  0.88696055479157643       -9.8763709137592026E-004
  0.92552674855922801       -4.1869643802628563E-004
  0.93819645013500064        2.6979917087478181E-003
  0.91012839249028710       -2.0610140261236542E-002
  0.84155443037989452        1.2452667861203354E-003
  0.33088001835328185        1.2527483998860428E-003
  0.24181081773712509       -1.7301745083221845E-004
  0.38984135569370770       -3.1242440398636237E-003
  0.35351349895071954       -1.7347450135841900E-003
  0.46651798025744778        2.6230552523900720E-003
  -7.7952600258393734E-002   2.6299998063288428E-002
  -8.4003786509930012E-002   3.0246794274645942E-002
  -5.6130133566381080E-003   1.8192433725313806E-002
   2.3056627498415194E-002   2.2100578287264510E-002
   2.8762128779651258E-002   3.8172727753038857E-002
  0.20834423249788220        3.4166946097695702E-002
   6.3348919721401192E-002   3.9101947776732475E-002
  -5.7582753006433313E-002   3.1988908536078074E-002
  -2.4141450319295099E-002   1.7970343024593889E-002
  -4.1264896475548873E-002  -1.9788785958775273E-003
  -2.5269334931325473E-002  -1.0990283110258188E-003
  -1.6510686412698247E-002  -6.4708599269172379E-004
  0.78523895101406482        4.4944733756782226E-003
  0.88719325313329478        4.1619556586150374E-005
  0.87303721871845996        1.0181072196445450E-004
  0.83678056087023001        9.7886086240164469E-004
  0.88042706710316199        1.4547404301936036E-003
  0.44244394829192196       -6.6559077245274684E-002
  0.44579303453527769        1.2596067335274474E-002
  0.58523180645693273        7.0879289311199635E-003
  0.55268813314071963        6.6438648602652759E-003
  0.48710242814919680       -5.4175284405365660E-003
  0.37793819082992397        2.9433060817074527E-002
  -9.8473752293757252E-002  0.16996716393424466     
  -6.6357560784790340E-002  0.16878339842997775     
  0.14827472323002711        2.5771873650454365E-003
  0.32575464393686127       -1.3529777179666987E-003
  0.53439748748772042       -1.1808690353571833E-003
  0.34832423002070656        7.4402037411422828E-004
  0.26704854386097338        7.6328347695225137E-004
  0.70147497558015648        2.6846181032148721E-003
  0.69512046990731724        1.0945867007753183E-002
  0.80426942526192358        2.3432810183311586E-003
  0.78605575764717028       -3.2395965922499021E-004
  0.74569378987261181       -4.8797874420135490E-003
  0.81145089419313166       -5.2858658594888007E-004
  -9.8350173604960053E-002  -3.0756226850504678E-003
  0.34699428720667425       -6.5629287989389468E-002
  0.34753072086383208        3.7236779886469638E-002
  0.50921197630245207        2.3331244339242788E-002
  0.44797304403346117        5.3890500421188120E-002
  0.38088524440740101       -2.5957776823408510E-002
  0.22027005557275062        1.1119219847883991E-003
  0.28103904425379911        4.7128949035861690E-003
  0.12100690377773729        9.8461162684642806E-002
  -1.3814216695139117E-002  0.13174878465105111     
  0.21207946749885764        7.6485740926834231E-002
   8.1567496218551444E-002  0.10454917800673171     
  0.18595663977783292       0.11754210326410783     
  -1.0712487766274953E-002  0.11888509311478077     
  0.18081680674921979        9.7090992999645923E-002
  0.10461281598130778       0.10509869906497141     
  0.23402468939595644        8.2660410074114427E-002
  0.44157496517302264        5.3228857593158180E-002
  0.32648763689139193        7.3020605151964693E-002
  0.26108348789491781        7.8166746204510071E-002
  0.31593195019570097        9.1071406014058096E-002
  0.14696945346376197        9.4915412526753465E-002
   5.7507624745354771E-002  0.12187381817133008     
  0.62103961138672437        9.4451464532240188E-003
  0.72507807776878697        1.1453759532210719E-003
  0.69186880521546334        3.0972946582373577E-004
  0.65249393927180499        4.0459565148590155E-003
  0.68208054551645192       -2.9440414659286200E-003
  -6.8066781863070663E-002  -3.3425157168294802E-003
  -2.9889636721394691E-002  -3.8818913480724538E-003
  0.11648021079203261        8.9833006876898162E-003
  0.11311470308342514       -1.3661553311033220E-002
  0.18459839852365179       -8.8073565653271145E-004
  -2.9421643702850303E-002   4.9149835120062069E-003
   6.7969677995126487E-002  -2.4785332552559099E-003
  -9.7860690921611815E-002  0.11013581044319495     
   9.8601459151502174E-002  0.11128465476742398     
  -6.1768588666159224E-002  0.11089543821439511     
   7.7919946560550346E-002   8.4916412160106983E-004
  0.12679580889383968       -5.4668864384596884E-005
   9.6166047246325340E-002  -4.2244938179285637E-004
   1.2614021765561576E-002  -3.3303824079798957E-003
  0.15188361115759527        2.9710001599958600E-004
   9.8545101192191425E-002   4.4567733278943306E-004
  -6.1366696901044709E-003  -2.3710797897497052E-003
   1.9405009497076783E-002   9.8087097748654267E-004
  0.12731797397171338        9.4037645013731136E-004
  0.14412919554484105        1.0679193046887114E-003
   6.4125316431700302E-003  -1.1549248023281166E-003
   7.0596751359758042E-002   1.8992592505824720E-003
  -8.3775170792781545E-002   5.4533390711802091E-002
  0.29722426546745762       -8.5020807505557317E-004
  0.22688833672378111       -1.5506346889086720E-004
  0.34919275895481472       -5.1013352026934482E-003
  0.32017290455083514       -2.5845571095877728E-003
  0.38971472559030595        4.6924016013175840E-003
  0.57558782997169722        2.4799101011279450E-002
  0.57807579342373394        8.4751966823167141E-004
  0.69245710576724318       -1.8370760649632202E-002
  0.66976115555006766       -1.0370612665447969E-002
  0.61960787513595517       -6.4404368176136234E-003
  0.48264216099486357        2.5476774128805581E-002
  -9.0102057552153281E-002   1.9621664489074078E-003
  -3.3028005101945701E-002  -8.6461834010806492E-004
   8.6303640857398653E-002  -6.8462720169913715E-004
   4.1865248368335509E-002   8.6660225717047866E-004
  0.53886278509642627       -5.3442707312885435E-003
  0.53527720497546527        3.7478703672659777E-002
  0.65643628405321963       -2.1772687804446937E-003
  0.62436095426817750        1.0759656352642602E-003
  0.57491952798175294        4.2652573153633314E-002
  0.44022113601445201       -3.3462569972034603E-002
   5.2791413123889797E-002  -5.4098435224847240E-003
  0.17371532681980825        1.0679439633908623E-003
  0.19619652276908622       -1.1953104522261194E-003
   1.0764274543005284E-002   8.8012785027625573E-004
  0.12162979084620941        8.7154376573935952E-004
