 cosx vtec
  0.45433823253008987       -9.6162401822252549E-004
  0.44581705704848928       -3.1685733285309186E-004
  0.39174549207494980        1.2930267714109428E-003
  0.43651741538559224        7.5567409252068395E-005
  0.49401144195375785        3.9073304018642291E-003
  0.40511716611395482       -7.3190681211835254E-004
  0.34392158430172282       -5.0381838196475351E-004
  0.28919941984741221       -1.4334823602417959E-004
  0.27658200209601114        9.1280395362138908E-005
  0.22197296623652560        2.6484931139093269E-003
   6.8083089762064952E-002   2.4790802105653944E-003
   5.7829691741235645E-002   4.0766235908728171E-004
  0.26804775310347145       -1.5515789069554193E-003
  0.34679986695076376       -3.5281456368758475E-003
  0.23154090832140367       -1.1035258684171378E-003
  0.18010304440749422        4.7901094501673130E-004
  0.59637177160557187       0.10729922832570163     
  0.57106739248589578       0.12261495911962182     
  0.53605371094747745       0.10407521999405821     
  0.62799251467810613        7.9455081797138630E-002
  0.55611245784262986       0.11227182130513493     
  -1.1721809128968697E-002  0.23299099210043162     
   4.4508515957607159E-002  0.23848472930534723     
   4.1180629964041093E-002  0.23595003965126718     
  0.58687750760245261        1.5687779507678255E-003
  0.50210654285293121        2.7623175054397550E-003
  0.56907292700443657        4.0197458449612528E-003
  0.50506862029412680       -4.7835043372671920E-004
  0.61600939249963726       -3.4377783499088652E-003
  -7.0783172940055539E-002   1.7863194930720187E-002
  0.44240906860848150       0.18163321329719903     
  0.39699648192343134       0.18364688198242726     
  0.37512150704162833       0.17466758563093754     
  0.38776593399074877       0.17416515867053778     
  0.69746191164595717       0.15282663361311893     
  0.62970190633505507       0.18282056158905738     
  0.67058849671176635       0.16106935157295429     
  0.65409450264944913       0.15907872351079722     
  0.68828852339809343       0.19583999216562853     
  0.74307277371906122       0.15789407856856472     
  0.66511427088355635       0.15939434382024795     
  0.67706429786787570        5.2849905566731969E-002
  0.69677444964197555        3.8106920053663500E-002
  0.61264642631785260        6.3276848475789002E-002
  0.78386624222569290        7.0919116972806243E-002
  0.65294104193627489       0.10519336145341916     
  0.73135402537088157        5.0497807114577992E-002
  0.74199709616372977       0.10388572255787835     
  0.62954918439648733        5.3512534605510184E-002
  0.65789809594204018        7.5890816554633062E-002
  0.83052104296629536        6.5135368128468984E-002
  0.53060362820063212        6.0586009130342254E-002
  -9.8838366759774421E-002  -4.6278575108834206E-003
  0.80553559588066248       -1.1004490245101013E-003
  0.78958815370694402       -8.3599036980587562E-005
  0.91017801337997462       -7.6881997226430749E-004
  0.79897314933298180       -1.8436084074217239E-004
  0.81257407092464451        8.0550389157429145E-004
  0.75371400283514600        9.8471546486337408E-004
  0.84594937698727446       -6.6271548454806327E-004
  -4.3742810498489881E-002   5.8068373183961623E-002
  -6.0194261201387766E-002  0.10812904251234406     
  0.84571307079489588        9.8655685494388690E-002
  0.77893880184713515       0.13308650335389738     
  0.93321919121702357        5.5964969898950119E-002
  0.82550908619010088       0.10687066290385225     
  0.80876500624686676       0.10745699758102502     
  0.83379572672056124       0.13555866064375602     
  0.86908305676224518        9.3728464902475037E-002
  0.82097737714959740       0.10544067617861003     
  0.76292937355303603        4.4498150413293282E-003
  0.76783804092695362        1.7487307358282290E-002
  0.69719237321507976        4.1352447010887541E-002
  0.85372395141447244        2.9894771136291815E-002
  0.74355694625590485        4.3363388991551628E-002
  0.79561161178105355       -3.1374722056225199E-002
  0.83968895740751526        4.4487769866509388E-002
  0.71540994279708137        9.1331953273705319E-003
  0.75276629447563981        3.6179897849154104E-002
  0.85761325988112025        1.7362169594392445E-002
  0.59381290360250816        2.1612762921603676E-002
  0.85030180167781899        3.9713315750270527E-003
  0.76548647165060668        1.5067994553094507E-004
  0.86243980497525130       -6.6718014027117778E-004
  0.79609417452092490        4.4953568808341338E-003
  0.83984472560252788       -1.1062818537919612E-003
  0.83208234560098293       -4.5443046438902509E-003
  0.17543046731035652        6.7539068959038440E-002
  0.14829470300132849        5.4977674025444352E-002
  0.16238868171483312        5.8772998018942098E-002
  0.15202418544719401        5.2825112062993246E-004
  -6.6651269877821273E-002  -2.3291142227196697E-004
   7.5117917722741012E-002  -1.0360885492778609E-003
   5.2981110760740191E-002   2.9107282886670050E-005
  0.23640407480867143       -2.7870839953360914E-003
   9.5565566406674463E-002   1.0504469837238101E-003
  0.59561082973673452        1.2428388263224378E-003
  0.58747916318177895       -2.6804108066335843E-004
  0.53163498929039699        5.3309663252945824E-003
  0.58024749133735232       -1.7674594537552189E-004
  0.62329932927770570        1.4058700887975260E-003
  0.54931519292219655        3.4385848994467221E-003
  0.63072400986492838        7.1561491682741601E-004
  0.73735011698680930       -1.9313477136490538E-003
  0.46949002663782879        4.6256906650562378E-004
  -2.8805546750525490E-003  0.26215514191980205     
   4.9735907420905834E-003  0.25579646739042927     
   3.3827222892629571E-002  0.25371490527562868     
  0.14717042389738022        4.5253359407055623E-004
  0.12462987706910554        9.6129781111855802E-004
   6.9158630618632505E-002  -3.0777218663015225E-003
  -5.5592718514797967E-002   1.1174027867113141E-003
  -4.8658879576852401E-002   4.3087592295885479E-004
  0.12222462671033724       -2.2641791912794453E-003
  0.22587229338121995       -1.7650548315984085E-003
   7.3997299065341859E-002   8.1385757764911872E-004
   2.5955171192803883E-002  -4.3943034735775886E-004
  0.39955079376131464       0.13828575727672404     
  0.31245169152940527       0.13496985917050677     
  0.32962031799829700       0.17457448895407282     
  0.35121462065527559       0.13312764346030101     
  0.34976440455319818       0.13731931094613789     
  0.25798104639182406       0.14286392655987321     
   1.5783596727668853E-002  0.15366162381360923     
  0.18104503413141179        9.2524625267465410E-002
   3.5532019016557309E-002  0.11551612918117631     
  0.12734468260939413       0.16378948154012907     
  0.15406783028457940       0.16060041294835464     
  0.18253173188943655        1.3401480297468547E-003
  0.14314390922322009       -2.2287743463634928E-003
  -6.9176818800054135E-002   4.6502114942599477E-003
  -9.4535641287157302E-003  -5.4593737072498264E-003
  0.17272125058716301       -2.8915610890522516E-003
  0.22276634869925743       -3.4230545147837048E-003
  0.10049587512408037       -3.1479813156236563E-003
   4.4147995469253250E-002   1.0378312096303243E-003
  0.75486457824290720        7.8589178373334942E-004
  0.74868351831440727        8.1466062100912489E-003
  0.68461960794492616       -1.6584863994053397E-002
  0.87837376522389288       -1.3931294641972591E-003
  0.74011538372404484        5.5444735493517883E-003
  0.77578670555045537        9.1762047814772235E-003
  0.70857701765700942       -1.2828109273727184E-002
  0.76768722395482702        3.2156347579018912E-003
  0.83315211262669742       -1.6253284049114482E-003
  0.58371966950296594        7.0115968919918338E-003
  0.63656404517244958       0.12439328161424504     
  0.55907780274270946       0.12268714835724899     
  0.70498424620903311       0.13250280893800487     
  0.57193242266284239       0.14929554268333578     
  0.60049716779038331       0.12294461422415401     
  0.64465780557516994       0.13888483793408246     
  0.59645588094774082       0.16177407630208820     
  0.45705847733105398       0.14745223535839036     
  0.18365943078730340       -9.8763709137592026E-004
  0.10755996883624924       -4.1869643802628563E-004
   8.5792511549654227E-002   2.6979917087478181E-003
  0.26014427937129669       -2.0610140261236542E-002
  0.12890843234942276        1.2452667861203354E-003
  0.50799988315170364        1.2527483998860428E-003
  0.50759133058809847       -1.7301745083221845E-004
  0.51775623058693410       -3.1242440398636237E-003
  0.44888910645768587       -1.7347450135841900E-003
  0.61997123138385002        2.6230552523900720E-003
  -4.3759823514151752E-002  -1.9788785958775273E-003
  -7.9158505693441822E-002  -6.3503376515465252E-003
  -4.1223217494498199E-002   1.4547404301936036E-003
  0.28351055231933298        9.9820059252443555E-003
  0.29091162017489269       -3.7000416006854219E-004
  0.21531902410842663        1.8675346546876515E-002
   8.3292303265628753E-002   1.4043305679535661E-002
  0.25438412917944797        1.3691458398637160E-002
  0.38381872058465549       -3.2657256707119119E-003
  0.22886363311111835        3.4037502207289396E-003
  0.29846726452607997        3.1281954673396055E-002
  0.17794577679952556        1.2257620280420930E-002
  0.87211883364750997        9.8461162684642806E-002
  0.80502921635703784       0.13174878465105111     
  0.94849926787617056        7.6485740926834231E-002
  0.85085153985277862       0.10454917800673171     
  0.83979558968929580       0.11754210326410783     
  0.84931164912347190       0.11888509311478077     
  0.89865445148061007        9.7090992999645923E-002
  0.84854766877399423       0.10509869906497141     
  0.12163936688698940       0.24900590984499346     
  0.35164783710238789       0.22365486852961142     
  -9.3159318078711806E-002  0.31946926041257023     
  0.12923432064939711       0.23657501750403848     
  0.20432378159000703       0.27576256098499924     
  0.19227778416804231       0.24673764574183799     
  0.15629715835705416       0.23544226493101264     
  -9.8073198219392033E-002  0.16105346369551943     
  -7.9705370024096833E-003  0.27503329833987039     
  0.21972473856967567       0.28070750620823104     
  0.67084443264307869       0.13561832585111258     
  0.58330529079985094       0.14488049082489490     
  0.70752055652070667       0.14099650179983431     
  0.59609375211391846       0.14005128467219471     
  0.62900812302795561       0.12712883641484735     
  0.65521162894260654       0.14563795754615758     
  0.62069504279041976       0.14434854905661090     
  0.33023217511576491        8.4916412160106983E-004
  0.30773462806836849       -5.4668864384596884E-005
  0.26058013421978121       -1.3352013552095448E-003
  0.11364807839667497       -4.2244938179285637E-004
  0.31727825253215813       -3.3303824079798957E-003
  0.36373569558379820        2.9710001599958600E-004
  0.26948776240587080        4.4567733278943306E-004
  0.20946421720079061       -2.3710797897497052E-003
  0.74121126348706290       -8.5020807505557317E-004
  0.73351495333881900       -1.5506346889086720E-004
  0.75118049245096152       -5.1013352026934482E-003
  0.69122996566607098       -2.5845571095877728E-003
  0.79749931429720267        4.6924016013175840E-003
  0.24446472383290532        8.3818313049875796E-003
  0.25164537152997635        2.6070822242617044E-003
  0.17394279405780544        1.8072617873496892E-002
   5.1896525980094199E-002   1.3724598829335260E-002
  0.21372844281808312        1.3313824791760968E-002
  0.35542165404223547        2.0056339037771636E-004
  0.18727891840191005        4.3708906987681489E-003
  0.26389063318957140        3.5249432613144997E-002
  0.13751065027608667        1.1506305277751162E-002
