 cosx vtec
  0.78036535221201586        3.1388095203105523E-002
  0.80245267263088138        1.1266557126342261E-002
  0.78777919793071471        1.6147304182509994E-002
  0.78456709193696406        2.6590208887822465E-002
  0.73058554621047689        2.7965496839924199E-002
  0.76593486351614404        4.8858144319178523E-002
  0.36967657965984502       -1.2897270245265243E-003
  0.35815809539424903       -1.5853890733796313E-003
  0.42133755723582494        2.7911010227498938E-003
  0.32901386524722831        2.5617719413499748E-004
  0.29721278933105777        1.3981685127904576E-003
  0.44646173253967997       -5.1007868414364495E-003
  -3.4627736420585170E-002  0.10407521999405821     
  -9.7196155882449814E-002   7.9455081797138630E-002
  -9.0672476896557802E-002  0.11227182130513493     
  0.10479323980038319        2.7623175054397550E-003
  -5.2759998239723521E-002   4.0197458449612528E-003
  -3.0034376127850676E-002  -4.7835043372671920E-004
  -5.8089429137141463E-002  -3.4377783499088652E-003
  -8.1099073758829354E-002  0.24536648206127828     
  0.10614486669655127       0.18116790074331321     
   9.8202208807723401E-002  0.18711093450550123     
  0.13697984014602466       0.18987606643068172     
   3.1476740220424237E-002  0.21150504713415480     
  0.16217613748774223       0.18739092016021178     
  0.10930372933863064       0.18751340178758585     
  0.89937981710388160       -2.7604670143527199E-003
  0.91374224990969810       -1.1527491207212459E-004
  0.93616577299450388       -1.3811317215394021E-003
  0.96868374817517366        4.4922859168688416E-003
  0.92842926452017394       -1.2436391499969313E-003
  0.78680332340267201        2.0479110461447654E-004
  0.96552294214946488       -4.5297425071958546E-003
  0.88621156351275898        3.3594982712548912E-003
  0.94459473459667864       -1.0845568661108529E-002
  0.96937828568837880        2.4618362171800252E-002
  0.96953962089633738       -3.8686800322529163E-002
  0.89460846498136481        4.1191537438215890E-004
  0.42244011871470022        2.3041674179984772E-003
  0.41418350843651458       -2.7525199677435008E-004
  0.46689581275836639       -1.2724938539822386E-003
  0.37107298760273377       -2.9124891541573404E-003
  0.36009157265531294        1.6272398366837053E-003
  0.47519368987793575       -1.8118724865727565E-004
  0.53655782182311706       0.16537621692818413     
  0.60599895785496560       0.15934392381651821     
  0.64249296957408197        2.5444023499378923E-002
  0.56287957561305246       0.16245428121964881     
  0.59286758063666034       0.15838180996555629     
  0.53987424095951919       0.16540010551223430     
  0.50482834108502239       0.19077796878947312     
  0.53077342511152015       0.19748407119543368     
  0.47143535001466463       0.19677924073786038     
  0.44904074198719507       0.19784547479312053     
  0.88755835691732876        7.1904269094688437E-003
  0.85240453892638068       -4.0428397746459149E-004
  0.85837434940291124        8.0264766956408590E-004
  0.87539973234568313       -4.8977605447199585E-004
  0.80486319944059037       -4.6278575108834206E-003
  0.91142060211250175       -1.9673738106778019E-003
  0.90690457160555304        3.1601492638171458E-003
  0.90623834094119915       -3.5944424831929598E-003
  0.91117116883113558       -4.0640839485871225E-003
  0.84915787775896456        8.8320842817718771E-003
  -1.5704451795332641E-002   1.5067994553094507E-004
  -9.4361221339961943E-002   4.4953568808341338E-003
  -9.8809836393483591E-002   6.7539068959038440E-002
  -1.4853428018192505E-003   5.4977674025444352E-002
  -6.4455709425062041E-002   5.8772998018942098E-002
  0.80195992223322032        7.7012684142695968E-003
  0.80782354855024363        2.1670522914370286E-003
  0.80101643763607222        1.8489583781809297E-003
  0.80325387765191314        4.0539128396376491E-003
  0.74754368753452427        1.1603254861881261E-002
  0.48734148266560584       0.15621543594884907     
  0.46946668344558723       0.16669204073483934     
  0.56681404528795509       0.15831919765343447     
  0.51320124500446962       0.15216228660618406     
  0.53870251873417307       0.14958327736875440     
  0.48991309401556266       0.15520144799549179     
  0.99899824235408408       -2.0566632077150596E-002
  0.95758344554380648       -1.2701386721718732E-002
  0.96862131160517384       -4.1639714671229781E-003
  0.98089061303587155       -1.2944937963955926E-003
  0.99340388886163233       -5.6288340745692606E-003
  0.97332792690974401       -4.6381131940633384E-003
  0.14411538782280106       -1.8425442309917390E-003
  0.18056362034456602       -6.4994435822044718E-003
  0.23974526086875594       -1.5193500429710259E-003
  0.16738854554213675       -1.0268789279195456E-003
  0.13091616424990715       -2.8028151825057441E-004
  0.49041621888700926        5.2825112062993246E-004
  0.63768752668587658       -2.3291142227196697E-004
  0.61150263724335596       -1.0360885492778609E-003
  0.65284436666860912        2.9107282886670050E-005
  0.43885988220397859       -2.7870839953360914E-003
  0.49714763652150595        1.0504469837238101E-003
  0.99219667008011847        1.7706911728363754E-002
  0.98988498314281448        8.3064049308213578E-004
  0.99455300848526540       -9.0239836387568228E-003
  0.99598296795983454        2.1763725522982606E-002
  0.99555358164782093       -7.8960665841218552E-003
  0.96133298405840151        8.2147199687336817E-002
  0.57175904474307604       0.17979436456887404     
  0.63501381409918345       0.16086609414302988     
  0.65993794778606407       0.16159190962225733     
  0.60030073102297332       0.16379153790527184     
  0.63941388798036425       0.16523917677199620     
  0.57690071414704536       0.16719070424129434     
  -8.6048580917851836E-002  0.13480062142992202     
  -9.4240545996329805E-002  0.13244874296649659     
   7.9169402993091720E-003  0.12622566330818735     
  -2.2106245395387747E-002  0.13403129489593524     
  -7.4331274093957012E-002  0.16718654530471480     
  0.54784119425892641        4.4968026919053892E-003
  0.53884536929184446        4.2981282663374643E-003
  0.59623969122723386        1.4764253058574511E-003
  0.46110400953077285        7.5457911314361602E-003
  0.59625082518651751        8.4268154823119001E-004
  0.99376120790526412       -6.3980360992366920E-003
  0.93349322789254119       -2.4152062409891399E-004
  0.94058716737685788       -1.6801410417189593E-004
  0.95667993679394181        3.3360350109583664E-003
  0.97906640307499304        4.1850298004085691E-003
  0.27191524483220109       0.15366162381360923     
   8.7291984787374183E-002   9.2524625267465410E-002
  0.28212974563524607       0.11551612918117631     
  0.20576900094607528       0.16378948154012907     
  0.14102979770509139       0.16060041294835464     
  0.77479288417248393        8.7806748522432240E-002
  0.85439751927341312        4.9557197440978550E-002
  0.89436842416329598        3.7410694713585532E-002
  0.86642522659413090        4.7976232722304335E-002
  0.82603104677229156        6.5191784758076146E-002
  0.86483429859249439        6.2451256859090268E-002
  0.79026119268404793        8.2339747719577638E-002
  0.16946581683154166        1.8039901042231622E-002
  0.16027130378377402        9.4478455624341824E-003
  0.21783271429387119        7.0401137222157381E-004
  0.22357954656772908        6.7728585436055448E-003
  -9.9719900097566150E-002   4.6502114942599477E-003
  -2.3526383445774759E-002  -5.4593737072498264E-003
  -9.2034641412342300E-002  0.14808115052818685     
  0.41281382582588921       0.20000990441896402     
  0.47657326136982819       0.18849306004408550     
  0.51175438820788743       0.20000520977718561     
  0.43730902311159503       0.19102871679253400     
  0.41587543806074090       0.19544743668399317     
  0.38573510410600431       0.21606207179078721     
  0.41300647313428712       0.22397928138036893     
  0.35234652797053351       0.21680856679272215     
  0.32923094627286631       0.23013724365828847     
  0.47985640037401822       -9.8763709137592026E-004
  0.59856046812159702       -4.1869643802628563E-004
  0.63749694164836801        2.6979917087478181E-003
  0.43353280585079490       -2.0610140261236542E-002
  0.48375659939548199        1.2452667861203354E-003
  0.70673038348528372        1.8930705919911962E-002
  0.69155403420475392        1.1916057871492762E-002
  0.82028592053432381        2.6299998063288428E-002
  0.76502908920269375        3.0246794274645942E-002
  0.86022087850696427        1.8192433725313806E-002
  0.74835900117176779        2.2596442649661611E-002
  0.75822244365110048        3.6811161512725413E-002
  0.70537799623533615        1.8706940296745276E-002
  0.79304884227559280        4.3737613825485785E-002
  0.75427229694380427        5.4220707082015401E-002
  0.87372524345324121        2.2100578287264510E-002
  0.87808985754529079        3.8172727753038857E-002
  0.94416416986882301        3.4166946097695702E-002
  0.89204323034663435        3.9101947776732475E-002
  0.83463681719054650        3.1988908536078074E-002
  0.85675505488263470        1.7970343024593889E-002
  0.79777602217042243        4.5846785742042269E-002
   3.6466004320496292E-002   3.0912012073850120E-003
   9.6207985523044326E-002  -1.0990283110258188E-003
   2.0396789428075712E-002  -6.4708599269172379E-004
  -3.6263991846099686E-003  -7.8571204327096563E-004
  0.17343246262786452        9.8326762151727080E-003
  0.88937132822710074        4.4944733756782226E-003
  0.83060170473445671        4.1619556586150374E-005
  0.84004766414918242        1.0181072196445450E-004
  0.86576479434326359        9.7886086240164469E-004
  0.78481862403792846        1.4547404301936036E-003
  0.99798068837607379       -6.6559077245274684E-002
  0.96632115912294636        1.2596067335274474E-002
  0.98577517319852781        7.0879289311199635E-003
  0.99461911522649404        6.6438648602652759E-003
  0.99867155657409101       -5.4175284405365660E-003
  0.97406016387255601        2.9433060817074527E-002
  0.55657225093912732       0.16996716393424466     
  0.57400264534709666       0.16878339842997775     
  0.52912763716715738       0.17779457800968479     
  0.50367727448521926       0.19331008144297543     
  0.69032300827685356        2.5771873650454365E-003
  0.76983247558331269       -1.3529777179666987E-003
  0.84415777839566120       -1.1808690353571833E-003
  0.65190517702643624        7.4402037411422828E-004
  0.78790725679835005        7.6328347695225137E-004
  0.94918536062153513        2.6846181032148721E-003
  0.95328421037644473        1.0945867007753183E-002
  0.91178704071004724        2.3432810183311586E-003
  0.91991862122682266       -3.2395965922499021E-004
  0.93730616537222899       -4.8797874420135490E-003
  0.85766156095823187       -5.2858658594888007E-004
   1.3459227206212815E-002  -3.0756226850504678E-003
   9.4406496855894639E-002   1.0429660983790989E-003
   7.8807650455399142E-002  -3.9392958123306140E-003
  0.13524171144024696       -2.6960714250803385E-003
   5.8816544897784651E-002  -1.8727780249503010E-003
   4.2562620529917744E-002  -1.1094276968550666E-003
  0.97346765387467971       -6.5629287989389468E-002
  0.98398989981478990        3.7236779886469638E-002
  0.99463533828830319        2.3331244339242788E-002
  0.98826536798077680        5.3890500421188120E-002
  0.98028782200157105       -2.5957776823408510E-002
  0.94248977104265597        1.1119219847883991E-003
  0.97250205244481591        4.7128949035861690E-003
  0.76644027344341636        8.2660410074114427E-002
  0.82829553636200770        5.3228857593158180E-002
  0.79050271286499285        7.3020605151964693E-002
  0.77503890254076990        7.8166746204510071E-002
  0.72088077439307241        9.1071406014058096E-002
  0.74474466347503854        9.4915412526753465E-002
  0.70458213564021988       0.12187381817133008     
  0.81486082723491937        9.4451464532240188E-003
  0.80861266847982338        1.1453759532210719E-003
  0.80641006974196938        3.0972946582373577E-004
  0.81305403976860147        4.0459565148590155E-003
  0.75483383336736587       -2.9440414659286200E-003
  0.36006588391243899        9.1890626038973619E-002
  0.35129360720662756        8.9232693140954458E-002
  0.42407074026307789        7.9305013365230340E-002
  0.39691903792061456       0.10785865931896235     
  0.28546664789101234        9.8507271950027134E-002
  0.40494720769116821        8.8057338305888105E-002
  0.36306190220030993       0.10911163290952455     
  0.77256548724370344       -3.3425157168294802E-003
  0.75671694465857564       -3.8818913480724538E-003
  0.90633900860272232        8.9833006876898162E-003
  0.83508435635717471       -1.3661553311033220E-002
  0.92908396166921559       -8.8073565653271145E-004
  0.83222056905055197        4.9149835120062069E-003
  0.83616076089286351       -2.4785332552559099E-003
  0.23945053544371794        5.4750847723127635E-004
  0.22828923884949975       -4.2505274616567703E-004
  0.28103941226808571       -1.3171948025796579E-003
  0.20388164581478996       -1.8023279581236178E-003
  0.18729437800276347        8.3129325865411764E-004
  0.30176873019135375        1.6411836388117915E-003
  0.69131104332309179       0.13246439172701949     
  0.75856174569111678       0.11013581044319495     
  0.84657310099598282       0.11128465476742398     
  0.77783506848551143       0.11089543821439511     
  0.72560427840141051       0.11116968048219136     
  0.75857658753760937       0.10889889671508828     
  0.69838156938203866       0.12766311865842941     
  0.46115320496922374        9.8087097748654267E-004
  0.51745067445293691        9.4037645013731136E-004
  0.43789293362489889        1.0679193046887114E-003
  0.39434683288849748       -1.1549248023281166E-003
  0.54163461263207491        1.8992592505824720E-003
  0.50151002126672495        5.5251441139887595E-003
  0.49305896391016713        4.3041167197905104E-003
  0.54832845851385681        1.1148198628110624E-003
  0.42059347549448151       -1.3085628101525500E-003
  0.56738383353719946        6.9246880664974152E-003
  0.42642919284491332        5.5167347462069475E-003
  0.55021486749660642        2.1253009273816455E-003
  0.71309701369126899        8.4135536254450499E-002
  0.68610099151692816        8.2703558476082906E-002
  0.79083754188224287        7.5380639790021020E-002
  0.81808744581757675        5.4533390711802091E-002
  0.74664801297569050        6.4489324284025470E-002
  0.76749391429684599        7.1651545479248444E-002
  0.71626156362781201        9.0258191014254516E-002
  0.44715283393613137       0.22177906897442204     
  0.50846434616564296       0.19590597892690828     
  0.53733532763335967       0.20224077677783442     
  0.47300196218420676       0.19946131417052668     
  0.52808521382044682       0.21899558070053621     
  0.45107949717837881       0.20788173597004292     
  0.99436136011961773        2.4799101011279450E-002
  0.97105930312430311        8.4751966823167141E-004
  0.96729762088779714       -1.8370760649632202E-002
  0.97645193997297175       -1.0370612665447969E-002
  0.98863498293904450       -6.4404368176136234E-003
  0.98950725506734682        2.5476774128805581E-002
  0.70485298331270974        1.9621664489074078E-003
  0.69446808434611285       -8.6461834010806492E-004
  0.76114555395404515       -6.8462720169913715E-004
  0.55638382075741533        3.7369930714168309E-003
  0.76597070277318513        8.6660225717047866E-004
  0.98397444990887439       -5.3442707312885435E-003
  0.99326017140356904        3.7478703672659777E-002
  0.97593610305047629       -2.1772687804446937E-003
  0.97904456939779960        1.0759656352642602E-003
  0.98397525922339524        4.2652573153633314E-002
  0.99808717417917214       -3.3462569972034603E-002
  0.59321499188603211       -5.4098435224847240E-003
  0.65492520528086684        1.0679439633908623E-003
  0.55745006010073250       -1.1953104522261194E-003
  0.49661395386299900        8.8012785027625573E-004
  0.67132058387986182        8.7154376573935952E-004
