 cosx vtec
  0.73787306262106545        3.1388095203105523E-002
  0.73717626254252655        1.1266557126342261E-002
  0.73184374549585729        1.6147304182509994E-002
  0.73733006741984708        2.6590208887822465E-002
  0.67034999319265787        2.7965496839924199E-002
  0.74834621951197366        4.8858144319178523E-002
  0.47254636917527748       -1.2897270245265243E-003
  0.43967067865226911       -1.5853890733796313E-003
  0.48721339630660132        2.7911010227498938E-003
  0.38514093745796379        2.5617719413499748E-004
  0.37598707900667294        1.3981685127904576E-003
  0.52520132627515159       -5.1007868414364495E-003
  -2.5886355716293052E-002   2.7623175054397550E-003
   9.2959194274545687E-002  0.24536648206127828     
  0.27619518721042557       0.18116790074331321     
  0.26929820687153844       0.18711093450550123     
  0.30435177105365907       0.18987606643068172     
  0.20452134952103759       0.21150504713415480     
  0.33046490180574262       0.18739092016021178     
  0.27800609471952298       0.18751340178758585     
  -2.4559217150570911E-002   1.0555076789434181E-002
  0.87406579066344714       -2.7604670143527199E-003
  0.86261300609844405       -1.1527491207212459E-004
  0.88661949492676695       -1.3811317215394021E-003
  0.93090244269679545        4.4922859168688416E-003
  0.92202142244912544       -1.2436391499969313E-003
  0.84942429670752273        2.0479110461447654E-004
  0.98961153519834821       -4.5297425071958546E-003
  0.91219773799370418        3.3594982712548912E-003
  0.93329117294865205       -1.0845568661108529E-002
  0.96292974925346508        2.4618362171800252E-002
  0.98264550442633358       -3.8686800322529163E-002
  0.93027870907418597        4.1191537438215890E-004
  0.53672592073660907        2.3041674179984772E-003
  0.51933465278634527       -2.7525199677435008E-004
  0.56109418211161222       -1.2724938539822386E-003
  0.45422951591124117       -2.9124891541573404E-003
  0.46490106814662097        1.6272398366837053E-003
  0.57727152002723303       -1.8118724865727565E-004
  0.66037850663754871       0.16537621692818413     
  0.71131520644448953       0.15934392381651821     
  0.74003807394027765        2.5444023499378923E-002
  0.67774837263118404       0.16245428121964881     
  0.71047563180493412       0.15838180996555629     
  0.65804961575306831       0.16540010551223430     
  0.57853496894359224       0.19077796878947312     
  0.59860057087262686       0.19748407119543368     
  0.55437166227264256       0.19677924073786038     
  0.53551840315177601       0.19784547479312053     
  0.80429919781567483        7.1904269094688437E-003
  0.75048385656517769       -4.0428397746459149E-004
  0.75962102379653784        8.0264766956408590E-004
  0.78420493675794589       -4.8977605447199585E-004
  0.69776523546882518       -4.6278575108834206E-003
  0.85761423913226231       -1.9673738106778019E-003
  0.83403581481947286        3.1601492638171458E-003
  0.83872725486971100       -3.5944424831929598E-003
  0.85169842586367051       -4.0640839485871225E-003
  0.77246552460085915        8.8320842817718771E-003
  -3.4862033358077790E-002   5.4977674025444352E-002
  -9.0895289143191227E-002   5.8772998018942098E-002
  0.74205092779030801        7.7012684142695968E-003
  0.72807753836406031        2.1670522914370286E-003
  0.72798822857036094        1.8489583781809297E-003
  0.73816884974889296        4.0539128396376491E-003
  0.67016201201886094        1.1603254861881261E-002
  0.62409325418923500       0.15621543594884907     
  0.61250036996160628       0.16669204073483934     
  0.68686219410411598       0.15831919765343447     
  0.64328723128200194       0.15216228660618406     
  0.67035560530652849       0.14958327736875440     
  0.62291722134033967       0.15520144799549179     
  0.97996583941668591       -2.0566632077150596E-002
  0.94255415814523569       -1.2701386721718732E-002
  0.92597450120033342       -4.1639714671229781E-003
  0.94205438795320173       -1.2944937963955926E-003
  0.96572968556470618       -5.6288340745692606E-003
  0.97329323707172843       -4.6381131940633384E-003
  0.14937950698091315       -1.8425442309917390E-003
  0.22366237521313032       -6.4994435822044718E-003
  0.26308001600935049       -1.5193500429710259E-003
  0.18331389114199523       -1.0268789279195456E-003
  0.16549176401841673       -2.8028151825057441E-004
  0.37704696894649908        5.2825112062993246E-004
  0.55019197094541683       -2.3291142227196697E-004
  0.49608377206310583       -1.0360885492778609E-003
  0.53579160815947913        2.9107282886670050E-005
  0.31465869745717101       -2.7870839953360914E-003
  0.39549342979619739        1.0504469837238101E-003
  0.98322972834423383        1.7706911728363754E-002
  0.98895332757386767        8.3064049308213578E-004
  0.96146766531348116       -9.0239836387568228E-003
  0.96975212461242877        2.1763725522982606E-002
  0.98029914874451496       -7.8960665841218552E-003
  0.98238051297277085        8.2147199687336817E-002
  0.67780442391183848       0.17979436456887404     
  0.71800193119788802       0.16086609414302988     
  0.73686611051107387       0.16159190962225733     
  0.69273590960014797       0.16379153790527184     
  0.73698593085299202       0.16523917677199620     
  0.67328411889927009       0.16719070424129434     
  -3.8595819380551705E-002  0.14616974875789149     
   8.0471226727401007E-002  0.13480062142992202     
   6.9590205703551039E-002  0.13244874296649659     
  0.16492606525527839       0.12622566330818735     
   3.1967856678688039E-002  0.13218300977472652     
  0.14268209461068759       0.13403129489593524     
   9.6412388554415640E-002  0.16718654530471480     
  0.66741878179381486        4.4968026919053892E-003
  0.65341658866802077        4.2981282663374643E-003
  0.69914758593743465        1.4764253058574511E-003
  0.57875133833702530        7.5457911314361602E-003
  0.70562840642100300        8.4268154823119001E-004
  0.96381771472983147       -6.3980360992366920E-003
  0.90604537964566556       -2.4152062409891399E-004
  0.88704366441282712       -1.6801410417189593E-004
  0.90570368218132680        3.3360350109583664E-003
  0.93882776893946684        4.1850298004085691E-003
  0.22458612404996656       0.15366162381360923     
   3.2207089431514652E-002   9.2524625267465410E-002
  0.22868050340472201       0.11551612918117631     
  0.14379398962189754       0.16378948154012907     
   8.3413703306513931E-002  0.16060041294835464     
  0.85237604774842513        8.7806748522432240E-002
  0.88805227412362608        4.9557197440978550E-002
  0.90747599774181187        3.7410694713585532E-002
  0.89515574525620023        4.7976232722304335E-002
  0.87263655278144392        6.5191784758076146E-002
  0.91565890080420920        6.2451256859090268E-002
  0.84685821035491626        8.2339747719577638E-002
  0.30590310524436293        1.8039901042231622E-002
  0.29022244425622895        9.4478455624341824E-003
  0.33945774600575634        7.0401137222157381E-004
  0.35326281654712899        6.7728585436055448E-003
  -6.7993816028308909E-002   4.6502114942599477E-003
  -1.7598029932760266E-002  -5.4593737072498264E-003
  -6.1238570936879594E-002  0.15193625256534618     
  -7.2377615156407740E-002  0.14234849483706394     
   6.6447105794036704E-002  0.14808115052818685     
   2.0444251532470537E-002  0.16013105653987095     
  0.52900900745859092       0.20000990441896402     
  0.57194526171479165       0.18849306004408550     
  0.60006437151008274       0.20000520977718561     
  0.54164525056627566       0.19102871679253400     
  0.52308920828168315       0.19544743668399317     
  0.44520473542643546       0.21606207179078721     
  0.46657075226169942       0.22397928138036893     
  0.42149346065919940       0.21680856679272215     
  0.40191306193695120       0.23013724365828847     
  0.36101510086588351       -9.8763709137592026E-004
  0.47786998648558571       -4.1869643802628563E-004
  0.51547584852029660        2.6979917087478181E-003
  0.30480728186490147       -2.0610140261236542E-002
  0.37669880109196641        1.2452667861203354E-003
  -7.5311363271632126E-002  0.23721193722235798     
  0.81580449221110607        1.8930705919911962E-002
  0.79958250996874969        1.1916057871492762E-002
  0.90709156902714749        2.6299998063288428E-002
  0.85642673937102687        3.0246794274645942E-002
  0.93565091794971034        1.8192433725313806E-002
  0.85167170026836048        2.2596442649661611E-002
  0.85544719212524312        3.6811161512725413E-002
  0.81753009103692942        1.8706940296745276E-002
  0.88437046116786178        4.3737613825485785E-002
  0.85677042489705757        5.4220707082015401E-002
  0.93650715909389937        2.2100578287264510E-002
  0.94782003215630128        3.8172727753038857E-002
  0.97574062014700735        3.4166946097695702E-002
  0.94839781289393910        3.9101947776732475E-002
  0.91074007981871619        3.1988908536078074E-002
  0.93143436483113096        1.7970343024593889E-002
  0.88283817468909831        4.5846785742042269E-002
   9.7596791336640384E-002   3.0912012073850120E-003
  0.14291992799387221       -1.0990283110258188E-003
   5.9450076593745793E-002  -6.4708599269172379E-004
   5.0497816870359778E-002  -7.8571204327096563E-004
  0.24321736865636429        9.8326762151727080E-003
  0.80050499501551098        4.4944733756782226E-003
  0.72130124523041217        4.1619556586150374E-005
  0.73318397693271709        1.0181072196445450E-004
  0.76672597829981104        9.7886086240164469E-004
  0.66788554502012243        1.4547404301936036E-003
  0.99368445531112004       -6.6559077245274684E-002
  0.96669435162574413        1.2596067335274474E-002
  0.95599814004157602        7.0879289311199635E-003
  0.97028410680235533        6.6438648602652759E-003
  0.98663355245107665       -5.4175284405365660E-003
  0.98621980761292671        2.9433060817074527E-002
  0.59708923830451566       0.16996716393424466     
  0.60958459954927791       0.16878339842997775     
  0.58011321243501790       0.17779457800968479     
  0.55995524516230200       0.19331008144297543     
  0.74124507673148821        2.5771873650454365E-003
  0.79065935157526268       -1.3529777179666987E-003
  0.82621739490581469       -1.1808690353571833E-003
  0.66285870590825224        7.4402037411422828E-004
  0.82049296250617432        7.6328347695225137E-004
  0.88365042299936047        2.6846181032148721E-003
  0.90046299341293889        1.0945867007753183E-002
  0.82671989648140232        2.3432810183311586E-003
  0.83791935270859108       -3.2395965922499021E-004
  0.86348912621936913       -4.8797874420135490E-003
  0.76002291961491242       -5.2858658594888007E-004
   6.7749333978456283E-002  -3.0756226850504678E-003
  0.20516898165917100        1.0429660983790989E-003
  0.17220486875574881       -3.9392958123306140E-003
  0.21832483109854214       -2.6960714250803385E-003
  0.13380875361893557       -1.8727780249503010E-003
  0.13208709987663558       -1.1094276968550666E-003
  0.97933117714796403       -6.5629287989389468E-002
  0.99900979356203079        3.7236779886469638E-002
  0.97272560319114332        2.3331244339242788E-002
  0.97634114074877876        5.3890500421188120E-002
  0.98045408201968631       -2.5957776823408510E-002
  0.97033660517137532        1.1119219847883991E-003
  0.99580460763962053        4.7128949035861690E-003
  0.76206548979500255        8.2660410074114427E-002
  0.79040100765904375        5.3228857593158180E-002
  0.77039863766105376        7.3020605151964693E-002
  0.76620856919341496        7.8166746204510071E-002
  0.69429667401620354        9.1071406014058096E-002
  0.75577092823355818        9.4915412526753465E-002
  0.72955098243875693       0.12187381817133008     
  0.74195075163787694        9.4451464532240188E-003
  0.71714632567620251        1.1453759532210719E-003
  0.72018590476446487        3.0972946582373577E-004
  0.73440167323937589        4.0459565148590155E-003
  0.66407055897297451       -2.9440414659286200E-003
  0.51409751168857631        9.1890626038973619E-002
  0.50420569196736265        8.9232693140954458E-002
  0.56794268083864519        7.9305013365230340E-002
  0.54966215926544182       0.10785865931896235     
  0.44051563736883453        9.8507271950027134E-002
  0.55431823271046654        8.8057338305888105E-002
  0.51863008864072591       0.10911163290952455     
  0.86160558263900133       -3.3425157168294802E-003
  0.84013972260974479       -3.8818913480724538E-003
  0.96379097418557047        8.9833006876898162E-003
  0.89583754769975943       -1.3661553311033220E-002
  0.97541590662890953       -8.8073565653271145E-004
  0.91363991200864592        4.9149835120062069E-003
  0.90411303626670936       -2.4785332552559099E-003
  0.34998242074852415        5.4750847723127635E-004
  0.32456218838466311       -4.2505274616567703E-004
  0.36672658960047311       -1.3171948025796579E-003
  0.28108596065202829       -1.8023279581236178E-003
  0.28087256741909461        8.3129325865411764E-004
  0.39795229168360891        1.6411836388117915E-003
  0.78698880566584062       0.13246439172701949     
  0.82753702655912642       0.11013581044319495     
  0.88335713671553828       0.11128465476742398     
  0.84118467864005142       0.11089543821439511     
  0.80507045983127135       0.11116968048219136     
  0.84140696670731585       0.10889889671508828     
  0.78342974272256038       0.12766311865842941     
  0.52424894162133207        9.8087097748654267E-004
  0.56361798528594720        9.4037645013731136E-004
  0.47605026022159114        1.0679193046887114E-003
  0.45585010065624554       -1.1549248023281166E-003
  0.59974898392988196        1.8992592505824720E-003
  0.62176906893874517        5.5251441139887595E-003
  0.60745546578884646        4.3041167197905104E-003
  0.65166978917660534        1.1148198628110624E-003
  0.50855186135988761       -1.3085628101525500E-003
  0.69327942062545489        6.9246880664974152E-003
  0.54246853247613236        5.5167347462069475E-003
  0.66029240317313309        2.1253009273816455E-003
  0.82148308672963299        8.4135536254450499E-002
  0.80190721603781245        8.2703558476082906E-002
  0.87746338213584418        7.5380639790021020E-002
  0.89727564014764560        5.4533390711802091E-002
  0.84499713981806168        6.4489324284025470E-002
  0.86521230214120870        7.1651545479248444E-002
  0.82049291852510731        9.0258191014254516E-002
  0.55430632365114463       0.22177906897442204     
  0.59205916969080308       0.19590597892690828     
  0.61465388254450626       0.20224077677783442     
  0.56565873748257489       0.19946131417052668     
  0.62942807110070920       0.21899558070053621     
  0.54700912642954591       0.20788173597004292     
  0.96136260719800126        2.4799101011279450E-002
  0.94440584509302816        8.4751966823167141E-004
  0.91283419666056853       -1.8370760649632202E-002
  0.92580561524047766       -1.0370612665447969E-002
  0.94773646141507351       -6.4404368176136234E-003
  0.98078505255391613        2.5476774128805581E-002
  0.79716101749173829        1.9621664489074078E-003
  0.77734942689930775       -8.6461834010806492E-004
  0.82547025653740680       -6.8462720169913715E-004
  0.64923115292726630        3.7369930714168309E-003
  0.83791610695023833        8.6660225717047866E-004
  0.95311363810788707       -5.3442707312885435E-003
  0.97317061167324981        3.7478703672659777E-002
  0.92412477659685222       -2.1772687804446937E-003
  0.93250633909231073        1.0759656352642602E-003
  0.94677532963323829        4.2652573153633314E-002
  0.99347966998156201       -3.3462569972034603E-002
  0.65720840832269523       -5.4098435224847240E-003
  0.69958041296880624        1.0679439633908623E-003
  0.59278959849264790       -1.1953104522261194E-003
  0.56329758597664825        8.8012785027625573E-004
  0.72631901622196360        8.7154376573935952E-004
