 cosx vtec
  0.54297570515945826        3.1388095203105523E-002
  0.66597577660018192        1.1266557126342261E-002
  0.61316519930506330        1.6147304182509994E-002
  0.56842135881855882        2.6590208887822465E-002
  0.61034742965809607        2.7965496839924199E-002
  0.41265332764705537        4.8858144319178523E-002
  0.53128069220829965       0.10729922832570163     
  0.48736178860870799       0.12261495911962182     
  0.56354006251368871       0.10407521999405821     
  0.59072681318359488        7.9455081797138630E-002
  0.51746773965288650       0.11227182130513493     
  0.50614360482330045        1.5687779507678255E-003
  0.69618740432780002        2.7623175054397550E-003
  0.57862629970934520        4.0197458449612528E-003
  0.53414551410861510       -4.7835043372671920E-004
  0.62515120753376763       -3.4377783499088652E-003
  0.50779337048688222       -2.7604670143527199E-003
  0.64263310508730886       -1.1527491207212459E-004
  0.64425126141240363       -1.3811317215394021E-003
  0.59937168616846570        4.4922859168688416E-003
  0.42582738520520980       -1.2436391499969313E-003
   2.1481677438951213E-002   2.0479110461447654E-004
  0.28947064504903158       -4.5297425071958546E-003
  0.24636047853140008        3.3594982712548912E-003
  0.45710143980612367       -1.0845568661108529E-002
  0.44340224615874635        2.4618362171800252E-002
  0.34594807545140427       -3.8686800322529163E-002
  0.20162592393091194        4.1191537438215890E-004
  0.22526036579597972       0.18163321329719903     
  0.18214103406118581       0.18364688198242726     
  0.26177755746390352       0.17466758563093754     
  0.20652790352525013       0.17416515867053778     
  0.26698798270476110       0.15282663361311893     
  0.15500321872804615       0.18282056158905738     
  0.23146738434651642       0.16106935157295429     
  0.31507904478864646       0.15907872351079722     
   9.4068350011566645E-002  0.19583999216562853     
  0.33517295276611869       0.15789407856856472     
  0.25467930059613841       0.15939434382024795     
  0.79176469123894067        7.1904269094688437E-003
  0.86992081969121327       -4.0428397746459149E-004
  0.85665703472140353        8.0264766956408590E-004
  0.82618354218495282       -4.8977605447199585E-004
  0.87557258883923483       -4.6278575108834206E-003
  0.25241469225184365       -1.1004490245101013E-003
  0.29660739027408450       -8.3599036980587562E-005
  0.32077648204233516       -7.6881997226430749E-004
  0.17383639628830630       -1.8436084074217239E-004
  0.30629924068062336        8.0550389157429145E-004
  0.26561068840481827        9.8471546486337408E-004
  0.34648547708532795       -6.6271548454806327E-004
  0.31666438335210034        9.8655685494388690E-002
  0.18008501474798605       0.13308650335389738     
  0.38214066629017501        5.5964969898950119E-002
  0.28135428254227096       0.10687066290385225     
  0.37488909460912234       0.10745699758102502     
  0.14982379004514246       0.13555866064375602     
  0.36603288474013090        9.3728464902475037E-002
  0.30639173547531734       0.10544067617861003     
  0.65499962624960051       -1.9673738106778019E-003
  0.74815254012566657        3.1601492638171458E-003
  0.72114990575990323       -3.5944424831929598E-003
  0.68315341383946926       -4.0640839485871225E-003
  0.74272371043227425        8.8320842817718771E-003
  -6.2457284668598234E-002   1.7362169594392445E-002
  0.73618307964115182        3.9713315750270527E-003
  0.84613030532405520        1.5067994553094507E-004
  0.76045973923585530       -6.6718014027117778E-004
  0.78424598374872390        4.4953568808341338E-003
  0.76878481438953594       -1.1062818537919612E-003
  0.72143344071306592       -4.5443046438902509E-003
   7.7118726251689820E-002   6.7539068959038440E-002
  0.16582748480221227        5.4977674025444352E-002
  0.10451635765444535        5.8772998018942098E-002
  0.63899813788979287        7.7012684142695968E-003
  0.74041766687398569        2.1670522914370286E-003
  0.70402657234329691        1.8489583781809297E-003
  0.66536120468917825        4.0539128396376491E-003
  0.70305347880409541        1.1603254861881261E-002
  0.51872677737987638       -2.0566632077150596E-002
  0.48119276798738836       -1.2701386721718732E-002
  0.62361064653013065       -4.1639714671229781E-003
  0.60981137458179546       -1.2944937963955926E-003
  0.55945221565210124       -5.6288340745692606E-003
  0.41309041079848130       -4.6381131940633384E-003
   3.4885007388419237E-002  -1.8425442309917390E-003
  -1.4668311495549771E-002  -1.5193500429710259E-003
  -8.4118719210935777E-003  -1.0268789279195456E-003
  0.77345035685430763        5.2825112062993246E-004
  0.70688928074883550       -2.3291142227196697E-004
  0.83504108498777996       -1.0360885492778609E-003
  0.86072821353640050        2.9107282886670050E-005
  0.80559995440798626       -2.7870839953360914E-003
  0.71788029397460740        1.0504469837238101E-003
  -7.9885105581413401E-002  -2.6804108066335843E-004
  -6.2569282461296297E-002   1.4058700887975260E-003
   5.3031908606259087E-002  -1.9313477136490538E-003
  0.46564244330528703        1.7706911728363754E-002
  0.42458783795215926        8.3064049308213578E-004
  0.58692637085420885       -9.0239836387568228E-003
  0.55334796038629430        2.1763725522982606E-002
  0.49842379126637926       -7.8960665841218552E-003
  0.30285964956921613        8.2147199687336817E-002
  0.57092129863804275       -6.3980360992366920E-003
  0.53290727491097711       -2.4152062409891399E-004
  0.66606208670316946       -1.6801410417189593E-004
  0.66008567610408042        3.3360350109583664E-003
  0.61603163790841875        4.1850298004085691E-003
  0.35139705646112351       0.15366162381360923     
  0.31175377772901419        9.2524625267465410E-002
  0.38625290389589095       0.11551612918117631     
  0.39637825848703195       0.16378948154012907     
  0.34717480886447843       0.16060041294835464     
  -5.8233597961222572E-002   8.7806748522432240E-002
  0.19461886279561685        4.9557197440978550E-002
  0.31404957707598585        3.7410694713585532E-002
  0.22427976291032378        4.7976232722304335E-002
  0.11799635800147007        6.5191784758076146E-002
  0.11341630951111620        6.2451256859090268E-002
   5.2991539606305801E-002   8.2339747719577638E-002
  -5.1770244444092756E-002   1.3401480297468547E-003
   5.7961192272582007E-004  -2.2287743463634928E-003
  -3.9546788568172772E-002  -5.4593737072498264E-003
   4.0898031427072754E-002  -3.4230545147837048E-003
  -3.1784903265991163E-002  -3.1479813156236563E-003
  -4.0935556332783576E-002   7.8589178373334942E-004
   5.6768775263584537E-003   8.1466062100912489E-003
   4.0878276313392387E-002  -1.3931294641972591E-003
  -9.0122566760295841E-002   5.5444735493517883E-003
   1.6815624381680855E-002   9.1762047814772235E-003
  -2.6718117965062030E-002  -1.2828109273727184E-002
   8.2633214479707895E-002  -1.6253284049114482E-003
  -9.1927198723730244E-002  0.22397928138036893     
  0.79626097052935874       -9.8763709137592026E-004
  0.85584141962110394       -4.1869643802628563E-004
  0.87899562053094527        2.6979917087478181E-003
  0.82590400745677950       -2.0610140261236542E-002
  0.73914839598751592        1.2452667861203354E-003
  0.18759193974438682        1.2527483998860428E-003
   9.7867815026057334E-002  -1.7301745083221845E-004
  0.24898845662133542       -3.1242440398636237E-003
  0.20505754973342538       -1.7347450135841900E-003
  0.34081500283874988        2.6230552523900720E-003
  -8.4928729722205082E-002   2.6299998063288428E-002
  -1.1254110710709780E-002   1.8192433725313806E-002
   5.7554128349192837E-002   2.2100578287264510E-002
   2.4753094438717094E-002   3.8172727753038857E-002
  0.24306580610669076        3.4166946097695702E-002
   9.7379877142587917E-002   3.9101947776732475E-002
  -2.5465229292424951E-002   3.1988908536078074E-002
  -8.9803566872902474E-003   1.7970343024593889E-002
  -8.5782926228692574E-002   4.5846785742042269E-002
  0.82049814401402688        4.4944733756782226E-003
  0.89747607806753638        4.1619556586150374E-005
  0.88933058984166657        1.0181072196445450E-004
  0.86121611189370495        9.7886086240164469E-004
  0.91611912089082681        1.4547404301936036E-003
  0.44480226020765629       -6.6559077245274684E-002
  0.40808370399056998        1.2596067335274474E-002
  0.56670318633169403        7.0879289311199635E-003
  0.54331438307368318        6.6438648602652759E-003
  0.48370543074179817       -5.4175284405365660E-003
  0.35258496332725731        2.9433060817074527E-002
   3.4048074285493946E-002  0.16996716393424466     
   6.6054817329559062E-002  0.16878339842997775     
  -2.9804200462745775E-002  0.17779457800968479     
  -6.6995527045157099E-002  0.19331008144297543     
   3.8896849297881064E-002   2.5771873650454365E-003
  0.22271934683505509       -1.3529777179666987E-003
  0.44759224531597419       -1.1808690353571833E-003
  0.22193151259093763        7.4402037411422828E-004
  0.17174313434421398        7.6328347695225137E-004
  0.72951390061400589        2.6846181032148721E-003
  0.66784637113631407        1.0945867007753183E-002
  0.81106014635993773        2.3432810183311586E-003
  0.79920959063299901       -3.2395965922499021E-004
  0.76577919942014616       -4.8797874420135490E-003
  0.85079544705709753       -5.2858658594888007E-004
  0.38373387444375723       -6.5629287989389468E-002
  0.34253272321183248        3.7236779886469638E-002
  0.53122584168938369        2.3331244339242788E-002
  0.47872335382007669        5.3890500421188120E-002
  0.41504083949606274       -2.5957776823408510E-002
  0.26095596795904147        1.1119219847883991E-003
  0.29635157150983171        4.7128949035861690E-003
  0.20834892006005831        9.8461162684642806E-002
   8.4930602171825909E-002  0.13174878465105111     
  0.27176789976628141        7.6485740926834231E-002
  0.17358497380942597       0.10454917800673171     
  0.28504988843773882       0.11754210326410783     
   7.3867216594357410E-002  0.11888509311478077     
  0.26145467203490802        9.7090992999645923E-002
  0.19863407867701596       0.10509869906497141     
  0.34696702652689188        8.2660410074114427E-002
  0.54037910636705078        5.3228857593158180E-002
  0.43562087224096874        7.3020605151964693E-002
  0.37283574728732322        7.8166746204510071E-002
  0.43840242894898696        9.1071406014058096E-002
  0.26095429479155358        9.4915412526753465E-002
  0.17438101906123968       0.12187381817133008     
  0.70931065313540143        9.4451464532240188E-003
  0.79920456623002611        1.1453759532210719E-003
  0.77212614541778646        3.0972946582373577E-004
  0.73718234657632609        4.0459565148590155E-003
  0.77288346106890038       -2.9440414659286200E-003
  -9.5025567204356148E-002  -3.8818913480724538E-003
   9.7971697644409717E-002   8.9833006876898162E-003
   5.1279143625522799E-002  -1.3661553311033220E-002
  0.16307907555692772       -8.8073565653271145E-004
  -5.3002856771234369E-002   4.9149835120062069E-003
   1.5832218988842378E-002  -2.4785332552559099E-003
  -2.2189785800027145E-002  0.11013581044319495     
  0.17569301039805846       0.11128465476742398     
   1.4043163720729973E-002  0.11089543821439511     
  -8.8492071163623759E-002  0.11116968048219136     
  -9.1282210358227034E-002  0.10889889671508828     
  -7.9825724880915189E-002   8.4916412160106983E-004
  -3.3554592305107593E-002  -5.4668864384596884E-005
  -7.3202602433728947E-002  -4.2244938179285637E-004
  -4.7292028373859402E-003   2.9710001599958600E-004
  -6.3808196812359275E-002   4.4567733278943306E-004
  -1.0728100071867169E-002   9.4037645013731136E-004
  -4.5313589918945657E-003   1.0679193046887114E-003
  -6.0051361425175587E-002   1.8992592505824720E-003
  -9.6524943859574247E-002   7.5380639790021020E-002
  -4.7871310924334692E-002   5.4533390711802091E-002
  0.18769387672739291       -8.5020807505557317E-004
  0.11688369480415955       -1.5506346889086720E-004
  0.24175355158715708       -5.1013352026934482E-003
  0.20144776659113506       -2.5845571095877728E-003
  0.29284858785382939        4.6924016013175840E-003
  0.58641322088888259        2.4799101011279450E-002
  0.54488221157493133        8.4751966823167141E-004
  0.68198140042251820       -1.8370760649632202E-002
  0.66682816376841902       -1.0370612665447969E-002
  0.62338195885461012       -6.4404368176136234E-003
  0.46328093227092360        2.5476774128805581E-002
   2.0999067348321798E-003  -6.8462720169913715E-004
  -3.3859387090244747E-002   8.6660225717047866E-004
  0.57134432667761925       -5.3442707312885435E-003
  0.52156479702342318        3.7478703672659777E-002
  0.67241947385435386       -2.1772687804446937E-003
  0.64743998267447411        1.0759656352642602E-003
  0.60295938119680192        4.2652573153633314E-002
  0.44639981925732608       -3.3462569972034603E-002
  -6.7489502544422195E-002  -5.4098435224847240E-003
   5.5134296456538529E-002   1.0679439633908623E-003
   6.0241657797285054E-002  -1.1953104522261194E-003
   1.0505590966555234E-002   8.7154376573935952E-004
