 cosx vtec
  0.76403132213033542        3.1388095203105523E-002
  0.84779756758115343        1.1266557126342261E-002
  0.80883563166791084        1.6147304182509994E-002
  0.78114825282537892        2.6590208887822465E-002
  0.77418802109563833        2.7965496839924199E-002
  0.68045821515597948        4.8858144319178523E-002
   7.7762976195260292E-003  -1.2897270245265243E-003
   5.9800490497163294E-002  -1.5853890733796313E-003
  0.15677597583775402        2.7911010227498938E-003
  0.10893040765942022        2.5617719413499748E-004
   1.7570921588766997E-002   1.3981685127904576E-003
  0.14039540415150165       -5.1007868414364495E-003
  0.23946494751763261       0.10729922832570163     
  0.20690165451773909       0.12261495911962182     
  0.30536767641639717       0.10407521999405821     
  0.28494006024313928        7.9455081797138630E-002
  0.24641036191409180       0.11227182130513493     
  0.21817280844856871        1.5687779507678255E-003
  0.46244639439330615        2.7623175054397550E-003
  0.30360905326527765        4.0197458449612528E-003
  0.29104870366306068       -4.7835043372671920E-004
  0.32739327315855782       -3.4377783499088652E-003
  0.81243182548633985       -2.7604670143527199E-003
  0.89857373772665805       -1.1527491207212459E-004
  0.91245420792250109       -1.3811317215394021E-003
  0.90531723473832060        4.4922859168688416E-003
  0.78188044784817345       -1.2436391499969313E-003
  0.46666356674354370        2.0479110461447654E-004
  0.72457089149558551       -4.5297425071958546E-003
  0.65389077885153923        3.3594982712548912E-003
  0.80926967042131415       -1.0845568661108529E-002
  0.81566922722942281        2.4618362171800252E-002
  0.75949718199109784       -3.8686800322529163E-002
  0.63291122485764229        4.1191537438215890E-004
   1.8291658717106030E-002   2.3041674179984772E-003
   3.7804602872761661E-002  -2.7525199677435008E-004
  0.11268619107919620       -1.2724938539822386E-003
   6.5686610677845592E-002  -2.9124891541573404E-003
  -5.6904328703926144E-003   1.6272398366837053E-003
   9.6821375217474193E-002  -1.8118724865727565E-004
   8.4673884139192634E-002  0.16537621692818413     
  0.19505541569698653       0.15934392381651821     
  0.24743986836008197        2.5444023499378923E-002
  0.13209369735543519       0.16245428121964881     
  0.14886489803113423       0.15838180996555629     
  0.10365593511078219       0.16540010551223430     
   6.7427675163400647E-004  0.18163321329719903     
  -2.0351702633943841E-002  0.18364688198242726     
   7.4747641164967266E-002  0.17466758563093754     
   1.0117464633551287E-002  0.17416515867053778     
  -9.1305527560018418E-002  0.15282663361311893     
  -1.7830272940497716E-002  0.15907872351079722     
  -4.4115996176465555E-002  0.15789407856856472     
  -8.6993335271310868E-002  0.15939434382024795     
  0.20288100866920661       0.19077796878947312     
  0.24114445386725522       0.19748407119543368     
  0.14884676751217196       0.19677924073786038     
  0.12023519767771718       0.19784547479312053     
  0.96955762206553686        7.1904269094688437E-003
  0.99438501779501287       -4.0428397746459149E-004
  0.99017383962243044        8.0264766956408590E-004
  0.98240956986311345       -4.8977605447199585E-004
  0.97020006288081428       -4.6278575108834206E-003
  -8.6999849877053614E-002  -6.6271548454806327E-004
  -9.6068136100440960E-002   5.5964969898950119E-002
  -3.7447169836053784E-002  0.10745699758102502     
  -7.8823135491468632E-002   9.3728464902475037E-002
  0.90437314811675784       -1.9673738106778019E-003
  0.95554767702054066        3.1601492638171458E-003
  0.93957305021284854       -3.5944424831929598E-003
  0.92048373472386091       -4.0640839485871225E-003
  0.91907327119170512        8.8320842817718771E-003
  0.31909145219072504        3.9713315750270527E-003
  0.47944659411006274        1.5067994553094507E-004
  0.33807514958724150       -6.6718014027117778E-004
  0.39830515663716676        4.4953568808341338E-003
  0.35882250652558112       -1.1062818537919612E-003
  0.31332804595449204       -4.5443046438902509E-003
  -1.2523368384736264E-002   6.7539068959038440E-002
   9.4882980721307048E-002   5.4977674025444352E-002
   2.3129026233712782E-002   5.8772998018942098E-002
  0.83193753090145828        7.7012684142695968E-003
  0.89387749001518291        2.1670522914370286E-003
  0.86893699426327831        1.8489583781809297E-003
  0.84790532025837440        4.0539128396376491E-003
  0.83750267151660140        1.1603254861881261E-002
   6.9706403468551836E-003  0.15621543594884907     
  -2.5815521822281029E-002  0.16669204073483934     
  0.12041558816598941       0.15831919765343447     
   4.7427996813301898E-002  0.15216228660618406     
   6.3884925817975891E-002  0.14958327736875440     
   1.9876139031736240E-002  0.15520144799549179     
  0.87625895607055115       -2.0566632077150596E-002
  0.83067784117374455       -1.2701386721718732E-002
  0.91927555737492894       -4.1639714671229781E-003
  0.91839222847728785       -1.2944937963955926E-003
  0.89654189749570234       -5.6288340745692606E-003
  0.80044900721886336       -4.6381131940633384E-003
  0.10334592722962035       -1.8425442309917390E-003
   2.4376127157010208E-002  -6.4994435822044718E-003
  0.12994823840215886       -1.5193500429710259E-003
   9.1785226082101837E-002  -1.0268789279195456E-003
   8.0934111636937617E-003  -2.8028151825057441E-004
  0.72969371386239379        5.2825112062993246E-004
  0.77629178824892775       -2.3291142227196697E-004
  0.83516241445031381       -1.0360885492778609E-003
  0.87386154397055027        2.9107282886670050E-005
  0.71848922770771462       -2.7870839953360914E-003
  0.70149670864601843        1.0504469837238101E-003
  0.84168381162869310        1.7706911728363754E-002
  0.81664627089043407        8.3064049308213578E-004
  0.91306755306045040       -9.0239836387568228E-003
  0.89450663606927361        2.1763725522982606E-002
  0.86254824567120436       -7.8960665841218552E-003
  0.72988196347240453        8.2147199687336817E-002
  0.16480113574236444       0.17979436456887404     
  0.28320507465330058       0.16086609414302988     
  0.32114866092891647       0.16159190962225733     
  0.22745943448735279       0.16379153790527184     
  0.24483043153828488       0.16523917677199620     
  0.19684957959763860       0.16719070424129434     
  0.10616949927034058        4.4968026919053892E-003
  0.11318766531597069        4.2981282663374643E-003
  0.19396513416660766        1.4764253058574511E-003
   4.0405113344551657E-002   7.5457911314361602E-003
  0.17534556955784242        8.4268154823119001E-004
  0.90336987394845969       -6.3980360992366920E-003
  0.84662673215545881       -2.4152062409891399E-004
  0.92759938713962331       -1.6801410417189593E-004
  0.93344006967554494        3.3360350109583664E-003
  0.92093029109272351        4.1850298004085691E-003
  0.35986952796822252       0.15366162381360923     
  0.23038918034591027        9.2524625267465410E-002
  0.38589090587469232       0.11551612918117631     
  0.34764988525002155       0.16378948154012907     
  0.28186506339367901       0.16060041294835464     
  0.41370570026459808        8.7806748522432240E-002
  0.60564989566676675        4.9557197440978550E-002
  0.69768046417815910        3.7410694713585532E-002
  0.62971882459422390        4.7976232722304335E-002
  0.54503448085348738        6.5191784758076146E-002
  0.56479325667472291        6.2451256859090268E-002
  0.48685219607825092        8.2339747719577638E-002
  -7.5557844829667653E-002  -2.2287743463634928E-003
  -3.6415313147231301E-002  -5.4593737072498264E-003
  -7.5669933572358447E-002  -3.4230545147837048E-003
  -8.6783651285719160E-002  -3.1479813156236563E-003
   4.8783009142485678E-003  0.20000990441896402     
  0.11726443805603054       0.18849306004408550     
  0.16652748001091927       0.20000520977718561     
   5.9166735324124309E-002  0.19102871679253400     
   3.3256750083233755E-002  0.19544743668399317     
  0.14594669286202713       0.21606207179078721     
  0.18537520707156932       0.22397928138036893     
   9.0627220331398806E-002  0.21680856679272215     
   6.1440561592656290E-002  0.23013724365828847     
  0.73676671380649605       -9.8763709137592026E-004
  0.83969932846191830       -4.1869643802628563E-004
  0.87554739636362511        2.6979917087478181E-003
  0.72713618930731194       -2.0610140261236542E-002
  0.70604453421714286        1.2452667861203354E-003
  -7.3702773136920557E-002   1.2527483998860428E-003
  -1.4549822956764685E-002  -3.1242440398636237E-003
  -2.3946442757080966E-002  -1.7347450135841900E-003
   2.7297894933220990E-002   2.6230552523900720E-003
  0.26706463239085626        1.8930705919911962E-002
  0.25759618789241201        1.1916057871492762E-002
  0.42455867563740202        2.6299998063288428E-002
  0.36589988784146354        3.0246794274645942E-002
  0.49015119604349366        1.8192433725313806E-002
  0.31788437418747878        2.2596442649661611E-002
  0.34352445128164166        3.6811161512725413E-002
  0.25708988230629376        1.8706940296745276E-002
  0.38915892350036996        4.3737613825485785E-002
  0.32509222944017568        5.4220707082015401E-002
  0.53767440052393822        2.2100578287264510E-002
  0.52125662574887011        3.8172727753038857E-002
  0.68544755198561957        3.4166946097695702E-002
  0.57124370225678955        3.9101947776732475E-002
  0.46717543802357908        3.1988908536078074E-002
  0.48946295433272596        1.7970343024593889E-002
  0.41106940906113587        4.5846785742042269E-002
  -5.5391672897177724E-002  -1.0990283110258188E-003
  -9.5677564759559852E-002  -6.4708599269172379E-004
  -5.8327398413439674E-002   9.8326762151727080E-003
  0.98719360838206871        4.4944733756782226E-003
  0.99770618147430723        4.1619556586150374E-005
  0.99845700887158273        1.0181072196445450E-004
  0.99707289948889510        9.7886086240164469E-004
  0.98203687317056243        1.4547404301936036E-003
  0.83299113075435727       -6.6559077245274684E-002
  0.79351302436935800        1.2596067335274474E-002
  0.89632380632595199        7.0879289311199635E-003
  0.88792632670881821        6.6438648602652759E-003
  0.85585075986697523       -5.4175284405365660E-003
  0.76593892775119565        2.9433060817074527E-002
  0.34099480662583670       0.16996716393424466     
  0.36953735148184064       0.16878339842997775     
  0.28828452301910568       0.17779457800968479     
  0.25211832655560118       0.19331008144297543     
  0.42101528461088400        2.5771873650454365E-003
  0.57305006667854497       -1.3529777179666987E-003
  0.74579223018941709       -1.1808690353571833E-003
  0.50450985222243083        7.4402037411422828E-004
  0.55405441631493935        7.6328347695225137E-004
  0.96919747851590765        2.6846181032148721E-003
  0.93596018550146720        1.0945867007753183E-002
  0.99468629559500621        2.3432810183311586E-003
  0.99253914423824652       -3.2395965922499021E-004
  0.98327680208737100       -4.8797874420135490E-003
  0.98637812177422335       -5.2858658594888007E-004
  0.78358067431090617       -6.5629287989389468E-002
  0.76586819993323207        3.7236779886469638E-002
  0.88095637041695252        2.3331244339242788E-002
  0.84696634055476960        5.3890500421188120E-002
  0.80559338510052081       -2.5957776823408510E-002
  0.69480972721265888        1.1119219847883991E-003
  0.73257298751504318        4.7128949035861690E-003
  0.64282600976317195        8.2660410074114427E-002
  0.79020468006004485        5.3228857593158180E-002
  0.70790278787573890        7.3020605151964693E-002
  0.66272574364921888        7.8166746204510071E-002
  0.66931247514698100        9.1071406014058096E-002
  0.58064056916344309        9.4915412526753465E-002
  0.50746961824361714       0.12187381817133008     
  0.87998082188558346        9.4451464532240188E-003
  0.92827372107633233        1.1453759532210719E-003
  0.91136831641472615        3.0972946582373577E-004
  0.89502940249301766        4.0459565148590155E-003
  0.88202799860827485       -2.9440414659286200E-003
  -6.5557402573624524E-002   7.9305013365230340E-002
  -9.7116303806761006E-002   8.8057338305888105E-002
  0.37888523363336979       -3.3425157168294802E-003
  0.38202769810736448       -3.8818913480724538E-003
  0.57983906147956221        8.9833006876898162E-003
  0.51174220961977834       -1.3661553311033220E-002
  0.63056062884591368       -8.8073565653271145E-004
  0.44988155972630939        4.9149835120062069E-003
  0.49189838042035178       -2.4785332552559099E-003
  -8.9488991556791908E-002  -4.2505274616567703E-004
  -1.5633006734932620E-002  -1.3171948025796579E-003
  -5.4652947888786468E-002  -1.8023279581236178E-003
  -2.8810814740026447E-002   1.6411836388117915E-003
  0.29295884295803992       0.13246439172701949     
  0.42514455284323976       0.11013581044319495     
  0.59020561956174533       0.11128465476742398     
  0.45719111437568938       0.11089543821439511     
  0.36783690744707287       0.11116968048219136     
  0.38526259153416942       0.10889889671508828     
  0.32937948426393782       0.12766311865842941     
  0.19752061481236519        9.8087097748654267E-004
  0.29255641718443171        9.4037645013731136E-004
  0.25020142387556482        1.0679193046887114E-003
  0.14717233159485746       -1.1549248023281166E-003
  0.27804222206048224        1.8992592505824720E-003
   6.6110066862618888E-002   5.5251441139887595E-003
   7.6041450237422314E-002   4.3041167197905104E-003
  0.15332060574768469        1.1148198628110624E-003
   9.2579972322914983E-002  -1.3085628101525500E-003
  0.10404708683010844        6.9246880664974152E-003
   1.6522688529787721E-002   5.5167347462069475E-003
  0.13547563487404185        2.1253009273816455E-003
  0.27428091164016777        8.4135536254450499E-002
  0.23071711922614691        8.2703558476082906E-002
  0.40086156874228818        7.5380639790021020E-002
  0.44468449655560838        5.4533390711802091E-002
  0.33076949765713970        6.4489324284025470E-002
  0.34972682810032629        7.1651545479248444E-002
  0.28884609519471238        9.0258191014254516E-002
   5.9149131191755577E-002  0.22177906897442204     
  0.17739890218737139       0.19590597892690828     
  0.21921075867905784       0.20224077677783442     
  0.12214600527616981       0.19946131417052668     
  0.14242934374451283       0.21899558070053621     
   9.4695770112795286E-002  0.20788173597004292     
  0.91266063755091509        2.4799101011279450E-002
  0.87522924894998899        8.4751966823167141E-004
  0.95221169493256652       -1.8370760649632202E-002
  0.94874821823016575       -1.0370612665447969E-002
  0.93069842311208184       -6.4404368176136234E-003
  0.83876765809119136        2.5476774128805581E-002
  0.31379686928011352        1.9621664489074078E-003
  0.33240064020649074       -8.6461834010806492E-004
  0.44065997589342998       -6.8462720169913715E-004
  0.19016064188720411        3.7369930714168309E-003
  0.42268466874205046        8.6660225717047866E-004
  0.89796372189179674       -5.3442707312885435E-003
  0.87458461065372428        3.7478703672659777E-002
  0.95167854405199281       -2.1772687804446937E-003
  0.93905130187123986        1.0759656352642602E-003
  0.91621714954040057        4.2652573153633314E-002
  0.83397496151709039       -3.3462569972034603E-002
  0.30352775534458087       -5.4098435224847240E-003
  0.40995304791737452        1.0679439633908623E-003
  0.35662448260464102       -1.1953104522261194E-003
  0.21634838387012617        8.8012785027625573E-004
  0.39365252889961955        8.7154376573935952E-004
