 cosx vtec
  0.63676255169009188        3.1388095203105523E-002
  0.74999126775084479        1.1266557126342261E-002
  0.70033536689659848        1.6147304182509994E-002
  0.66011305159696243        2.6590208887822465E-002
  0.68637491003622764        2.7965496839924199E-002
  0.51859215956695448        4.8858144319178523E-002
  -4.8017134804042405E-002   2.7911010227498938E-003
  -5.8167672885313298E-002   2.5617719413499748E-004
  -9.0299574614473133E-002  -5.1007868414364495E-003
  0.44658270121289023       0.10729922832570163     
  0.40523128875898617       0.12261495911962182     
  0.49153718776171690       0.10407521999405821     
  0.50303958384856351        7.9455081797138630E-002
  0.43954620228541197       0.11227182130513493     
  0.42199323841451042        1.5687779507678255E-003
  0.63682617999124158        2.7623175054397550E-003
  0.50124601838030092        4.0197458449612528E-003
  0.46645720535470953       -4.7835043372671920E-004
  0.54133110261358786       -3.4377783499088652E-003
  0.62950573581132840       -2.7604670143527199E-003
  0.75165831888483814       -1.1527491207212459E-004
  0.75758583972336968       -1.3811317215394021E-003
  0.72440775738346308        4.4922859168688416E-003
  0.56282731753357784       -1.2436391499969313E-003
  0.17676488908554625        2.0479110461447654E-004
  0.44965041368195874       -4.5297425071958546E-003
  0.39561437740434680        3.3594982712548912E-003
  0.59373220803561244       -1.0845568661108529E-002
  0.58658395043290601        2.4618362171800252E-002
  0.50041302484220784       -3.8686800322529163E-002
  0.35772801715237701        4.1191537438215890E-004
  -6.0391205232487033E-002   2.5444023499378923E-002
  0.15432133927275218       0.18163321329719903     
  0.11752373316507828       0.18364688198242726     
  0.20502597911266318       0.17466758563093754     
  0.14478716513449208       0.17416515867053778     
  0.15092045947026145       0.15282663361311893     
   4.6080792353820954E-002  0.18282056158905738     
  0.11866050532219644       0.16106935157295429     
  0.20933437160670176       0.15907872351079722     
  -2.8605960207500364E-002  0.19583999216562853     
  0.21395047830127231       0.15789407856856472     
  0.14399843368898302       0.15939434382024795     
  -3.4491186546464742E-002  0.19077796878947312     
   6.3843295652986909E-003  0.19748407119543368     
  -9.4434295280060532E-002  0.19677924073786038     
  0.87832277634803324        7.1904269094688437E-003
  0.94040718100484599       -4.0428397746459149E-004
  0.92987169088447419        8.0264766956408590E-004
  0.90633009168885992       -4.8977605447199585E-004
  0.93587387208355888       -4.6278575108834206E-003
  0.11567628789874124       -1.1004490245101013E-003
  0.16493766836341850       -8.3599036980587562E-005
  0.16798302496926643       -7.6881997226430749E-004
   3.4538098592876265E-002  -1.8436084074217239E-004
  0.17084720361828326        8.0550389157429145E-004
  0.13908207410430157        9.8471546486337408E-004
  0.20679529456331133       -6.6271548454806327E-004
  0.17558614237825226        9.8655685494388690E-002
   4.4788914276736619E-002  0.13308650335389738     
  0.22803549768122328        5.5964969898950119E-002
  0.14231433094538112       0.10687066290385225     
  0.24343397847939596       0.10745699758102502     
   2.9376824487064579E-003  0.13555866064375602     
  0.22300625202947066        9.3728464902475037E-002
  0.16939127088688866       0.10544067617861003     
  0.76213163167406284       -1.9673738106778019E-003
  0.84362470509195120        3.1601492638171458E-003
  0.81960588563231496       -3.5944424831929598E-003
  0.78698510465915472       -4.0640839485871225E-003
  0.82724373863035838        8.8320842817718771E-003
  0.61439818417616299        3.9713315750270527E-003
  0.74529727253410305        1.5067994553094507E-004
  0.63759736632014552       -6.6718014027117778E-004
  0.67478577783714122        4.4953568808341338E-003
  0.65049753458705095       -1.1062818537919612E-003
  0.60230722693637828       -4.5443046438902509E-003
   4.8402995481388891E-002   6.7539068959038440E-002
  0.14638519386715723        5.4977674025444352E-002
   7.9526025885379797E-002   5.8772998018942098E-002
  0.72602934306040323        7.7012684142695968E-003
  0.81691590893883870        2.1670522914370286E-003
  0.78336119087354072        1.8489583781809297E-003
  0.74960829791622674        4.0539128396376491E-003
  0.77177852994157936        1.1603254861881261E-002
  0.65915155648180923       -2.0566632077150596E-002
  0.61764662678829274       -1.2701386721718732E-002
  0.74583585739090341       -4.1639714671229781E-003
  0.73608982253066624       -1.2944937963955926E-003
  0.69405358864063182       -5.6288340745692606E-003
  0.56056350690480694       -4.6381131940633384E-003
   5.9754414436708474E-002  -1.8425442309917390E-003
  -8.6166397473270484E-002  -6.4994435822044718E-003
   3.5096833668601293E-002  -1.5193500429710259E-003
   2.6122615276837936E-002  -1.0268789279195456E-003
  -7.7152105415374192E-002  -2.8028151825057441E-004
  0.78249117250023881        5.2825112062993246E-004
  0.75314405629251946       -2.3291142227196697E-004
  0.86125060728937330       -1.0360885492778609E-003
  0.89226170475850675        2.9107282886670050E-005
  0.80059151524460881       -2.7870839953360914E-003
  0.73468629353803649        1.0504469837238101E-003
  -8.0678798490734338E-002  -1.9313477136490538E-003
  0.61083191165452633        1.7706911728363754E-002
  0.57405346093467424        8.3064049308213578E-004
  0.71858631762824232       -9.0239836387568228E-003
  0.68917119323557530        2.1763725522982606E-002
  0.64050181625898028       -7.8960665841218552E-003
  0.46065354812993453        8.2147199687336817E-002
  -4.7968676056098225E-004  0.16086609414302988     
   4.0604148217342984E-002  0.16159190962225733     
  -6.2141814767488313E-002  0.16379153790527184     
  -6.2282878508026496E-002  0.16523917677199620     
  -9.3032278750771358E-002  0.16719070424129434     
  0.70427023480716888       -6.3980360992366920E-003
  0.65856042470202225       -2.4152062409891399E-004
  0.77776518848414145       -1.6801410417189593E-004
  0.77570553062093028        3.3360350109583664E-003
  0.74122619314381533        4.1850298004085691E-003
  0.36535111932642483       0.15366162381360923     
  0.29326546661900049        9.2524625267465410E-002
  0.39823105296031608       0.11551612918117631     
  0.39187623630949542       0.16378948154012907     
  0.33537226555688826       0.16060041294835464     
  0.10384435511435075        8.7806748522432240E-002
  0.34346714474645473        4.9557197440978550E-002
  0.45712444599339674        3.7410694713585532E-002
  0.37211544670528507        4.7976232722304335E-002
  0.27000275183677908        6.5191784758076146E-002
  0.27373196499442293        6.2451256859090268E-002
  0.20533034166943726        8.2339747719577638E-002
  -8.7986261766080556E-002   1.3401480297468547E-003
  -2.5844486280435824E-002  -2.2287743463634928E-003
  -3.9698502191129706E-002  -5.4593737072498264E-003
   1.6960089827703084E-003  -3.4230545147837048E-003
  -5.1881800236452287E-002  -3.1479813156236563E-003
  -6.7359812182324980E-002  -1.6253284049114482E-003
  -9.4925718774833939E-002  0.20000520977718561     
  -4.0255046536689348E-002  0.21606207179078721     
   1.4982264764895337E-003  0.22397928138036893     
  0.80055097834738964       -9.8763709137592026E-004
  0.87705452787937388       -4.1869643802628563E-004
  0.90534283748666255        2.6979917087478181E-003
  0.81748336378762709       -2.0610140261236542E-002
  0.75081397540577954        1.2452667861203354E-003
  0.10272373987493494        1.2527483998860428E-003
   8.7674111727327753E-003  -1.7301745083221845E-004
  0.16526503499200515       -3.1242440398636237E-003
  0.13195111299129728       -1.7347450135841900E-003
  0.24261165201569337        2.6230552523900720E-003
  -7.4265301601347811E-002   1.8930705919911962E-002
  -7.8390565789633770E-002   1.1916057871492762E-002
   8.9353008306073733E-002   2.6299998063288428E-002
   3.7280430678882370E-002   3.0246794274645942E-002
  0.16252945921352691        1.8192433725313806E-002
  -2.4880591988147460E-002   2.2596442649661611E-002
   7.6552929484659527E-003   3.6811161512725413E-002
  -8.8622417911175366E-002   1.8706940296745276E-002
   5.3748700591618792E-002   4.3737613825485785E-002
  -1.7882449656376198E-002   5.4220707082015401E-002
  0.22610170260027296        2.2100578287264510E-002
  0.19796264057389834        3.8172727753038857E-002
  0.40432024105210973        3.4166946097695702E-002
  0.26500261543037140        3.9101947776732475E-002
  0.14482908453138449        3.1988908536078074E-002
  0.16384577473144862        1.7970343024593889E-002
   8.4083930353196640E-002   4.5846785742042269E-002
  0.90410252943389291        4.4944733756782226E-003
  0.96040951591463952        4.1619556586150374E-005
  0.95509843342477485        1.0181072196445450E-004
  0.93538630169718906        9.7886086240164469E-004
  0.96772021461299218        1.4547404301936036E-003
  0.59355745042116481       -6.6559077245274684E-002
  0.55472987616992375        1.2596067335274474E-002
  0.69893780244143944        7.0879289311199635E-003
  0.68002250466142899        6.6438648602652759E-003
  0.62810785227702071       -5.4175284405365660E-003
  0.50719011836349948        2.9433060817074527E-002
  0.14171650833018518       0.16996716393424466     
  0.17352313187191445       0.16878339842997775     
   7.9732890517197869E-002  0.17779457800968479     
   4.1732136536853842E-002  0.19331008144297543     
  0.17282408620479067        2.5771873650454365E-003
  0.35136720611348582       -1.3529777179666987E-003
  0.56518205221197415       -1.1808690353571833E-003
  0.32702452902118423        7.4402037411422828E-004
  0.30990030290454712        7.6328347695225137E-004
  0.83561565108041225        2.6846181032148721E-003
  0.78188938572647870        1.0945867007753183E-002
  0.90024874177052061        2.3432810183311586E-003
  0.89139678638005015       -3.2395965922499021E-004
  0.86531227428048019       -4.8797874420135490E-003
  0.92454388979493163       -5.2858658594888007E-004
  0.53462414277947834       -6.5629287989389468E-002
  0.50028941763002110        3.7236779886469638E-002
  0.66933281491312857        2.3331244339242788E-002
  0.62161438449291462        5.3890500421188120E-002
  0.56368430240501233       -2.5957776823408510E-002
  0.41980928185344096        1.1119219847883991E-003
  0.45713634338646425        4.7128949035861690E-003
   5.7190810075076426E-002   9.8461162684642806E-002
  -5.9755224466794626E-002  0.13174878465105111     
  0.10954003369918219        7.6485740926834231E-002
   2.4687865962452371E-002  0.10454917800673171     
  0.14354732560416894       0.11754210326410783     
  -7.9532831834550483E-002  0.11888509311478077     
  0.10794261250569748        9.7090992999645923E-002
   5.1365329432247420E-002  0.10509869906497141     
  0.46059055544818828        8.2660410074114427E-002
  0.64407628534205008        5.3228857593158180E-002
  0.54383428547871471        7.3020605151964693E-002
  0.48519690770482304        7.8166746204510071E-002
  0.53233470733654675        9.1071406014058096E-002
  0.38015760476594485        9.4915412526753465E-002
  0.29552599170368476       0.12187381817133008     
  0.79081119610951900        9.4451464532240188E-003
  0.86907420219637022        1.1453759532210719E-003
  0.84468028599705114        3.0972946582373577E-004
  0.81510287451794594        4.0459565148590155E-003
  0.83500853495084471       -2.9440414659286200E-003
   5.2019934670158252E-002  -3.3425157168294802E-003
   6.7675511171434138E-002  -3.8818913480724538E-003
  0.26839258143441402        8.9833006876898162E-003
  0.21280320483731241       -1.3661553311033220E-002
  0.33054406647324625       -8.8073565653271145E-004
  0.11998613699365648        4.9149835120062069E-003
  0.18166439074000917       -2.4785332552559099E-003
  -2.4045619686440312E-002  0.13246439172701949     
  0.13247244657181351       0.11013581044319495     
  0.32515735841409910       0.11128465476742398     
  0.16838689783106919       0.11089543821439511     
   6.7216275795459857E-002  0.11116968048219136     
   7.1359584764829898E-002  0.10889889671508828     
   2.6917515137641901E-002  0.12766311865842941     
  -9.2032627196900835E-002  -5.4668864384596884E-005
  -9.7718413443282248E-002  -4.2244938179285637E-004
  -7.2171895088528476E-002   2.9710001599958600E-004
  -1.2828233688933127E-002   9.8087097748654267E-004
   9.4265324993114324E-002   9.4037645013731136E-004
   8.3794410703610447E-002   1.0679193046887114E-003
  -4.4268028498192363E-002  -1.1549248023281166E-003
   5.5485500030670987E-002   1.8992592505824720E-003
  -6.7564351974645498E-002   8.4135536254450499E-002
   7.3190811776344372E-002   7.5380639790021020E-002
  0.12169139998903894        5.4533390711802091E-002
  -3.9690527606177084E-003   6.4489324284025470E-002
   1.0815826047051003E-002   7.1651545479248444E-002
  -4.7413875882020451E-002   9.0258191014254516E-002
  -7.6019212456701013E-002  0.19590597892690828     
  -3.1708646591883521E-002  0.20224077677783442     
   5.9734849043425048E-002  -8.5020807505557317E-004
  -1.3052745537850935E-002  -1.5506346889086720E-004
  0.11454771766158151       -5.1013352026934482E-003
   8.3385240906884706E-002  -2.5845571095877728E-003
  0.15953648049265737        4.6924016013175840E-003
  0.71809398210463948        2.4799101011279450E-002
  0.67668531368119145        8.4751966823167141E-004
  0.79720240523238961       -1.8370760649632202E-002
  0.78563412803447830       -1.0370612665447969E-002
  0.74964654545469567       -6.4404368176136234E-003
  0.60820377346980048        2.5476774128805581E-002
  -1.3831438281727837E-003   1.9621664489074078E-003
   3.4223175987988907E-002  -8.6461834010806492E-004
  0.15447602472937244       -6.8462720169913715E-004
  -8.9245944172055974E-002   3.7369930714168309E-003
  0.12363566036370366        8.6660225717047866E-004
  0.70268206611904982       -5.3442707312885435E-003
  0.66051138219294447        3.7478703672659777E-002
  0.79047650087417798       -2.1772687804446937E-003
  0.76900412734487800        1.0759656352642602E-003
  0.73064738601557266        4.2652573153633314E-002
  0.59499192601198025       -3.3462569972034603E-002
   5.9248544683656701E-002  -5.4098435224847240E-003
  0.18008927973544164        1.0679439633908623E-003
  0.16506210424503284       -1.1953104522261194E-003
  -8.2389989764442839E-003   8.8012785027625573E-004
  0.14390033633691218        8.7154376573935952E-004
