 cosx vtec
  -2.6343668901716244E-002   3.1388095203105523E-002
   7.4445968503371374E-002   1.1266557126342261E-002
   3.7280385755223411E-002   1.6147304182509994E-002
  -4.6480919832894707E-003   2.6590208887822465E-002
   9.2686376282130556E-002   2.7965496839924199E-002
  0.18526738679035135       -9.6162401822252549E-004
  0.19122795757955277       -3.1685733285309186E-004
   9.3011538713293207E-002   1.2930267714109428E-003
  0.15615369316715541        7.5567409252068395E-005
  0.24251839051316740        3.9073304018642291E-003
  0.14484462854396390       -7.3190681211835254E-004
   6.1376915147957845E-002  -5.0381838196475351E-004
   2.1727448408780992E-002  -1.4334823602417959E-004
   2.5671572116769542E-002   9.1280395362138908E-005
  -7.2929732169498163E-002   2.6484931139093269E-003
  -1.1067230266026629E-002  -1.5515789069554193E-003
   9.8943427913907867E-002  -3.5281456368758475E-003
  -2.4236940070365892E-002  -1.1035258684171378E-003
  -9.3523198066218616E-002   4.7901094501673130E-004
  0.76875779068467365       0.10729922832570163     
  0.73753821891828764       0.12261495911962182     
  0.73346700921386621       0.10407521999405821     
  0.80805854206107242        7.9455081797138630E-002
  0.73532465536104641       0.11227182130513493     
  -7.2882652359364808E-003  0.23299099210043162     
   5.5336943675253492E-002  0.23848472930534723     
   6.4597698104665618E-002  0.23595003965126718     
  0.55731111283453227        1.5687779507678255E-003
  0.56629078070372674        2.7623175054397550E-003
  0.57216549715095300        4.0197458449612528E-003
  0.49655362344696963       -4.7835043372671920E-004
  0.63486056931750612       -3.4377783499088652E-003
  0.55811170455809911       0.18163321329719903     
  0.50903502882581120       0.18364688198242726     
  0.51931871171218924       0.17466758563093754     
  0.51039778550247883       0.17416515867053778     
  0.75662984700880909       0.15282663361311893     
  0.66972013619641757       0.18282056158905738     
  0.72567056411367514       0.16106935157295429     
  0.74290103035520505       0.15907872351079722     
  0.68724910358581082       0.19583999216562853     
  0.81083631238163956       0.15789407856856472     
  0.72999842115727032       0.15939434382024795     
  0.37078843541474416        5.2849905566731969E-002
  0.40344866016997749        3.8106920053663500E-002
  0.28962816011063197        6.3276848475789002E-002
  0.51076845360625178        7.0919116972806243E-002
  0.33960331661799237       0.10519336145341916     
  0.44352956604935295        5.0497807114577992E-002
  0.46080818510262955       0.10388572255787835     
  0.32270595263279073        5.3512534605510184E-002
  0.34523154584616644        7.5890816554633062E-002
  0.57834142975438174        6.5135368128468984E-002
  0.19539139352624457        6.0586009130342254E-002
   9.6072616111626430E-002   7.1904269094688437E-003
  0.19480971027502797       -4.0428397746459149E-004
  0.18003657476490714        8.0264766956408590E-004
  0.13769710125075191       -4.8977605447199585E-004
  0.25975916322257719       -4.6278575108834206E-003
  0.66535625130025999       -1.1004490245101013E-003
  0.66521425925193711       -8.3599036980587562E-005
  0.79825529454600797       -7.6881997226430749E-004
  0.63227022747177197       -1.8436084074217239E-004
  0.69143861691241881        8.0550389157429145E-004
  0.61922237968707261        9.8471546486337408E-004
  0.73972614372914136       -6.6271548454806327E-004
  0.87035237237567697        9.8655685494388690E-002
  0.77945385871706740       0.13308650335389738     
  0.94070697183504259        5.5964969898950119E-002
  0.84564885943424850       0.10687066290385225     
  0.86698729424515442       0.10745699758102502     
  0.80174225963640877       0.13555866064375602     
  0.90099019687231463        9.3728464902475037E-002
  0.85159649467925513       0.10544067617861003     
  -5.6251582584255611E-002  -1.9673738106778019E-003
   3.5306662220278950E-002   3.1601492638171458E-003
   1.2197299559876196E-002  -3.5944424831929598E-003
  -2.8997917704348675E-002  -4.0640839485871225E-003
   9.7854869753252249E-002   8.8320842817718771E-003
  0.49238448511673732        4.4498150413293282E-003
  0.50994006111804779        1.7487307358282290E-002
  0.39920092911864163        4.1352447010887541E-002
  0.61284113216716118        2.9894771136291815E-002
  0.46328031409645831        4.3363388991551628E-002
  0.54215900592980659       -3.1374722056225199E-002
  0.59215396543428211        4.4487769866509388E-002
  0.44544362091366135        9.1331953273705319E-003
  0.46912378240233965        3.6179897849154104E-002
  0.62892456094177018        1.7362169594392445E-002
  0.28080171335874787        2.1612762921603676E-002
  0.98183584454379669        3.9713315750270527E-003
  0.94328283006681080        1.5067994553094507E-004
  0.98367405647995987       -6.6718014027117778E-004
  0.95934436967807102        4.4953568808341338E-003
  0.97822895181211933       -1.1062818537919612E-003
  0.97161619490319961       -4.5443046438902509E-003
  0.30081359521688900        6.7539068959038440E-002
  0.30968806464208698        5.4977674025444352E-002
  0.30002444972151682        5.8772998018942098E-002
   4.8335472436024263E-002   7.7012684142695968E-003
  0.14033093438676164        2.1670522914370286E-003
  0.11291091274212411        1.8489583781809297E-003
   7.3005871259530397E-002   4.0539128396376491E-003
  0.16692924869205622        1.1603254861881261E-002
  0.31402239301238055        5.2825112062993246E-004
  0.11216668221623849       -2.3291142227196697E-004
  0.28920156182821249       -1.0360885492778609E-003
  0.28866253749417425        2.9107282886670050E-005
  0.39816838496197110       -2.7870839953360914E-003
  0.24114806080320716        1.0504469837238101E-003
  0.34386618158861781        1.2428388263224378E-003
  0.34939689782251754       -2.6804108066335843E-004
  0.24260679315501082        5.3309663252945824E-003
  0.31609255918817680       -1.7674594537552189E-004
  0.38825629244224003        1.4058700887975260E-003
  0.30463654644755550        3.4385848994467221E-003
  0.33572239992546826        7.1561491682741601E-004
  0.53292004354200972       -1.9313477136490538E-003
  0.19364665583056068        4.6256906650562378E-004
   2.9925086542453849E-004  -1.7650548315984085E-003
   4.9235372918086162E-002  0.13828575727672404     
  -3.9281564577629213E-002  0.13496985917050677     
  -4.4062489544606787E-003  0.17457448895407282     
  -5.7059387905233905E-005  0.13312764346030101     
   4.2044482339139155E-003  0.13731931094613789     
  0.26062101356745299       0.15366162381360923     
  0.38327825762171480        9.2524625267465410E-002
  0.28726610142774578       0.11551612918117631     
  0.36567743465696084       0.16378948154012907     
  0.37255157631138081       0.16060041294835464     
   3.3662246683680008E-004   1.3401480297468547E-003
  -1.4885216287188016E-002  -2.2287743463634928E-003
  -3.6645720972693668E-002  -2.8915610890522516E-003
   6.5985371510100296E-002  -3.4230545147837048E-003
  -6.1536025805086242E-002  -3.1479813156236563E-003
  0.52300449614499334        7.8589178373334942E-004
  0.52998043131264538        8.1466062100912489E-003
  0.40724680402434060       -1.6584863994053397E-002
  0.67671673965340928       -1.3931294641972591E-003
  0.49481365339542782        5.5444735493517883E-003
  0.56049065477631577        9.1762047814772235E-003
  0.48088567904599411       -1.2828109273727184E-002
  0.50358616885655105        3.2156347579018912E-003
  0.63882664259001465       -1.6253284049114482E-003
  0.30515933340934631        7.0115968919918338E-003
  0.32720034802893194       0.12439328161424504     
  0.24028445823356381       0.12268714835724899     
  0.43099373946908781       0.13250280893800487     
  0.27635812854278913       0.14929554268333578     
  0.28686887808039913       0.12294461422415401     
  0.36239791672673666       0.13888483793408246     
  0.29014849658490738       0.16177407630208820     
  0.11254620552194661       0.14745223535839036     
  0.35111340612555819       -9.8763709137592026E-004
  0.32615750454474773       -4.1869643802628563E-004
  0.32459238513242572        2.6979917087478181E-003
  0.42832556571185854       -2.0610140261236542E-002
  0.27804733037509888        1.2452667861203354E-003
  0.36473577036004623        1.2527483998860428E-003
  0.33316280753038191       -1.7301745083221845E-004
  0.39557096539533632       -3.1242440398636237E-003
  0.31876488601088948       -1.7347450135841900E-003
  0.52169464104514673        2.6230552523900720E-003
  0.11445270301425325        4.4944733756782226E-003
  0.22831684902229565        4.1619556586150374E-005
  0.21604821591169304        1.0181072196445450E-004
  0.16995765305651006        9.7886086240164469E-004
  0.30812360014996654        1.4547404301936036E-003
  -4.1904433502442606E-002   9.9820059252443555E-003
  -1.8740262640433492E-002  -3.7000416006854219E-004
  -7.7564884151205660E-002   1.3691458398637160E-002
   7.9251561133720949E-002  -3.2657256707119119E-003
  -8.6969549053664164E-002   3.4037502207289396E-003
  -5.0550893198393065E-002   3.1281954673396055E-002
  -4.0218934045652965E-002   2.6846181032148721E-003
   6.2582454608638816E-002   2.3432810183311586E-003
   4.7817911813163694E-002  -3.2395965922499021E-004
   2.4808973294795922E-003  -4.8797874420135490E-003
  0.17764080869143217       -5.2858658594888007E-004
  0.84651013549486920        9.8461162684642806E-002
  0.75870342154803661       0.13174878465105111     
  0.90865904938381314        7.6485740926834231E-002
  0.82099390205476341       0.10454917800673171     
  0.85571139531300444       0.11754210326410783     
  0.77980440030528453       0.11888509311478077     
  0.88100286388965143        9.7090992999645923E-002
  0.82926414295620399       0.10509869906497141     
  -7.9250761086522625E-002   5.3228857593158180E-002
  -7.4404668331824408E-002   9.1071406014058096E-002
  0.10341189882326973        9.4451464532240188E-003
  0.19317731420275192        1.1453759532210719E-003
  0.17118638367692224        3.0972946582373577E-004
  0.13175350514728845        4.0459565148590155E-003
  0.22557314297435288       -2.9440414659286200E-003
  0.15682020759954518       0.22365486852961142     
  -8.5521710117249738E-002  0.23657501750403848     
  -6.0875684197532975E-002  0.27576256098499924     
  -1.4918681853760996E-002  0.24673764574183799     
  -7.3176619389689834E-002  0.23544226493101264     
   3.2531115272418143E-002  0.28070750620823104     
  0.38312827303001129       0.13561832585111258     
  0.28637056399072935       0.14488049082489490     
  0.45612024122114692       0.14099650179983431     
  0.32667401492152531       0.14005128467219471     
  0.33754541098737167       0.12712883641484735     
  0.39689491903970342       0.14563795754615758     
  0.34007109579347339       0.14434854905661090     
  0.11774115905187951        8.4916412160106983E-004
  0.11332038277135645       -5.4668864384596884E-005
  -6.7412293241816412E-003  -1.3352013552095448E-003
  -6.4660768673129101E-002  -4.2244938179285637E-004
   8.6112718638514330E-002  -3.3303824079798957E-003
  0.17151257194881361        2.9710001599958600E-004
   7.0385345831736890E-002   4.4567733278943306E-004
  -1.5004791630085307E-002  -2.3710797897497052E-003
  0.58014207662106831       -8.5020807505557317E-004
  0.54927834876476511       -1.5506346889086720E-004
  0.60836930719189763       -5.1013352026934482E-003
  0.53717065350411897       -2.5845571095877728E-003
  0.67165494291895422        4.6924016013175840E-003
  -7.9775783935331412E-002   8.3818313049875796E-003
  -5.6276841586833271E-002   2.6070822242617044E-003
   5.2729888934683722E-002   2.0056339037771636E-004
  -8.6124659336294040E-002   3.5249432613144997E-002
