 cosx vtec
  0.72847770146211677        3.1388095203105523E-002
  0.82559288362528749        1.1266557126342261E-002
  0.78471732264259930        1.6147304182509994E-002
  0.74913205698555152        2.6590208887822465E-002
  0.78041415521884017        2.7965496839924199E-002
  0.61915203194617474        4.8858144319178523E-002
  0.55602809759664396       0.10729922832570163     
  0.52129330899850124       0.12261495911962182     
  0.60360707161102445       0.10407521999405821     
  0.60253250302936445        7.9455081797138630E-002
  0.55440624720023413       0.11227182130513493     
  0.29277824342141601        1.5687779507678255E-003
  0.51854742550587130        2.7623175054397550E-003
  0.37569544975231872        4.0197458449612528E-003
  0.33201883505430918       -4.7835043372671920E-004
  0.42497872359160327       -3.4377783499088652E-003
  0.55372407405297497       -2.7604670143527199E-003
  0.68801409813064596       -1.1527491207212459E-004
  0.70349871973202194       -1.3811317215394021E-003
  0.68366442080677148        4.4922859168688416E-003
  0.49870039318499826       -1.2436391499969313E-003
  0.10634976273538513        2.0479110461447654E-004
  0.42606809047965621       -4.5297425071958546E-003
  0.32845198149095067        3.3594982712548912E-003
  0.53587133019373312       -1.0845568661108529E-002
  0.54318120467311592        2.4618362171800252E-002
  0.46760990515726697       -3.8686800322529163E-002
  0.30082884564970686        4.1191537438215890E-004
  -3.7222830124627182E-002  0.15934392381651821     
   1.8703791626069499E-002   2.5444023499378923E-002
  0.29596437017557686       0.18163321329719903     
  0.26362962548970820       0.18364688198242726     
  0.35006588688864215       0.17466758563093754     
  0.29090713195810791       0.17416515867053778     
  0.26239883433559635       0.15282663361311893     
  0.16870709444981571       0.18282056158905738     
  0.23489419308869677       0.16106935157295429     
  0.32586778360565855       0.15907872351079722     
   8.4142117681078793E-002  0.19583999216562853     
  0.31586913906260128       0.15789407856856472     
  0.26065169581323056       0.15939434382024795     
   8.7623274332916612E-002  0.19077796878947312     
  0.12814400424104377       0.19748407119543368     
   2.6587955362811111E-002  0.19677924073786038     
  -1.4412270977704200E-003  0.19784547479312053     
  0.90536997970263622        7.1904269094688437E-003
  0.94640127888628811       -4.0428397746459149E-004
  0.94187594146707854        8.0264766956408590E-004
  0.92543196802668426       -4.8977605447199585E-004
  0.96243223292038549       -4.6278575108834206E-003
   1.3623953319539195E-002  -1.1004490245101013E-003
   5.8927635876582396E-002  -8.3599036980587562E-005
   9.3791212261223444E-002  -7.6881997226430749E-004
  -6.6454514505868201E-002  -1.8436084074217239E-004
   6.9693016051670498E-002   8.0550389157429145E-004
   2.6368071318750103E-002   9.8471546486337408E-004
  0.11355704748120884       -6.6271548454806327E-004
  0.25613538501864536        9.8655685494388690E-002
  0.14158824752139335       0.13308650335389738     
  0.27814774886903160        5.5964969898950119E-002
  0.22852931197439166       0.10687066290385225     
  0.33080749405764504       0.10745699758102502     
   8.5731759726479506E-002  0.13555866064375602     
  0.29572653288373157        9.3728464902475037E-002
  0.25625520401589463       0.10544067617861003     
  0.81025565571640323       -1.9673738106778019E-003
  0.87517227528948882        3.1601492638171458E-003
  0.85802397152184995       -3.5944424831929598E-003
  0.83079658214434371       -4.0640839485871225E-003
  0.88008513135628985        8.8320842817718771E-003
  0.63980855949494830        3.9713315750270527E-003
  0.75914195208712199        1.5067994553094507E-004
  0.64228570270600871       -6.6718014027117778E-004
  0.70535498881844272        4.4953568808341338E-003
  0.66738459811370299       -1.1062818537919612E-003
  0.63998615630383326       -4.5443046438902509E-003
  0.20754340099331675        6.7539068959038440E-002
  0.30394121649235456        5.4977674025444352E-002
  0.23850781306791127        5.8772998018942098E-002
  0.80497500667677413        7.7012684142695968E-003
  0.88008094073019572        2.1670522914370286E-003
  0.85394198520349940        1.8489583781809297E-003
  0.82513074348684257        4.0539128396376491E-003
  0.85189650362742664        1.1603254861881261E-002
  0.64763599778870806       -2.0566632077150596E-002
  0.56591588566125806       -1.2701386721718732E-002
  0.70803109698463129       -4.1639714671229781E-003
  0.70704459921406859       -1.2944937963955926E-003
  0.67372898364714628       -5.6288340745692606E-003
  0.52217651800104992       -4.6381131940633384E-003
  0.67034576696964998        5.2825112062993246E-004
  0.64177931821345868       -2.3291142227196697E-004
  0.76806545654280023       -1.0360885492778609E-003
  0.80908347405601833        2.9107282886670050E-005
  0.69293254882899435       -2.7870839953360914E-003
  0.61441658205371363        1.0504469837238101E-003
  0.62597824860868012        1.7706911728363754E-002
  0.55133098312292406        8.3064049308213578E-004
  0.71432780799880491       -9.0239836387568228E-003
  0.69368285142172725        2.1763725522982606E-002
  0.65100100082660473       -7.8960665841218552E-003
  0.48866249648363941        8.2147199687336817E-002
  -5.3181631278510000E-002  0.17979436456887404     
   9.4746378697307981E-002  0.16086609414302988     
  0.13549729766177196       0.16159190962225733     
   3.1791090543702355E-002  0.16379153790527184     
   1.7558082111489903E-002  0.16523917677199620     
   1.7278431398231597E-003  0.16719070424129434     
  0.68658457456330424       -6.3980360992366920E-003
  0.59580683912425103       -2.4152062409891399E-004
  0.72879649283553793       -1.6801410417189593E-004
  0.73529084845244597        3.3360350109583664E-003
  0.71135595316291556        4.1850298004085691E-003
  0.51237631574000719       0.15366162381360923     
  0.44319036479514506        9.2524625267465410E-002
  0.54263058061135094       0.11551612918117631     
  0.53612811538070426       0.16378948154012907     
  0.48330151927394199       0.16060041294835464     
  0.16689994512365747        8.7806748522432240E-002
  0.41548489861055088        4.9557197440978550E-002
  0.52336770289523060        3.7410694713585532E-002
  0.44245438152316652        4.7976232722304335E-002
  0.34380968704099957        6.5191784758076146E-002
  0.33011727460780554        6.2451256859090268E-002
  0.28320493061307689        8.2339747719577638E-002
  -3.4521717708358657E-002  0.18849306004408550     
   1.7240444106456504E-002  0.20000520977718561     
  -9.8809405465391409E-002  0.19102871679253400     
  0.10037080604308576       0.21606207179078721     
  0.14166455947025974       0.22397928138036893     
   3.7584303629104560E-002  0.21680856679272215     
   9.0077372653922239E-003  0.23013724365828847     
  0.69208480816356455       -9.8763709137592026E-004
  0.78747365885934439       -4.1869643802628563E-004
  0.82527173725037239        2.6979917087478181E-003
  0.71401218715583248       -2.0610140261236542E-002
  0.63296936417399663        1.2452667861203354E-003
  -4.1616714787880954E-002   1.2527483998860428E-003
   2.1581152732871312E-002  -3.1242440398636237E-003
  -1.7468170998559282E-002  -1.7347450135841900E-003
  0.11042804832093914        2.6230552523900720E-003
  -9.3991988483780375E-002   1.8930705919911962E-002
   9.0023783566855586E-002   2.6299998063288428E-002
   6.2444695471969291E-004   3.0246794274645942E-002
  0.16242023520109286        1.8192433725313806E-002
  -2.9727043080444604E-002   2.2596442649661611E-002
  -1.7258482606158976E-002   3.6811161512725413E-002
  -8.9469534493453962E-002   1.8706940296745276E-002
   7.8956602601727544E-002   4.3737613825485785E-002
  -1.6044286788521711E-002   5.4220707082015401E-002
  0.26223785969220043        2.2100578287264510E-002
  0.19839748027228138        3.8172727753038857E-002
  0.43532616505107258        3.4166946097695702E-002
  0.29956463821287721        3.9101947776732475E-002
  0.18104252012165781        3.1988908536078074E-002
  0.18349548556494730        1.7970343024593889E-002
  0.12430950148123909        4.5846785742042269E-002
  0.91741842112924998        4.4944733756782226E-003
  0.94717193685225820        4.1619556586150374E-005
  0.94790248310487124        1.0181072196445450E-004
  0.93697777004992067        9.7886086240164469E-004
  0.97788815323160705        1.4547404301936036E-003
  0.58774084805723281       -6.6559077245274684E-002
  0.51163749413446569        1.2596067335274474E-002
  0.66934465294992584        7.0879289311199635E-003
  0.65994006678603245        6.6438648602652759E-003
  0.61559830046711272       -5.4175284405365660E-003
  0.47765149557116338        2.9433060817074527E-002
  0.27029891609818546       0.16996716393424466     
  0.30110929916652029       0.16878339842997775     
  0.20857648484360514       0.17779457800968479     
  0.17173646958667413       0.19331008144297543     
   7.1203994339575277E-002   2.5771873650454365E-003
  0.25055935105801447       -1.3529777179666987E-003
  0.47331950082125868       -1.1808690353571833E-003
  0.20327855388091914        7.4402037411422828E-004
  0.21815098460983656        7.6328347695225137E-004
  0.84520324742351516        2.6846181032148721E-003
  0.74063188638025013        1.0945867007753183E-002
  0.88682106133771543        2.3432810183311586E-003
  0.88445441017139470       -3.2395965922499021E-004
  0.86611917678947137       -4.8797874420135490E-003
  0.94063781169984029       -5.2858658594888007E-004
  0.56336538284572746       -6.5629287989389468E-002
  0.49054180377011403        3.7236779886469638E-002
  0.67957469694394279        2.3331244339242788E-002
  0.64178258705802405        5.3890500421188120E-002
  0.58902905578592302       -2.5957776823408510E-002
  0.45594247364401469        1.1119219847883991E-003
  0.46813376890117586        4.7128949035861690E-003
  0.13044766722392875        9.8461162684642806E-002
   2.7983637472982603E-002  0.13174878465105111     
  0.15433835790766343        7.6485740926834231E-002
  0.10343297673539287       0.10454917800673171     
  0.22616933271492373       0.11754210326410783     
  -5.2526892153415550E-003  0.11888509311478077     
  0.17326502446781161        9.7090992999645923E-002
  0.13137544964471337       0.10509869906497141     
  0.56199744328752876        8.2660410074114427E-002
  0.72635472014337588        5.3228857593158180E-002
  0.63899775919467572        7.3020605151964693E-002
  0.58471602955413871        7.8166746204510071E-002
  0.63973966822523942        9.1071406014058096E-002
  0.48509977630615764        9.4915412526753465E-002
  0.40567656873048002       0.12187381817133008     
  0.85772851106443460        9.4451464532240188E-003
  0.91967418273898527        1.1453759532210719E-003
  0.90195655914775430        3.0972946582373577E-004
  0.87772784741989673        4.0459565148590155E-003
  0.90202854140442146       -2.9440414659286200E-003
   1.4006650418162236E-002  -3.3425157168294802E-003
   1.2799724726631989E-002  -3.8818913480724538E-003
  0.25288553364066974        8.9833006876898162E-003
  0.15699261004063533       -1.3661553311033220E-002
  0.31027727231975877       -8.8073565653271145E-004
  0.10389176210652173        4.9149835120062069E-003
  0.13621195320603346       -2.4785332552559099E-003
   4.3598351476723085E-002  0.13246439172701949     
  0.20970702718955833       0.11013581044319495     
  0.39812079806206163       0.11128465476742398     
  0.24474368681467668       0.11089543821439511     
  0.14399224280729025       0.11116968048219136     
  0.13362322258618853       0.10889889671508828     
  0.10546049995927795       0.12766311865842941     
  -3.4161921481947410E-002   9.4037645013731136E-004
  -5.5408505442278766E-002   1.0679193046887114E-003
  -6.4216164811692705E-002   1.8992592505824720E-003
  -3.8684388959635441E-002   8.4135536254450499E-002
  0.11412307766325952        7.5380639790021020E-002
  0.16211712887508992        5.4533390711802091E-002
   3.4884867057403457E-002   6.4489324284025470E-002
   3.4961818605002359E-002   7.1651545479248444E-002
  -6.4470358368462488E-003   9.0258191014254516E-002
   3.9812789242623298E-002  0.19590597892690828     
   8.4013169521213321E-002  0.20224077677783442     
  -2.2075405539054488E-002  0.19946131417052668     
  -4.4198913199635620E-002  0.21899558070053621     
  -4.8740097769102236E-002  0.20788173597004292     
  -5.3627548052860713E-002  -8.5020807505557317E-004
   1.7055903249380555E-003  -5.1013352026934482E-003
  -3.8848888166885920E-002  -2.5845571095877728E-003
   5.5194169044880531E-002   4.6924016013175840E-003
  0.71594862681162041        2.4799101011279450E-002
  0.63369080376142817        8.4751966823167141E-004
  0.77161605850663617       -1.8370760649632202E-002
  0.76776682334452639       -1.0370612665447969E-002
  0.73959480536792155       -6.4404368176136234E-003
  0.58104163149972843        2.5476774128805581E-002
  -6.0324649198649438E-002   1.9621664489074078E-003
  -3.9901553120401778E-002  -8.6461834010806492E-004
   7.8422278101114878E-002  -6.8462720169913715E-004
   5.6814248313433624E-002   8.6660225717047866E-004
  0.72160815072447071       -5.3442707312885435E-003
  0.63695508536958445        3.7478703672659777E-002
  0.79048262992223406       -2.1772687804446937E-003
  0.77657270815271140        1.0759656352642602E-003
  0.74435580496848341        4.2652573153633314E-002
  0.59277179546091130       -3.3462569972034603E-002
  -5.0035117054421319E-002  -5.4098435224847240E-003
   6.8981935331664301E-002   1.0679439633908623E-003
   3.6660561843697370E-002  -1.1953104522261194E-003
   4.1384714990810090E-002   8.7154376573935952E-004
