 cosx vtec
  0.63909414730557790        3.1388095203105523E-002
  0.74520706564723194        1.1266557126342261E-002
  0.70159837693939053        1.6147304182509994E-002
  0.66171421327735525        2.6590208887822465E-002
  0.70890154825265328        2.7965496839924199E-002
  0.51804113216494652        4.8858144319178523E-002
  0.64598061939175511       0.10729922832570163     
  0.60899600722453295       0.12261495911962182     
  0.68099048018042974       0.10407521999405821     
  0.69499643952122026        7.9455081797138630E-002
  0.63784227547917527       0.11227182130513493     
  0.37072493024743175        1.5687779507678255E-003
  0.57223002489401653        2.7623175054397550E-003
  0.44704798252753036        4.0197458449612528E-003
  0.39325268724132323       -4.7835043372671920E-004
  0.50321268985825862       -3.4377783499088652E-003
  0.42837339145874037       -2.7604670143527199E-003
  0.57593329196262233       -1.1527491207212459E-004
  0.58756739046348083       -1.3811317215394021E-003
  0.55667224066441301        4.4922859168688416E-003
  0.35862169363376528       -1.2436391499969313E-003
  -5.2314116005460987E-002   2.0479110461447654E-004
  0.26475612215912836       -4.5297425071958546E-003
  0.17597358081555906        3.3594982712548912E-003
  0.39646263091585288       -1.0845568661108529E-002
  0.39791571184391472        2.4618362171800252E-002
  0.31157006081056726       -3.8686800322529163E-002
  0.14199499340486568        4.1191537438215890E-004
  0.37370375279448104       0.18163321329719903     
  0.33526154679566650       0.18364688198242726     
  0.41378090717326949       0.17466758563093754     
  0.35966316648278424       0.17416515867053778     
  0.38381849273142066       0.15282663361311893     
  0.28351687381016055       0.18282056158905738     
  0.35328151233720384       0.16106935157295429     
  0.43720728692916377       0.15907872351079722     
  0.21222952216859203       0.19583999216562853     
  0.44198478180797540       0.15789407856856472     
  0.37693314692923025       0.15939434382024795     
  -2.5450889034577595E-002  0.19077796878947312     
   1.4506437861972768E-002  0.19748407119543368     
  -8.6792596031311869E-002  0.19677924073786038     
  0.82011044499190144        7.1904269094688437E-003
  0.87620269735120382       -4.0428397746459149E-004
  0.86923761566140778        8.0264766956408590E-004
  0.84620250960989130       -4.8977605447199585E-004
  0.90340603048912171       -4.6278575108834206E-003
  0.14546277164210944       -1.1004490245101013E-003
  0.18550776060742441       -8.3599036980587562E-005
  0.24302268155005324       -7.6881997226430749E-004
   6.7995074942309358E-002  -1.8436084074217239E-004
  0.20028858759193519        8.0550389157429145E-004
  0.14748522731436298        9.8471546486337408E-004
  0.24877081292958922       -6.6271548454806327E-004
  0.40108083731733113        9.8655685494388690E-002
  0.28153173467797393       0.13308650335389738     
  0.43465883290256141        5.5964969898950119E-002
  0.37170848996344696       0.10687066290385225     
  0.46645745842999964       0.10745699758102502     
  0.23659285433437038       0.13555866064375602     
  0.44224450436365226        9.3728464902475037E-002
  0.39742605152668214       0.10544067617861003     
  0.70543410988998034       -1.9673738106778019E-003
  0.78121472569064720        3.1601492638171458E-003
  0.76141246407351648       -3.5944424831929598E-003
  0.72906830330389927       -4.0640839485871225E-003
  0.79810204609734947        8.8320842817718771E-003
  0.76281342038704725        3.9713315750270527E-003
  0.86063967519322282        1.5067994553094507E-004
  0.76537316510700404       -6.6718014027117778E-004
  0.81628283855910533        4.4953568808341338E-003
  0.78648263468028412       -1.1062818537919612E-003
  0.76092135521285920       -4.5443046438902509E-003
  0.24389954597809432        6.7539068959038440E-002
  0.33094785458971304        5.4977674025444352E-002
  0.27113094370238677        5.8772998018942098E-002
  0.72173402416222332        7.7012684142695968E-003
  0.80661528492276791        2.1670522914370286E-003
  0.77799598757398114        1.8489583781809297E-003
  0.74450952242465118        4.0539128396376491E-003
  0.78701795836640609        1.1603254861881261E-002
  0.50665835068293053       -2.0566632077150596E-002
  0.42697840688614930       -1.2701386721718732E-002
  0.58399085977744569       -4.1639714671229781E-003
  0.57937167488205099       -1.2944937963955926E-003
  0.53815181572836968       -5.6288340745692606E-003
  0.37286044245321948       -4.6381131940633384E-003
  0.65592079167081441        5.2825112062993246E-004
  0.59017786327007349       -2.3291142227196697E-004
  0.73738206635044734       -1.0360885492778609E-003
  0.77355655241534582        2.9107282886670050E-005
  0.69277222463103882       -2.7870839953360914E-003
  0.59183637065363714        1.0504469837238101E-003
  -5.9424197407850432E-002  -1.9313477136490538E-003
  0.48151596382912887        1.7706911728363754E-002
  0.40077444208033153        8.3064049308213578E-004
  0.58246340794717311       -9.0239836387568228E-003
  0.55807622564483284        2.1763725522982606E-002
  0.50942704718378340       -7.8960665841218552E-003
  0.33221332220237587        8.2147199687336817E-002
  -4.4690321231962787E-002  0.16086609414302988     
  -4.2431357065607633E-003  0.16159190962225733     
  0.55238654058344339       -6.3980360992366920E-003
  0.46714085682397954       -2.4152062409891399E-004
  0.61474237833033385       -1.6801410417189593E-004
  0.61773066387849751        3.3360350109583664E-003
  0.58472731206223705        4.1850298004085691E-003
  0.50548100955533004       0.15366162381360923     
  0.46887664878605056        9.2524625267465410E-002
  0.53758512849513107       0.11551612918117631     
  0.54755574582080135       0.16378948154012907     
  0.50220622352677369       0.16060041294835464     
   7.8493239482357313E-003   8.7806748522432240E-002
  0.27009422674024453        4.9557197440978550E-002
  0.38347320743494323        3.7410694713585532E-002
  0.29799570682708809        4.7976232722304335E-002
  0.19534680281940098        6.5191784758076146E-002
  0.17250870736944784        6.2451256859090268E-002
  0.13460492835001830        8.2339747719577638E-002
  -2.8823808421411856E-002  -1.3931294641972591E-003
  -8.3532334254458052E-002   9.1762047814772235E-003
  -7.9242722492688100E-003  -1.6253284049114482E-003
   1.4429354412606024E-002  0.21606207179078721     
   5.4968593325718969E-002  0.22397928138036893     
  -4.8911321558572890E-002  0.21680856679272215     
  -7.6004768089275337E-002  0.23013724365828847     
  0.68258728270853586       -9.8763709137592026E-004
  0.76195972616365959       -4.1869643802628563E-004
  0.79508026483705341        2.6979917087478181E-003
  0.71746512544442431       -2.0610140261236542E-002
  0.61564600325229635        1.2452667861203354E-003
   3.6321624258468105E-002   1.2527483998860428E-003
  -5.1580835930081892E-002  -1.7301745083221845E-004
   9.8406235924063029E-002  -3.1242440398636237E-003
   4.8464567664563626E-002  -1.7347450135841900E-003
  0.20228519510271925        2.6230552523900720E-003
  -8.4225750189851151E-002   2.6299998063288428E-002
  -1.1368578625184173E-002   1.8192433725313806E-002
  -9.2587673636738865E-002   4.3737613825485785E-002
   9.5425201268521706E-002   2.2100578287264510E-002
   2.5208811018756022E-002   3.8172727753038857E-002
  0.27556034075542912        3.4166946097695702E-002
  0.13360124073988594        3.9101947776732475E-002
   1.2486832306428081E-002   3.1988908536078074E-002
   1.1612747054374456E-002   1.7970343024593889E-002
  -4.3626104363645418E-002   4.5846785742042269E-002
  0.83445333864354676        4.4944733756782226E-003
  0.88360295590151561        4.1619556586150374E-005
  0.88178915817820358        1.0181072196445450E-004
  0.86288398747554318        9.7886086240164469E-004
  0.92677522756772746        1.4547404301936036E-003
  0.43870639971793035       -6.6559077245274684E-002
  0.36292243412502084        1.2596067335274474E-002
  0.53568925423441338        7.0879289311199635E-003
  0.52226777683820913        6.6438648602652759E-003
  0.47059528879792845       -5.4175284405365660E-003
  0.32162817578453851        2.9433060817074527E-002
  0.16880379079228988       0.16996716393424466     
  0.19976646333607662       0.16878339842997775     
  0.10522524230591623       0.17779457800968479     
   6.9250382120937162E-002  0.19331008144297543     
  -6.7602076398791539E-002   2.5771873650454365E-003
  0.11707165386275124       -1.3529777179666987E-003
  0.35131932472225258       -1.1808690353571833E-003
   9.2244428375296381E-002   7.4402037411422828E-004
   7.5588883226739470E-002   7.6328347695225137E-004
  0.73956180247880743        2.6846181032148721E-003
  0.62460807763887882        1.0945867007753183E-002
  0.79698779595713831        2.3432810183311586E-003
  0.79193390730666824       -3.2395965922499021E-004
  0.76662484174118939       -4.8797874420135490E-003
  0.86766204658145418       -5.2858658594888007E-004
  0.41385499649810015       -6.5629287989389468E-002
  0.33231712130543967        3.7236779886469638E-002
  0.54195944184042955        2.3331244339242788E-002
  0.49985984235293401        5.3890500421188120E-002
  0.44160240776047821       -2.5957776823408510E-002
  0.29882393321134559        1.1119219847883991E-003
  0.30787698918313405        4.7128949035861690E-003
  0.28512287728709307        9.8461162684642806E-002
  0.17688185282438948       0.13174878465105111     
  0.31871701498202548        7.6485740926834231E-002
  0.25611067859137837       0.10454917800673171     
  0.37163862138111248       0.11754210326410783     
  0.15171358776310098       0.11888509311478077     
  0.32991324720631998        9.7090992999645923E-002
  0.28248552666420279       0.10509869906497141     
  0.45324251216074707        8.2660410074114427E-002
  0.62660777191448225        5.3228857593158180E-002
  0.53535319416954730        7.3020605151964693E-002
  0.47713283429730174        7.8166746204510071E-002
  0.55096395826063604        9.1071406014058096E-002
  0.37093479494827730        9.4915412526753465E-002
  0.28981998297973011       0.12187381817133008     
  0.77944070342759009        9.4451464532240188E-003
  0.85223387833897957        1.1453759532210719E-003
  0.83215228243948547        3.0972946582373577E-004
  0.80281397722557934        4.0459565148590155E-003
  0.84312113313238313       -2.9440414659286200E-003
   8.1720148364655257E-002   8.9833006876898162E-003
  -7.2109470567605638E-003  -1.3661553311033220E-002
  0.14183926200189939       -8.8073565653271145E-004
  -6.9869931025730997E-002   4.9149835120062069E-003
  -3.1802413875728824E-002  -2.4785332552559099E-003
   5.8752867482875809E-002  0.11013581044319495     
  0.25215946299631548       0.11128465476742398     
   9.4065882133419015E-002  0.11089543821439511     
  -8.0300497660427128E-003  0.11116968048219136     
  -2.6029262676025566E-002  0.10889889671508828     
  -4.5565697807409211E-002  0.12766311865842941     
  -5.3627498450167038E-002   7.5380639790021020E-002
  -5.5047216224893558E-003   5.4533390711802091E-002
  -7.9807280189904947E-002  0.19590597892690828     
  -3.6373478118389549E-002  0.20224077677783442     
   6.8888891575764402E-002  -8.5020807505557317E-004
  -4.0024839771092557E-004  -1.5506346889086720E-004
  0.12349381461880982       -5.1013352026934482E-003
   7.3345112963432615E-002  -2.5845571095877728E-003
  0.18349674738674146        4.6924016013175840E-003
  0.58416486596466899        2.4799101011279450E-002
  0.49982351271660974        8.4751966823167141E-004
  0.65516663979024525       -1.8370760649632202E-002
  0.64810304042274391       -1.0370612665447969E-002
  0.61284762946191984       -6.4404368176136234E-003
  0.43481472163936885        2.5476774128805581E-002
  -7.7605220100315647E-002  -6.8462720169913715E-004
  0.59117906251701480       -5.3442707312885435E-003
  0.49687755005254619        3.7478703672659777E-002
  0.67242589716121715       -2.1772687804446937E-003
  0.65537193501074864        1.0759656352642602E-003
  0.61732594852308709        4.2652573153633314E-002
  0.44407309907576187       -3.3462569972034603E-002
  -6.1307369741786161E-002   1.0679439633908623E-003
  -7.4324509901868702E-002  -1.1953104522261194E-003
  -9.6931859050392866E-002   8.7154376573935952E-004
