 cosx vtec
  0.40537727611608404        3.1388095203105523E-002
  0.51963767792893079        1.1266557126342261E-002
  0.47458060220903420        1.6147304182509994E-002
  0.42982802121724140        2.6590208887822465E-002
  0.50408483113218394        2.7965496839924199E-002
  0.27214854537741417        4.8858144319178523E-002
  -7.7857945230099340E-002   3.9073304018642291E-003
  0.76486549565208428       0.10729922832570163     
  0.72678672762106544       0.12261495911962182     
  0.77196008698465179       0.10407521999405821     
  0.81440512645042773        7.9455081797138630E-002
  0.74462649003992665       0.11227182130513493     
  -6.3539602771675696E-002  0.23848472930534723     
  -3.9057847328347640E-002  0.23595003965126718     
  0.49079932279833943        1.5687779507678255E-003
  0.62633163565116734        2.7623175054397550E-003
  0.54724777745252862        4.0197458449612528E-003
  0.47837653598305163       -4.7835043372671920E-004
  0.61189850620626685       -3.4377783499088652E-003
  0.14282849702227313       -2.7604670143527199E-003
  0.30321058229923287       -1.1527491207212459E-004
  0.30621088295942239       -1.3811317215394021E-003
  0.25631778747796075        4.4922859168688416E-003
   5.0361983137223787E-002  -1.2436391499969313E-003
  -7.6855447910670380E-002  -4.5297425071958546E-003
   8.6108165379913809E-002  -1.0845568661108529E-002
   7.5894503039975164E-002   2.4618362171800252E-002
  -2.3881486436269000E-002  -3.8686800322529163E-002
  0.49310105580400160       0.18163321329719903     
  0.44609814991506830       0.18364688198242726     
  0.50193943625395032       0.17466758563093754     
  0.46263361369063533       0.17416515867053778     
  0.58833648843538200       0.15282663361311893     
  0.48406619138160634       0.18282056158905738     
  0.55458232581014821       0.16106935157295429     
  0.61705396763260068       0.15907872351079722     
  0.44536293299546204       0.19583999216562853     
  0.65050370116095824       0.15789407856856472     
  0.57195211651706346       0.15939434382024795     
  -6.1465477535150331E-002   3.8106920053663500E-002
   1.9783788922745821E-002   7.0919116972806243E-002
  -3.0372265711814089E-002   5.0497807114577992E-002
  -4.4001644446264032E-002  0.10388572255787835     
  0.11630579956365458        6.5135368128468984E-002
  0.57818315713514967        7.1904269094688437E-003
  0.65887847733710259       -4.0428397746459149E-004
  0.64773649870267580        8.0264766956408590E-004
  0.61379785949407184       -4.8977605447199585E-004
  0.70563253750034904       -4.6278575108834206E-003
  0.39200940720935373       -1.1004490245101013E-003
  0.41808352160096413       -8.3599036980587562E-005
  0.51502329516733081       -7.6881997226430749E-004
  0.32667385694065032       -1.8436084074217239E-004
  0.43943955687723663        8.0550389157429145E-004
  0.37273182380998104        9.8471546486337408E-004
  0.49264328428452242       -6.6271548454806327E-004
  0.65037801544157947        9.8655685494388690E-002
  0.53176391244509214       0.13308650335389738     
  0.70370610702130287        5.5964969898950119E-002
  0.62017706163748965       0.10687066290385225     
  0.69154714927802718       0.10745699758102502     
  0.51238336828826525       0.13555866064375602     
  0.69092473188062109        9.3728464902475037E-002
  0.63961848184446646       0.10544067617861003     
  0.43532445825498267       -1.9673738106778019E-003
  0.52566526408478231        3.1601492638171458E-003
  0.50242248934008193       -3.5944424831929598E-003
  0.46291867864450620       -4.0640839485871225E-003
  0.56461392764157659        8.8320842817718771E-003
   3.9312863068201268E-002   4.4498150413293282E-003
   7.9316661159459692E-002   1.7487307358282290E-002
  -7.8087359130366685E-002   4.1352447010887541E-002
  0.15777496277936262        2.9894771136291815E-002
   3.4032202605729922E-004   4.3363388991551628E-002
  0.10469169906777601       -3.1374722056225199E-002
  0.11408240990473706        4.4487769866509388E-002
   1.8127397776245974E-002   9.1331953273705319E-003
  -1.1395848957159282E-002   3.6179897849154104E-002
  0.20019661929085478        1.7362169594392445E-002
  0.93625684107765650        3.9713315750270527E-003
  0.98289541452003570        1.5067994553094507E-004
  0.93874831255451385       -6.6718014027117778E-004
  0.96111463083290671        4.4953568808341338E-003
  0.95009543402421992       -1.1062818537919612E-003
  0.93045905912327875       -4.5443046438902509E-003
  0.29350005107539084        6.7539068959038440E-002
  0.35427903362589402        5.4977674025444352E-002
  0.31092174950432949        5.8772998018942098E-002
  0.49265903896247909        7.7012684142695968E-003
  0.58913507573902413        2.1670522914370286E-003
  0.55821278559150700        1.8489583781809297E-003
  0.51853942065496650        4.0539128396376491E-003
  0.58821932730723092        1.1603254861881261E-002
  0.18327067169721578       -2.0566632077150596E-002
  0.11479861787136447       -1.2701386721718732E-002
  0.28698563280154177       -4.1639714671229781E-003
  0.27562824132023811       -1.2944937963955926E-003
  0.22255934044450873       -5.6288340745692606E-003
   4.5121886832337282E-002  -4.6381131940633384E-003
  0.56832522692822207        5.2825112062993246E-004
  0.43529092996430829       -2.3291142227196697E-004
  0.61041340279677403       -1.0360885492778609E-003
  0.63378396060189779        2.9107282886670050E-005
  0.62994742313654806       -2.7870839953360914E-003
  0.49396048101789375        1.0504469837238101E-003
  -8.8344665291973379E-003   1.2428388263224378E-003
   1.9572768521069428E-002  -2.6804108066335843E-004
  -5.0442282613555073E-002  -1.7674594537552189E-004
   5.1040728808917205E-002   1.4058700887975260E-003
  -2.2657745131154927E-002   3.4385848994467221E-003
  0.19914940098545064       -1.9313477136490538E-003
  0.15353349279358838        1.7706911728363754E-002
   6.8073958681695024E-002   8.3064049308213578E-004
  0.27018541091454257       -9.0239836387568228E-003
  0.24062794483229349        2.1763725522982606E-002
  0.18461505336618159       -7.8960665841218552E-003
  -5.9070946668583202E-003   8.2147199687336817E-002
  0.23822602582957347       -6.3980360992366920E-003
  0.17156809784071325       -2.4152062409891399E-004
  0.33463125565266655       -1.6801410417189593E-004
  0.33044429742405101        3.3360350109583664E-003
  0.28255747435815703        4.1850298004085691E-003
  0.44629021991283369       0.15366162381360923     
  0.47716188564316359        9.2524625267465410E-002
  0.47914107680550949       0.11551612918117631     
  0.52065768145085278       0.16378948154012907     
  0.49412701927968605       0.16060041294835464     
  -4.0640169606536700E-002   4.9557197440978550E-002
   7.3333949386354902E-002   3.7410694713585532E-002
  -1.3420571500518813E-002   4.7976232722304335E-002
  -5.3348264617086805E-002  -3.4230545147837048E-003
  0.14178706393327409        7.8589178373334942E-004
  0.17117157562781588        8.1466062100912489E-003
  -1.9788940465987365E-002  -1.6584863994053397E-002
  0.28332410138431074       -1.3931294641972591E-003
   9.8552188966370580E-002   5.5444735493517883E-003
  0.19572353706852869        9.1762047814772235E-003
  0.12424037709512792       -1.2828109273727184E-002
   6.1141790096195706E-002   3.2156347579018912E-003
  0.28004830140205450       -1.6253284049114482E-003
  -8.5424727958263308E-002   7.0115968919918338E-003
  -7.5178608601405350E-002  0.13250280893800487     
  0.60229077490458904       -9.8763709137592026E-004
  0.64295525737801607       -4.1869643802628563E-004
  0.66387436617388573        2.6979917087478181E-003
  0.65952901467176372       -2.0610140261236542E-002
  0.52597573825880861        1.2452667861203354E-003
  0.18655287528421874        1.2527483998860428E-003
  0.11508206162576809       -1.7301745083221845E-004
  0.24084288972037651       -3.1242440398636237E-003
  0.17395374098166305       -1.7347450135841900E-003
  0.36495620793648675        2.6230552523900720E-003
  -6.3980787625730978E-002   3.4166946097695702E-002
  0.59575107630486690        4.4944733756782226E-003
  0.67866877266319869        4.1619556586150374E-005
  0.67200725505376679        1.0181072196445450E-004
  0.63908946988221738        9.7886086240164469E-004
  0.74247923824180329        1.4547404301936036E-003
  0.10558124294982985       -6.6559077245274684E-002
   3.7264357195746445E-002   1.2596067335274474E-002
  0.22410412295609911        7.0879289311199635E-003
  0.20398193783084234        6.6438648602652759E-003
  0.14253316914716271       -5.4175284405365660E-003
  -1.4698370856433940E-002   2.9433060817074527E-002
  -4.6333793145574897E-002  0.16996716393424466     
  -1.7864939175081515E-002  0.16878339842997775     
   7.9326249026968887E-002  -1.1808690353571833E-003
  0.46475791393179955        2.6846181032148721E-003
  0.33972722994831994        1.0945867007753183E-002
  0.54813838011228788        2.3432810183311586E-003
  0.53824768058370220       -3.2395965922499021E-004
  0.50148649082934060       -4.8797874420135490E-003
  0.64563846794318369       -5.2858658594888007E-004
   8.2034773657450377E-002  -6.5629287989389468E-002
  -9.3097298309529342E-003   3.7236779886469638E-002
  0.22200915530841422        2.3331244339242788E-002
  0.17522411572070509        5.3890500421188120E-002
  0.11138269183253721       -2.5957776823408510E-002
  -3.7602144043667601E-002   1.1119219847883991E-003
  -3.5547072503992416E-002   4.7128949035861690E-003
  0.56404685513151265        9.8461162684642806E-002
  0.45419398911457887       0.13174878465105111     
  0.61372184441039668        7.6485740926834231E-002
  0.53371811180539830       0.10454917800673171     
  0.62462413481249379       0.11754210326410783     
  0.44718764266092303       0.11888509311478077     
  0.60868185426155030        9.7090992999645923E-002
  0.55462553204800691       0.10509869906497141     
  0.19814091965976824        8.2660410074114427E-002
  0.37360564809801500        5.3228857593158180E-002
  0.28290818901610365        7.3020605151964693E-002
  0.22218348073007305        7.8166746204510071E-002
  0.32639631711651129        9.1071406014058096E-002
  0.11260413113151443        9.4915412526753465E-002
   3.5476520260658895E-002  0.12187381817133008     
  0.55491467904578040        9.4451464532240188E-003
  0.64250511673231059        1.1453759532210719E-003
  0.61957937213083747        3.0972946582373577E-004
  0.58282433554944224        4.0459565148590155E-003
  0.65102114149132051       -2.9440414659286200E-003
  -3.7237787302040443E-002  0.14099650179983431     
  -9.7780644991166621E-002  0.14563795754615758     
  -5.8080661863532820E-002  0.11128465476742398     
  -7.6474398328431503E-002  -5.4668864384596884E-005
  -2.9959995675898438E-002   2.9710001599958600E-004
  0.30398330735829054       -8.5020807505557317E-004
  0.24497813180649997       -1.5506346889086720E-004
  0.35222690927020311       -5.1013352026934482E-003
  0.28770620778076073       -2.5845571095877728E-003
  0.41964653398273655        4.6924016013175840E-003
  0.27189217414452516        2.4799101011279450E-002
  0.19105721054099845        8.4751966823167141E-004
  0.36669019679837611       -1.8370760649632202E-002
  0.35393288632928366       -1.0370612665447969E-002
  0.30790701995259329       -6.4404368176136234E-003
  0.10757048334990590        2.5476774128805581E-002
  0.28094166208630789       -5.3442707312885435E-003
  0.17614526947749767        3.7478703672659777E-002
  0.37922635606430705       -2.1772687804446937E-003
  0.35751862683261482        1.0759656352642602E-003
  0.31142448710519960        4.2652573153633314E-002
  0.11112500583327115       -3.3462569972034603E-002
