 cosx vtec
  0.38620406709764898       -9.6162401822252549E-004
  0.37479118229772757       -3.1685733285309186E-004
  0.32757151051786193        1.2930267714109428E-003
  0.36984549241256148        7.5567409252068395E-005
  0.42481770025833143        3.9073304018642291E-003
  0.33333323016465755       -7.3190681211835254E-004
  0.27418704084857304       -5.0381838196475351E-004
  0.21520218842969252       -1.4334823602417959E-004
  0.19975524516063023        9.1280395362138908E-005
  0.15242349041790823        2.6484931139093269E-003
  -5.8762472877286198E-003   2.4790802105653944E-003
  -2.2984958771038844E-002   4.0766235908728171E-004
  0.19577056601360610       -1.5515789069554193E-003
  0.27123082558867229       -3.5281456368758475E-003
  0.15467205173389953       -1.1035258684171378E-003
  0.10567498740539413        4.7901094501673130E-004
  0.65460644793785039       0.10729922832570163     
  0.63282270067099011       0.12261495911962182     
  0.59568484782670095       0.10407521999405821     
  0.68093158874872239        7.9455081797138630E-002
  0.61722820834594250       0.11227182130513493     
   7.1621223566312606E-002  0.23299099210043162     
  0.12824476414792041       0.23848472930534723     
  -5.6964476088267463E-002  0.24579306243113461     
  -3.9861073787180207E-002  0.24387617783107565     
  0.12568655598296147       0.23595003965126718     
  0.51812364805850897        1.5687779507678255E-003
  0.43917173506723772        2.7623175054397550E-003
  0.50226886791228653        4.0197458449612528E-003
  0.43353546093097090       -4.7835043372671920E-004
  0.55409958764062106       -3.4377783499088652E-003
  0.51777574762736578       0.18163321329719903     
  0.47473779979421732       0.18364688198242726     
  0.45229562640779897       0.17466758563093754     
  0.46551474074567301       0.17416515867053778     
  0.75677831318347188       0.15282663361311893     
  0.69494999577817118       0.18282056158905738     
  0.73243514727581005       0.16106935157295429     
  0.71610063313903338       0.15907872351079722     
  0.74828051977138799       0.19583999216562853     
  0.79730255786497817       0.15789407856856472     
  0.72718417228982890       0.15939434382024795     
  0.64847768982375809        5.2849905566731969E-002
  0.66016406834328034        3.8106920053663500E-002
  0.58765396974132167        6.3276848475789002E-002
  0.76900975874252508        7.0919116972806243E-002
  0.62618600408234737       0.10519336145341916     
  0.70030256893356868        5.0497807114577992E-002
  0.73609799317590019       0.10388572255787835     
  0.58850238275577638        5.3512534605510184E-002
  0.63778180056517786        7.5890816554633062E-002
  0.80651262008316449        6.5135368128468984E-002
  0.49675141058528771        6.0586009130342254E-002
  -8.4706958785102870E-002  -4.6278575108834206E-003
  0.75123468538521276       -1.1004490245101013E-003
  0.73318139623859935       -8.3599036980587562E-005
  0.87070137624113508       -7.6881997226430749E-004
  0.74523610483332436       -1.8436084074217239E-004
  0.75875105445036994        8.0550389157429145E-004
  0.69374013744461882        9.8471546486337408E-004
  0.79633834427122641       -6.6271548454806327E-004
  -9.5452900301520205E-002   5.8068373183961623E-002
  -9.4652007822984996E-002  0.10812904251234406     
  0.88857242558699712        9.8655685494388690E-002
  0.83044464884427516       0.13308650335389738     
  0.95988336188685586        5.5964969898950119E-002
  0.87138311726961415       0.10687066290385225     
  0.85525548065541801       0.10745699758102502     
  0.87784953301858915       0.13555866064375602     
  0.90777670819269396        9.3728464902475037E-002
  0.86719670841301133       0.10544067617861003     
  0.72748521157579826        4.4498150413293282E-003
  0.72701770477499539        1.7487307358282290E-002
  0.66502620350700603        4.1352447010887541E-002
  0.83100265213698721        2.9894771136291815E-002
  0.70955382301385550        4.3363388991551628E-002
  0.75902244357772142       -3.1374722056225199E-002
  0.82919554048808841        4.4487769866509388E-002
  0.67005934734156170        9.1331953273705319E-003
  0.72653454959406893        3.6179897849154104E-002
  0.82662577237295132        1.7362169594392445E-002
  0.55093215203461665        2.1612762921603676E-002
  0.86382237934544992        3.9713315750270527E-003
  0.77285307142851978        1.5067994553094507E-004
  0.86493441654402181       -6.6718014027117778E-004
  0.81235971118166539        4.4953568808341338E-003
  0.84883014400449530       -1.1062818537919612E-003
  0.85213088422171046       -4.5443046438902509E-003
  0.26010730446008573        6.7539068959038440E-002
  0.23212850766505314        5.4977674025444352E-002
  0.24698111981829843        5.8772998018942098E-002
   9.2352864322577027E-002   5.2825112062993246E-004
   2.5535136975402051E-002  -1.0360885492778609E-003
   8.7229007044053453E-003   2.9107282886670050E-005
  0.17911993796386566       -2.7870839953360914E-003
   3.1571392578585156E-002   1.0504469837238101E-003
  0.53287668363040763        1.2428388263224378E-003
  0.52191853922916354       -2.6804108066335843E-004
  0.47266467291888675        5.3309663252945824E-003
  0.51878644810950769       -1.7674594537552189E-004
  0.55992923295575969        1.4058700887975260E-003
  0.48222907538278464        3.4385848994467221E-003
  0.58345421206782011        7.1561491682741601E-004
  0.68025465846183930       -1.9313477136490538E-003
  0.40347075853870007        4.6256906650562378E-004
   3.6629645528468535E-002  0.26215514191980205     
   5.2856095527647862E-002  0.25579646739042927     
   7.7826811931488549E-002  0.25371490527562868     
   6.8523422152246882E-002   4.5253359407055623E-004
   4.3386240862976877E-002   9.6129781111855802E-004
  -4.1685157137678619E-003  -3.0777218663015225E-003
   4.5644563602824595E-002  -2.2641791912794453E-003
  0.14515563309265689       -1.7650548315984085E-003
  -6.7361179491675083E-003   8.1385757764911872E-004
  -5.2233870021838491E-002  -4.3943034735775886E-004
  0.38605470754242244       0.13828575727672404     
  0.30468241327608109       0.13496985917050677     
  0.33532779734071766       0.17457448895407282     
  0.34141625131319997       0.13312764346030101     
  0.34594361995097778       0.13731931094613789     
  0.24352815399112088       0.14286392655987321     
   9.4014066064299684E-002  0.15366162381360923     
  0.26081840247688587        9.2524625267465410E-002
  0.11236539925127112       0.11551612918117631     
  0.20409950067940130       0.16378948154012907     
  0.23277933844233056       0.16060041294835464     
   9.7927125476536786E-002   1.3401480297468547E-003
   5.7125298066902433E-002  -2.2287743463634928E-003
  -9.5918792005025372E-002  -5.4593737072498264E-003
   8.9913009296271273E-002  -2.8915610890522516E-003
  0.13758781612756582       -3.4230545147837048E-003
   1.4409322118297430E-002  -3.1479813156236563E-003
  -4.0590594019871640E-002   1.0378312096303243E-003
  0.70430130810484060        7.8589178373334942E-004
  0.69488887096256047        8.1466062100912489E-003
  0.63747473189780468       -1.6584863994053397E-002
  0.84298509110796149       -1.3931294641972591E-003
  0.69068482775307172        5.5444735493517883E-003
  0.72483871425457824        9.1762047814772235E-003
  0.65177417755155453       -1.2828109273727184E-002
  0.72971532113412219        3.2156347579018912E-003
  0.78717487394291186       -1.6253284049114482E-003
  0.52596517646052543        7.0115968919918338E-003
  0.63036898801379126       0.12439328161424504     
  0.55770306853489160       0.12268714835724899     
  0.71174591212195260       0.13250280893800487     
  0.58340251873559257       0.14929554268333578     
  0.59721174306326785       0.12294461422415401     
  0.65521263624351489       0.13888483793408246     
  0.59918553464088009       0.16177407630208820     
  0.44365230217989987       0.14745223535839036     
  0.12594578980866350       -9.8763709137592026E-004
   5.9894986248456850E-002  -4.1869643802628563E-004
   4.3187571004873415E-002   2.6979917087478181E-003
  0.20508841882377130       -2.0610140261236542E-002
   6.6204627353155382E-002   1.2452667861203354E-003
  0.43119793499602266        1.2527483998860428E-003
  0.43171426570726057       -1.7301745083221845E-004
  0.44130363729386479       -3.1242440398636237E-003
  0.36938476978883211       -1.7347450135841900E-003
  0.54963780821630548        2.6230552523900720E-003
  -3.5812970613530226E-002   1.4547404301936036E-003
  0.22433314460155135        9.9820059252443555E-003
  0.22653444143211049       -3.7000416006854219E-004
  0.16026220703888278        1.8675346546876515E-002
   2.4351951533489458E-002   1.4043305679535661E-002
  0.19725319769139654        1.3691458398637160E-002
  0.32096463629594640       -3.2657256707119119E-003
  0.16524312270526925        3.4037502207289396E-003
  0.25236734539500150        3.1281954673396055E-002
  0.11870825973582155        1.2257620280420930E-002
  0.91109799134752856        9.8461162684642806E-002
  0.85171408749506095       0.13174878465105111     
  0.97233595719073951        7.6485740926834231E-002
  0.89275093617395929       0.10454917800673171     
  0.88375783936809771       0.11754210326410783     
  0.88883528562415925       0.11888509311478077     
  0.93341177927646568        9.7090992999645923E-002
  0.89112016252733861       0.10509869906497141     
  -9.9726585182907224E-002  -2.9440414659286200E-003
  0.16469107399812810       0.24900590984499346     
  0.40449689525456906       0.22365486852961142     
  -4.7529087353560928E-002  0.31946926041257023     
  0.18063029927209828       0.23657501750403848     
  0.24161168056613830       0.27576256098499924     
  0.24513619920751439       0.24673764574183799     
  0.20397959963183132       0.23544226493101264     
  -4.0169303543517054E-002  0.16105346369551943     
   4.5288222770041464E-002  0.27503329833987039     
  0.27663762038090162       0.28070750620823104     
  0.67494727397330023       0.13561832585111258     
  0.59299003161115582       0.14488049082489490     
  0.72428889570416166       0.14099650179983431     
  0.61689543255462176       0.14005128467219471     
  0.63661639213790644       0.12712883641484735     
  0.67496419203556057       0.14563795754615758     
  0.63461318920403043       0.14434854905661090     
  0.25033316435478881        8.4916412160106983E-004
  0.22592846761443347       -5.4668864384596884E-005
  0.18600318039851316       -1.3352013552095448E-003
   2.8363236412331488E-002  -4.2244938179285637E-004
  0.23887838106017290       -3.3303824079798957E-003
  0.28326634811574686        2.9710001599958600E-004
  0.18719566772432106        4.4567733278943306E-004
  0.12842682449776308       -2.3710797897497052E-003
  0.68089239470608787       -8.5020807505557317E-004
  0.67396833775631637       -1.5506346889086720E-004
  0.69113845341394398       -5.1013352026934482E-003
  0.62619054711976807       -2.5845571095877728E-003
  0.74197993261743500        4.6924016013175840E-003
  0.18401702864869668        8.3818313049875796E-003
  0.18595210745670537        2.6070822242617044E-003
  0.11774882713043466        1.8072617873496892E-002
  -7.9009556224673982E-003   1.3724598829335260E-002
  0.15541552923283380        1.3313824791760968E-002
  0.29094513972442049        2.0056339037771636E-004
  0.12262668740453730        4.3708906987681489E-003
  0.21728022089123189        3.5249432613144997E-002
   7.7253645554133665E-002   1.1506305277751162E-002
