 cosx vtec
  0.53029203980240591        3.1388095203105523E-002
  0.64217850681547273        1.1266557126342261E-002
  0.59716171839536214        1.6147304182509994E-002
  0.55419051692612420        2.6590208887822465E-002
  0.61584932526855740        2.7965496839924199E-002
  0.40118981385053870        4.8858144319178523E-002
  0.71630534585900174       0.10729922832570163     
  0.67819466891066849       0.12261495911962182     
  0.73768233645869785       0.10407521999405821     
  0.76634325971110184        7.9455081797138630E-002
  0.70189778790556234       0.11227182130513493     
  -7.2646345709204724E-002  0.23595003965126718     
  0.43740732703842300        1.5687779507678255E-003
  0.60852570357290869        2.7623175054397550E-003
  0.50481718781677631        4.0197458449612528E-003
  0.44253775485864966       -4.7835043372671920E-004
  0.56615679233268112       -3.4377783499088652E-003
  0.29000679940986590       -2.7604670143527199E-003
  0.44635304318316321       -1.1527491207212459E-004
  0.45378312236806950       -1.3811317215394021E-003
  0.41276585524024151        4.4922859168688416E-003
  0.20764645478789612       -1.2436391499969313E-003
   9.5399672593278584E-002  -4.5297425071958546E-003
   1.8148311637190714E-002   3.3594982712548912E-003
  0.24500761454862993       -1.0845568661108529E-002
  0.24055975079421518        2.4618362171800252E-002
  0.14606331730265387       -3.8686800322529163E-002
  -2.1153305101159640E-002   4.1191537438215890E-004
  0.44008833535760106       0.18163321329719903     
  0.39670671508726252       0.18364688198242726     
  0.46492340327873144       0.17466758563093754     
  0.41749101708556086       0.17416515867053778     
  0.49357601979972121       0.15282663361311893     
  0.38971213594802045       0.18282056158905738     
  0.46093455100651615       0.16106935157295429     
  0.53526246733942640       0.15907872351079722     
  0.33386843966035323       0.19583999216562853     
  0.55467093986768479       0.15789407856856472     
  0.48176167447736645       0.15939434382024795     
  -5.1336017678999257E-002   6.5135368128468984E-002
  -9.9571899315391330E-002  0.19748407119543368     
  0.70993226802267062        7.1904269094688437E-003
  0.77938113875912129       -4.0428397746459149E-004
  0.77018794329313023        8.0264766956408590E-004
  0.74126161471039520       -4.8977605447199585E-004
  0.81693029144312945       -4.6278575108834206E-003
  0.27288177701068805       -1.1004490245101013E-003
  0.30645132559075972       -8.3599036980587562E-005
  0.38487002922547514       -7.6881997226430749E-004
  0.20037866833084186       -1.8436084074217239E-004
  0.32479849141129652        8.0550389157429145E-004
  0.26412111906038338        9.8471546486337408E-004
  0.37642580269159370       -6.6271548454806327E-004
  0.53383965065430072        9.8655685494388690E-002
  0.41292102206342052       0.13308650335389738     
  0.57796302751316553        5.5964969898950119E-002
  0.50359349295155298       0.10687066290385225     
  0.58793434818002177       0.10745699758102502     
  0.38026519438599798       0.13555866064375602     
  0.57532509961904177        9.3728464902475037E-002
  0.52652130889875637       0.10544067617861003     
  0.57917830441153839       -1.9673738106778019E-003
  0.66352036064770192        3.1601492638171458E-003
  0.64166582291328966       -3.5944424831929598E-003
  0.60518765176416789       -4.0640839485871225E-003
  0.69186903268065958        8.8320842817718771E-003
  -7.5132791216217090E-002   1.7487307358282290E-002
  -1.0005910127572333E-002   2.9894771136291815E-002
  -5.3700793490272257E-002  -3.1374722056225199E-002
  -5.8991395632174551E-002   4.4487769866509388E-002
   3.8944603927108523E-002   1.7362169594392445E-002
  0.86264058021622114        3.9713315750270527E-003
  0.93598729582157747        1.5067994553094507E-004
  0.86520514989273400       -6.6718014027117778E-004
  0.90240834593232622        4.4953568808341338E-003
  0.88168379304491651       -1.1062818537919612E-003
  0.85873634250503805       -4.5443046438902509E-003
  0.27284492626605383        6.7539068959038440E-002
  0.34789880903482956        5.4977674025444352E-002
  0.29551589735401090        5.8772998018942098E-002
  0.61656351732115200        7.7012684142695968E-003
  0.70864103048942706        2.1670522914370286E-003
  0.67841097423470331        1.8489583781809297E-003
  0.64126675500777730        4.0539128396376491E-003
  0.69822626936321786        1.1603254861881261E-002
  0.35028614511853923       -2.0566632077150596E-002
  0.27506740455909534       -1.2701386721718732E-002
  0.44220635482450599       -4.1639714671229781E-003
  0.43409483440769703       -1.2944937963955926E-003
  0.38622317629891406       -5.6288340745692606E-003
  0.21221519040901105       -4.6381131940633384E-003
  0.62156599392261813        5.2825112062993246E-004
  0.52064415160014965       -2.3291142227196697E-004
  0.68429369396158191       -1.0360885492778609E-003
  0.71452550506323453        2.9107282886670050E-005
  0.67156236577879180       -2.7870839953360914E-003
  0.55127350961662003        1.0504469837238101E-003
  -9.6182003325965992E-002  -2.6804108066335843E-004
  -6.9223299613062644E-002   1.4058700887975260E-003
   7.0940345092676785E-002  -1.9313477136490538E-003
  0.32242305933526400        1.7706911728363754E-002
  0.23804057174077253        8.3064049308213578E-004
  0.43290115100329879       -9.0239836387568228E-003
  0.40551273521057796        2.1763725522982606E-002
  0.35237440963552769       -7.8960665841218552E-003
  0.16567001367368273        8.2147199687336817E-002
  0.40140452015728989       -6.3980360992366920E-003
  0.32428103518583806       -2.4152062409891399E-004
  0.48200962669729530       -1.6801410417189593E-004
  0.48140104462743849        3.3360350109583664E-003
  0.44033202648455166        4.1850298004085691E-003
  0.48322691782842381       0.15366162381360923     
  0.48031635227574376        9.2524625267465410E-002
  0.51620542337401232       0.11551612918117631     
  0.54234617107711680       0.16378948154012907     
  0.50585164495925594       0.16060041294835464     
  0.11649687800912616        4.9557197440978550E-002
  0.23192707196672518        3.7410694713585532E-002
  0.14448258286952603        4.7976232722304335E-002
   4.0948404514884289E-002   6.5191784758076146E-002
   9.6585500603072732E-003   6.2451256859090268E-002
  -1.8084976774620939E-002   8.2339747719577638E-002
  -9.1499685929031183E-002  -3.4230545147837048E-003
   6.4037968684277759E-004   7.8589178373334942E-004
   3.5993662811628108E-002   8.1466062100912489E-003
  0.12921318521427969       -1.3931294641972591E-003
  -4.5150727104148844E-002   5.5444735493517883E-003
   5.6960966527219818E-002   9.1762047814772235E-003
  -7.2894943441509782E-003  -1.2828109273727184E-002
  -9.6291271392057370E-002   3.2156347579018912E-003
  0.13816099058597492       -1.6253284049114482E-003
  -7.1950525874433888E-002  0.21606207179078721     
  -3.3397565804292040E-002  0.22397928138036893     
  0.65234968692288109       -9.8763709137592026E-004
  0.71329403147347736       -4.1869643802628563E-004
  0.74073067956558092        2.6979917087478181E-003
  0.69911824774106979       -2.0610140261236542E-002
  0.57961654901523951        1.2452667861203354E-003
  0.11315634907008658        1.2527483998860428E-003
   3.2240417256991651E-002  -1.7301745083221845E-004
  0.17224129526667281       -3.1242440398636237E-003
  0.11292473488170539       -1.7347450135841900E-003
  0.28799600825134514        2.6230552523900720E-003
  -7.4286903769178278E-002   2.2100578287264510E-002
  0.10742175448138946        3.4166946097695702E-002
  -3.6421563052849652E-002   3.9101947776732475E-002
  0.72613381230940355        4.4944733756782226E-003
  0.79318614476995275        4.1619556586150374E-005
  0.78888311439977188        1.0181072196445450E-004
  0.76257191012661263        9.7886086240164469E-004
  0.84750270402185213        1.4547404301936036E-003
  0.27634207867935762       -6.6559077245274684E-002
  0.20318015899013836        1.2596067335274474E-002
  0.38575720769725308        7.0879289311199635E-003
  0.36872664389046528        6.6438648602652759E-003
  0.31129347661754592       -5.4175284405365660E-003
  0.15583234608590196        2.9433060817074527E-002
   6.2179647437279426E-002  0.16996716393424466     
   9.2353824266916879E-002  0.16878339842997775     
  -1.3232161501854653E-003  0.17779457800968479     
  -3.5339843279968780E-002  0.19331008144297543     
  -1.9973206491487712E-002  -1.3529777179666987E-003
  0.21864448812512702       -1.1808690353571833E-003
  -2.1592497564170605E-002   7.4402037411422828E-004
  -6.9269948250881536E-002   7.6328347695225137E-004
  0.61144914515465010        2.6846181032148721E-003
  0.48960586747182633        1.0945867007753183E-002
  0.68293845834736344        2.3432810183311586E-003
  0.67535089207052246       -3.2395965922499021E-004
  0.64383699751437984       -4.8797874420135490E-003
  0.76832280777233675       -5.2858658594888007E-004
  0.25176983480453857       -6.5629287989389468E-002
  0.16399515070993886        3.7236779886469638E-002
  0.38787702242715150        2.3331244339242788E-002
  0.34274910843609324        5.3890500421188120E-002
  0.28075789329195638       -2.5957776823408510E-002
  0.13262577827621308        1.1119219847883991E-003
  0.13826552242272303        4.7128949035861690E-003
  0.43113477252209365        9.8461162684642806E-002
  0.32040560228590703       0.13174878465105111     
  0.47341161629715223        7.6485740926834231E-002
  0.40100658664462507       0.10454917800673171     
  0.50581585796798878       0.11754210326410783     
  0.30407012389223748       0.11888509311478077     
  0.47653722231613932        9.7090992999645923E-002
  0.42501242342408985       0.10509869906497141     
  0.33071603588922893        8.2660410074114427E-002
  0.50782166255786454        5.3228857593158180E-002
  0.41544219233835439        7.3020605151964693E-002
  0.35505219850639835        7.8166746204510071E-002
  0.44544748629615660        9.1071406014058096E-002
  0.24549914692228000        9.4915412526753465E-002
  0.16515736321327315       0.12187381817133008     
  0.67746998311839857        9.4451464532240188E-003
  0.75889887735928419        1.1453759532210719E-003
  0.73706347831502772        3.0972946582373577E-004
  0.70350700922258569        4.0459565148590155E-003
  0.75859591444785679       -2.9440414659286200E-003
  -9.1928262404870856E-002   8.9833006876898162E-003
  -3.0908462757006167E-002  -8.8073565653271145E-004
  -9.3986468470990209E-002  0.11013581044319495     
   9.8536389820939846E-002  0.11128465476742398     
  -5.9470066935495648E-002  0.11089543821439511     
  -9.8081519202397549E-002   2.9710001599958600E-004
  0.18931217697712222       -8.5020807505557317E-004
  0.12417544585232913       -1.5506346889086720E-004
  0.24152974163807056       -5.1013352026934482E-003
  0.18331055982705993       -2.5845571095877728E-003
  0.30622386960357650        4.6924016013175840E-003
  0.43463155028172268        2.4799101011279450E-002
  0.35076933631771795        8.4751966823167141E-004
  0.51881031314903792       -1.8370760649632202E-002
  0.50874697348048703       -1.0370612665447969E-002
  0.46747938741685702       -6.4404368176136234E-003
  0.27537618575543632        2.5476774128805581E-002
  0.44278729664884442       -5.3442707312885435E-003
  0.34170264097122205        3.7478703672659777E-002
  0.53393784264466004       -2.1772687804446937E-003
  0.51425801615223232        1.0759656352642602E-003
  0.47153895447254107        4.2652573153633314E-002
  0.28188146553798299       -3.3462569972034603E-002
