 cosx vtec
  0.83879819629926944        3.1388095203105523E-002
  0.90942856873094025        1.1266557126342261E-002
  0.87762443137081636        1.6147304182509994E-002
  0.85371720998323353        2.6590208887822465E-002
  0.85084951517798824        2.7965496839924199E-002
  0.76243537316433430        4.8858144319178523E-002
  -7.8351981263256598E-002  -1.2897270245265243E-003
  -4.0973059059721650E-002  -1.5853890733796313E-003
   5.2468318271814307E-002   2.7911010227498938E-003
  -5.0923295908369970E-003   2.5617719413499748E-004
  -8.8188930470946170E-002   1.3981685127904576E-003
   4.4627580103570930E-002  -5.1007868414364495E-003
  0.32868565096884339       0.10729922832570163     
  0.30151627908750622       0.12261495911962182     
  0.39672788162476325       0.10407521999405821     
  0.36604743004607071        7.9455081797138630E-002
  0.34004512723400904       0.11227182130513493     
  0.11283578075573550        1.5687779507678255E-003
  0.36602467153238655        2.7623175054397550E-003
  0.20125929327710065        4.0197458449612528E-003
  0.18145354146017975       -4.7835043372671920E-004
  0.23254194594362573       -3.4377783499088652E-003
  0.75065404958908266       -2.7604670143527199E-003
  0.84669049426539100       -1.1527491207212459E-004
  0.86836198428654721       -1.3811317215394021E-003
  0.87210296286912503        4.4922859168688416E-003
  0.72960370081642578       -1.2436391499969313E-003
  0.40926063053836359        2.0479110461447654E-004
  0.70534640572785368       -4.5297425071958546E-003
  0.59913949275951472        3.3594982712548912E-003
  0.76210105123832061       -1.0845568661108529E-002
  0.78028698515845918        2.4618362171800252E-002
  0.73275583415566581       -3.8686800322529163E-002
  0.58652659585544065        4.1191537438215890E-004
  -5.3167054894664778E-002   2.3041674179984772E-003
  -4.2681354666276539E-002  -2.7525199677435008E-004
   2.8794470615409296E-002  -1.2724938539822386E-003
  -3.3308307157919992E-002  -2.9124891541573404E-003
  -9.1083411803742131E-002   1.6272398366837053E-003
   2.0026187703821030E-002  -1.8118724865727565E-004
  0.13963614604694452       0.16537621692818413     
  0.25901874357052634       0.15934392381651821     
  0.31191869974416081        2.5444023499378923E-002
  0.19374862426213146       0.16245428121964881     
  0.19995101614955030       0.15838180996555629     
  0.16572602427174893       0.16540010551223430     
  0.11614273201493405       0.18163321329719903     
   9.8754910547507291E-002  0.18364688198242726     
  0.19298525579151091       0.17466758563093754     
  0.12923555145155305       0.17416515867053778     
  -4.2752488726832683E-004  0.15282663361311893     
  -7.2646513611552332E-002  0.18282056158905738     
  -1.9477872745458480E-002  0.16106935157295429     
   7.7168633707530798E-002  0.15907872351079722     
   3.8968856255764406E-002  0.15789407856856472     
   8.1032740927794999E-003  0.15939434382024795     
  0.30242962799186512       0.19077796878947312     
  0.34040384883046948       0.19748407119543368     
  0.24750500890357133       0.19677924073786038     
  0.21929082936647512       0.19784547479312053     
  0.99160670397688755        7.1904269094688437E-003
  0.99927145109607651       -4.0428397746459149E-004
  0.99995979423334136        8.0264766956408590E-004
  0.99798156192866294       -4.8977605447199585E-004
  0.99185063672554941       -4.6278575108834206E-003
  -5.2462589907840862E-002   9.8655685494388690E-002
  -5.5216255160442596E-002   5.5964969898950119E-002
  -7.4098878278787916E-002  0.10687066290385225     
   3.3780371755214977E-002  0.10745699758102502     
  -1.9541020141115861E-002   9.3728464902475037E-002
  -4.4919062098002616E-002  0.10544067617861003     
  0.94360421145820284       -1.9673738106778019E-003
  0.98126549154908838        3.1601492638171458E-003
  0.97089176037855229       -3.5944424831929598E-003
  0.95619917794597242       -4.0640839485871225E-003
  0.96214996866939950        8.8320842817718771E-003
  0.33980617967868593        3.9713315750270527E-003
  0.49073288014484295        1.5067994553094507E-004
  0.34189711637784026       -6.6718014027117778E-004
  0.42322540543536163        4.4953568808341338E-003
  0.37258896666786290       -1.1062818537919612E-003
  0.34404419021025756       -4.5443046438902509E-003
  0.11720907716738035        6.7539068959038440E-002
  0.22332382552674171        5.4977674025444352E-002
  0.15273216494062070        5.8772998018942098E-002
  0.89629462471267707        7.7012684142695968E-003
  0.94537009505982539        2.1670522914370286E-003
  0.92647498424125518        1.8489583781809297E-003
  0.90947178118597494        4.0539128396376491E-003
  0.90281544124035373        1.1603254861881261E-002
   5.0132379222671830E-002  0.15621543594884907     
   5.4837844034506533E-003  0.16669204073483934     
  0.17417976475475505       0.15831919765343447     
   9.7405041118858948E-002  0.15216228660618406     
  0.10348408180778418       0.14958327736875440     
   7.0044218167932548E-002  0.15520144799549179     
  0.86687138673296404       -2.0566632077150596E-002
  0.78850655516347579       -1.2701386721718732E-002
  0.88845683471778503       -4.1639714671229781E-003
  0.89471434579030951       -1.2944937963955926E-003
  0.87997312791010518       -5.6288340745692606E-003
  0.76915564754790855       -4.6381131940633384E-003
  -2.8267995519495687E-002  -1.8425442309917390E-003
  -9.9490457341027239E-002  -6.4994435822044718E-003
   3.2143752172985318E-003  -1.5193500429710259E-003
  -3.8098022008770382E-002  -1.0268789279195456E-003
  0.63827194281615440        5.2825112062993246E-004
  0.68550642313192989       -2.3291142227196697E-004
  0.75919718452264817       -1.0360885492778609E-003
  0.80605402990132680        2.9107282886670050E-005
  0.63072483529095646       -2.7870839953360914E-003
  0.60345194278962344        1.0504469837238101E-003
  0.85403121848553631        1.7706911728363754E-002
  0.79812273749839990        8.3064049308213578E-004
  0.90959598424763399       -9.0239836387568228E-003
  0.89818457347368019        2.1763725522982606E-002
  0.87110725924088417       -7.8960665841218552E-003
  0.75271506708037994        8.2147199687336817E-002
  0.23444806123004713       0.17979436456887404     
  0.36083407347616292       0.16086609414302988     
  0.39850626413450552       0.16159190962225733     
  0.30403423951336361       0.16379153790527184     
  0.30991737814420994       0.16523917677199620     
  0.27409873774913063       0.16719070424129434     
   5.9274996017762871E-002   4.4968026919053892E-003
   5.7831069475168639E-002   4.2981282663374643E-003
  0.13502198883861960        1.4764253058574511E-003
  -2.2966109392859813E-002   7.5457911314361602E-003
  0.12410463689293727        8.4268154823119001E-004
  0.88895239180582164       -6.3980360992366920E-003
  0.79546954113298085       -2.4152062409891399E-004
  0.88767974120460980       -1.6801410417189593E-004
  0.90049371933125100        3.3360350109583664E-003
  0.89657984866746343        4.1850298004085691E-003
  0.47972556469979105       0.15366162381360923     
  0.35260907558229310        9.2524625267465410E-002
  0.50360647784698531       0.11551612918117631     
  0.46524509299877553       0.16378948154012907     
  0.40245809438211966       0.16060041294835464     
  0.46510908755222091        8.7806748522432240E-002
  0.66435930577480695        4.9557197440978550E-002
  0.75168246129238603        3.7410694713585532E-002
  0.68705964889400062        4.7976232722304335E-002
  0.60520244493494413        6.5191784758076146E-002
  0.61075898163204134        6.2451256859090268E-002
  0.55033614182744628        8.2339747719577638E-002
   8.7617180762201152E-002  0.20000990441896402     
  0.20841608695474800       0.18849306004408550     
  0.25796617260427324       0.20000520977718561     
  0.14857778231886781       0.19102871679253400     
  0.12283876524221454       0.19544743668399317     
  0.26058593676956043       0.21606207179078721     
  0.29963984718517772       0.22397928138036893     
  0.20455618621407784       0.21680856679272215     
  0.17563691531429962       0.23013724365828847     
  0.64834428285721080       -9.8763709137592026E-004
  0.76667233588094730       -4.1869643802628563E-004
  0.81027283822556617        2.6979917087478181E-003
  0.64278571435774534       -2.0610140261236542E-002
  0.60997672817468718        1.2452667861203354E-003
  -8.0459164715134340E-002   2.6230552523900720E-003
  0.25098329010907461        1.8930705919911962E-002
  0.23088872318059178        1.1916057871492762E-002
  0.42510549663309549        2.6299998063288428E-002
  0.33601765650394333        3.0246794274645942E-002
  0.49006215581388951        1.8192433725313806E-002
  0.31393351110886664        2.2596442649661611E-002
  0.32321455562540757        3.6811161512725413E-002
  0.25639930655004112        1.8706940296745276E-002
  0.40970859323691211        4.3737613825485785E-002
  0.32659071352033586        5.4220707082015401E-002
  0.56713286531363516        2.2100578287264510E-002
  0.52161111031432605        3.8172727753038857E-002
  0.71072381249311845        3.4166946097695702E-002
  0.59941892101646765        3.9101947776732475E-002
  0.49669690082152373        3.1988908536078074E-002
  0.50548154516527621        1.7970343024593889E-002
  0.44386159467474118        4.5846785742042269E-002
  0.99804882261121874        4.4944733756782226E-003
  0.98691480828766853        4.1619556586150374E-005
  0.99259081649844183        1.0181072196445450E-004
  0.99837027636030928        9.7886086240164469E-004
  0.99032585257194916        1.4547404301936036E-003
  0.82824939312305179       -6.6559077245274684E-002
  0.75838379312137638        1.2596067335274474E-002
  0.87219925013437150        7.0879289311199635E-003
  0.87155497356413636        6.6438648602652759E-003
  0.84565287992668170       -5.4175284405365660E-003
  0.74185882213148213        2.9433060817074527E-002
  0.44581614449450180       0.16996716393424466     
  0.47354654668594670       0.16878339842997775     
  0.39331878211829341       0.17779457800968479     
  0.35809882851970437       0.19331008144297543     
  0.33817382776969845        2.5771873650454365E-003
  0.49087075134288444       -1.3529777179666987E-003
  0.67090519312150365       -1.1808690353571833E-003
  0.40363121030534238        7.4402037411422828E-004
  0.47925968771145966        7.6328347695225137E-004
  0.97701335856570459        2.6846181032148721E-003
  0.90232676430756487        1.0945867007753183E-002
  0.98373995035329087        2.3432810183311586E-003
  0.98687966737192556       -3.2395965922499021E-004
  0.98393459503113556       -4.8797874420135490E-003
  0.99949800695066326       -5.2858658594888007E-004
  0.80701074758488367       -6.5629287989389468E-002
  0.75792187241021547        3.7236779886469638E-002
  0.88930562903948507        2.3331244339242788E-002
  0.86340760971419761        5.3890500421188120E-002
  0.82625461709527270       -2.5957776823408510E-002
  0.72426577466657494        1.1119219847883991E-003
  0.74153817082101281        4.7128949035861690E-003
  -8.0756553470202552E-002  0.11754210326410783     
  0.72549366109224189        8.2660410074114427E-002
  0.85727867379934275        5.3228857593158180E-002
  0.78548076144374557        7.3020605151964693E-002
  0.74385447406296112        7.8166746204510071E-002
  0.75686980036364426        9.1071406014058096E-002
  0.66619021013404578        9.4915412526753465E-002
  0.59726519021475855       0.12187381817133008     
  0.93453231615227206        9.4451464532240188E-003
  0.96952320262419045        1.1453759532210719E-003
  0.95806036149308826        3.0972946582373577E-004
  0.94608174750288487        4.0459565148590155E-003
  0.93666320775061607       -2.9440414659286200E-003
  -9.3187259798069078E-002   7.9305013365230340E-002
  0.34789652078187727       -3.3425157168294802E-003
  0.33729254769613670       -3.8818913480724538E-003
  0.56719760045585499        8.9833006876898162E-003
  0.46624499646765727       -1.3661553311033220E-002
  0.61403898708827587       -8.8073565653271145E-004
  0.43676130527538015        4.9149835120062069E-003
  0.45484521432705860       -2.4785332552559099E-003
  0.34810271278559479       0.13246439172701949     
  0.48810675903154271       0.11013581044319495     
  0.64968595977436960       0.11128465476742398     
  0.51943773827666873       0.11089543821439511     
  0.43042524840317808       0.11116968048219136     
  0.43602037349125189       0.10889889671508828     
  0.39340831131823284       0.12766311865842941     
   9.4990113867556736E-002   9.8087097748654267E-004
  0.18786156795906997        9.4037645013731136E-004
  0.13672216836217566        1.0679193046887114E-003
   3.9083671516695950E-002  -1.1549248023281166E-003
  0.18046053206349577        1.8992592505824720E-003
   1.1767075837417984E-002   5.5251441139887595E-003
   1.3381086429280209E-002   4.3041167197905104E-003
   8.7060734408532625E-002   1.1148198628110624E-003
   1.9865254821532785E-004  -1.3085628101525500E-003
   7.3108397705552441E-002   6.9246880664974152E-003
  -5.2749168408405489E-002   5.5167347462069475E-003
   7.6662428315568465E-002   2.1253009273816455E-003
  0.29782407289666663        8.4135536254450499E-002
  0.23979543351538557        8.2703558476082906E-002
  0.43422985719434298        7.5380639790021020E-002
  0.47763985226645678        5.4533390711802091E-002
  0.36244350289209515        6.4489324284025470E-002
  0.36941082133101749        7.1651545479248444E-002
  0.32224256875845780        9.0258191014254516E-002
  0.14540119217697062       0.22177906897442204     
  0.27182601392753825       0.19590597892690828     
  0.31354804630749200       0.20224077677783442     
  0.21535556779501427       0.19946131417052668     
  0.22298670580636776       0.21899558070053621     
  0.18822787640459418       0.20788173597004292     
  0.91091172791450803        2.4799101011279450E-002
  0.84017980378071955        8.4751966823167141E-004
  0.93135351424112911       -1.8370760649632202E-002
  0.93418265818024793       -1.0370612665447969E-002
  0.92250416962054027       -6.4404368176136234E-003
  0.81662487736321909        2.5476774128805581E-002
  0.26574731447574285        1.9621664489074078E-003
  0.27197360816402855       -8.6461834010806492E-004
  0.37866039438083055       -6.8462720169913715E-004
  0.11561479719940493        3.7369930714168309E-003
  0.36821135523853887        8.6660225717047866E-004
  0.91339240722591497       -5.3442707312885435E-003
  0.85538134178422898        3.7478703672659777E-002
  0.95168354049768289       -2.1772687804446937E-003
  0.94522126539747620        1.0759656352642602E-003
  0.92739235491764715        4.2652573153633314E-002
  0.83216509453259568       -3.3462569972034603E-002
  0.21443889918285333       -5.4098435224847240E-003
  0.31937751204428699        1.0679439633908623E-003
  0.25195058753189969       -1.1953104522261194E-003
  0.11855967967287945        8.8012785027625573E-004
  0.31008102974613927        8.7154376573935952E-004
