 cosx vtec
  0.84161766284604567        3.1388095203105523E-002
  0.85081255458895111        1.1266557126342261E-002
  0.84299846338799600        1.6147304182509994E-002
  0.84360841457225166        2.6590208887822465E-002
  0.79264053919327571        2.7965496839924199E-002
  0.83496724944163714        4.8858144319178523E-002
  0.29872359005267562       -1.2897270245265243E-003
  0.27315631400700902       -1.5853890733796313E-003
  0.33217799458336494        2.7911010227498938E-003
  0.23101203710556867        2.5617719413499748E-004
  0.20783668430411534        1.3981685127904576E-003
  0.36546755302041256       -5.1007868414364495E-003
  -4.4289436941077454E-002  0.10729922832570163     
  -5.1559252674488909E-002  0.12261495911962182     
   3.9286385059379370E-002  0.10407521999405821     
  -3.2735162559930753E-002   7.9455081797138630E-002
  -1.4355407531389253E-002  0.11227182130513493     
  -4.1136678356209579E-002  0.24579306243113461     
  -7.8350112699297966E-002  0.24387617783107565     
   1.2369490389187804E-002   2.7623175054397550E-003
  -5.4971847408419539E-002  0.24536648206127828     
  0.13708395355285696       0.18116790074331321     
  0.12265827478631719       0.18711093450550123     
  0.17483844493757089       0.18987606643068172     
   4.8134322425587683E-002  0.21150504713415480     
  0.18971691049147771       0.18739092016021178     
  0.14624019485464373       0.18751340178758585     
  0.84120150154363915       -2.7604670143527199E-003
  0.86277450090372976       -1.1527491207212459E-004
  0.89207780958068206       -1.3811317215394021E-003
  0.93473551973331848        4.4922859168688416E-003
  0.87959080085302077       -1.2436391499969313E-003
  0.73772129552206334        2.0479110461447654E-004
  0.94736501253420058       -4.5297425071958546E-003
  0.83713274273242300        3.3594982712548912E-003
  0.89992931812021759       -1.0845568661108529E-002
  0.93528375039111111        2.4618362171800252E-002
  0.94414299887508546       -3.8686800322529163E-002
  0.85340908658471770        4.1191537438215890E-004
  0.36488686644167057        2.3041674179984772E-003
  0.34820042180408106       -2.7525199677435008E-004
  0.39715948104351895       -1.2724938539822386E-003
  0.28769288894692568       -2.9124891541573404E-003
  0.28992015647446273        1.6272398366837053E-003
  0.41211865446027485       -1.8118724865727565E-004
  0.59040539859478991       0.16537621692818413     
  0.66653382396830929       0.15934392381651821     
  0.70294560691628916        2.5444023499378923E-002
  0.62203809138466037       0.16245428121964881     
  0.64280512297883408       0.15838180996555629     
  0.59964590827837516       0.16540010551223430     
  -3.1561971868987931E-002  0.17466758563093754     
  -8.6975925316650132E-002  0.17416515867053778     
  0.59515192200354450       0.19077796878947312     
  0.62044197376784671       0.19748407119543368     
  0.56158515147649291       0.19677924073786038     
  0.53979962040617369       0.19784547479312053     
  0.89986941580902469        7.1904269094688437E-003
  0.84866847152702718       -4.0428397746459149E-004
  0.85910885166917494        8.0264766956408590E-004
  0.88160148871308874       -4.8977605447199585E-004
  0.81570647503447302       -4.6278575108834206E-003
  0.94043313974041642       -1.9673738106778019E-003
  0.92297394693237778        3.1601492638171458E-003
  0.92753615695976710       -3.5944424831929598E-003
  0.93677413761774508       -4.0640839485871225E-003
  0.88043328436270640        8.8320842817718771E-003
  -1.5353231798176714E-002   1.5067994553094507E-004
  -8.1486583099459775E-002   4.4953568808341338E-003
   1.4199460443889117E-002   6.7539068959038440E-002
  0.10959064961842574        5.4977674025444352E-002
   4.8202523528268607E-002   5.8772998018942098E-002
  0.85302026540494236        7.7012684142695968E-003
  0.84643965271432875        2.1670522914370286E-003
  0.84534492899917812        1.8489583781809297E-003
  0.85156560337089404        4.0539128396376491E-003
  0.79860875438376266        1.1603254861881261E-002
  0.53167193675955571       0.15621543594884907     
  0.50376702490773539       0.16669204073483934     
  0.61931419862664050       0.15831919765343447     
  0.56308029632226653       0.15216228660618406     
  0.57947468522479717       0.14958327736875440     
  0.54018712176621508       0.15520144799549179     
  0.98697539025912884       -2.0566632077150596E-002
  0.91706801865667253       -1.2701386721718732E-002
  0.93650624261674331       -4.1639714671229781E-003
  0.95523626080856672       -1.2944937963955926E-003
  0.97459511452130565       -5.6288340745692606E-003
  0.94317912342963750       -4.6381131940633384E-003
   2.8282987643201862E-002  -1.8425442309917390E-003
   7.3573398425701209E-002  -6.4994435822044718E-003
  0.12896234849284366       -1.5193500429710259E-003
   5.3614790051797645E-002  -1.0268789279195456E-003
   2.0748892019054138E-002  -2.8028151825057441E-004
  0.40232166587300788        5.2825112062993246E-004
  0.55121004379581495       -2.3291142227196697E-004
  0.53655814666946555       -1.0360885492778609E-003
  0.58487014524164549        2.9107282886670050E-005
  0.35351162176239681       -2.7870839953360914E-003
  0.40386956008656144        1.0504469837238101E-003
  0.99987164526344585        1.7706911728363754E-002
  0.97087063001435925        8.3064049308213578E-004
  0.98695431149873847       -9.0239836387568228E-003
  0.99505305385937737        2.1763725522982606E-002
  0.99953444916482648       -7.8960665841218552E-003
  0.98000016844139537        8.2147199687336817E-002
  0.63742543220345493       0.17979436456887404     
  0.70623207120340981       0.16086609414302988     
  0.73050945832196224       0.16159190962225733     
  0.67121694016227029       0.16379153790527184     
  0.70041112112729342       0.16523917677199620     
  0.64869515320575599       0.16719070424129434     
  -2.4387192954533676E-002  0.12622566330818735     
  -4.1067123999226240E-002  0.13403129489593524     
  -7.8385352141287890E-002  0.16718654530471480     
  0.51184835996875866        4.4968026919053892E-003
  0.49515384326562178        4.2981282663374643E-003
  0.54858333896960576        1.4764253058574511E-003
  0.41074742719579560        7.5457911314361602E-003
  0.55573148782394055        8.4268154823119001E-004
  0.97671566189583525       -6.3980360992366920E-003
  0.88444239377890244       -2.4152062409891399E-004
  0.89993177894426146       -1.6801410417189593E-004
  0.92225768483323256        3.3360350109583664E-003
  0.95274667030714011        4.1850298004085691E-003
  0.37391907897293197       0.15366162381360923     
  0.19143687591132838        9.2524625267465410E-002
  0.38187953318774770       0.11551612918117631     
  0.30513965164308943       0.16378948154012907     
  0.24345661306256983       0.16060041294835464     
  0.82226737457656685        8.7806748522432240E-002
  0.90561150384562050        4.9557197440978550E-002
  0.94017935597879165        3.7410694713585532E-002
  0.91612630046919319        4.7976232722304335E-002
  0.87933255667087351        6.5191784758076146E-002
  0.90577907090091736        6.2451256859090268E-002
  0.84713719339424787        8.2339747719577638E-002
  0.11654515454870856        1.8039901042231622E-002
  0.10057612037540720        9.4478455624341824E-003
  0.15309651770491228        7.0401137222157381E-004
  0.16640920920168928        6.7728585436055448E-003
  0.49099301852593835       0.20000990441896402     
  0.56080734573215629       0.18849306004408550     
  0.59574876326704695       0.20000520977718561     
  0.52062257730978834       0.19102871679253400     
  0.49955903201838964       0.19544743668399317     
  0.48885006159872535       0.21606207179078721     
  0.51538628120679630       0.22397928138036893     
  0.45547124374184406       0.21680856679272215     
  0.43285201660820810       0.23013724365828847     
  0.39412020394099989       -9.8763709137592026E-004
  0.52593830518406270       -4.1869643802628563E-004
  0.57151219900642136        2.6979917087478181E-003
  0.35094664307492723       -2.0610140261236542E-002
  0.39194930747273671        1.2452667861203354E-003
  -9.1670328037232379E-002  0.23721193722235798     
  0.69681451310999198        1.8930705919911962E-002
  0.67227588182297338        1.1916057871492762E-002
  0.82343371312997959        2.6299998063288428E-002
  0.74182545367561370        3.0246794274645942E-002
  0.86206195593326007        1.8192433725313806E-002
  0.74867409695070519        2.2596442649661611E-002
  0.74378265213928640        3.6811161512725413E-002
  0.70917328467252982        1.8706940296745276E-002
  0.81411434514251391        4.3737613825485785E-002
  0.75931769348484057        5.4220707082015401E-002
  0.90080220978443326        2.2100578287264510E-002
  0.87995217759503208        3.8172727753038857E-002
  0.96561829614587835        3.4166946097695702E-002
  0.91758081998153163        3.9101947776732475E-002
  0.86262386741561847        3.1988908536078074E-002
  0.87272808329195140        1.7970343024593889E-002
  0.82924263756467675        4.5846785742042269E-002
  -6.6171247821427970E-002   3.0912012073850120E-003
  -1.0914967564002537E-002  -1.0990283110258188E-003
  -8.9261107406314960E-002  -6.4708599269172379E-004
   7.5926720634191897E-002   9.8326762151727080E-003
  0.89151844236676570        4.4944733756782226E-003
  0.81272265954656664        4.1619556586150374E-005
  0.82661128218241131        1.0181072196445450E-004
  0.85899855835930761        9.7886086240164469E-004
  0.78341293724373950        1.4547404301936036E-003
  0.99087477161675008       -6.6559077245274684E-002
  0.93284100289738026        1.2596067335274474E-002
  0.96022429323636704        7.0879289311199635E-003
  0.97616844998047680        6.6438648602652759E-003
  0.98633035277429815       -5.4175284405365660E-003
  0.95093838022731958        2.9433060817074527E-002
  0.64952640303439357       0.16996716393424466     
  0.66591802042831949       0.16878339842997775     
  0.62293184616525288       0.17779457800968479     
  0.59867993658056073       0.19331008144297543     
  0.61847330755681407        2.5771873650454365E-003
  0.69665792866828768       -1.3529777179666987E-003
  0.77501513844220882       -1.1808690353571833E-003
  0.56204987357895597        7.4402037411422828E-004
  0.72183908187807133        7.6328347695225137E-004
  0.94981031345431466        2.6846181032148721E-003
  0.91816317232965416        1.0945867007753183E-002
  0.89491531898310561        2.3432810183311586E-003
  0.90784666528379021       -3.2395965922499021E-004
  0.93120271831707635       -4.8797874420135490E-003
  0.86139248290631176       -5.2858658594888007E-004
  -9.1610214507389667E-002  -3.0756226850504678E-003
   1.7667293366212089E-002   1.0429660983790989E-003
  -8.8531905096222996E-003  -3.9392958123306140E-003
   4.3072368652893378E-002  -2.6960714250803385E-003
  -3.8119412719022638E-002  -1.8727780249503010E-003
  -4.7518853628562258E-002  -1.1094276968550666E-003
  0.99177314429127394       -6.5629287989389468E-002
  0.97518996243773304        3.7236779886469638E-002
  0.99805995788556101        2.3331244339242788E-002
  0.99938473153183627        5.3890500421188120E-002
  0.99581962547964842       -2.5957776823408510E-002
  0.96741431975059622        1.1119219847883991E-003
  0.97907065248381930        4.7128949035861690E-003
  0.83682160729775434        8.2660410074114427E-002
  0.88291199549662502        5.3228857593158180E-002
  0.85545872990728800        7.3020605151964693E-002
  0.84379315121475462        7.8166746204510071E-002
  0.79443604626945574        9.1071406014058096E-002
  0.81858505633559764        9.4915412526753465E-002
  0.78304885783091172       0.12187381817133008     
  0.85653230282683279        9.4451464532240188E-003
  0.83755987917059327        1.1453759532210719E-003
  0.84044413940314189        3.0972946582373577E-004
  0.85133036655354033        4.0459565148590155E-003
  0.79573699276232102       -2.9440414659286200E-003
  0.35623382093830225        9.1890626038973619E-002
  0.34136573440451040        8.9232693140954458E-002
  0.40671935645772034        7.9305013365230340E-002
  0.40245327526152069       0.10785865931896235     
  0.26898842268736078        9.8507271950027134E-002
  0.39791839406928903        8.8057338305888105E-002
  0.36824236194541549       0.10911163290952455     
  0.74823589945995650       -3.3425157168294802E-003
  0.72002583478600657       -3.8818913480724538E-003
  0.89600613046614697        8.9833006876898162E-003
  0.79623665070294236       -1.3661553311033220E-002
  0.91465214746470735       -8.8073565653271145E-004
  0.82301460754371325        4.9149835120062069E-003
  0.80514057098024483       -2.4785332552559099E-003
  0.16693422667798491        5.4750847723127635E-004
  0.14585470507001141       -4.2505274616567703E-004
  0.19459505525656520       -1.3171948025796579E-003
  0.11046737239698529       -1.8023279581236178E-003
  0.10194889426449374        8.3129325865411764E-004
  0.22240193678929884        1.6411836388117915E-003
  0.74331783453909217       0.13246439172701949     
  0.81576063502646834       0.11013581044319495     
  0.89866213580250565       0.11128465476742398     
  0.83403627963194815       0.11089543821439511     
  0.78315335253866358       0.11116968048219136     
  0.80582221106689345       0.10889889671508828     
  0.75758479796325362       0.12766311865842941     
  0.37329260368638273        9.8087097748654267E-004
  0.42658277951496942        9.4037645013731136E-004
  0.33906450942939559        1.0679193046887114E-003
  0.30168928762045077       -1.1549248023281166E-003
  0.45762849141411877        1.8992592505824720E-003
  0.45913051210852962        5.5251441139887595E-003
  0.44305840808059388        4.3041167197905104E-003
  0.49439161876557491        1.1148198628110624E-003
  0.34316561437042353       -1.3085628101525500E-003
  0.54572484445519642        6.9246880664974152E-003
  0.37088687264647657        5.5167347462069475E-003
  0.50320024257755280        2.1253009273816455E-003
  0.73797046183066639        8.4135536254450499E-002
  0.69874443987992274        8.2703558476082906E-002
  0.82291744363851060        7.5380639790021020E-002
  0.84931237917104063        5.4533390711802091E-002
  0.77801657476553399        6.4489324284025470E-002
  0.78822688379448014        7.1651545479248444E-002
  0.74955767706072896        9.0258191014254516E-002
  0.52782027820871280       0.22177906897442204     
  0.59483041098369993       0.19590597892690828     
  0.62319149610067204       0.20224077677783442     
  0.55890269250320534       0.19946131417052668     
  0.60319954060362646       0.21899558070053621     
  0.53750711151817876       0.20788173597004292     
  0.98828293105537146        2.4799101011279450E-002
  0.93611662920850303        8.4751966823167141E-004
  0.94328075222595587       -1.8370760649632202E-002
  0.95815865320091875       -1.0370612665447969E-002
  0.97645981865041032       -6.4404368176136234E-003
  0.96687309526667020        2.5476774128805581E-002
  0.66588694226037126        1.9621664489074078E-003
  0.64411538670221091       -8.6461834010806492E-004
  0.70818639100929870       -6.8462720169913715E-004
  0.49454852276443451        3.7369930714168309E-003
  0.72004556321094693        8.6660225717047866E-004
  0.99315001789653301       -5.3442707312885435E-003
  0.97256158024751171        3.7478703672659777E-002
  0.97039182459079221       -2.1772687804446937E-003
  0.97920982001458534        1.0759656352642602E-003
  0.98905388722240595        4.2652573153633314E-002
  0.99354170865131930       -3.3462569972034603E-002
  0.51686869606893082       -5.4098435224847240E-003
  0.57601741530488226        1.0679439633908623E-003
  0.46588367822913473       -1.1953104522261194E-003
  0.41302924724133511        8.8012785027625573E-004
  0.59910944130972443        8.7154376573935952E-004
