 cosx vtec
  0.76897167180182735        3.1388095203105523E-002
  0.76172921496953683        1.1266557126342261E-002
  0.75987929775387597        1.6147304182509994E-002
  0.76730612871687187        2.6590208887822465E-002
  0.70185613483060005        2.7965496839924199E-002
  0.78339487593800139        4.8858144319178523E-002
  0.43652259682840805       -1.2897270245265243E-003
  0.39651414869172052       -1.5853890733796313E-003
  0.44194590574248105        2.7911010227498938E-003
  0.33538411162020587        2.5617719413499748E-004
  0.33060964701168427        1.3981685127904576E-003
  0.48407950884959317       -5.1007868414364495E-003
  -4.1252230269057034E-002  0.24579306243113461     
  -7.6274045266032681E-002  0.24387617783107565     
  -7.2811117120519922E-002   2.7623175054397550E-003
  0.10622433305605786       0.24536648206127828     
  0.29190337128698435       0.18116790074331321     
  0.28171487540362611       0.18711093450550123     
  0.32357308601066770       0.18987606643068172     
  0.21297862457780894       0.21150504713415480     
  0.34444771694061221       0.18739092016021178     
  0.29675922735584537       0.18751340178758585     
  -5.8952034575384366E-002   1.0555076789434181E-002
  0.84452788948592250       -2.7604670143527199E-003
  0.83673600503916989       -1.1527491207212459E-004
  0.86423545211123853       -1.3811317215394021E-003
  0.91366647759173469        4.4922859168688416E-003
  0.89722548775127864       -1.2436391499969313E-003
  0.82450470123335140        2.0479110461447654E-004
  0.98039251389463333       -4.5297425071958546E-003
  0.88727977080680798        3.3594982712548912E-003
  0.91061394956688269       -1.0845568661108529E-002
  0.94561950222059066        2.4618362171800252E-002
  0.96975130313702484       -3.8686800322529163E-002
  0.90936123912104694        4.1191537438215890E-004
  0.50750537246677152        2.3041674179984772E-003
  0.48583416598867019       -2.7525199677435008E-004
  0.52568812308703805       -1.2724938539822386E-003
  0.41189633574693640       -2.9124891541573404E-003
  0.42927411097749058        1.6272398366837053E-003
  0.54524748933822942       -1.8118724865727565E-004
  0.68771763438668176       0.16537621692818413     
  0.74204955954206453       0.15934392381651821     
  0.77073067840191523        2.5444023499378923E-002
  0.70778393443533028       0.16245428121964881     
  0.73582958329952830       0.15838180996555629     
  0.68839648271679266       0.16540010551223430     
  0.62439344699472854       0.19077796878947312     
  0.64412648037064335       0.19748407119543368     
  0.60014191019251650       0.19677924073786038     
  0.58159788750788166       0.19784547479312053     
  0.81054968543175332        7.1904269094688437E-003
  0.74858700567542646       -4.0428397746459149E-004
  0.75999394032302447        8.0264766956408590E-004
  0.78735365058617335       -4.8977605447199585E-004
  0.70327051006896590       -4.6278575108834206E-003
  0.87234428865518443       -1.9673738106778019E-003
  0.84219444945537614        3.1601492638171458E-003
  0.84954043807715796       -3.5944424831929598E-003
  0.86469739213808994       -4.0640839485871225E-003
  0.78834446266656577        8.8320842817718771E-003
  -6.5301840210635703E-002   6.7539068959038440E-002
   2.1532718805334736E-002   5.4977674025444352E-002
  -3.3697212509908758E-002   5.8772998018942098E-002
  0.76797494013362000        7.7012684142695968E-003
  0.74768344578292734        2.1670522914370286E-003
  0.75049439061068945        1.8489583781809297E-003
  0.76269735261565741        4.0539128396376491E-003
  0.69608842263579651        1.1603254861881261E-002
  0.64660041273400237       0.15621543594884907     
  0.62991510750957080       0.16669204073483934     
  0.71351721713442728       0.15831919765343447     
  0.66861148610901167       0.15216228660618406     
  0.69105617411805731       0.14958327736875440     
  0.64844201093238663       0.15520144799549179     
  0.97386167820760006       -2.0566632077150596E-002
  0.92198393943001378       -1.2701386721718732E-002
  0.90966925542353916       -4.1639714671229781E-003
  0.92902933362554807       -1.2944937963955926E-003
  0.95618022177592299       -5.6288340745692606E-003
  0.95798629032979543       -4.6381131940633384E-003
   9.0569863616150215E-002  -1.8425442309917390E-003
  0.16934202283495814       -6.4994435822044718E-003
  0.20683406446526220       -1.5193500429710259E-003
  0.12554944894549291       -1.0268789279195456E-003
  0.10955838112796791       -2.8028151825057441E-004
  0.33232019787813882        5.2825112062993246E-004
  0.50628620779139877       -2.3291142227196697E-004
  0.45803346182201160       -1.0360885492778609E-003
  0.50128019586102945        2.9107282886670050E-005
  0.27132625549283412       -2.7870839953360914E-003
  0.34813491524945023        1.0504469837238101E-003
  0.98712641487291708        1.7706911728363754E-002
  0.97929948871218220        8.3064049308213578E-004
  0.95760970623535058       -9.0239836387568228E-003
  0.96927999491017824        2.1763725522982606E-002
  0.98232028789551640       -7.8960665841218552E-003
  0.99185808966535405        8.2147199687336817E-002
  0.71114411834629232       0.17979436456887404     
  0.75416038336555014       0.16086609414302988     
  0.77269620088210766       0.16159190962225733     
  0.72874100801645036       0.16379153790527184     
  0.76795503381594687       0.16523917677199620     
  0.70973510627473158       0.16719070424129434     
  -4.8043334430945328E-002  0.14616974875789149     
   7.2584626980051553E-002  0.13480062142992202     
   5.8860845963441322E-002  0.13244874296649659     
  0.14852482904744166       0.12622566330818735     
   1.9746744482578737E-002  0.13218300977472652     
  0.13305540547323247       0.13403129489593524     
   9.4354079447751427E-002  0.16718654530471480     
  0.64914474322593763        4.4968026919053892E-003
  0.63123382236359815        4.2981282663374643E-003
  0.67495182485512017        1.4764253058574511E-003
  0.55318463468937085        7.5457911314361602E-003
  0.68505620230561814        8.4268154823119001E-004
  0.95516346531241558       -6.3980360992366920E-003
  0.88114162166003673       -2.4152062409891399E-004
  0.86640238536767444       -1.6801410417189593E-004
  0.88822704905896610        3.3360350109583664E-003
  0.92546489210074701        4.1850298004085691E-003
  0.27637482132597568       0.15366162381360923     
   8.5082829688691131E-002   9.2524625267465410E-002
  0.27932479138095162       0.11551612918117631     
  0.19424578479625920       0.16378948154012907     
  0.13541715374716742       0.16060041294835464     
  0.87647947515957281        8.7806748522432240E-002
  0.91405429224040546        4.9557197440978550E-002
  0.93073481442953931        3.7410694713585532E-002
  0.92038963857884715        4.7976232722304335E-002
  0.89969843514836978        6.5191784758076146E-002
  0.93644710387499275        6.2451256859090268E-002
  0.87573490903848517        8.2339747719577638E-002
  0.27903458425494282        1.8039901042231622E-002
  0.25991440918662090        9.4478455624341824E-003
  0.30659032179383555        7.0401137222157381E-004
  0.32423667924593425        6.7728585436055448E-003
  -7.6542202306978058E-002  -5.4593737072498264E-003
  -6.5462608962761709E-002  0.15193625256534618     
  -7.9558091336045425E-002  0.14234849483706394     
   5.0960733639247136E-002  0.14808115052818685     
   1.4300295818196640E-002  0.16013105653987095     
  -9.9374151860793652E-002  0.25379079357669648     
  0.56870161880141212       0.20000990441896402     
  0.61471202173033990       0.18849306004408550     
  0.64270942793830399       0.20000520977718561     
  0.58394464522830170       0.19102871679253400     
  0.56557647702946245       0.19544743668399317     
  0.49755756474117890       0.21606207179078721     
  0.51855033648132753       0.22397928138036893     
  0.47385124438119686       0.21680856679272215     
  0.45452285144358140       0.23013724365828847     
  0.31748569866184373       -9.8763709137592026E-004
  0.44099875273654787       -4.1869643802628563E-004
  0.48197452094466375        2.6979917087478181E-003
  0.26287719345973654       -2.0610140261236542E-002
  0.33008702331744139        1.2452667861203354E-003
  -2.4643974787399194E-002  0.23721193722235798     
  0.81077007352067099        1.8930705919911962E-002
  0.78979473673305567        1.1916057871492762E-002
  0.90868974500942645        2.6299998063288428E-002
  0.84464594636321810        3.0246794274645942E-002
  0.93658565733764920        1.8192433725313806E-002
  0.85183167856766462        2.2596442649661611E-002
  0.84811591877033876        3.6811161512725413E-002
  0.81945700923176701        1.8706940296745276E-002
  0.89506569591204532        4.3737613825485785E-002
  0.85933203952951009        5.4220707082015401E-002
  0.95025449343962731        2.2100578287264510E-002
  0.94876555670544738        3.8172727753038857E-002
  0.98663316414246904        3.4166946097695702E-002
  0.96136358530731680        3.9101947776732475E-002
  0.92494947580823372        3.1988908536078074E-002
  0.93954408286123869        1.7970343024593889E-002
  0.89881419198963752        4.5846785742042269E-002
   4.5486499354027154E-002   3.0912012073850120E-003
   8.8532186244055580E-002  -1.0990283110258188E-003
   3.7753103369701640E-003  -6.4708599269172379E-004
  -2.8633874890354599E-003  -7.8571204327096563E-004
  0.19371241232485925        9.8326762151727080E-003
  0.80159511329520949        4.4944733756782226E-003
  0.71222381724332051        4.1619556586150374E-005
  0.72636214789046849        1.0181072196445450E-004
  0.76329067069570988        9.7886086240164469E-004
  0.66717185922132494        1.4547404301936036E-003
  0.99007668727948495       -6.6559077245274684E-002
  0.94969603298286698        1.2596067335274474E-002
  0.94302561995306289        7.0879289311199635E-003
  0.96091645974265116        6.6438648602652759E-003
  0.98036775986599378       -5.4175284405365660E-003
  0.97448057188937098        2.9433060817074527E-002
  0.64428329217476710       0.16996716393424466     
  0.65625125257454409       0.16878339842997775     
  0.62773885145085584       0.17779457800968479     
  0.60818935468491664       0.19331008144297543     
  0.70476603227882328        2.5771873650454365E-003
  0.75350766516646572       -1.3529777179666987E-003
  0.79111276104986439       -1.1808690353571833E-003
  0.61723797852985540        7.4402037411422828E-004
  0.78694927525806457        7.6328347695225137E-004
  0.88396771982786937        2.6846181032148721E-003
  0.88263157734170572        1.0945867007753183E-002
  0.81815389995389776        2.3432810183311586E-003
  0.83179026082562835       -3.2395965922499021E-004
  0.86039032533073434       -4.8797874420135490E-003
  0.76191715809091853       -5.2858658594888007E-004
   1.4404187144487879E-002  -3.0756226850504678E-003
  0.16620747190605575        1.0429660983790989E-003
  0.12769829903764948       -3.9392958123306140E-003
  0.17152923530596256       -2.6960714250803385E-003
   8.4593084360359255E-002  -1.8727780249503010E-003
   8.6351542633426898E-002  -1.1094276968550666E-003
  0.98862511702443912       -6.5629287989389468E-002
  0.99454194883141533        3.7236779886469638E-002
  0.97446432790773763        2.3331244339242788E-002
  0.98198658886059409        5.3890500421188120E-002
  0.98833978430972824       -2.5957776823408510E-002
  0.98299112858856152        1.1119219847883991E-003
  0.99913957285747501        4.7128949035861690E-003
  0.79779902494658550        8.2660410074114427E-002
  0.81813050716499192        5.3228857593158180E-002
  0.80337766762788376        7.3020605151964693E-002
  0.80111601165390023        7.8166746204510071E-002
  0.73164165952924787        9.1071406014058096E-002
  0.79326067344569529        9.4915412526753465E-002
  0.76938957631129645       0.12187381817133008     
  0.76310791158832303        9.4451464532240188E-003
  0.73184320784811030        1.1453759532210719E-003
  0.73746545259323870        3.0972946582373577E-004
  0.75383507118369164        4.0459565148590155E-003
  0.68483763461657343       -2.9440414659286200E-003
  0.51215192257438313        9.1890626038973619E-002
  0.49916517948589834        8.9232693140954458E-002
  0.55913315352248816        7.9305013365230340E-002
  0.55247196484496885       0.10785865931896235     
  0.43214942423668473        9.8507271950027134E-002
  0.55074961096267250        8.8057338305888105E-002
  0.52126027665032248       0.10911163290952455     
  0.84925312876119718       -3.3425157168294802E-003
  0.82151116028247329       -3.8818913480724538E-003
  0.95854483513292754        8.9833006876898162E-003
  0.87611405313759572       -1.3661553311033220E-002
  0.96808868345855570       -8.8073565653271145E-004
  0.90896592345097582        4.9149835120062069E-003
  0.88836367509453518       -2.4785332552559099E-003
  0.31316493056417677        5.4750847723127635E-004
  0.28270908402875383       -4.2505274616567703E-004
  0.32283764489362643       -1.3171948025796579E-003
  0.23365829709363206       -1.8023279581236178E-003
  0.23754153522379695        8.3129325865411764E-004
  0.35765671973877639        1.6411836388117915E-003
  0.81339334221361514       0.13246439172701949     
  0.85657766007321123       0.11013581044319495     
  0.90980342942324877       0.11128465476742398     
  0.86971877772687844       0.11089543821439511     
  0.83428888680625024       0.11116968048219136     
  0.86539419537558981       0.10889889671508828     
  0.81348800581220848       0.12766311865842941     
  0.47964095094475145        9.8087097748654267E-004
  0.51748315179960980        9.4037645013731136E-004
  0.42587376062193338        1.0679193046887114E-003
  0.40880663799968975       -1.1549248023281166E-003
  0.55709796382130294        1.8992592505824720E-003
  0.60025243097127845        5.5251441139887595E-003
  0.58206952151230706        4.3041167197905104E-003
  0.62428534143227310        1.1148198628110624E-003
  0.46924071100694670       -1.3085628101525500E-003
  0.68228286507123237        6.9246880664974152E-003
  0.51426896104830289        5.5167347462069475E-003
  0.63642245555803911        2.1253009273816455E-003
  0.83411166571152240        8.4135536254450499E-002
  0.80832646218980120        8.2703558476082906E-002
  0.89375077304320294        7.5380639790021020E-002
  0.91312895227584512        5.4533390711802091E-002
  0.86092337400526564        6.4489324284025470E-002
  0.87573870529056796        7.1651545479248444E-002
  0.83739779620515564        9.0258191014254516E-002
  0.59526225326549909       0.22177906897442204     
  0.63590836441432297       0.19590597892690828     
  0.65824419613896568       0.20224077677783442     
  0.60927167571920060       0.19946131417052668     
  0.66756460943414409       0.21899558070053621     
  0.59088957066026204       0.20788173597004292     
  0.95827650827462518        2.4799101011279450E-002
  0.92666498685290566        8.4751966823167141E-004
  0.90064051442182302       -1.8370760649632202E-002
  0.91651787131593065       -1.0370612665447969E-002
  0.94155496928841653       -6.4404368176136234E-003
  0.96929338991310965        2.5476774128805581E-002
  0.77737744248101914        1.9621664489074078E-003
  0.75178469556075134       -8.6461834010806492E-004
  0.79858218825212712       -6.8462720169913715E-004
  0.61783655334474374        3.7369930714168309E-003
  0.81459930547720905        8.6660225717047866E-004
  0.95777219547341408       -5.3442707312885435E-003
  0.96266166286312960        3.7478703672659777E-002
  0.92130987300836231       -2.1772687804446937E-003
  0.93259023901861726        1.0759656352642602E-003
  0.94935381631693849        4.2652573153633314E-002
  0.99117187694433440       -3.3462569972034603E-002
  0.61844638299763255       -5.4098435224847240E-003
  0.65951788314127913        1.0679439633908623E-003
  0.54630013394109844       -1.1953104522261194E-003
  0.52086052363876412        8.8012785027625573E-004
  0.68965646295597516        8.7154376573935952E-004
