 cosx vtec
  0.71934472073450084        3.1388095203105523E-002
  0.80522251988191995        1.1266557126342261E-002
  0.77216275202868245        1.6147304182509994E-002
  0.73842408759152034        2.6590208887822465E-002
  0.78902767715576227        2.7965496839924199E-002
  0.61142417926798176        4.8858144319178523E-002
  0.73924662274382125       0.10729922832570163     
  0.71033668348398549       0.12261495911962182     
  0.77636731274435966       0.10407521999405821     
  0.77633486319184819        7.9455081797138630E-002
  0.73721400320084618       0.11227182130513493     
  -1.1705302165847833E-002  0.23299099210043162     
   3.2746520156303423E-002  0.23848472930534723     
  -1.6875233331732589E-002  0.24579306243113461     
  -4.3592518990905355E-002  0.24387617783107565     
   6.4590457366799969E-002  0.23595003965126718     
  0.22221776570672794        1.5687779507678255E-003
  0.43006379967229164        2.7623175054397550E-003
  0.30036407774261709        4.0197458449612528E-003
  0.23911785319791634       -4.7835043372671920E-004
  0.36433312653282457       -3.4377783499088652E-003
  0.34027557177916246       -2.7604670143527199E-003
  0.49587730722089468       -1.1527491207212459E-004
  0.51730501847860189       -1.3811317215394021E-003
  0.50162164916855145        4.4922859168688416E-003
  0.28520262068591279       -1.2436391499969313E-003
  0.23718696565839864       -4.5297425071958546E-003
  0.10504363322364423        3.3594982712548912E-003
  0.32849248689217159       -1.0845568661108529E-002
  0.34523093531962706        2.4618362171800252E-002
  0.27282141004963989       -3.8686800322529163E-002
   8.2997030834372904E-002   4.1191537438215890E-004
  -9.3849854199025612E-002  0.15934392381651821     
  -3.9848101474195874E-002   2.5444023499378923E-002
  0.50897842631950430       0.18163321329719903     
  0.47651144937242979       0.18364688198242726     
  0.55187240648124503       0.17466758563093754     
  0.50030589296515049       0.17416515867053778     
  0.48587978335388771       0.15282663361311893     
  0.40036921673487258       0.18282056158905738     
  0.46130314790179949       0.16106935157295429     
  0.54331893081157845       0.15907872351079722     
  0.32040038677485749       0.19583999216562853     
  0.53219925506386911       0.15789407856856472     
  0.48477129317670081       0.15939434382024795     
  0.10664828079800799       0.19077796878947312     
  0.14509133696656176       0.19748407119543368     
   4.5950843574053102E-002  0.19677924073786038     
   2.0542526744539866E-002  0.19784547479312053     
  0.82721297580060860        7.1904269094688437E-003
  0.85916324136436584       -4.0428397746459149E-004
  0.85877194990252315        8.0264766956408590E-004
  0.84404078959380247       -4.8977605447199585E-004
  0.90679455944420162       -4.6278575108834206E-003
   3.0345440488904779E-002  -1.1004490245101013E-003
   6.5238222592720760E-002  -8.3599036980587562E-005
  0.15375245871205934       -7.6881997226430749E-004
  -4.3842154628116706E-002  -1.8436084074217239E-004
   8.4559025987896747E-002   8.0550389157429145E-004
   2.1456499857226141E-002   9.8471546486337408E-004
  0.13979240206345064       -6.6271548454806327E-004
  0.46952326780717080        9.8655685494388690E-002
  0.37062266557685625       0.13308650335389738     
  0.46988267722530924        5.5964969898950119E-002
  0.44699372626454470       0.10687066290385225     
  0.54043312926093989       0.10745699758102502     
  0.31198328622986160       0.13555866064375602     
  0.50124073611549291        9.3728464902475037E-002
  0.47270533001511233       0.10544067617861003     
  0.73853790664757113       -1.9673738106778019E-003
  0.79442246656536253        3.1601492638171458E-003
  0.78247452855717514       -3.5944424831929598E-003
  0.75687423112704055       -4.0640839485871225E-003
  0.83277766296588873        8.8320842817718771E-003
  0.76363106463819996        3.9713315750270527E-003
  0.84714160309400821        1.5067994553094507E-004
  0.74439715515509919       -6.6718014027117778E-004
  0.82131703051998872        4.4953568808341338E-003
  0.77779793057309876       -1.1062818537919612E-003
  0.77471339928127059       -4.5443046438902509E-003
  0.40251605784169142        6.7539068959038440E-002
  0.48565808767086077        5.4977674025444352E-002
  0.42890284098433168        5.8772998018942098E-002
  0.78602055005520943        7.7012684142695968E-003
  0.85160831758193112        2.1670522914370286E-003
  0.83166538796855161        1.8489583781809297E-003
  0.80446928759396108        4.0539128396376491E-003
  0.85008949225809749        1.1603254861881261E-002
  0.48410835129206864       -2.0566632077150596E-002
  0.36453323495555995       -1.2701386721718732E-002
  0.53113898229437750       -4.1639714671229781E-003
  0.53594260455973175       -1.2944937963955926E-003
  0.50529450339212389       -5.6288340745692606E-003
  0.32628038297240175       -4.6381131940633384E-003
  0.51979217756644125        5.2825112062993246E-004
  0.45788726974136384       -2.3291142227196697E-004
  0.61924700492010210       -1.0360885492778609E-003
  0.66500422543768722        2.9107282886670050E-005
  0.55984941015404810       -2.7870839953360914E-003
  0.44929675246776846        1.0504469837238101E-003
  0.48774165562290850        1.7706911728363754E-002
  0.36983818510887928        8.3064049308213578E-004
  0.56504679287103587       -9.0239836387568228E-003
  0.55067037920169382        2.1763725522982606E-002
  0.50988624350436662       -7.8960665841218552E-003
  0.35660966975796193        8.2147199687336817E-002
  -9.7236262473162610E-002  0.17979436456887404     
   6.0576577450705743E-002  0.16086609414302988     
   9.9510429765475666E-002  0.16159190962225733     
  -2.1343322616758920E-003  0.16379153790527184     
  -3.9720595729082375E-002  0.16523917677199620     
  -2.9223376318335936E-002  0.16719070424129434     
  0.52184060048145997       -6.3980360992366920E-003
  0.39167101400572846       -2.4152062409891399E-004
  0.54899955042565007       -1.6801410417189593E-004
  0.56097074265349622        3.3360350109583664E-003
  0.54024698080055322        4.1850298004085691E-003
  0.64510541825287882       0.15366162381360923     
  0.61162706797020139        9.2524625267465410E-002
  0.67347099660699861       0.11551612918117631     
  0.68250467003087623       0.16378948154012907     
  0.64210109664191994       0.16060041294835464     
   7.8463761711003749E-002   8.7806748522432240E-002
  0.34208366778302945        4.9557197440978550E-002
  0.44595691025641926        3.7410694713585532E-002
  0.36738831476138234        4.7976232722304335E-002
  0.27147195316136169        6.5191784758076146E-002
  0.23131209352695792        6.2451256859090268E-002
  0.21675947180787691        8.2339747719577638E-002
  -3.0922896646463374E-002  0.18849306004408550     
   1.8531851905265198E-002  0.20000520977718561     
  -9.4937391690759237E-002  0.19102871679253400     
  0.16395969527031271       0.21606207179078721     
  0.20286373695859738       0.22397928138036893     
  0.10156023298680909       0.21680856679272215     
   7.5552235409596061E-002  0.23013724365828847     
  0.54939340900362188       -9.8763709137592026E-004
  0.64673421609452586       -4.1869643802628563E-004
  0.68900010881440998        2.6979917087478181E-003
  0.58810660719335517       -2.0610140261236542E-002
  0.47479981009058814        1.2452667861203354E-003
  -5.7329941566507434E-002  -3.1242440398636237E-003
   5.5137715391616382E-002   2.6230552523900720E-003
  -7.5865021339883404E-002   2.6299998063288428E-002
  -5.9529390502104096E-003   1.8192433725313806E-002
  -5.8350116549280295E-002   4.3737613825485785E-002
  0.13551915280555643        2.2100578287264510E-002
   3.0115431801318648E-002   3.8172727753038857E-002
  0.30484050639701288        3.4166946097695702E-002
  0.17091244264818911        3.9101947776732475E-002
   5.5120277539098664E-002   3.1988908536078074E-002
   3.7012149834386221E-002   1.7970343024593889E-002
   4.8215901253378934E-003   4.5846785742042269E-002
  0.82668051335193671        4.4944733756782226E-003
  0.84599541445550930        4.1619556586150374E-005
  0.85064206632573713        1.0181072196445450E-004
  0.84173351005736297        9.7886086240164469E-004
  0.91207160670676246        1.4547404301936036E-003
  0.42434158646935249       -6.6559077245274684E-002
  0.31168142734696591        1.2596067335274474E-002
  0.49313235285037271        7.0879289311199635E-003
  0.49018780495016634        6.6438648602652759E-003
  0.44817034736861372       -5.4175284405365660E-003
  0.28600843457857922        2.9433060817074527E-002
  0.30169891274295407       0.16996716393424466     
  0.33071461630667276       0.16878339842997775     
  0.24029427952175009       0.17779457800968479     
  0.20655376141964327       0.19331008144297543     
   1.2021616888803460E-002  -1.3529777179666987E-003
  0.24850392984473635       -1.1808690353571833E-003
  -3.6796545978404760E-002   7.4402037411422828E-004
  -1.8492611065455189E-002   7.6328347695225137E-004
  0.73131338074393470        2.6846181032148721E-003
  0.56671936315623106        1.0945867007753183E-002
  0.76247995532329793        2.3432810183311586E-003
  0.76444977563664773       -3.2395965922499021E-004
  0.74820502242030573       -4.8797874420135490E-003
  0.86153820964611527       -5.2858658594888007E-004
  0.43644243826729801       -6.5629287989389468E-002
  0.31719431105646667        3.7236779886469638E-002
  0.54108664172835885        2.3331244339242788E-002
  0.51074028808788929        5.3890500421188120E-002
  0.45976288934493237       -2.5957776823408510E-002
  0.33272335230371275        1.1119219847883991E-003
  0.31526510327040491        4.7128949035861690E-003
  0.34899603748849595        9.8461162684642806E-002
  0.25924564288595198       0.13174878465105111     
  0.35150028795846633        7.6485740926834231E-002
  0.32663710864542961       0.10454917800673171     
  0.44309188362742813       0.11754210326410783     
  0.22046130301285002       0.11888509311478077     
  0.38411245298310986        9.7090992999645923E-002
  0.35361937598522053       0.10509869906497141     
  0.54962201926526688        8.2660410074114427E-002
  0.69764094730102177        5.3228857593158180E-002
  0.62265428637409337        7.3020605151964693E-002
  0.57080573453700367        7.8166746204510071E-002
  0.65019641283153184        9.1071406014058096E-002
  0.47356925190397897        9.4915412526753465E-002
  0.40031696180237952       0.12187381817133008     
  0.82929889605438756        9.4451464532240188E-003
  0.88255474519189581        1.1453759532210719E-003
  0.87012335238059757        3.0972946582373577E-004
  0.84739464722279023        4.0459565148590155E-003
  0.89065942546475441       -2.9440414659286200E-003
   6.8219358081366324E-002   8.9833006876898162E-003
  -6.0578377056798915E-002  -1.3661553311033220E-002
  0.12152431888139859       -8.8073565653271145E-004
  -7.9510368921817981E-002   4.9149835120062069E-003
  -7.3486866302936105E-002  -2.4785332552559099E-003
  -3.4143846113474041E-002  0.13246439172701949     
  0.14250786722952416       0.11013581044319495     
  0.32567742234898689       0.11128465476742398     
  0.17586811663140886       0.11089543821439511     
   7.7213898909667053E-002  0.11116968048219136     
   4.4756153351427908E-002  0.10889889671508828     
   4.2589345942057488E-002  0.12766311865842941     
  -4.1545396424692849E-003   7.5380639790021020E-002
   4.2037309663884498E-002   5.4533390711802091E-002
  -8.3416260032478012E-002   6.4489324284025470E-002
   4.7480758470646561E-002  0.19590597892690828     
   8.9561848033142891E-002  0.20224077677783442     
  -1.4097558871414603E-002  0.19946131417052668     
  -6.5107252054070197E-002  0.21899558070053621     
  -3.8203193234376320E-002  0.20788173597004292     
  -5.5580860431423594E-002  -8.5020807505557317E-004
  -1.9931894852832643E-003  -5.1013352026934482E-003
  -6.0242721808786891E-002  -2.5845571095877728E-003
   6.4981804711383234E-002   4.6924016013175840E-003
  0.56891108032949866        2.4799101011279450E-002
  0.44426878268878051        8.4751966823167141E-004
  0.61282757684854272       -1.8370760649632202E-002
  0.61415473894211570       -1.0370612665447969E-002
  0.58832496724362204       -6.4404368176136234E-003
  0.39810846055365706        2.5476774128805581E-002
  0.59776432416953695       -5.3442707312885435E-003
  0.46196557361133583        3.7478703672659777E-002
  0.65645535880486983       -2.1772687804446937E-003
  0.64791580290564577        1.0759656352642602E-003
  0.61758270905800017        4.2652573153633314E-002
  0.43331167168902363       -3.3462569972034603E-002
