 cosx vtec
  0.19333708936987865        3.1388095203105523E-002
  0.28416901808574452        1.1266557126342261E-002
  0.25237466920056650        1.6147304182509994E-002
  0.21355575420134909        2.6590208887822465E-002
  0.30892977521726661        2.7965496839924199E-002
   7.5550498539235345E-002   4.8858144319178523E-002
  -3.6494911687282028E-002  -9.6162401822252549E-004
  -2.7956808632793984E-002  -3.1685733285309186E-004
  -6.7087322722211740E-002   7.5567409252068395E-005
   2.3855584491740855E-002   3.9073304018642291E-003
  -7.4988730744400822E-002  -7.3190681211835254E-004
  0.87351304611060510       0.10729922832570163     
  0.84603373200773213       0.12261495911962182     
  0.85369288756256712       0.10407521999405821     
  0.90711233918702039        7.9455081797138630E-002
  0.84898378556525134       0.11227182130513493     
  0.10136413379781793       0.23299099210043162     
  0.16347621133505091       0.23848472930534723     
   1.1342954927624115E-002  0.24579306243113461     
   8.5820027463679137E-003  0.24387617783107565     
  0.17890294090807096       0.23595003965126718     
  0.42108106255406919        1.5687779507678255E-003
  0.47986952395131599        2.7623175054397550E-003
  0.45244975019419598        4.0197458449612528E-003
  0.37025721397514860       -4.7835043372671920E-004
  0.52465169055832983       -3.4377783499088652E-003
  -7.6483851465176889E-002  -1.1527491207212459E-004
  -7.3866870749964397E-002  -1.3811317215394021E-003
  0.67198164136813476       0.18163321329719903     
  0.62734180824401986       0.18364688198242726     
  0.65099228371054074       0.17466758563093754     
  0.63348275333696424       0.17416515867053778     
  0.81164360883402997       0.15282663361311893     
  0.72898820403457254       0.18282056158905738     
  0.78398495371022925       0.16106935157295429     
  0.81578784187690889       0.15907872351079722     
  0.71990285947106247       0.19583999216562853     
  0.85989554517746236       0.15789407856856472     
  0.79281648951031003       0.15939434382024795     
  0.17066664822779615        5.2849905566731969E-002
  0.19698361377269957        3.8106920053663500E-002
   9.1524179733434019E-002   6.3276848475789002E-002
  0.33452334369744252        7.0919116972806243E-002
  0.14054263240302928       0.10519336145341916     
  0.24414192366254020        5.0497807114577992E-002
  0.29541187982358286       0.10388572255787835     
  0.10948100972744518        5.3512534605510184E-002
  0.15458030545723594        7.5890816554633062E-002
  0.39576845123282034        6.5135368128468984E-002
  -1.3650462036510935E-002   6.0586009130342254E-002
  0.27276430433533938        7.1904269094688437E-003
  0.34709953856150561       -4.0428397746459149E-004
  0.33890544418185609        8.0264766956408590E-004
  0.30545914008904984       -4.8977605447199585E-004
  0.42572916410453526       -4.6278575108834206E-003
  0.49004143891938712       -1.1004490245101013E-003
  0.49446898091417679       -8.3599036980587562E-005
  0.64640157914862872       -7.6881997226430749E-004
  0.44760294002929324       -1.8436084074217239E-004
  0.52381675952693607        8.0550389157429145E-004
  0.44219365683915490        9.8471546486337408E-004
  0.58126169619930934       -6.6271548454806327E-004
  0.88141726484019145        9.8655685494388690E-002
  0.79620276003690749       0.13308650335389738     
  0.91885136297624359        5.5964969898950119E-002
  0.86004784792984323       0.10687066290385225     
  0.89827915585175644       0.10745699758102502     
  0.79267011531259590       0.13555866064375602     
  0.90814965029780415        9.3728464902475037E-002
  0.87086296523712514       0.10544067617861003     
  0.14181923944581665       -1.9673738106778019E-003
  0.21832750245641952        3.1601492638171458E-003
  0.20135461261166510       -3.5944424831929598E-003
  0.16538634868376306       -4.0640839485871225E-003
  0.29351825843272639        8.8320842817718771E-003
  0.29224279790650642        4.4498150413293282E-003
  0.30764005942076078        1.7487307358282290E-002
  0.19652634765705884        4.1352447010887541E-002
  0.43491154053911729        2.9894771136291815E-002
  0.26234770470275698        4.3363388991551628E-002
  0.34525641594943374       -3.1374722056225199E-002
  0.42805472662651206        4.4487769866509388E-002
  0.23590496520710894        9.1331953273705319E-003
  0.27617978196563203        3.6179897849154104E-002
  0.44504061056965888        1.7362169594392445E-002
   6.5053562829352818E-002   2.1612762921603676E-002
  0.99749288711585749        3.9713315750270527E-003
  0.97472944902944125        1.5067994553094507E-004
  0.98045055938146874       -6.6718014027117778E-004
  0.99444880178104700        4.4953568808341338E-003
  0.99147549523510248       -1.1062818537919612E-003
  0.99989818212100046       -4.5443046438902509E-003
  0.44718513501191914        6.7539068959038440E-002
  0.47092882491482407        5.4977674025444352E-002
  0.45195307849002087        5.8772998018942098E-002
  0.26069472119239351        7.7012684142695968E-003
  0.34016268639399672        2.1670522914370286E-003
  0.31829695788871892        1.8489583781809297E-003
  0.28275354066164482        4.0539128396376491E-003
  0.37393693592223848        1.1603254861881261E-002
  -9.1111459550758389E-002  -4.1639714671229781E-003
  -9.9550911023885136E-002  -1.2944937963955926E-003
  0.29247175516028895        5.2825112062993246E-004
  0.11156708873370277       -2.3291142227196697E-004
  0.30593364131846223       -1.0360885492778609E-003
  0.32210835171244995        2.9107282886670050E-005
  0.37425130075624052       -2.7870839953360914E-003
  0.21115842838414947        1.0504469837238101E-003
  0.12693274447824149        1.2428388263224378E-003
  0.13477567793702341       -2.6804108066335843E-004
   1.9760086587530146E-002   5.3309663252945824E-003
   9.6843011579063554E-002  -1.7674594537552189E-004
  0.17537049821221132        1.4058700887975260E-003
   8.7868594723370663E-002   3.4385848994467221E-003
  0.11917734007142322        7.1561491682741601E-004
  0.33294369581416683       -1.9313477136490538E-003
  -2.9053058064207049E-002   4.6256906650562378E-004
  -8.9996850121985439E-002  -9.0239836387568228E-003
  -4.3654609473276929E-002  -1.6801410417189593E-004
  -4.6612366994715437E-002   3.3360350109583664E-003
  -9.2808313291368905E-002   4.1850298004085691E-003
  0.45605388368538302       0.15366162381360923     
  0.55342696467200103        9.2524625267465410E-002
  0.48240156275316198       0.11551612918117631     
  0.54963270456907221       0.16378948154012907     
  0.54947028654558949       0.16060041294835464     
  0.31940326928595936        7.8589178373334942E-004
  0.32785303680121064        8.1466062100912489E-003
  0.19443438939030167       -1.6584863994053397E-002
  0.49660387430880609       -1.3931294641972591E-003
  0.28827113664197079        5.5444735493517883E-003
  0.36162889042643170        9.1762047814772235E-003
  0.27389981314810125       -1.2828109273727184E-002
  0.30247206494615675        3.2156347579018912E-003
  0.45097246516729067       -1.6253284049114482E-003
   8.4718383866558389E-002   7.0115968919918338E-003
  0.15693113947807891       0.12439328161424504     
   7.7308608313620131E-002  0.12268714835724899     
  0.28690124706316300       0.13250280893800487     
  0.13811212174297921       0.14929554268333578     
  0.12089196859293588       0.12294461422415401     
  0.22366818944973596       0.13888483793408246     
  0.13498184609372732       0.16177407630208820     
  -6.9495389649729289E-002  0.14745223535839036     
  0.33222038086119521       -9.8763709137592026E-004
  0.34507327902969942       -4.1869643802628563E-004
  0.35931009387176682        2.6979917087478181E-003
  0.40828799577377212       -2.0610140261236542E-002
  0.24900697049916776        1.2452667861203354E-003
  0.17828064585918435        1.2527483998860428E-003
  0.13559306020863188       -1.7301745083221845E-004
  0.21727823992441109       -3.1242440398636237E-003
  0.13778449570518736       -1.7347450135841900E-003
  0.35420879247346188        2.6230552523900720E-003
  0.27835713006075230        4.4944733756782226E-003
  0.35880559817839436        4.1619556586150374E-005
  0.35378106204788284        1.0181072196445450E-004
  0.31961190846539672        9.7886086240164469E-004
  0.45569914293888053        1.4547404301936036E-003
  0.12664381849512624        2.6846181032148721E-003
  -3.7036218556218969E-002   1.0945867007753183E-002
  0.20282969678023693        2.3432810183311586E-003
  0.19547169673079012       -3.2395965922499021E-004
  0.15966334749816147       -4.8797874420135490E-003
  0.34035614539000492       -5.2858658594888007E-004
  0.83110756804350583        9.8461162684642806E-002
  0.74915312498306763       0.13174878465105111     
  0.86353188396329306        7.6485740926834231E-002
  0.80897116161062732       0.10454917800673171     
  0.86510569877152199       0.11754210326410783     
  0.74917999082139608       0.11888509311478077     
  0.86169642376589983        9.7090992999645923E-002
  0.82242356597696209       0.10509869906497141     
   3.8953221800215321E-003   8.2660410074114427E-002
  0.13800669243129327        5.3228857593158180E-002
   7.3111570585042085E-002   7.3020605151964693E-002
   2.2810084215161675E-002   7.8166746204510071E-002
  0.14972401623802117        9.1071406014058096E-002
  -6.9053027466267181E-002   9.4915412526753465E-002
  0.30730230945163445        9.4451464532240188E-003
  0.38194447403361342        1.1453759532210719E-003
  0.36566723966933945        3.0972946582373577E-004
  0.33174105652106639        4.0459565148590155E-003
  0.42220286018266195       -2.9440414659286200E-003
  0.12497972827464099       0.22365486852961142     
  -4.1598203575189452E-002  0.24673764574183799     
   1.7193951652325123E-002  0.28070750620823104     
  0.23237394351708579       0.13561832585111258     
  0.14459631079186153       0.14488049082489490     
  0.33354371211310863       0.14099650179983431     
  0.20913087070196640       0.14005128467219471     
  0.19241046147548274       0.12712883641484735     
  0.27868054078679411       0.14563795754615758     
  0.20778149804762847       0.14434854905661090     
  -8.8825624302967976E-002   8.4916412160106983E-004
  -8.7113408804735393E-002  -5.4668864384596884E-005
  -2.9879600330560613E-002   2.9710001599958600E-004
  0.39295598582758923       -8.5020807505557317E-004
  0.35440324324371830       -1.5506346889086720E-004
  0.42812481942328534       -5.1013352026934482E-003
  0.34989051647205649       -2.5845571095877728E-003
  0.50096046176186393        4.6924016013175840E-003
  -8.6588682249482851E-002   2.4799101011279450E-002
  -3.2468449463842197E-003  -1.8370760649632202E-002
  -1.2780434773212668E-002  -1.0370612665447969E-002
  -5.5736589508432688E-002  -6.4404368176136234E-003
  -5.7390469050713711E-002  -5.3442707312885435E-003
   2.6242261496910391E-002  -2.1772687804446937E-003
   9.9864809870537363E-003   1.0759656352642602E-003
  -3.1813574239454856E-002   4.2652573153633314E-002
