 cosx vtec
  0.34471953405099109        3.1388095203105523E-002
  0.43857400002537483        1.1266557126342261E-002
  0.40491133662510537        1.6147304182509994E-002
  0.36560112780738285        2.6590208887822465E-002
  0.45345943575566239        2.7965496839924199E-002
  0.22394324681558159        4.8858144319178523E-002
  -9.3811257603194059E-002   3.9073304018642291E-003
  0.87917897747107310       0.10729922832570163     
  0.84999388571082335       0.12261495911962182     
  0.87378973374292912       0.10407521999405821     
  0.91533392448306239        7.9455081797138630E-002
  0.85954949054697005       0.11227182130513493     
   7.5685128139293220E-002  0.23299099210043162     
  0.13600834567357387       0.23848472930534723     
   4.2644318367309926E-003  0.24579306243113461     
  -5.1008452627121954E-003  0.24387617783107565     
  0.15661080641433545       0.23595003965126718     
  0.38757474193848368        1.5687779507678255E-003
  0.48945336399803741        2.7623175054397550E-003
  0.43308636684836721        4.0197458449612528E-003
  0.35260634087480885       -4.7835043372671920E-004
  0.50653065597930413       -3.4377783499088652E-003
  -9.2751538124426602E-002  -2.7604670143527199E-003
   7.4466689447416190E-002  -1.1527491207212459E-004
   8.2291005461537448E-002  -1.3811317215394021E-003
   3.9552970133488241E-002   4.4922859168688416E-003
  0.66020874014923159       0.18163321329719903     
  0.61671420541763355       0.18364688198242726     
  0.65546966726717071       0.17466758563093754     
  0.62791904855859781       0.17416515867053778     
  0.76260639936269392       0.15282663361311893     
  0.67521134729699983       0.18282056158905738     
  0.73445244104708174       0.16106935157295429     
  0.78134714618295109       0.15907872351079722     
  0.64654073562495640       0.19583999216562853     
  0.81265288380869405       0.15789407856856472     
  0.74766204319154705       0.15939434382024795     
   2.6422452328100920E-003   5.2849905566731969E-002
   3.5523127218546002E-002   3.8106920053663500E-002
  -7.9706888180254010E-002   6.3276848475789002E-002
  0.16733849157135447        7.0919116972806243E-002
  -2.9174302352798775E-002  0.10519336145341916     
   8.0415591952126830E-002   5.0497807114577992E-002
  0.12503592671373201       0.10388572255787835     
  -5.0907566728873921E-002   5.3512534605510184E-002
  -1.7500398805490536E-002   7.5890816554633062E-002
  0.23675839639107085        6.5135368128468984E-002
  0.43564339861740703        7.1904269094688437E-003
  0.50209726605717875       -4.0428397746459149E-004
  0.49561768526690936        8.0264766956408590E-004
  0.46562147665233417       -4.8977605447199585E-004
  0.57612779147042548       -4.6278575108834206E-003
  0.38938235066007959       -1.1004490245101013E-003
  0.40225260349322106       -8.3599036980587562E-005
  0.54434718305007901       -7.6881997226430749E-004
  0.33632938303980398       -1.8436084074217239E-004
  0.43030061092311500        8.0550389157429145E-004
  0.34976204831595314        9.8471546486337408E-004
  0.48990605907226431       -6.6271548454806327E-004
  0.81246197912609186        9.8655685494388690E-002
  0.71945900114012784       0.13308650335389738     
  0.84167763234467996        5.5964969898950119E-002
  0.78975319926287635       0.10687066290385225     
  0.84473440237272390       0.10745699758102502     
  0.70086974460559337       0.13555866064375602     
  0.84182451360619259        9.3728464902475037E-002
  0.80511182110301260       0.10544067617861003     
  0.30983077312015961       -1.9673738106778019E-003
  0.38444077321098646        3.1601492638171458E-003
  0.36801048978295581       -3.5944424831929598E-003
  0.33311626239053543       -4.0640839485871225E-003
  0.45329040159189593        8.8320842817718771E-003
  0.13472117142519133        4.4498150413293282E-003
  0.15678417380294291        1.7487307358282290E-002
   3.1598254815917881E-002   4.1352447010887541E-002
  0.27834553608737095        2.9894771136291815E-002
  0.10180480018203514        4.3363388991551628E-002
  0.19267131088710548       -3.1374722056225199E-002
  0.26565303255168760        4.4487769866509388E-002
   8.5621226141264967E-002   9.1331953273705319E-003
  0.11090034636309362        3.6179897849154104E-002
  0.29601638222368626        1.7362169594392445E-002
  -9.4524749160821542E-002   2.1612762921603676E-002
  0.98220559707424782        3.9713315750270527E-003
  0.98705904130462829        1.5067994553094507E-004
  0.96375300549962439       -6.6718014027117778E-004
  0.99542150244910099        4.4953568808341338E-003
  0.98135205622384969       -1.1062818537919612E-003
  0.98707046173789492       -4.5443046438902509E-003
  0.45658743849770989        6.7539068959038440E-002
  0.49751745427663646        5.4977674025444352E-002
  0.46742459289580457        5.8772998018942098E-002
  0.41512685305694419        7.7012684142695968E-003
  0.49466040079727008        2.1670522914370286E-003
  0.47226432866022561        1.8489583781809297E-003
  0.43726946939095224        4.0539128396376491E-003
  0.52052179466668191        1.1603254861881261E-002
  -1.0830347577274302E-002  -2.0566632077150596E-002
   7.2614322669952103E-002  -4.1639714671229781E-003
   6.7347286656661676E-002  -1.2944937963955926E-003
   2.0781068837257610E-002  -5.6288340745692606E-003
  0.36792377313653846        5.2825112062993246E-004
  0.21048139814918435       -2.3291142227196697E-004
  0.40526284491922338       -1.0360885492778609E-003
  0.43020578558129896        2.9107282886670050E-005
  0.44235837273670814       -2.7870839953360914E-003
  0.28562899204297143        1.0504469837238101E-003
  -7.8722711798454026E-004   1.2428388263224378E-003
   1.4265353655227853E-002  -2.6804108066335843E-004
  -3.5249830367559659E-002  -1.7674594537552189E-004
   5.2633550674875074E-002   1.4058700887975260E-003
  -3.1927854395665367E-002   3.4385848994467221E-003
  -3.4303814110068220E-002   7.1561491682741601E-004
  0.21197754076621039       -1.9313477136490538E-003
  -1.4080625541858349E-002   1.7706911728363754E-002
   8.2641482745210548E-002  -9.0239836387568228E-003
   6.1365219299206630E-002   2.1763725522982606E-002
   1.1684421836784031E-002  -7.8960665841218552E-003
   3.8662557125130614E-002  -6.3980360992366920E-003
  -5.8370335295687220E-002  -2.4152062409891399E-004
  0.11435420658431872       -1.6801410417189593E-004
  0.11528748057895383        3.3360350109583664E-003
   7.3754917893964878E-002   4.1850298004085691E-003
  0.52902127851910741       0.15366162381360923     
  0.59571996002026029        9.2524625267465410E-002
  0.55717905614252428       0.11551612918117631     
  0.61191603517321846       0.16378948154012907     
  0.60087472724195745       0.16060041294835464     
  -2.7866133123864434E-002   3.7410694713585532E-002
  0.18357946745107373        7.8589178373334942E-004
  0.19901996122733712        8.1466062100912489E-003
   4.4060153881614855E-002  -1.6584863994053397E-002
  0.35862809664064293       -1.3931294641972591E-003
  0.14765073219863201        5.5444735493517883E-003
  0.23116188479349975        9.1762047814772235E-003
  0.14544897322236874       -1.2828109273727184E-002
  0.14810256870996885        3.2156347579018912E-003
  0.32307275341165975       -1.6253284049114482E-003
  -5.4834619481849645E-002   7.0115968919918338E-003
  -9.2913371815810150E-002  0.21606207179078721     
  -6.3311548351895355E-002  0.22397928138036893     
  -1.6905965536504974E-002  0.12439328161424504     
  -9.6144814221694908E-002  0.12268714835724899     
  0.11799837819989636       0.13250280893800487     
  -3.1136510695618236E-002  0.14929554268333578     
  -5.2942178339870527E-002  0.12294461422415401     
   5.4668131752341920E-002  0.13888483793408246     
  -3.7578843473788037E-002  0.16177407630208820     
  0.40683944673269445       -9.8763709137592026E-004
  0.44313371031880000       -4.1869643802628563E-004
  0.46562605848871602        2.6979917087478181E-003
  0.47646786397025781       -2.0610140261236542E-002
  0.32195954702819773        1.2452667861203354E-003
  0.10670978196623329        1.2527483998860428E-003
   5.0904221813396378E-002  -1.7301745083221845E-004
  0.15352486385707187       -3.1242440398636237E-003
   7.7053729632312828E-002  -1.7347450135841900E-003
  0.29042090673996968        2.6230552523900720E-003
  0.43985000075704594        4.4944733756782226E-003
  0.50764569388979353        4.1619556586150374E-005
  0.50499258513080214        1.0181072196445450E-004
  0.47600706780824847        9.7886086240164469E-004
  0.60086588357644777        1.4547404301936036E-003
  -8.2094370829578961E-002  -6.6559077245274684E-002
   1.5034424902257426E-002   7.0879289311199635E-003
   2.4289906481588797E-003   6.6438648602652759E-003
  -5.1955566789148255E-002  -5.4175284405365660E-003
  -2.6632355680776876E-002  0.16996716393424466     
  -2.5916125124421652E-003  0.16878339842997775     
  -8.2181942830814037E-002  0.17779457800968479     
  0.29607469549654836        2.6846181032148721E-003
  0.12428938357274716        1.0945867007753183E-002
  0.36375639543902505        2.3432810183311586E-003
  0.35856503164660247       -3.2395965922499021E-004
  0.32632258305803447       -4.8797874420135490E-003
  0.49749343170780924       -5.2858658594888007E-004
  -6.8640186688562699E-002  -6.5629287989389468E-002
   4.8562835801698900E-002   2.3331244339242788E-002
   1.2757027077022309E-002   5.3890500421188120E-002
  -4.4048286750056120E-002  -2.5957776823408510E-002
  0.74076771845226808        9.8461162684642806E-002
  0.65277253419649872       0.13174878465105111     
  0.76666587870810055        7.6485740926834231E-002
  0.71750841743364102       0.10454917800673171     
  0.79263343144494824       0.11754210326410783     
  0.64231589665390043       0.11888509311478077     
  0.77404827513120300        9.7090992999645923E-002
  0.73526175243679359       0.10509869906497141     
  0.15150964657168475        8.2660410074114427E-002
  0.29581688133175982        5.3228857593158180E-002
  0.22507989545643389        7.3020605151964693E-002
  0.17194547079828304        7.8166746204510071E-002
  0.29211426629123088        9.1071406014058096E-002
   7.4220354327535654E-002   9.4915412526753465E-002
   1.0152730878048188E-002  0.12187381817133008     
  0.46307270587358823        9.4451464532240188E-003
  0.53552099650715201        1.1453759532210719E-003
  0.51950123234096690        3.0972946582373577E-004
  0.48697121847152602        4.0459565148590155E-003
  0.56902592995339085       -2.9440414659286200E-003
  -7.9654700134768053E-005  0.22365486852961142     
  -9.6045293786003211E-002  0.28070750620823104     
   6.1328282875711460E-002  0.13561832585111258     
  -2.5471564463694585E-002  0.14488049082489490     
  0.17034067097884917       0.14099650179983431     
   4.5630735885173190E-002  0.14005128467219471     
   2.1818084809820726E-002  0.12712883641484735     
  0.11560168216796235       0.14563795754615758     
   4.0136622735841287E-002  0.14434854905661090     
  0.29065040355234273       -8.5020807505557317E-004
  0.24288077697197460       -1.5506346889086720E-004
  0.33248353455138580       -5.1013352026934482E-003
  0.25589201972193309       -2.5845571095877728E-003
  0.40723280828304054        4.6924016013175840E-003
   8.6336498613751589E-002   2.4799101011279450E-002
  -2.7469798488071961E-002   8.4751966823167141E-004
  0.16302892021469428       -1.8370760649632202E-002
  0.15597163476774578       -1.0370612665447969E-002
  0.11557980109545085       -6.4404368176136234E-003
  -9.8528400519872050E-002   2.5476774128805581E-002
  0.11684334032773902       -5.3442707312885435E-003
  -2.8076807295993877E-002   3.7478703672659777E-002
  0.19775335762085722       -2.1772687804446937E-003
  0.18280165591793640        1.0759656352642602E-003
  0.14209254181047454        4.2652573153633314E-002
  -7.3276365599154514E-002  -3.3462569972034603E-002
