 cosx vtec
  0.61178060775101106        3.1388095203105523E-002
  0.70311979622197540        1.1266557126342261E-002
  0.66881466277347945        1.6147304182509994E-002
  0.63208376476584516        2.6590208887822465E-002
  0.69721152893383953        2.7965496839924199E-002
  0.49601344505914652        4.8858144319178523E-002
  0.81101012772801884       0.10729922832570163     
  0.78109868853914044       0.12261495911962182     
  0.83453051048442295       0.10407521999405821     
  0.84893645974582677        7.9455081797138630E-002
  0.80280248478962513       0.11227182130513493     
   1.8278270955921976E-002  0.23299099210043162     
   6.9635141923479943E-002  0.23848472930534723     
  -1.0062317824414619E-002  0.24579306243113461     
  -3.1590544202616949E-002  0.24387617783107565     
   9.8572837435353486E-002  0.23595003965126718     
  0.28660919997895551        1.5687779507678255E-003
  0.46416633504779919        2.7623175054397550E-003
  0.35587044723530431        4.0197458449612528E-003
  0.28602514241834581       -4.7835043372671920E-004
  0.42513478776419433       -3.4377783499088652E-003
  0.20054992878150094       -2.7604670143527199E-003
  0.36506206576607719       -1.1527491207212459E-004
  0.38243683997930783       -1.3811317215394021E-003
  0.35686601958742059        4.4922859168688416E-003
  0.13309477423282068       -1.2436391499969313E-003
   6.7405217391220573E-002  -4.5297425071958546E-003
  -5.3875844788981497E-002   3.3594982712548912E-003
  0.17598892143417030       -1.0845568661108529E-002
  0.18706222662438549        2.4618362171800252E-002
  0.10671690611164558       -3.8686800322529163E-002
  -8.1061406393581739E-002   4.1191537438215890E-004
  0.57744983888670054       0.18163321329719903     
  0.54013562521280778       0.18364688198242726     
  0.60514518667133599       0.17466758563093754     
  0.56030338444622652       0.17416515867053778     
  0.59721177042993168       0.15282663361311893     
  0.50836711471658669       0.18282056158905738     
  0.57062259451216579       0.16106935157295429     
  0.64301105446084816       0.15907872351079722     
  0.44370801430631035       0.19583999216562853     
  0.64627711686742451       0.15789407856856472     
  0.59126339804725103       0.15939434382024795     
  -9.7793046862353017E-002   6.5135368128468984E-002
  -3.6147274037025509E-003  0.19077796878947312     
   3.3027482459379913E-002  0.19748407119543368     
  -6.2744776923828766E-002  0.19677924073786038     
  -8.5946163195873851E-002  0.19784547479312053     
  0.71714436682374660        7.1904269094688437E-003
  0.76207882168321261       -4.0428397746459149E-004
  0.75956082776135636        8.0264766956408590E-004
  0.73906654667673277       -4.8977605447199585E-004
  0.82037109392220964       -4.6278575108834206E-003
  0.15598857536835412       -1.1004490245101013E-003
  0.18432643598683901       -8.3599036980587562E-005
  0.29422266922917617       -7.6881997226430749E-004
   8.6816169128202225E-002  -1.8436084074217239E-004
  0.20728361467604675        8.0550389157429145E-004
  0.13614819522871638        9.8471546486337408E-004
  0.26576622408233030       -6.6271548454806327E-004
  0.60333791601534170        9.8655685494388690E-002
  0.50338632425329310       0.13308650335389738     
  0.61373025644203494        5.5964969898950119E-002
  0.58004012543926242       0.10687066290385225     
  0.66305121303818781       0.10745699758102502     
  0.45681864527979915       0.13555866064375602     
  0.63523144339214266        9.3728464902475037E-002
  0.60296189166492931       0.10544067617861003     
  0.61279278062244025       -1.9673738106778019E-003
  0.67693185222626440        3.1601492638171458E-003
  0.66305280370956576       -3.5944424831929598E-003
  0.63342253086813982       -4.0640839485871225E-003
  0.72707957686268254        8.8320842817718771E-003
  -5.5144486443323926E-002   2.9894771136291815E-002
  -7.8185806725607571E-002   4.4487769866509388E-002
  -2.4213686366422144E-002   1.7362169594392445E-002
  0.86347083794860802        3.9713315750270527E-003
  0.92228099419114440        1.5067994553094507E-004
  0.84390555115814891       -6.6718014027117778E-004
  0.90752019842312626        4.4953568808341338E-003
  0.87286511337057482       -1.1062818537919612E-003
  0.87274115109639749       -4.5443046438902509E-003
  0.43390835363477415        6.7539068959038440E-002
  0.50499569697100932        5.4977674025444352E-002
  0.45572168059900048        5.8772998018942098E-002
  0.68184176655447570        7.7012684142695968E-003
  0.75432815324011182        2.1670522914370286E-003
  0.73290831168597237        1.8489583781809297E-003
  0.70215149625525553        4.0539128396376491E-003
  0.76227078338414178        1.1603254861881261E-002
  0.32738827561944128       -2.0566632077150596E-002
  0.21165891514269192       -1.2701386721718732E-002
  0.38853915189411359       -4.1639714671229781E-003
  0.38999580063519068       -1.2944937963955926E-003
  0.35285898692907552       -5.6288340745692606E-003
  0.16491655838846181       -4.6381131940633384E-003
  0.48333737640353519        5.2825112062993246E-004
  0.38631276231389794       -2.3291142227196697E-004
  0.56433620868572187       -1.0360885492778609E-003
  0.60429858337359998        2.9107282886670050E-005
  0.53658900251651398       -2.7870839953360914E-003
  0.40653498793870335        1.0504469837238101E-003
  -4.5406064328639771E-002  -1.9313477136490538E-003
  0.32874479246548044        1.7706911728363754E-002
  0.20662707311292186        8.3064049308213578E-004
  0.41521585655087295       -9.0239836387568228E-003
  0.39799264164223502        2.1763725522982606E-002
  0.35284068979992722       -7.8960665841218552E-003
  0.19044271423565357        8.2147199687336817E-002
  -7.5878317925010208E-002  0.16086609414302988     
  -3.8500511987862904E-002  0.16159190962225733     
  0.37038735966610531       -6.3980360992366920E-003
  0.24764694832772308       -2.4152062409891399E-004
  0.41525260964508465       -1.6801410417189593E-004
  0.42376551007767521        3.3360350109583664E-003
  0.39516551437726449        4.1850298004085691E-003
  0.62500525821014363       0.15366162381360923     
  0.62526892689731162        9.2524625267465410E-002
  0.65418755015216556       0.11551612918117631     
  0.67937690008273077       0.16378948154012907     
  0.64790462210840760       0.16060041294835464     
  -7.9736015627572834E-002   8.7806748522432240E-002
  0.18959687228135183        4.9557197440978550E-002
  0.29537468667514816        3.7410694713585532E-002
  0.21494568369450612        4.7976232722304335E-002
  0.11824790807211281        6.5191784758076146E-002
   6.9369073284772251E-002   6.2451256859090268E-002
   6.5336933011254220E-002   8.2339747719577638E-002
  -7.2689286614052870E-002   8.1466062100912489E-003
   5.4509755944370984E-002  -1.3931294641972591E-003
  -4.6665751447957204E-002   9.1762047814772235E-003
   4.2008556557968604E-002  -1.6253284049114482E-003
  -9.9346327964842121E-002  0.20000520977718561     
   7.9886561646859353E-002  0.21606207179078721     
  0.11677909893780690       0.22397928138036893     
   1.8872020039533803E-002  0.21680856679272215     
  -4.8128921954082244E-003  0.23013724365828847     
  0.51710108290693713       -9.8763709137592026E-004
  0.59629098208096998       -4.1869643802628563E-004
  0.63301406605494970        2.6979917087478181E-003
  0.56776416572233612       -2.0610140261236542E-002
  0.43659757617356115        1.2452667861203354E-003
  -4.3885753591698107E-002   1.2527483998860428E-003
   1.4102636073957672E-002  -3.1242440398636237E-003
  -4.9515107598921429E-002  -1.7347450135841900E-003
  0.13857854135281414        2.6230552523900720E-003
  -3.3574438367950175E-002   2.2100578287264510E-002
  0.13715361389973829        3.4166946097695702E-002
   1.4652243187293960E-003   3.9101947776732475E-002
  0.71824107865200504        4.4944733756782226E-003
  0.75499844634537838        4.1619556586150374E-005
  0.75725552842284238        1.0181072196445450E-004
  0.74109515248371138        9.7886086240164469E-004
  0.83257225609576346        1.4547404301936036E-003
  0.26175566501949105       -6.6559077245274684E-002
  0.15114867704332438        1.2596067335274474E-002
  0.34254379747549346        7.0879289311199635E-003
  0.33615178669890328        6.6438648602652759E-003
  0.28852259430073979       -5.4175284405365660E-003
  0.11966311292591274        2.9433060817074527E-002
  0.19712489097135086       0.16996716393424466     
  0.22532206368441804       0.16878339842997775     
  0.13582947879801435       0.17779457800968479     
  0.10408166208117869       0.19331008144297543     
  0.11424299996554746       -1.1808690353571833E-003
  0.60307347821183066        2.6846181032148721E-003
  0.43082412620795013        1.0945867007753183E-002
  0.64789827861904170        2.3432810183311586E-003
  0.64744277334431155       -3.2395965922499021E-004
  0.62513302277380944       -4.8797874420135490E-003
  0.76210450077601954       -5.2858658594888007E-004
  0.27470572429104373       -6.5629287989389468E-002
  0.14863904672348241        3.7236779886469638E-002
  0.38699075796573901        2.3331244339242788E-002
  0.35379740259400727        5.3890500421188120E-002
  0.29919852959326443       -2.5957776823408510E-002
  0.16704815057954930        1.1119219847883991E-003
  0.14576761008501052        4.7128949035861690E-003
  0.49599327923138375        9.8461162684642806E-002
  0.40403998664181173       0.13174878465105111     
  0.50670062413065342        7.6485740926834231E-002
  0.47262100062413709       0.10454917800673171     
  0.57837140202108450       0.11754210326410783     
  0.37387838352295916       0.11888509311478077     
  0.53157253825209494        9.7090992999645923E-002
  0.49724362709238001       0.10509869906497141     
  0.42858235232740116        8.2660410074114427E-002
  0.57995063923387469        5.3228857593158180E-002
  0.50409004468545859        7.3020605151964693E-002
  0.45017015430376822        7.8166746204510071E-002
  0.54621076151647996        9.1071406014058096E-002
  0.34971690590079241        9.4915412526753465E-002
  0.27735893613885509       0.12187381817133008     
  0.72809731877553108        9.4451464532240188E-003
  0.78968749248354675        1.1453759532210719E-003
  0.77562031324802738        3.0972946582373577E-004
  0.74877540795221720        4.0459565148590155E-003
  0.80686756160708983       -2.9440414659286200E-003
  -5.1536796638173787E-002  -8.8073565653271145E-004
  -8.9394127769262983E-003  0.11013581044319495     
  0.17318848226310812       0.11128465476742398     
   2.3594098956616592E-002  0.11089543821439511     
  -7.3249379265424533E-002  0.11116968048219136     
  -6.7750783722324667E-002  0.19590597892690828     
  -2.7776854309589788E-002  0.20224077677783442     
   6.2922278305965557E-002  -8.5020807505557317E-004
   1.3092003803943325E-003  -1.5506346889086720E-004
  0.11410689811583523       -5.1013352026934482E-003
   4.7661917258984374E-002  -2.5845571095877728E-003
  0.18588064280184360        4.6924016013175840E-003
  0.41914245040250553        2.4799101011279450E-002
  0.29435758498302167        8.4751966823167141E-004
  0.47581810187890944       -1.8370760649632202E-002
  0.47427496469921560       -1.0370612665447969E-002
  0.44257842358478749       -6.4404368176136234E-003
  0.23810367139425864        2.5476774128805581E-002
  0.44947414658277268       -5.3442707312885435E-003
  0.30625209098892947        3.7478703672659777E-002
  0.51772093297759503       -2.1772687804446937E-003
  0.50668686118449124        1.0759656352642602E-003
  0.47179967595279704        4.2652573153633314E-002
  0.27095402577825478       -3.3462569972034603E-002
