 cosx vtec
  0.51825056186470042       -9.6162401822252549E-004
  0.48964370116748063       -3.1685733285309186E-004
  0.50233972657820614        1.2930267714109428E-003
  0.51735476513554757        7.5567409252068395E-005
  0.53281949334251510        3.9073304018642291E-003
  0.45805687045658805       -7.3190681211835254E-004
  0.43160647470660035       -5.0381838196475351E-004
  0.35886507957292180       -1.4334823602417959E-004
  0.32470164977989052        9.1280395362138908E-005
  0.33772367978282608        2.6484931139093269E-003
  0.17356623258661849        2.4790802105653944E-003
  0.10394368973987198        4.0766235908728171E-004
  0.35598306590854567       -1.5515789069554193E-003
  0.38592659875708113       -3.5281456368758475E-003
  0.29008657590700004       -1.1035258684171378E-003
  0.26857595178921340        4.7901094501673130E-004
  0.47794521142201329       0.10729922832570163     
  0.46964851259512364       0.12261495911962182     
  0.40287180368565878       0.10407521999405821     
  0.48601638734220154        7.9455081797138630E-002
  0.44220683885585133       0.11227182130513493     
  0.17164443035713095       0.23299099210043162     
  0.21529804827765767       0.23848472930534723     
   3.7757624732481600E-002  0.24579306243113461     
   6.5302766819029495E-002  0.24387617783107565     
  0.20134765202166893       0.23595003965126718     
  0.39025700700401422        1.5687779507678255E-003
  0.23401435802931436        2.7623175054397550E-003
  0.34592687279498385        4.0197458449612528E-003
  0.29104839670078902       -4.7835043372671920E-004
  0.38201780566542959       -3.4377783499088652E-003
  0.10845668107258025        1.7863194930720187E-002
   1.2785799119358343E-002   1.9575283317887330E-002
  -8.4915917049551703E-002   1.6668697761839574E-002
   5.8488662106936151E-002   2.5127913673000962E-002
  -1.8800332806615166E-002   1.0602088710713380E-002
  -4.2063992007786044E-002   1.3917213258329682E-002
  0.43884096004959156       0.18163321329719903     
  0.40808634594916138       0.18364688198242726     
  0.35506826217066673       0.17466758563093754     
  0.38928284677181346       0.17416515867053778     
  0.68364429617392453       0.15282663361311893     
  0.65696284117588521       0.18282056158905738     
  0.66990436188775337       0.16106935157295429     
  0.62163826796528066       0.15907872351079722     
  0.73813169462630590       0.19583999216562853     
  0.70350958483335946       0.15789407856856472     
  0.65567554587635335       0.15939434382024795     
  0.83949959080921588        5.2849905566731969E-002
  0.82569549384947405        3.8106920053663500E-002
  0.80807805803924260        6.3276848475789002E-002
  0.93013927468763113        7.0919116972806243E-002
  0.82962172506282172       0.10519336145341916     
  0.86284342774906342        5.0497807114577992E-002
  0.92169762880360540       0.10388572255787835     
  0.77058564485515912        5.3512534605510184E-002
  0.84813186729410206        7.5890816554633062E-002
  0.92933930353257965        6.5135368128468984E-002
  0.72875452982415578        6.0586009130342254E-002
  0.72620483740394970       -1.1004490245101013E-003
  0.69150927150778974       -8.3599036980587562E-005
  0.82238727058733618       -7.6881997226430749E-004
  0.74859558779425339       -1.8436084074217239E-004
  0.71414067210991372        8.0550389157429145E-004
  0.66236033138548966        9.8471546486337408E-004
  0.73768455256807008       -6.6271548454806327E-004
  0.18519352254362487        5.8068373183961623E-002
   8.3500662229310241E-002   6.6928927599418278E-002
  -5.1817791049972459E-002   7.8420673010781289E-002
  -6.8089651032651743E-003   6.1524758571879119E-002
  0.12645687569505720        6.3733997491919478E-002
   6.3126294192104998E-002   4.5257741978062357E-002
  0.22590317316056530       0.10812904251234406     
   3.6765113111994929E-002   6.0545584113714725E-002
  0.81168576890771382        9.8655685494388690E-002
  0.79698068415101464       0.13308650335389738     
  0.86949455850257373        5.5964969898950119E-002
  0.80529052062227202       0.10687066290385225     
  0.75341113200966481       0.10745699758102502     
  0.86136855551910851       0.13555866064375602     
  0.81547457025055170        9.3728464902475037E-002
  0.79147395986190838       0.10544067617861003     
  0.86316644585495250        4.4498150413293282E-003
  0.84262594367597932        1.7487307358282290E-002
  0.84072947024542399        4.1352447010887541E-002
  0.94109475265200004        2.9894771136291815E-002
  0.85928211607534033        4.3363388991551628E-002
  0.87191262163037497       -3.1374722056225199E-002
  0.96289081645328400        4.4487769866509388E-002
  0.79879920649556335        9.1331953273705319E-003
  0.88814125918001197        3.6179897849154104E-002
  0.91365639086900063        1.7362169594392445E-002
  0.74143130930387435        2.1612762921603676E-002
  0.64176335350825942        3.9713315750270527E-003
  0.50682574736794250        1.5067994553094507E-004
  0.63817227946304489       -6.6718014027117778E-004
  0.56828014064048027        4.4953568808341338E-003
  0.61551854047370058       -1.1062818537919612E-003
  0.63229791608320229       -4.5443046438902509E-003
  0.21599659677052660        6.7539068959038440E-002
  0.15385040756538532        5.4977674025444352E-002
  0.19196765635283874        5.8772998018942098E-002
  -8.4970891671001469E-002  -2.7870839953360914E-003
  0.63651708040794275        1.2428388263224378E-003
  0.60922761331273356       -2.6804108066335843E-004
  0.62667781353567298        5.3309663252945824E-003
  0.63848319790874886       -1.7674594537552189E-004
  0.64242347757246143        1.4058700887975260E-003
  0.57907080296350222        3.4385848994467221E-003
  0.74569656116820882        7.1561491682741601E-004
  0.72533718003948966       -1.9313477136490538E-003
  0.54311582521772084        4.6256906650562378E-004
  0.34419780028520752       0.26215514191980205     
  0.34041670145752934       0.25579646739042927     
  0.37276589446618158       0.25371490527562868     
  0.20481542421315707        4.5253359407055623E-004
  0.15861699079985683        9.6129781111855802E-004
  0.17913699250979281       -3.0777218663015225E-003
   2.8845189438624214E-002   1.1174027867113141E-003
  -9.8215613418370651E-003   4.3087592295885479E-004
  0.20168955908602473       -2.2641791912794453E-003
  0.24590687571527881       -1.7650548315984085E-003
  0.11960652026856179        8.1385757764911872E-004
   9.9967462006797528E-002  -4.3943034735775886E-004
  0.67479335841127441       0.13828575727672404     
  0.61274498806625355       0.13496985917050677     
  0.63998253494351276       0.17457448895407282     
  0.64169304091215795       0.13312764346030101     
  0.64800415660003707       0.13731931094613789     
  0.55739463357014685       0.14286392655987321     
  -5.9312820915847650E-002  0.15366162381360923     
  0.13207074187532786        9.2524625267465410E-002
  -5.2127889572349442E-002  0.11551612918117631     
   4.1699284508752793E-002  0.16378948154012907     
   8.9597710531836156E-002  0.16060041294835464     
  0.15528985621000171        1.3401480297468547E-003
   9.3137033343269032E-002  -2.2287743463634928E-003
  -5.6744979872199647E-002   4.6502114942599477E-003
  -5.4610590960519977E-002  -5.4593737072498264E-003
  0.17824906876312502       -2.8915610890522516E-003
  0.16349572139863899       -3.4230545147837048E-003
   5.9684146513714592E-002  -3.1479813156236563E-003
   3.8796915084236744E-002   1.0378312096303243E-003
  0.78308516801927097        7.8589178373334942E-004
  0.75711086073712652        8.1466062100912489E-003
  0.77532102428640504       -1.6584863994053397E-002
  0.89460488233901603       -1.3931294641972591E-003
  0.78632038962677420        5.5444735493517883E-003
  0.78376593572862985        9.1762047814772235E-003
  0.72436013167262059       -1.2828109273727184E-002
  0.85515058324739401        3.2156347579018912E-003
  0.82388150153604822       -1.6253284049114482E-003
  0.66441254151443652        7.0115968919918338E-003
  -2.7098691454017262E-002  0.24981006337795672     
  -2.0106802387122757E-002  0.24906902391523478     
   3.7371307864464659E-002  0.25112652606919900     
  0.85723371726623532       0.12439328161424504     
  0.80969705552640248       0.12268714835724899     
  0.91029901105348277       0.13250280893800487     
  0.82615641275831986       0.14929554268333578     
  0.83647048864776463       0.12294461422415401     
  0.87432022495666550       0.13888483793408246     
  0.83896515636802194       0.16177407630208820     
  0.71948713787823859       0.14745223535839036     
  -6.5694811465373967E-002  -2.0610140261236542E-002
  -1.9559343376378088E-002  0.24713170551468802     
  0.41838119306751897        1.2527483998860428E-003
  0.45167267828882862       -1.7301745083221845E-004
  0.40634809071801831       -3.1242440398636237E-003
  0.34724401992563880       -1.7347450135841900E-003
  0.48534047515319056        2.6230552523900720E-003
  -2.5533948166477555E-002  -1.9788785958775273E-003
  -2.1327301233653603E-002  -6.3503376515465252E-003
  0.44574506991509771        9.9820059252443555E-003
  0.42462448121693058       -3.7000416006854219E-004
  0.40770935608965564        1.8675346546876515E-002
  0.27400880414215034        1.4043305679535661E-002
  0.43143049389068944        1.3691458398637160E-002
  0.50425955478038431       -3.2657256707119119E-003
  0.37823032157815650        3.4037502207289396E-003
  0.51201385935444343        3.1281954673396055E-002
  0.35686758400770202        1.2257620280420930E-002
  0.87705653603009415        9.8461162684642806E-002
  0.85651841410324325       0.13174878465105111     
  0.92451536622220787        7.6485740926834231E-002
  0.86926473560004813       0.10454917800673171     
  0.81780917447481272       0.11754210326410783     
  0.90278158617895643       0.11888509311478077     
  0.88279423240346799        9.7090992999645923E-002
  0.85803674716749900       0.10509869906497141     
  0.45290065730801582       0.24900590984499346     
  0.62365547959468060       0.22365486852961142     
  0.25097504273527244       0.31946926041257023     
  0.44577895261111189       0.23657501750403848     
  0.53111617704857150       0.27576256098499924     
  0.49661165681545189       0.24673764574183799     
  0.47609309851763731       0.23544226493101264     
  0.22220189875293936       0.16105346369551943     
  0.31845982563073333       0.27503329833987039     
  0.50945171447497051       0.28070750620823104     
  0.88835683859425574       0.13561832585111258     
  0.83350386578540914       0.14488049082489490     
  0.91200957872733157       0.14099650179983431     
  0.84168734366205145       0.14005128467219471     
  0.86334751859398351       0.12712883641484735     
  0.87987332618247749       0.14563795754615758     
  0.85919483422884357       0.14434854905661090     
  0.32589197281636639        8.4916412160106983E-004
  0.28360163941315397       -5.4668864384596884E-005
  0.33234703580773955       -1.3352013552095448E-003
   8.9492214673377729E-002  -4.2244938179285637E-004
  0.33682207290615546       -3.3303824079798957E-003
  0.33342481271167318        2.9710001599958600E-004
  0.25376359026918799        4.4567733278943306E-004
  0.22969822922621042       -2.3710797897497052E-003
  0.67756966582030442       -8.5020807505557317E-004
  0.69603229910135644       -1.5506346889086720E-004
  0.66841935774972294       -5.1013352026934482E-003
  0.61612748060937572       -2.5845571095877728E-003
  0.70191380963076955        4.6924016013175840E-003
  0.40751192022566701        8.3818313049875796E-003
  0.38553321607283575        2.6070822242617044E-003
  0.36716470873719181        1.8072617873496892E-002
  0.24111338881302843        1.3724598829335260E-002
  0.39188260486854737        1.3313824791760968E-002
  0.47385621527134969        2.0056339037771636E-004
  0.33751886856663721        4.3708906987681489E-003
  0.48159544394433829        3.5249432613144997E-002
  0.31658939424758303        1.1506305277751162E-002
