 cosx vtec
  0.90876294467559227        3.1388095203105523E-002
  0.94950343546324423        1.1266557126342261E-002
  0.93064728226454585        1.6147304182509994E-002
  0.91777556528570647        2.6590208887822465E-002
  0.89993074018107455        2.7965496839924199E-002
  0.86120567602394016        4.8858144319178523E-002
   3.5861981517804065E-004  -1.2897270245265243E-003
   5.5418424264843669E-003  -1.5853890733796313E-003
   8.6004904942158900E-002   2.7911010227498938E-003
   4.5949025765806839E-003   2.5617719413499748E-004
  -5.2732006576299284E-002   1.3981685127904576E-003
   9.8871370049665841E-002  -5.1007868414364495E-003
  0.25907847032128761       0.10729922832570163     
  0.24226518850438461       0.12261495911962182     
  0.33577082454153717       0.10407521999405821     
  0.28230165731912804        7.9455081797138630E-002
  0.28049357710566464       0.11227182130513493     
  -3.7197311946381005E-002  0.24579306243113461     
  -7.5369615526717615E-002  0.24387617783107565     
  -7.9944620632532132E-002  0.23595003965126718     
  -8.0623698940102434E-002   1.5687779507678255E-003
  0.17902643315892403        2.7623175054397550E-003
   7.7347076387173919E-003   4.0197458449612528E-003
  -3.9074145615667077E-003  -4.7835043372671920E-004
   3.3539034391631972E-002  -3.4377783499088652E-003
  0.75874795816638951       -2.7604670143527199E-003
  0.83621195041126162       -1.1527491207212459E-004
  0.86642412743633601       -1.3811317215394021E-003
  0.89189199402395003        4.4922859168688416E-003
  0.76549153319222474       -1.2436391499969313E-003
  0.50022656286916500        2.0479110461447654E-004
  0.79683253347424365       -4.5297425071958546E-003
  0.66282766583167363        3.3594982712548912E-003
  0.79768383754045846       -1.0845568661108529E-002
  0.83053538856585485        2.4618362171800252E-002
  0.80851420861056400       -3.8686800322529163E-002
  0.66620152764830454        4.1191537438215890E-004
   5.1059405505821109E-002   2.3041674179984772E-003
   4.5696647469885554E-002  -2.7525199677435008E-004
  0.10817166794970057       -1.2724938539822386E-003
   1.7101247560319055E-002  -2.9124891541573404E-003
  -1.0713126731652145E-002   1.6272398366837053E-003
  0.11272045998925917       -1.8118724865727565E-004
  0.34546527204077537       0.16537621692818413     
  0.45765533385299612       0.15934392381651821     
  0.50600810766267379        2.5444023499378923E-002
  0.39702508491040950       0.16245428121964881     
  0.40158222422380774       0.15838180996555629     
  0.37073518899081326       0.16540010551223430     
  0.10781853621900594       0.18163321329719903     
  0.10271607560363463       0.18364688198242726     
  0.19452528309762693       0.17466758563093754     
  0.13303033249904150       0.17416515867053778     
  -6.7232604844794985E-002  0.15282663361311893     
  -7.7227539144453072E-002  0.16106935157295429     
   1.6625040132681068E-002  0.15907872351079722     
  -4.4518994521791366E-002  0.15789407856856472     
  -5.0103790974362072E-002  0.15939434382024795     
  0.48385664274795409       0.19077796878947312     
  0.51780995590381895       0.19748407119543368     
  0.43497118219782183       0.19677924073786038     
  0.40876684029134058       0.19784547479312053     
  0.99459948178076130        7.1904269094688437E-003
  0.96921489353921342       -4.0428397746459149E-004
  0.97680949462866651        8.0264766956408590E-004
  0.98768635209900646       -4.8977605447199585E-004
  0.96356067987356186       -4.6278575108834206E-003
  -7.0287578253714678E-002  0.10745699758102502     
  0.98968646094921375       -1.9673738106778019E-003
  0.99879830970522820        3.1601492638171458E-003
  0.99746589681258135       -3.5944424831929598E-003
  0.99421223020276150       -4.0640839485871225E-003
  0.98237112290571160        8.8320842817718771E-003
  0.17245776113052086        3.9713315750270527E-003
  0.32316676498313301        1.5067994553094507E-004
  0.16003203038731545       -6.6718014027117778E-004
  0.26388187224400139        4.4953568808341338E-003
  0.20018005050913679       -1.1062818537919612E-003
  0.18703158758881250       -4.5443046438902509E-003
  0.16950523368671711        6.7539068959038440E-002
  0.27314252158785540        5.4977674025444352E-002
  0.20516418674600950        5.8772998018942098E-002
  0.94355860827078919        7.7012684142695968E-003
  0.96457693113196530        2.1670522914370286E-003
  0.95588831931563778        1.8489583781809297E-003
  0.94976489408901887        4.0539128396376491E-003
  0.92847570624287412        1.1603254861881261E-002
  0.25733412649864124       0.15621543594884907     
  0.20984877119520923       0.16669204073483934     
  0.37788958582654947       0.15831919765343447     
  0.30441754189026610       0.15216228660618406     
  0.30741589773923100       0.14958327736875440     
  0.27822538411519276       0.15520144799549179     
  0.92374930547075762       -2.0566632077150596E-002
  0.82463825049238249       -1.2701386721718732E-002
  0.90486357810639140       -4.1639714671229781E-003
  0.92066260574598102       -1.2944937963955926E-003
  0.92292739303404314       -5.6288340745692606E-003
  0.82891139151848214       -4.6381131940633384E-003
  -9.6950190584650306E-002  -1.8425442309917390E-003
  -3.6051298084113365E-002  -1.5193500429710259E-003
  -9.2906506355219493E-002  -1.0268789279195456E-003
  0.50389605026074979        5.2825112062993246E-004
  0.58995689695103948       -2.3291142227196697E-004
  0.64280779728992710       -1.0360885492778609E-003
  0.69673721477327355        2.9107282886670050E-005
  0.48348774452528070       -2.7870839953360914E-003
  0.47720412147323232        1.0504469837238101E-003
  0.93475616071908096        1.7706911728363754E-002
  0.86666710073044906        8.3064049308213578E-004
  0.95569874757192297       -9.0239836387568228E-003
  0.95603216523258994        2.1763725522982606E-002
  0.94325146546194460       -7.8960665841218552E-003
  0.86821894372880104        8.2147199687336817E-002
  0.43471289654038392       0.17979436456887404     
  0.54810821442119861       0.16086609414302988     
  0.58150373086678731       0.16159190962225733     
  0.49735255890046237       0.16379153790527184     
  0.50417729931476052       0.16523917677199620     
  0.46993797681810445       0.16719070424129434     
  0.19524305939869840        4.4968026919053892E-003
  0.18245074192686767        4.2981282663374643E-003
  0.25018718744055629        1.4764253058574511E-003
   9.3139043906398156E-002   7.5457911314361602E-003
  0.25086772322060974        8.4268154823119001E-004
  0.93103588512888691       -6.3980360992366920E-003
  0.81114017025188700       -2.4152062409891399E-004
  0.88477070551865655       -1.6801410417189593E-004
  0.90606939330841318        3.3360350109583664E-003
  0.92051469490671134        4.1850298004085691E-003
  0.53230494196008105       0.15366162381360923     
  0.38364005341192109        9.2524625267465410E-002
  0.54941584953192391       0.11551612918117631     
  0.49602509814502149       0.16378948154012907     
  0.43428565142407355       0.16060041294835464     
  0.64129697401016783        8.7806748522432240E-002
  0.80726888695029297        4.9557197440978550E-002
  0.87394883486153008        3.7410694713585532E-002
  0.82506684072292835        4.7976232722304335E-002
  0.75987719317242175        6.5191784758076146E-002
  0.76364614807397924        6.2451256859090268E-002
  0.71437327208521439        8.2339747719577638E-002
  0.29363452226278347       0.20000990441896402     
  0.40403406223711102       0.18849306004408550     
  0.44949973862605941       0.20000520977718561     
  0.34892653515898098       0.19102871679253400     
  0.32445470272242100       0.19544743668399317     
  0.42759055564595316       0.21606207179078721     
  0.46265086587780263       0.22397928138036893     
  0.37817241648133765       0.21680856679272215     
  0.35111245025113752       0.23013724365828847     
  0.50949914152440767       -9.8763709137592026E-004
  0.64578100964620089       -4.1869643802628563E-004
  0.69629929825159320        2.6979917087478181E-003
  0.49274358634217730       -2.0610140261236542E-002
  0.47842852987027729        1.2452667861203354E-003
  0.40949211327266455        1.8930705919911962E-002
  0.38014928920508906        1.1916057871492762E-002
  0.58121346512461947        2.6299998063288428E-002
  0.47237350657385363        3.0246794274645942E-002
  0.63749483567426002        1.8192433725313806E-002
  0.47794025933953993        2.2596442649661611E-002
  0.47117452347928668        3.6811161512725413E-002
  0.42796785436991586        1.8706940296745276E-002
  0.58121355287671594        4.3737613825485785E-002
  0.49381444680787301        5.4220707082015401E-002
  0.72212059909795701        2.2100578287264510E-002
  0.66501795714065526        3.8172727753038857E-002
  0.83709908730936322        3.4166946097695702E-002
  0.74855204198037006        3.9101947776732475E-002
  0.66203159885152341        3.1988908536078074E-002
  0.66237976452503999        1.7970343024593889E-002
  0.61739063871437960        4.5846785742042269E-002
  0.98819087626869750        4.4944733756782226E-003
  0.93733455298823021        4.1619556586150374E-005
  0.94947817269128332        1.0181072196445450E-004
  0.96999862644506096        9.7886086240164469E-004
  0.94167560637054282        1.4547404301936036E-003
  0.90303979330628248       -6.6559077245274684E-002
  0.81547257930646166        1.2596067335274474E-002
  0.90745777011610573        7.0879289311199635E-003
  0.91812906419326745        6.6438648602652759E-003
  0.90907751475410248       -5.4175284405365660E-003
  0.81876588828308672        2.9433060817074527E-002
  0.60124637313953599       0.16996716393424466     
  0.62487187388148391       0.16878339842997775     
  0.55725658572150882       0.17779457800968479     
  0.52593098727674759       0.19331008144297543     
  0.39270480586883172        2.5771873650454365E-003
  0.52182617365335859       -1.3529777179666987E-003
  0.67337918663244190       -1.1808690353571833E-003
  0.40263661489755931        7.4402037411422828E-004
  0.52846530067762409        7.6328347695225137E-004
  0.99379326623503883        2.6846181032148721E-003
  0.90530064230978313        1.0945867007753183E-002
  0.96535734970668452        2.3432810183311586E-003
  0.97573328951690363       -3.2395965922499021E-004
  0.98665323329281285       -4.8797874420135490E-003
  0.97959694916103468       -5.2858658594888007E-004
  0.90848558960074255       -6.5629287989389468E-002
  0.84908233695996405        3.7236779886469638E-002
  0.95447905763678409        2.3331244339242788E-002
  0.94347762951307002        5.3890500421188120E-002
  0.92069896352674863       -2.5957776823408510E-002
  0.84944394085269415        1.1119219847883991E-003
  0.85120078701515178        4.7128949035861690E-003
  0.83817445144101810        8.2660410074114427E-002
  0.93084123208937475        5.3228857593158180E-002
  0.88085012598619439        7.3020605151964693E-002
  0.85171502361386686        7.8166746204510071E-002
  0.84643466549414614        9.1071406014058096E-002
  0.79460320334487267        9.4915412526753465E-002
  0.73929768108649663       0.12187381817133008     
  0.96325729185076325        9.4451464532240188E-003
  0.97020782052944876        1.1453759532210719E-003
  0.96743905643755090        3.0972946582373577E-004
  0.96654284358262288        4.0459565148590155E-003
  0.94236652475054239       -2.9440414659286200E-003
   1.6992036912634956E-002   9.1890626038973619E-002
  -2.4002138645673465E-004   8.9232693140954458E-002
   6.9824381576388928E-002   7.9305013365230340E-002
   7.0660670865611119E-002  0.10785865931896235     
  -7.6646913514798465E-002   9.8507271950027134E-002
   6.0995375829077048E-002   8.8057338305888105E-002
   3.3629297174568751E-002  0.10911163290952455     
  0.48175727163222065       -3.3425157168294802E-003
  0.45517063917024669       -3.8818913480724538E-003
  0.69198205358796216        8.9833006876898162E-003
  0.56706423291409636       -1.3661553311033220E-002
  0.72687340799061606       -8.8073565653271145E-004
  0.57946273334720932        4.9149835120062069E-003
  0.56857500416486806       -2.4785332552559099E-003
  -7.5551901870727745E-002  -1.3171948025796579E-003
  -6.4065367417702968E-002   1.6411836388117915E-003
  0.53822625968102722       0.13246439172701949     
  0.66176048778065544       0.11013581044319495     
  0.79563154452635720       0.11128465476742398     
  0.68850015994146463       0.11089543821439511     
  0.61177187343344053       0.11116968048219136     
  0.61577875194690312       0.10889889671508828     
  0.57911989262031938       0.12766311865842941     
  0.13014495786609487        9.8087097748654267E-004
  0.20905331779161818        9.4037645013731136E-004
  0.13748978032732267        1.0679193046887114E-003
   6.3487787829717479E-002  -1.1549248023281166E-003
  0.22041993428248624        1.8992592505824720E-003
  0.13974712291250624        5.5251441139887595E-003
  0.12928268426461065        4.3041167197905104E-003
  0.19394183972966522        1.1148198628110624E-003
   6.3882223487241374E-002  -1.3085628101525500E-003
  0.22751715006906786        6.9246880664974152E-003
   5.5014065846266780E-002   5.5167347462069475E-003
  0.19539981291387915        2.1253009273816455E-003
  0.48202198247337141        8.4135536254450499E-002
  0.41986209068235020        8.2703558476082906E-002
  0.60915095717717982        7.5380639790021020E-002
  0.64698458256395841        5.4533390711802091E-002
  0.54452141242112473        6.4489324284025470E-002
  0.54474031928168709        7.1651545479248444E-002
  0.50891362535120144        9.0258191014254516E-002
  0.34736015259068642       0.22177906897442204     
  0.46025092878374668       0.19590597892690828     
  0.49792041804893938       0.20224077677783442     
  0.40926522170451463       0.19946131417052668     
  0.42199824604040420       0.21899558070053621     
  0.38386478084998710       0.20788173597004292     
  0.95821101147124854        2.4799101011279450E-002
  0.87026667488053577        8.4751966823167141E-004
  0.94215314931066030       -1.8370760649632202E-002
  0.95372006939814202       -1.0370612665447969E-002
  0.95710271862514085       -6.4404368176136234E-003
  0.87486482553443190        2.5476774128805581E-002
  0.38621036624242377        1.9621664489074078E-003
  0.37392954175960702       -8.6461834010806492E-004
  0.46624157837933672       -6.8462720169913715E-004
  0.20709525978866855        3.7369930714168309E-003
  0.46884114129390742        8.6660225717047866E-004
  0.97321853177109929       -5.3442707312885435E-003
  0.90430611761554847        3.7478703672659777E-002
  0.97950568164425300       -2.1772687804446937E-003
  0.98267810368077813        1.0759656352642602E-003
  0.97800516369567214        4.2652573153633314E-002
  0.90856182988202450       -3.3462569972034603E-002
  0.27016250730331914       -5.4098435224847240E-003
  0.35957939266684519        1.0679439633908623E-003
  0.26545737045446116       -1.1953104522261194E-003
  0.16337535314349294        8.8012785027625573E-004
  0.36670881730800098        8.7154376573935952E-004
