 cosx vtec
  0.86415850019584706        3.1388095203105523E-002
  0.92004950606097846        1.1266557126342261E-002
  0.90028475440293498        1.6147304182509994E-002
  0.87747616670138484        2.6590208887822465E-002
  0.91341823575345105        2.7965496839924199E-002
  0.78319994569274320        4.8858144319178523E-002
  0.71085883519426296       0.10729922832570163     
  0.69238760697075730       0.12261495911962182     
  0.76179451278330790       0.10407521999405821     
  0.73351803665273141        7.9455081797138630E-002
  0.72112335886409606       0.11227182130513493     
  0.11914871142452187       0.23299099210043162     
  0.15312835824282545       0.23848472930534723     
  0.14000455306504334       0.24579306243113461     
  0.10885319832915727       0.24387617783107565     
  0.18672447103837964       0.23595003965126718     
   1.1871793706670908E-003   1.5687779507678255E-003
  0.23398764253942467        2.7623175054397550E-003
   8.5606301006371441E-002   4.0197458449612528E-003
   2.9704727615459434E-002  -4.7835043372671920E-004
  0.14780556527368560       -3.4377783499088652E-003
  0.37987403336536751       -2.7604670143527199E-003
  0.52481375184843060       -1.1527491207212459E-004
  0.55849220039982328       -1.3811317215394021E-003
  0.56841782567173982        4.4922859168688416E-003
  0.35478893203622147       -1.2436391499969313E-003
  -1.4587183047205243E-002   2.0479110461447654E-004
  0.37153116513179674       -4.5297425071958546E-003
  0.19462911311321418        3.3594982712548912E-003
  0.40113376655497768       -1.0845568661108529E-002
  0.43729773081274376        2.4618362171800252E-002
  0.39061585060888721       -3.8686800322529163E-002
  0.19055291689584655        4.1191537438215890E-004
   1.8255293266865591E-003  0.16537621692818413     
  0.14521174848750545       0.15934392381651821     
  0.19795724880792609        2.5444023499378923E-002
   7.5423598010194381E-002  0.16245428121964881     
   4.3871850820440761E-002  0.15838180996555629     
   5.1081326942379685E-002  0.16540010551223430     
  0.53763215414529253       0.18163321329719903     
  0.51776580247859760       0.18364688198242726     
  0.59631847864266196       0.17466758563093754     
  0.54330875597669281       0.17416515867053778     
  0.44011869189626168       0.15282663361311893     
  0.37719056788731276       0.18282056158905738     
  0.42474781696128461       0.16106935157295429     
  0.51000958023331355       0.15907872351079722     
  0.27790420298298735       0.19583999216562853     
  0.46957987555586556       0.15789407856856472     
  0.44956581474657481       0.15939434382024795     
  0.33982160322454835       0.19077796878947312     
  0.37640632098092974       0.19748407119543368     
  0.28170408064959229       0.19677924073786038     
  0.25670925410337225       0.19784547479312053     
  0.89844832388032314        7.1904269094688437E-003
  0.89212461939074261       -4.0428397746459149E-004
  0.90021645117340121        8.0264766956408590E-004
  0.90020469778251289       -4.8977605447199585E-004
  0.94547552005760183       -4.6278575108834206E-003
  -8.4970768732220064E-002  -7.6881997226430749E-004
  0.36952284256969431        9.8655685494388690E-002
  0.29723467097846512       0.13308650335389738     
  0.32784487159036413        5.5964969898950119E-002
  0.35564062863633372       0.10687066290385225     
  0.45304952533713944       0.10745699758102502     
  0.21656205965415509       0.13555866064375602     
  0.39017644788305100        9.3728464902475037E-002
  0.38270068667401574       0.10544067617861003     
  0.85593369365560490       -1.9673738106778019E-003
  0.88104981790418768        3.1601492638171458E-003
  0.87928680660408687       -3.5944424831929598E-003
  0.86577526230240154       -4.0640839485871225E-003
  0.92549966940981121        8.8320842817718771E-003
  0.61671503977091868        3.9713315750270527E-003
  0.70704948467600726        1.5067994553094507E-004
  0.57816028724301982       -6.6718014027117778E-004
  0.68905053392538329        4.4953568808341338E-003
  0.62588878173253881       -1.1062818537919612E-003
  0.64138800616030933       -4.5443046438902509E-003
  0.49785463953528181        6.7539068959038440E-002
  0.58476810743216845        5.4977674025444352E-002
  0.52658439191383055        5.8772998018942098E-002
  0.90818997951395875        7.7012684142695968E-003
  0.94440700215504547        2.1670522914370286E-003
  0.93543741521688006        1.8489583781809297E-003
  0.91950873713157533        4.0539128396376491E-003
  0.95049639649634954        1.1603254861881261E-002
   2.9259309823016222E-002  0.15831919765343447     
  -5.3480635922386444E-002  0.15216228660618406     
  -8.2209406710297916E-002  0.14958327736875440     
  -7.7235799925256143E-002  0.15520144799549179     
  0.59525446165505547       -2.0566632077150596E-002
  0.44070360328033109       -1.2701386721718732E-002
  0.59607614481742577       -4.1639714671229781E-003
  0.61303033252697614       -1.2944937963955926E-003
  0.60094995853800048       -5.6288340745692606E-003
  0.42857545554868320       -4.6381131940633384E-003
  0.39676065369647640        5.2825112062993246E-004
  0.37828885328896844       -2.3291142227196697E-004
  0.52650615378672372       -1.0360885492778609E-003
  0.58467063966220212        2.9107282886670050E-005
  0.42394486731977143       -2.7870839953360914E-003
  0.33078971944400121        1.0504469837238101E-003
  0.62847287084100356        1.7706911728363754E-002
  0.48639328360931466        8.3064049308213578E-004
  0.66923504777712228       -9.0239836387568228E-003
  0.66818617836939320        2.1763725522982606E-002
  0.64180298307197337       -7.8960665841218552E-003
  0.52978240734477899        8.2147199687336817E-002
  0.14344476599163999       0.17979436456887404     
  0.29780187372455680       0.16086609414302988     
  0.33459756687202613       0.16159190962225733     
  0.23751553920790655       0.16379153790527184     
  0.19829368116254575       0.16523917677199620     
  0.21133399604474123       0.16719070424129434     
  0.61771604926427637       -6.3980360992366920E-003
  0.44471103076047908       -2.4152062409891399E-004
  0.59147801232985553       -1.6801410417189593E-004
  0.61487208641504298        3.3360350109583664E-003
  0.61518787734213176        4.1850298004085691E-003
  0.76098723124100198       0.15366162381360923     
  0.69775936096761115        9.2524625267465410E-002
  0.78327373300040115       0.11551612918117631     
  0.77426401635146946       0.16378948154012907     
  0.73177475844731110       0.16060041294835464     
  0.30393559891695332        8.7806748522432240E-002
  0.54745456226717903        4.9557197440978550E-002
  0.63417664963684661        3.7410694713585532E-002
  0.56874454511892658        4.7976232722304335E-002
  0.48570900822241292        6.5191784758076146E-002
  0.44035571856149669        6.2451256859090268E-002
  0.43812133038683465        8.2339747719577638E-002
   6.1554068943611900E-002  0.20000990441896402     
  0.20888136353899472       0.18849306004408550     
  0.25729000242221967       0.20000520977718561     
  0.14555889561392588       0.19102871679253400     
  0.12292026963037064       0.19544743668399317     
  0.38345025844587077       0.21606207179078721     
  0.42057007891103615       0.22397928138036893     
  0.32420203977770090       0.21680856679272215     
  0.29837317373876215       0.23013724365828847     
  0.42313626400755711       -9.8763709137592026E-004
  0.55055450383360405       -4.1869643802628563E-004
  0.60475685204479823        2.6979917087478181E-003
  0.45093641342777652       -2.0610140261236542E-002
  0.35171584664538874        1.2452667861203354E-003
  -9.6587739552038421E-002   1.8930705919911962E-002
  0.11304375325410468        2.6299998063288428E-002
  -4.3182746619828183E-002   3.0246794274645942E-002
  0.17787507539167402        1.8192433725313806E-002
  -7.9176442607610809E-003   2.2596442649661611E-002
  -3.6173942711711093E-002   3.6811161512725413E-002
  -5.5141230142135456E-002   1.8706940296745276E-002
  0.15076335650953690        4.3737613825485785E-002
   1.7824062983031075E-002   5.4220707082015401E-002
  0.33971088630514462        2.2100578287264510E-002
  0.21186591427196208        3.8172727753038857E-002
  0.48728776083401715        3.4166946097695702E-002
  0.37072667178671515        3.9101947776732475E-002
  0.26563411186664421        3.1988908536078074E-002
  0.23581686527768606        1.7970343024593889E-002
  0.22136406394622182        4.5846785742042269E-002
  0.88207765279770722        4.4944733756782226E-003
  0.85384575951159836        4.1619556586150374E-005
  0.86684083983560800        1.0181072196445450E-004
  0.87545485612170792        9.7886086240164469E-004
  0.92605641497535451        1.4547404301936036E-003
  0.55285368726785211       -6.6559077245274684E-002
  0.40953468514732383        1.2596067335274474E-002
  0.57834966777520092        7.0879289311199635E-003
  0.58912152634031512        6.6438648602652759E-003
  0.56456511845442103       -5.4175284405365660E-003
  0.40625894128932510        2.9433060817074527E-002
  0.51828468742892642       0.16996716393424466     
  0.54457443004361794       0.16878339842997775     
  0.46246101966454811       0.17779457800968479     
  0.43079143960000243       0.19331008144297543     
   5.3700139355230103E-002  -1.3529777179666987E-003
  0.27384700948017560       -1.1808690353571833E-003
  -3.8622637167052803E-002   7.4402037411422828E-004
   4.3313414894823293E-002   7.6328347695225137E-004
  0.81224313666793724        2.6846181032148721E-003
  0.61785742215154615        1.0945867007753183E-002
  0.80246821738875362        2.3432810183311586E-003
  0.81351846199029654       -3.2395965922499021E-004
  0.81311835083784256       -4.8797874420135490E-003
  0.90719154389999157       -5.2858658594888007E-004
  0.59862733336071972       -6.5629287989389468E-002
  0.45743781378841702        3.7236779886469638E-002
  0.66685967109795030        2.3331244339242788E-002
  0.65244493401237591        5.3890500421188120E-002
  0.61514337314767586       -2.5957776823408510E-002
  0.51586579869727833        1.1119219847883991E-003
  0.47807111230785621        4.7128949035861690E-003
  0.23818014420017497        9.8461162684642806E-002
  0.17362868001291798       0.13174878465105111     
  0.20243386778752659        7.6485740926834231E-002
  0.22452973339870164       0.10454917800673171     
  0.34601544076003499       0.11754210326410783     
  0.11526891535378853       0.11888509311478077     
  0.26152007967217927        9.7090992999645923E-002
  0.25292836438731647       0.10509869906497141     
  0.73368903310530453        8.2660410074114427E-002
  0.84535405324116741        5.3228857593158180E-002
  0.79120840156554606        7.3020605151964693E-002
  0.75062601417915831        7.8166746204510071E-002
  0.81351722311867714        9.1071406014058096E-002
  0.67097994648398518        9.4915412526753465E-002
  0.60862737195302430       0.12187381817133008     
  0.93208808073134453        9.4451464532240188E-003
  0.95499062600413664        1.1453759532210719E-003
  0.95227412733807304        3.0972946582373577E-004
  0.94142550756450549        4.0459565148590155E-003
  0.96971181012230190       -2.9440414659286200E-003
  -3.3599172664134980E-002  -3.3425157168294802E-003
  -6.8725516989309843E-002  -3.8818913480724538E-003
  0.23013709140025421        8.9833006876898162E-003
   6.1582635990891255E-002  -1.3661553311033220E-002
  0.27298016926548091       -8.8073565653271145E-004
   9.2669241603081737E-002   4.9149835120062069E-003
   6.3548404864554098E-002  -2.4785332552559099E-003
  0.19939872232629785       0.13246439172701949     
  0.36979844681973512       0.11013581044319495     
  0.53347594586961400       0.11128465476742398     
  0.40017959299524486       0.11089543821439511     
  0.30876132320446409       0.11116968048219136     
  0.27193530815444050       0.10889889671508828     
  0.27671136622745329       0.12766311865842941     
   4.9614538397601937E-002   8.4135536254450499E-002
  -4.5754531058045833E-002   8.2703558476082906E-002
  0.21337610781571220        7.5380639790021020E-002
  0.25640526976381817        5.4533390711802091E-002
  0.13658434315032400        6.4489324284025470E-002
  0.10827082084814332        7.1651545479248444E-002
  0.10259176122809988        9.0258191014254516E-002
  0.12871634483825775       0.22177906897442204     
  0.28466088050599231       0.19590597892690828     
  0.32513843520464752       0.20224077677783442     
  0.22490484410399397       0.19946131417052668     
  0.17638489729475462       0.21899558070053621     
  0.20096836127692372       0.20788173597004292     
  0.67487124979749680        2.4799101011279450E-002
  0.51926686806910816        8.4751966823167141E-004
  0.67723153194011920       -1.8370760649632202E-002
  0.68943909932002267       -1.0370612665447969E-002
  0.68015976427979252       -6.4404368176136234E-003
  0.50419386177642100        2.5476774128805581E-002
  -5.1764873157975233E-002  -6.8462720169913715E-004
  -5.2631460342247305E-002   8.6660225717047866E-004
  0.72134189315393260       -5.3442707312885435E-003
  0.56158570904381788        3.7478703672659777E-002
  0.74522279660120283       -2.1772687804446937E-003
  0.74787662432802060        1.0759656352642602E-003
  0.73137493602401105        4.2652573153633314E-002
  0.56449862380460702       -3.3462569972034603E-002
