 cosx vtec
  0.78128905224597522        3.1388095203105523E-002
  0.84419859999537894        1.1266557126342261E-002
  0.82271426162412242        1.6147304182509994E-002
  0.79622019091769691        2.6590208887822465E-002
  0.84829122435132642        2.7965496839924199E-002
  0.68996507216652259        4.8858144319178523E-002
  0.80824486179020294       0.10729922832570163     
  0.78830463204884149       0.12261495911962182     
  0.84677258325015203       0.10407521999405821     
  0.83227065721427662        7.9455081797138630E-002
  0.81256356298798060       0.11227182130513493     
  0.15648144620755913       0.23299099210043162     
  0.19861037347668281       0.23848472930534723     
  0.15413907828902665       0.24579306243113461     
  0.12736226453592553       0.24387617783107565     
  0.23025885238414681       0.23595003965126718     
   6.5134426498002745E-002   1.5687779507678255E-003
  0.27400837771620667        2.7623175054397550E-003
  0.14303150182327751        4.0197458449612528E-003
   7.6424321174802093E-002  -4.7835043372671920E-004
  0.21273230304691537       -3.4377783499088652E-003
  0.24617671926806453       -2.7604670143527199E-003
  0.40489761158325538       -1.1527491207212459E-004
  0.43559903219456725       -1.3811317215394021E-003
  0.43589259613939624        4.4922859168688416E-003
  0.20780096786516941       -1.2436391499969313E-003
  0.20760085046295318       -4.5297425071958546E-003
   3.5725806440591951E-002   3.3594982712548912E-003
  0.25525624628133625       -1.0845568661108529E-002
  0.28694871694965707        2.4618362171800252E-002
  0.23087948137958914       -3.8686800322529163E-002
   2.6424659557243935E-002   4.1191537438215890E-004
   5.2699583914306847E-003  0.15934392381651821     
   5.6837349260923931E-002   2.5444023499378923E-002
  -6.3619568519366287E-002  0.16245428121964881     
  -8.6211977351667995E-002  0.16540010551223430     
  0.62697413364010379       0.18163321329719903     
  0.60159893473932591       0.18364688198242726     
  0.67185621482610047       0.17466758563093754     
  0.62418272465960567       0.17416515867053778     
  0.57007077372995074       0.15282663361311893     
  0.50200974799545162       0.18282056158905738     
  0.55225010812305175       0.16106935157295429     
  0.63018982765262144       0.15907872351079722     
  0.41529422666394228       0.19583999216562853     
  0.60307525126247552       0.15789407856856472     
  0.57491713165165892       0.15939434382024795     
  0.23885561370977482       0.19077796878947312     
  0.27468795844978511       0.19748407119543368     
  0.18057178804124477       0.19677924073786038     
  0.15710061590559027       0.19784547479312053     
  0.81285647684851337        7.1904269094688437E-003
  0.81932018700722020       -4.0428397746459149E-004
  0.82557803142060393        8.0264766956408590E-004
  0.81976406490913867       -4.8977605447199585E-004
  0.88563521696113712       -4.6278575108834206E-003
  -8.9439519158685393E-002  -1.1004490245101013E-003
  -6.0546894513906879E-002  -8.3599036980587562E-005
   5.5678244226950890E-002  -7.6881997226430749E-004
  -3.7373059768929365E-002   8.0550389157429145E-004
   2.2861498539162972E-002  -6.6271548454806327E-004
  0.51991208608928063        9.8655685494388690E-002
  0.44465082444118209       0.13308650335389738     
  0.48674194051338321        5.5964969898950119E-002
  0.50492248750973512       0.10687066290385225     
  0.59456839365246128       0.10745699758102502     
  0.37370438548070556       0.13555866064375602     
  0.54122900924789463        9.3728464902475037E-002
  0.52994224802991208       0.10544067617861003     
  0.75330517435338495       -1.9673738106778019E-003
  0.78737445220449520        3.1601492638171458E-003
  0.78369613900393531       -3.5944424831929598E-003
  0.76572632821556352       -4.0640839485871225E-003
  0.84569695990756077        8.8320842817718771E-003
  0.73861116868640742        3.9713315750270527E-003
  0.80604622113955993        1.5067994553094507E-004
  0.69816905486353753       -6.6718014027117778E-004
  0.79919559824757536        4.4953568808341338E-003
  0.74299458242225336       -1.1062818537919612E-003
  0.76239050861512891       -4.5443046438902509E-003
  0.54814877912578575        6.7539068959038440E-002
  0.62525739163968175        5.4977674025444352E-002
  0.57303822997167753        5.8772998018942098E-002
  0.82990440190160886        7.7012684142695968E-003
  0.87402967424580746        2.1670522914370286E-003
  0.86340405586351887        1.8489583781809297E-003
  0.84341865297240604        4.0539128396376491E-003
  0.89035168373121976        1.1603254861881261E-002
  0.45176194956596810       -2.0566632077150596E-002
  0.29575461725127972       -1.2701386721718732E-002
  0.46666089172305703       -4.1639714671229781E-003
  0.48084373401366565       -1.2944937963955926E-003
  0.46187863150752051       -5.6288340745692606E-003
  0.27476554397127462       -4.6381131940633384E-003
  0.36920071382596331        5.2825112062993246E-004
  0.31403708312794826       -2.3291142227196697E-004
  0.48422537495834478       -1.0360885492778609E-003
  0.53836954031161421        2.9107282886670050E-005
  0.41087030365691668       -2.7870839953360914E-003
  0.29459243382748224        1.0504469837238101E-003
  0.48413035418132278        1.7706911728363754E-002
  0.33271904960356075        8.3064049308213578E-004
  0.53520572069103034       -9.0239836387568228E-003
  0.53135544396600465        2.1763725522982606E-002
  0.49978742777951801       -7.8960665841218552E-003
  0.37530742151949453        8.2147199687336817E-002
   9.2877895832057800E-003  0.17979436456887404     
  0.16811397445683457       0.16086609414302988     
  0.20441604170231639       0.16159190962225733     
  0.10771462333369385       0.16379153790527184     
   5.7731831886547014E-002  0.16523917677199620     
   8.3031815349198373E-002  0.16719070424129434     
  0.48021160131662344       -6.3980360992366920E-003
  0.30879085956797253       -2.4152062409891399E-004
  0.47083116565841787       -1.6801410417189593E-004
  0.49153053400933233        3.3360350109583664E-003
  0.48394215655564760        4.1850298004085691E-003
  0.76602786531334199       0.15366162381360923     
  0.73566763578896843        9.2524625267465410E-002
  0.78978168466127530       0.11551612918117631     
  0.79712467611495774       0.16378948154012907     
  0.76260879304456597       0.16060041294835464     
  0.15146413124918004        8.7806748522432240E-002
  0.40839982306487277        4.9557197440978550E-002
  0.49960214974306777        3.7410694713585532E-002
  0.43034912731842845        4.7976232722304335E-002
  0.34405878472699181        6.5191784758076146E-002
  0.28803975675201254        6.2451256859090268E-002
  0.29695894561054470        8.2339747719577638E-002
  -5.1749307911743578E-002  0.20000990441896402     
   9.8805995049083592E-002  0.18849306004408550     
  0.14580544803704462       0.20000520977718561     
   3.6215947051635666E-002  0.19102871679253400     
   1.5283509659457767E-002  0.19544743668399317     
  0.31109959958110633       0.21606207179078721     
  0.34726451282471049       0.22397928138036893     
  0.25146708221146374       0.21680856679272215     
  0.22725325453716730       0.23013724365828847     
  0.40072637809245432       -9.8763709137592026E-004
  0.51366595842458929       -4.1869643802628563E-004
  0.56397834450354578        2.6979917087478181E-003
  0.44175894604025839       -2.0610140261236542E-002
  0.32088935704757043        1.2452667861203354E-003
  -9.6156434335552293E-002   2.6230552523900720E-003
  -6.0100579701777790E-002   2.6299998063288428E-002
   4.8282565370368624E-003   1.8192433725313806E-002
  -1.7333439866805272E-002   4.3737613825485785E-002
  0.17661774846373376        2.2100578287264510E-002
   3.9323871588520382E-002   3.8172727753038857E-002
  0.33001663996551278        3.4166946097695702E-002
  0.20817980081495785        3.9101947776732475E-002
  0.10113971067384397        3.1988908536078074E-002
   6.6446103609149584E-002   1.7970343024593889E-002
   5.8088098475206351E-002   4.5846785742042269E-002
  0.79741584151555389        4.4944733756782226E-003
  0.78579613990945496        4.1619556586150374E-005
  0.79683570296155348        1.0181072196445450E-004
  0.79840732622853339        9.7886086240164469E-004
  0.87245502041220213        1.4547404301936036E-003
  0.40214428806776442       -6.6559077245274684E-002
  0.25591761580458694        1.2596067335274474E-002
  0.44032555216507818        7.0879289311199635E-003
  0.44804920117623498        6.6438648602652759E-003
  0.41711197698944125       -5.4175284405365660E-003
  0.24680802758154563        2.9433060817074527E-002
  0.42869548888103032       0.16996716393424466     
  0.45492048265542073       0.16878339842997775     
  0.37129890660935472       0.17779457800968479     
  0.34074271691823488       0.19331008144297543     
  -8.9238871694024113E-002  -1.3529777179666987E-003
  0.14227005460310330       -1.1808690353571833E-003
  0.70501925954381195        2.6846181032148721E-003
  0.49593914708246756        1.0945867007753183E-002
  0.70858512779247240        2.3432810183311586E-003
  0.71759228710244827       -3.2395965922499021E-004
  0.71107941837775179       -4.8797874420135490E-003
  0.83261000594787959       -5.2858658594888007E-004
  0.45080989172489117       -6.5629287989389468E-002
  0.29762379142732587        3.7236779886469638E-002
  0.52863396094439075        2.3331244339242788E-002
  0.51103409416870460        5.3890500421188120E-002
  0.46897048717549628       -2.5957776823408510E-002
  0.36162420848377497        1.1119219847883991E-003
  0.31829142965120683        4.7128949035861690E-003
  0.39802764690518744        9.8461162684642806E-002
  0.32951939013465370       0.13174878465105111     
  0.36912161548005384        7.6485740926834231E-002
  0.38302135396352199       0.10454917800673171     
  0.49723860383990270       0.11754210326410783     
  0.27802149768780282       0.11888509311478077     
  0.42240547383245036        9.7090992999645923E-002
  0.40987426050392917       0.10509869906497141     
  0.63317710512489545        8.2660410074114427E-002
  0.75132032531725457        5.3228857593158180E-002
  0.69487154919720018        7.3020605151964693E-002
  0.65100824417541692        7.8166746204510071E-002
  0.73308466457620158        9.1071406014058096E-002
  0.56573916944648128        9.4915412526753465E-002
  0.50251456055544930       0.12187381817133008     
  0.85737031497819283        9.4451464532240188E-003
  0.88924588254140413        1.1453759532210719E-003
  0.88488562343120247        3.0972946582373577E-004
  0.86956979539380397        4.0459565148590155E-003
  0.91405391102884603       -2.9440414659286200E-003
   5.7879541498343720E-002   8.9833006876898162E-003
  0.10275150549655096       -8.8073565653271145E-004
  -8.1631250616058554E-002   4.9149835120062069E-003
   5.0280574834493316E-002  0.13246439172701949     
  0.22653036001341650       0.11013581044319495     
  0.39401308233901733       0.11128465476742398     
  0.25696434757542552       0.11089543821439511     
  0.16464968047472767       0.11116968048219136     
  0.11892325855789010       0.10889889671508828     
  0.13390701223870438       0.12766311865842941     
   5.0390721661223131E-002   7.5380639790021020E-002
   9.3310242291387138E-002   5.4533390711802091E-002
  -2.6437004198965663E-002   6.4489324284025470E-002
  -5.9615424211721280E-002   7.1651545479248444E-002
  -5.8757969081797728E-002   9.0258191014254516E-002
   1.5775585591351393E-002  0.22177906897442204     
  0.17679609616814673       0.19590597892690828     
  0.21632833785389693       0.20224077677783442     
  0.11722692952775522       0.19946131417052668     
   5.3346348724331361E-002  0.21899558070053621     
   9.4878039404191719E-002  0.20788173597004292     
  -5.9095223410603234E-002   4.6924016013175840E-003
  0.54111534256683769        2.4799101011279450E-002
  0.37990602394499684        8.4751966823167141E-004
  0.55625066267170997       -1.8370760649632202E-002
  0.56601476134561668       -1.0370612665447969E-002
  0.55055908092351780       -6.4404368176136234E-003
  0.35427745024452778        2.5476774128805581E-002
  0.59090002178106937       -5.3442707312885435E-003
  0.41788965049653393        3.7478703672659777E-002
  0.62499311553872550       -2.1772687804446937E-003
  0.62529813717277061        1.0759656352642602E-003
  0.60372186126218175        4.2652573153633314E-002
  0.41444251764086437       -3.3462569972034603E-002
