 cosx vtec
  0.94919423448405538        3.1388095203105523E-002
  0.97494326429363898        1.1266557126342261E-002
  0.96364243589421972        1.6147304182509994E-002
  0.95549929151475888        2.6590208887822465E-002
  0.93861227234512001        2.7965496839924199E-002
  0.91246960163444002        4.8858144319178523E-002
  -4.7670963741076211E-002  -1.2897270245265243E-003
  -5.7998550757398126E-002  -1.5853890733796313E-003
   1.5880093728343425E-002   2.7911010227498938E-003
  -7.4052959953771980E-002   2.5617719413499748E-004
   3.7692499585960770E-002  -5.1007868414364495E-003
  0.30411387115761956       0.10729922832570163     
  0.29315515127060010       0.12261495911962182     
  0.38172459991379448       0.10407521999405821     
  0.31881115291951856        7.9455081797138630E-002
  0.32967450802150516       0.11227182130513493     
  -9.5215962989412400E-003  0.23299099210043162     
  -5.0456940182844467E-003  0.23848472930534723     
   7.4424349403745177E-002  0.24579306243113461     
   3.6213191620632704E-002  0.24387617783107565     
   2.8187741564459995E-002  0.23595003965126718     
   7.7168493338882246E-002   2.7623175054397550E-003
  -9.4956835204529300E-002   4.0197458449612528E-003
  -6.5411372853057842E-002  -3.4377783499088652E-003
  -7.5399707257597759E-002  0.18987606643068172     
  -8.2677366000958041E-002  0.18739092016021178     
  0.69732929589839343       -2.7604670143527199E-003
  0.77682917314568112       -1.1527491207212459E-004
  0.81309433389543406       -1.3811317215394021E-003
  0.84899040275622695        4.4922859168688416E-003
  0.71497119371176976       -1.2436391499969313E-003
  0.46157808469346395        2.0479110461447654E-004
  0.77752156879699885       -4.5297425071958546E-003
  0.61758366892068450        3.3594982712548912E-003
  0.74988227771459237       -1.0845568661108529E-002
  0.79249437328490213        2.4618362171800252E-002
  0.78113855967212009       -3.8686800322529163E-002
  0.62927653576532838        4.1191537438215890E-004
   1.6077511090808516E-002   2.3041674179984772E-003
   2.0044328852688587E-003  -2.7525199677435008E-004
   5.9072682693640188E-002  -1.2724938539822386E-003
  -4.4868217194103222E-002  -2.9124891541573404E-003
  -5.7681808878592922E-002   1.6272398366837053E-003
   7.0596208591143128E-002  -1.8118724865727565E-004
  0.40783590326371566       0.16537621692818413     
  0.52235119497247484       0.15934392381651821     
  0.56911505197136170        2.5444023499378923E-002
  0.46237823702526926       0.16245428121964881     
  0.45913779945774208       0.15838180996555629     
  0.43732352102609096       0.16540010551223430     
  0.18483476227917484       0.18163321329719903     
  0.18436113091178727       0.18364688198242726     
  0.27283914990584890       0.17466758563093754     
  0.21388518976495569       0.17416515867053778     
  -1.2280840121567660E-002  0.15282663361311893     
  -4.9245843346155338E-002  0.18282056158905738     
  -1.7866128403857984E-002  0.16106935157295429     
   7.3325989523840507E-002  0.15907872351079722     
   1.7420252171749251E-003  0.15789407856856472     
   8.7347246972906967E-003  0.15939434382024795     
  0.57014884836759927       0.19077796878947312     
  0.60239814070673847       0.19748407119543368     
  0.52283876083225789       0.19677924073786038     
  0.49789880029219463       0.19784547479312053     
  0.98522894285324791        7.1904269094688437E-003
  0.94320918747602500       -4.0428397746459149E-004
  0.95514370366323531        8.0264766956408590E-004
  0.97184084586177955       -4.8977605447199585E-004
  0.94974990030399242       -4.6278575108834206E-003
  -3.4953294872741625E-002  0.10745699758102502     
  0.99932511013186454       -1.9673738106778019E-003
  0.99419804517342603        3.1601492638171458E-003
  0.99826324638115094       -3.5944424831929598E-003
  0.99999002607311382       -4.0640839485871225E-003
  0.99080359486924507        8.8320842817718771E-003
  0.15612718431225087        3.9713315750270527E-003
  0.29634366015582525        1.5067994553094507E-004
  0.12985878168841541       -6.6718014027117778E-004
  0.24944313318006361        4.4953568808341338E-003
  0.17746377896246568       -1.1062818537919612E-003
  0.17898839216408674       -4.5443046438902509E-003
  0.26456023898194192        6.7539068959038440E-002
  0.36425949352220627        5.4977674025444352E-002
  0.29924187782131734        5.8772998018942098E-002
  0.97220175750850069        7.7012684142695968E-003
  0.97921143193383731        2.1670522914370286E-003
  0.97660426294573877        1.8489583781809297E-003
  0.97518728611499350        4.0539128396376491E-003
  0.95475498462159236        1.1603254861881261E-002
  0.31388012462144194       0.15621543594884907     
  0.25882548505212855       0.16669204073483934     
  0.43825789768334134       0.15831919765343447     
  0.36452019657937873       0.15216228660618406     
  0.35966755725744126       0.14958327736875440     
  0.33931408864297335       0.15520144799549179     
  0.90263669176522932       -2.0566632077150596E-002
  0.77974619730246086       -1.2701386721718732E-002
  0.86277849457130651       -4.1639714671229781E-003
  0.88469937313357749       -1.2944937963955926E-003
  0.89458969601444815       -5.6288340745692606E-003
  0.79528746929236083       -4.6381131940633384E-003
  0.40560445578217996        5.2825112062993246E-004
  0.49606535849943534       -2.3291142227196697E-004
  0.55467868978016810       -1.0360885492778609E-003
  0.61408229657164082        2.9107282886670050E-005
  0.38624854146639137       -2.7870839953360914E-003
  0.37622805168696621        1.0504469837238101E-003
  0.93239905117236765        1.7706911728363754E-002
  0.84243930637969155        8.3064049308213578E-004
  0.93622137154629614       -9.0239836387568228E-003
  0.94342523696182168        2.1763725522982606E-002
  0.93665993181664275       -7.8960665841218552E-003
  0.88042303410787293        8.2147199687336817E-002
  0.50424153160951923       0.17979436456887404     
  0.61829826341377125       0.16086609414302988     
  0.64997600420090029       0.16159190962225733     
  0.56905137056671939       0.16379153790527184     
  0.56778485221467245       0.16523917677199620     
  0.54320734749448241       0.16719070424129434     
  0.17886146398145752        4.4968026919053892E-003
  0.15865702659208930        4.2981282663374643E-003
  0.22065398311526074        1.4764253058574511E-003
   6.4644385877775934E-002   7.5457911314361602E-003
  0.22856096970083412        8.4268154823119001E-004
  0.90386448641328365       -6.3980360992366920E-003
  0.75704399289912361       -2.4152062409891399E-004
  0.83374991731630121       -1.6801410417189593E-004
  0.86074551731287874        3.3360350109583664E-003
  0.88376433194188264        4.1850298004085691E-003
  0.61123146166179898       0.15366162381360923     
  0.46460178183993572        9.2524625267465410E-002
  0.62533225740651877       0.11551612918117631     
  0.57083799176669003       0.16378948154012907     
  0.51294146186740930       0.16060041294835464     
  0.68894457993156166        8.7806748522432240E-002
  0.85055368198737535        4.9557197440978550E-002
  0.90896327721009795        3.7410694713585532E-002
  0.86616159139593729        4.7976232722304335E-002
  0.80725488135950729        6.5191784758076146E-002
  0.80067249957450715        6.2451256859090268E-002
  0.76671975946640869        8.2339747719577638E-002
  0.37685881559124995       0.20000990441896402     
  0.48870858028727027       0.18849306004408550     
  0.53257167635802227       0.20000520977718561     
  0.43453079496214075       0.19102871679253400     
  0.41100270729889454       0.19544743668399317     
  0.52362930476825575       0.21606207179078721     
  0.55690177593126378       0.22397928138036893     
  0.47601716058278776       0.21680856679272215     
  0.45012825555448316       0.23013724365828847     
  0.41246363133216779       -9.8763709137592026E-004
  0.55892687531489638       -4.1869643802628563E-004
  0.61469713931503911        2.6979917087478181E-003
  0.39722193720184285       -2.0610140261236542E-002
  0.37797061903817131        1.2452667861203354E-003
  0.41285840844810051        1.8930705919911962E-002
  0.37533774458521862        1.1916057871492762E-002
  0.59150297334896429        2.6299998063288428E-002
  0.46094202607960566        3.0246794274645942E-002
  0.64453176113028787        1.8192433725313806E-002
  0.48895141227585459        2.2596442649661611E-002
  0.46833149412445096        3.6811161512725413E-002
  0.44373752553083157        1.8706940296745276E-002
  0.60798528648759509        4.3737613825485785E-002
  0.50875689492014220        5.4220707082015401E-002
  0.74894580152134271        2.2100578287264510E-002
  0.67102833918265326        3.8172727753038857E-002
  0.85353164098662815        3.4166946097695702E-002
  0.77287658179976115        3.9101947776732475E-002
  0.69206864974047233        3.1988908536078074E-002
  0.68159141289121739        1.7970343024593889E-002
  0.65215788187656498        4.5846785742042269E-002
  0.96908971883757422        4.4944733756782226E-003
  0.89804226818925859        4.1619556586150374E-005
  0.91435856420355899        1.0181072196445450E-004
  0.94171946914470861        9.7886086240164469E-004
  0.91581771683305302        1.4547404301936036E-003
  0.88855153614471638       -6.6559077245274684E-002
  0.77907533729446554        1.2596067335274474E-002
  0.87299057981364192        7.0879289311199635E-003
  0.89062504470131076        6.6438648602652759E-003
  0.88880560377954787       -5.4175284405365660E-003
  0.79317964048229828        2.9433060817074527E-002
  0.68413749891704145       0.16996716393424466     
  0.70594149325944500       0.16878339842997775     
  0.64276378088830866       0.17779457800968479     
  0.61351660514484152       0.19331008144297543     
  0.33316578295969890        2.5771873650454365E-003
  0.45573308555085001       -1.3529777179666987E-003
  0.60403995102256269       -1.1808690353571833E-003
  0.32139197094212357        7.4402037411422828E-004
  0.47027669490627250        7.6328347695225137E-004
  0.97663099797641539        2.6846181032148721E-003
  0.85910213860563267        1.0945867007753183E-002
  0.93018000033659232        2.3432810183311586E-003
  0.94514923682966101       -3.2395965922499021E-004
  0.96242121690434468       -4.8797874420135490E-003
  0.96071540570382630       -5.2858658594888007E-004
  0.91786327857371908       -6.5629287989389468E-002
  0.83630858782875528        3.7236779886469638E-002
  0.94635114773149076        2.3331244339242788E-002
  0.94366939780745751        5.3890500421188120E-002
  0.92670879602059597       -2.5957776823408510E-002
  0.86830763448561932        1.1119219847883991E-003
  0.85317608121837574        4.7128949035861690E-003
  0.89271115898036557        8.2660410074114427E-002
  0.96587795677999999        5.3228857593158180E-002
  0.92798659531485483        7.3020605151964693E-002
  0.90406349249606133        7.8166746204510071E-002
  0.90053612798849569        9.1071406014058096E-002
  0.85476284276390113        9.4915412526753465E-002
  0.80600242439539815       0.12187381817133008     
  0.98157960877871187        9.4451464532240188E-003
  0.97457515014178120        1.1453759532210719E-003
  0.97707444428522727        3.0972946582373577E-004
  0.98101664320836901        4.0459565148590155E-003
  0.95763619031447678       -2.9440414659286200E-003
   3.5455807567246311E-002   9.1890626038973619E-002
   1.2820736570817337E-002   8.9232693140954458E-002
   7.4443512397858236E-002   7.9305013365230340E-002
   9.6767984376286309E-002  0.10785865931896235     
  -6.8428338777414721E-002   9.8507271950027134E-002
   7.5598037073114577E-002   8.8057338305888105E-002
   6.0138699349372882E-002  0.10911163290952455     
  0.46891502555839260       -3.3425157168294802E-003
  0.43082357797489157       -3.8818913480724538E-003
  0.68523321780858004        8.9833006876898162E-003
  0.53663308366299112       -1.3661553311033220E-002
  0.71462032461780778       -8.8073565653271145E-004
  0.57807842617435001        4.9149835120062069E-003
  0.54607780425206387       -2.4785332552559099E-003
  0.59333038538503402       0.13246439172701949     
  0.71660227351444417       0.11013581044319495     
  0.84023447760987469       0.11128465476742398     
  0.74143196396075950       0.11089543821439511     
  0.66884152513242778       0.11116968048219136     
  0.66418789046996207       0.10889889671508828     
  0.63872326456062922       0.12766311865842941     
   6.0400143870983747E-002   9.8087097748654267E-004
  0.13356963553444551        9.4037645013731136E-004
   5.4427885280469102E-002   1.0679193046887114E-003
  -1.0163874299914000E-002  -1.1549248023281166E-003
  0.15261165703912954        1.8992592505824720E-003
  0.11828435276333926        5.5251441139887595E-003
  0.10033459705639935        4.3041167197905104E-003
  0.15939220655070180        1.1148198628110624E-003
   7.4661722001345132E-003  -1.3085628101525500E-003
  0.22443592059044382        6.9246880664974152E-003
   2.2026754873155530E-002   5.5167347462069475E-003
  0.16791828736414266        2.1253009273816455E-003
  0.51543026784290502        8.4135536254450499E-002
  0.44404254756611927        8.2703558476082906E-002
  0.64475284702951319        7.5380639790021020E-002
  0.68045061162278131        5.4533390711802091E-002
  0.58171197932955221        6.4489324284025470E-002
  0.57243822076764161        7.1651545479248444E-002
  0.54894729353084992        9.0258191014254516E-002
  0.43104096737999781       0.22177906897442204     
  0.54465551863969530       0.19590597892690828     
  0.58066136565275839       0.20224077677783442     
  0.49498119150929737       0.19946131417052668     
  0.49931334082095574       0.21899558070053621     
  0.47072738399036890       0.20788173597004292     
  0.94006863263689122        2.4799101011279450E-002
  0.82825686884751593        8.4751966823167141E-004
  0.90522519226057341       -1.8370760649632202E-002
  0.92229893144920094       -1.0370612665447969E-002
  0.93245278767223749       -6.4404368176136234E-003
  0.84625616615971777        2.5476774128805581E-002
  0.36170111201272986        1.9621664489074078E-003
  0.33811291964050194       -8.6461834010806492E-004
  0.42469517471417184       -6.8462720169913715E-004
  0.16395518319717661        3.7369930714168309E-003
  0.43457836765684643        8.6660225717047866E-004
  0.96873817670988349       -5.3442707312885435E-003
  0.87553760276443593        3.7478703672659777E-002
  0.95897016137179336       -2.1772687804446937E-003
  0.96791547123768806        1.0759656352642602E-003
  0.96895813807525810        4.2652573153633314E-002
  0.89624586460890909       -3.3462569972034603E-002
  0.20954587862555291       -5.4098435224847240E-003
  0.29318548007149892        1.0679439633908623E-003
  0.18733590885466134       -1.1953104522261194E-003
   9.7642850870058806E-002   8.8012785027625573E-004
  0.30765097899418481        8.7154376573935952E-004
