 cosx vtec
  0.40382612707573229        3.1388095203105523E-002
  0.47576454270705970        1.1266557126342261E-002
  0.45314702553379094        1.6147304182509994E-002
  0.42074952757796424        2.6590208887822465E-002
  0.51000805416543393        2.7965496839924199E-002
  0.29888609435432573        4.8858144319178523E-002
  0.94501633070787172       0.10729922832570163     
  0.92439003613087012       0.12261495911962182     
  0.94096966076840416       0.10407521999405821     
  0.96870723778110013        7.9455081797138630E-002
  0.93144720348147125       0.11227182130513493     
  0.23616705514854813       0.23299099210043162     
  0.29427379202691839       0.23848472930534723     
  0.16744438828685587       0.24579306243113461     
  0.15802231014144921       0.24387617783107565     
  0.31468974862615873       0.23595003965126718     
  0.23768756461286139        1.5687779507678255E-003
  0.34054701389635017        2.7623175054397550E-003
  0.28296137062210208        4.0197458449612528E-003
  0.19736597988606158       -4.7835043372671920E-004
  0.36187483425431832       -3.4377783499088652E-003
  -1.2345125489559294E-002  -1.1527491207212459E-004
   4.3280609735346642E-003  -1.3811317215394021E-003
  -2.3164962121156540E-002   4.4922859168688416E-003
  0.77279893332894567       0.18163321329719903     
  0.73607129443069108       0.18364688198242726     
  0.76995688435957332       0.17466758563093754     
  0.74612094528585893       0.17416515867053778     
  0.84294050715084690       0.15282663361311893     
  0.77219561316036944       0.18282056158905738     
  0.82123302021337929       0.16106935157295429     
  0.86423839095046762       0.15907872351079722     
  0.73708738352671188       0.19583999216562853     
  0.88028197206123471       0.15789407856856472     
  0.83367820088672562       0.15939434382024795     
  -3.3711638526701615E-002   5.2849905566731969E-002
  -1.8867880759635247E-002   3.8106920053663500E-002
  0.14881120950276758        7.0919116972806243E-002
  -6.0105924303088032E-002  0.10519336145341916     
   3.4689391330384900E-002   5.0497807114577992E-002
  0.12646720592263544       0.10388572255787835     
  -3.5910240462373233E-002   7.5890816554633062E-002
  0.19589526454774980        6.5135368128468984E-002
  -9.4313531635088196E-002  0.19077796878947312     
  -6.7015644888171438E-002  0.19748407119543368     
  0.42194458679530461        7.1904269094688437E-003
  0.46407946618287993       -4.0428397746459149E-004
  0.46394441698337313        8.0264766956408590E-004
  0.44245689563422569       -4.8977605447199585E-004
  0.55593778191989951       -4.6278575108834206E-003
  0.27508487278571320       -1.1004490245101013E-003
  0.28222984202369633       -8.3599036980587562E-005
  0.45076585703772709       -7.6881997226430749E-004
  0.22713675816871570       -1.8436084074217239E-004
  0.31395436916648933        8.0550389157429145E-004
  0.22561952154188575        9.8471546486337408E-004
  0.37833188984670563       -6.6271548454806327E-004
  0.86054242979084106        9.8655685494388690E-002
  0.79009584799275856       0.13308650335389738     
  0.85776455409442165        5.5964969898950119E-002
  0.84502817974616129       0.10687066290385225     
  0.89638967029798522       0.10745699758102502     
  0.75976333188699818       0.13555866064375602     
  0.87998087962268978        9.3728464902475037E-002
  0.85972665246114222       0.10544067617861003     
  0.32392153592406936       -1.9673738106778019E-003
  0.37771563620013437        3.1601492638171458E-003
  0.36917613690109530       -3.5944424831929598E-003
  0.34156283509961222       -4.0640839485871225E-003
  0.46561785122069277        8.8320842817718771E-003
   7.6906415481632573E-002   4.4498150413293282E-003
   8.6623259631572108E-002   1.7487307358282290E-002
  -1.3575409089370771E-002   4.1352447010887541E-002
  0.23750363929429219        2.9894771136291815E-002
   4.8865170084620657E-002   4.3363388991551628E-002
  0.12901551096518890       -3.1374722056225199E-002
  0.24984855404850548        4.4487769866509388E-002
   1.0369004896557399E-002   9.1331953273705319E-003
   7.3084963221281524E-002   3.6179897849154104E-002
  0.23735835436501834        1.7362169594392445E-002
  0.95833189028850208        3.9713315750270527E-003
  0.94784628434836138        1.5067994553094507E-004
  0.91964266572246300       -6.6718014027117778E-004
  0.97431347750887365        4.4953568808341338E-003
  0.94814308802844105       -1.1062818537919612E-003
  0.97531209635207905       -4.5443046438902509E-003
  0.59554856339789619        6.7539068959038440E-002
  0.63072155939630847        5.4977674025444352E-002
  0.60495697995142594        5.8772998018942098E-002
  0.45700033700862264        7.7012684142695968E-003
  0.51605461026014599        2.1670522914370286E-003
  0.50254901299922361        1.8489583781809297E-003
  0.47443452116924534        4.0539128396376491E-003
  0.55893953052109557        1.1603254861881261E-002
  -4.1694924786978449E-002  -2.0566632077150596E-002
   1.1090044896359674E-002  -4.1639714671229781E-003
   1.4772556442873452E-002  -1.2944937963955926E-003
  -2.0645873833391837E-002  -5.6288340745692606E-003
  0.22423107126825337        5.2825112062993246E-004
   7.3221148030620131E-002  -2.3291142227196697E-004
  0.27642670548637671       -1.0360885492778609E-003
  0.30937237574497584        2.9107282886670050E-005
  0.30020416423928664       -2.7870839953360914E-003
  0.13801184971659941        1.0504469837238101E-003
  -9.9795583938740662E-002  -2.6804108066335843E-004
  -5.8951696393462066E-002   1.4058700887975260E-003
  0.10394411663000117       -1.9313477136490538E-003
  -1.7526489261574629E-002   1.7706911728363754E-002
   5.4167463158143303E-002  -9.0239836387568228E-003
   4.2935122655680169E-002   2.1763725522982606E-002
   2.0482440539967284E-003  -7.8960665841218552E-003
  -1.0593714456458847E-003  -6.3980360992366920E-003
   3.9766802166493476E-002  -1.6801410417189593E-004
   4.9028404861534425E-002   3.3360350109583664E-003
   2.0029480056981297E-002   4.1850298004085691E-003
  0.64440413424715204       0.15366162381360923     
  0.71407809193849059        9.2524625267465410E-002
  0.66816142265621092       0.11551612918117631     
  0.72128517173174644       0.16378948154012907     
  0.71586183249953650       0.16060041294835464     
  -6.4572722508444841E-002   4.9557197440978550E-002
   2.3321558480568549E-002   3.7410694713585532E-002
  -4.4625784978259919E-002   4.7976232722304335E-002
   9.1402960377709785E-002   7.8589178373334942E-004
   9.8966826789378209E-002   8.1466062100912489E-003
  -3.2466549077408369E-002  -1.6584863994053397E-002
  0.28687346840279737       -1.3931294641972591E-003
   6.0113486416554007E-002   5.5444735493517883E-003
  0.13511702750093377        9.1762047814772235E-003
   4.2348164791884163E-002  -1.2828109273727184E-002
   8.4322182576284238E-002   3.2156347579018912E-003
  0.23151958907391204       -1.6253284049114482E-003
   4.7485890386033958E-002  0.21606207179078721     
   7.4474067915417469E-002  0.22397928138036893     
  -2.6553433576081142E-003  0.21680856679272215     
  -1.7915597681619627E-002  0.23013724365828847     
  -8.1632863615593299E-003  0.12439328161424504     
  -7.3921745885710710E-002  0.12268714835724899     
  0.14417282157623240       0.13250280893800487     
   1.2072880546498688E-002  0.14929554268333578     
  -3.6658683832123951E-002  0.12294461422415401     
   9.1547550139471329E-002  0.13888483793408246     
  -1.0592579348678133E-002  0.16177407630208820     
  0.26498301729273377       -9.8763709137592026E-004
  0.31616145702793330       -4.1869643802628563E-004
  0.34633167977726709        2.6979917087478181E-003
  0.33682455138892026       -2.0610140261236542E-002
  0.17509990243614876        1.2452667861203354E-003
  -3.9608492713911259E-002   1.2527483998860428E-003
  -8.9178216042695352E-002  -1.7301745083221845E-004
   4.5204735964113896E-003  -3.1242440398636237E-003
  -7.4176031505388929E-002  -1.7347450135841900E-003
  0.14605770970891377        2.6230552523900720E-003
  0.41192597597496761        4.4944733756782226E-003
  0.45020421483663442        4.1619556586150374E-005
  0.45365115091225627        1.0181072196445450E-004
  0.43466570448412606        9.7886086240164469E-004
  0.56306417701176614        1.4547404301936036E-003
  -3.5353237711651997E-002   7.0879289311199635E-003
  -3.7779196979715046E-002   6.6438648602652759E-003
  -8.1591118795603795E-002  -5.4175284405365660E-003
   9.4546366539163179E-002  0.16996716393424466     
  0.11592424542689087       0.16878339842997775     
   4.2821217082061963E-002  0.17779457800968479     
   2.0901320761636338E-002  0.19331008144297543     
  0.27098513713347222        2.6846181032148721E-003
   5.6751687651365956E-002   1.0945867007753183E-002
  0.31233054969536655        2.3432810183311586E-003
  0.31385413659982364       -3.2395965922499021E-004
  0.29089774408734598       -4.8797874420135490E-003
  0.46989046108552235       -5.2858658594888007E-004
  -5.4930922199001420E-002  -6.5629287989389468E-002
   3.6680626127216120E-002   2.3331244339242788E-002
   1.3037373575615574E-002   5.3890500421188120E-002
  -3.5262499181974549E-002  -2.5957776823408510E-002
  0.78755313549407790        9.8461162684642806E-002
  0.71982696319107331       0.13174878465105111     
  0.78347995368413315        7.6485740926834231E-002
  0.77130963797641694       0.10454917800673171     
  0.84429963038730704       0.11754210326410783     
  0.69723919501005582       0.11888509311478077     
  0.81058705025077371        9.7090992999645923E-002
  0.78893953834179131       0.10509869906497141     
  0.23123698133414899        8.2660410074114427E-002
  0.34703714754189713        5.3228857593158180E-002
  0.29398880542272310        7.3020605151964693E-002
  0.24847381457228063        7.8166746204510071E-002
  0.37120531534867313        9.1071406014058096E-002
  0.16216786578464942        9.4915412526753465E-002
  0.10766854435461404       0.12187381817133008     
  0.48985814198163674        9.4451464532240188E-003
  0.54190560543810429        1.1453759532210719E-003
  0.53358722739198128        3.0972946582373577E-004
  0.50813049852549930        4.0459565148590155E-003
  0.59134868820292996       -2.9440414659286200E-003
  0.11664699072060221       0.22365486852961142     
  -3.5244379822062688E-002  0.24673764574183799     
   3.2271584469158371E-002  0.28070750620823104     
   8.5584199472142020E-002  0.13561832585111258     
   1.4071982350729317E-002  0.14488049082489490     
  0.21249784102919886       0.14099650179983431     
  0.10221998496797882       0.14005128467219471     
   5.4901498173803687E-002  0.12712883641484735     
  0.16641726250369526       0.14563795754615758     
   8.4147039697122811E-002  0.14434854905661090     
  -7.7577814121994854E-002  0.11128465476742398     
  0.17008618653125759       -8.5020807505557317E-004
  0.12738689276432968       -1.5506346889086720E-004
  0.20948723919953643       -5.1013352026934482E-003
  0.12706314455888756       -2.5845571095877728E-003
  0.28883988634849450        4.6924016013175840E-003
   5.9814114407285346E-002   2.4799101011279450E-002
  -8.8884027912982888E-002   8.4751966823167141E-004
  0.10904385718715454       -1.8370760649632202E-002
  0.11003700290414486       -1.0370612665447969E-002
   7.9544011888046884E-002  -6.4404368176136234E-003
  0.11029349924020132       -5.3442707312885435E-003
  -7.0133563518374020E-002   3.7478703672659777E-002
  0.16773243459204185       -2.1772687804446937E-003
  0.16122013052210499        1.0759656352642602E-003
  0.12886667481579139        4.2652573153633314E-002
  -9.1281102785463558E-002  -3.3462569972034603E-002
