 cosx vtec
  0.82304499456788449        3.1388095203105523E-002
  0.86095103745046631        1.1266557126342261E-002
  0.85171692360168327        1.6147304182509994E-002
  0.83334641780507079        2.6590208887822465E-002
  0.88489149684664736        2.7965496839924199E-002
  0.75127738544097733        4.8858144319178523E-002
  0.85087885983588674       0.10729922832570163     
  0.84053083612413060       0.12261495911962182     
  0.89006706306151773       0.10407521999405821     
  0.86110424069766200        7.9455081797138630E-002
  0.86160149646806727       0.11227182130513493     
  0.31901098642048475       0.23299099210043162     
  0.35735085279107826       0.23848472930534723     
  0.32025829989809734       0.24579306243113461     
  0.29406795346469272       0.24387617783107565     
  0.38794391290827396       0.23595003965126718     
  -9.5752189339930807E-002   1.5687779507678255E-003
  0.10880542431727043        2.7623175054397550E-003
  -2.0169274259922831E-002   4.0197458449612528E-003
  -8.9884547909972787E-002  -4.7835043372671920E-004
   5.3016533964145449E-002  -3.4377783499088652E-003
  0.14893598010140094       -2.7604670143527199E-003
  0.30575857721716715       -1.1527491207212459E-004
  0.34493202679721124       -1.3811317215394021E-003
  0.36148222570360145        4.4922859168688416E-003
  0.12876854535592480       -1.2436391499969313E-003
  0.17689673576161349       -4.5297425071958546E-003
  -2.9873712326385443E-002   3.3594982712548912E-003
  0.17897915531851272       -1.0845568661108529E-002
  0.22483993254525847        2.4618362171800252E-002
  0.18701865915016028       -3.8686800322529163E-002
  -2.6003197456843596E-002   4.1191537438215890E-004
  -3.5471631825245431E-002  0.16537621692818413     
  0.10842433237019640       0.15934392381651821     
  0.15609645326709135        2.5444023499378923E-002
   4.2513684031167689E-002  0.16245428121964881     
  -7.4895012469189670E-003  0.15838180996555629     
   2.2416809011122141E-002  0.16540010551223430     
  0.72410563469902223       0.18163321329719903     
  0.70672328273981178       0.18364688198242726     
  0.77008668470363117       0.17466758563093754     
  0.72752972651086556       0.17416515867053778     
  0.63383336307772076       0.15282663361311893     
  0.58535017131069311       0.18282056158905738     
  0.62335901548261519       0.16106935157295429     
  0.69518044906404264       0.15907872351079722     
  0.49402774036935398       0.19583999216562853     
  0.65245923900473435       0.15789407856856472     
  0.64463162651598449       0.15939434382024795     
  0.36715405656733602       0.19077796878947312     
  0.39935857432833222       0.19748407119543368     
  0.31297984786703997       0.19677924073786038     
  0.29208121371743501       0.19784547479312053     
  0.77747716311575177        7.1904269094688437E-003
  0.75788414539205584       -4.0428397746459149E-004
  0.77066444068777995        8.0264766956408590E-004
  0.77410997159177652       -4.8977605447199585E-004
  0.84057091898982284       -4.6278575108834206E-003
  -4.8220026360662083E-002  -7.6881997226430749E-004
  -9.8469011112346863E-002  -6.6271548454806327E-004
  0.55071625333313767        9.8655685494388690E-002
  0.50136690299904751       0.13308650335389738     
  0.48472436255453671        5.5964969898950119E-002
  0.54373463750423912       0.10687066290385225     
  0.62721837889848020       0.10745699758102502     
  0.41988078761444020       0.13555866064375602     
  0.56099430024932140        9.3728464902475037E-002
  0.56739769068393497       0.10544067617861003     
  0.74928721702586987       -1.9673738106778019E-003
  0.76028483296982130        3.1601492638171458E-003
  0.76504017739647645       -3.5944424831929598E-003
  0.75535562806387957       -4.0640839485871225E-003
  0.83646739060048103        8.8320842817718771E-003
  0.68851394945168920        3.9713315750270527E-003
  0.73860219178461517        1.5067994553094507E-004
  0.62809348174510649       -6.6718014027117778E-004
  0.75059069030479098        4.4953568808341338E-003
  0.68313007240867207       -1.1062818537919612E-003
  0.72432710803242673       -4.5443046438902509E-003
  0.67637273304222645        6.7539068959038440E-002
  0.74550411205026956        5.4977674025444352E-002
  0.69915762956294902        5.8772998018942098E-002
  0.85205219099534812        7.7012684142695968E-003
  0.87319809330009956        2.1670522914370286E-003
  0.87224762784190013        1.8489583781809297E-003
  0.86017416173659411        4.0539128396376491E-003
  0.90658118640360197        1.1603254861881261E-002
  -1.4471619839714650E-002  0.15831919765343447     
  -9.3354342939513058E-002  0.15216228660618406     
  0.41060197460756787       -2.0566632077150596E-002
  0.22273235738460595       -1.2701386721718732E-002
  0.39251572232676418       -4.1639714671229781E-003
  0.41574921463695946       -1.2944937963955926E-003
  0.40922336944551407       -5.6288340745692606E-003
  0.21988117785201380       -4.6381131940633384E-003
  0.20872204612618797        5.2825112062993246E-004
  0.16299811880100845       -2.3291142227196697E-004
  0.33641974059507029       -1.0360885492778609E-003
  0.39750022807804181        2.9107282886670050E-005
  0.25036156015478517       -2.7870839953360914E-003
  0.13242402743144907        1.0504469837238101E-003
  0.47079178707735891        1.7706911728363754E-002
  0.29054488177612703        8.3064049308213578E-004
  0.49384689733536979       -9.0239836387568228E-003
  0.50071829450365246        2.1763725522982606E-002
  0.47943744743182393       -7.8960665841218552E-003
  0.38773845572967991        8.2147199687336817E-002
  0.11955673257337023       0.17979436456887404     
  0.27465440021355192       0.16086609414302988     
  0.30728619599311158       0.16159190962225733     
  0.21832239781734181       0.16379153790527184     
  0.15771526205196959       0.16523917677199620     
  0.19671711888558568       0.16719070424129434     
  0.42876441923348529       -6.3980360992366920E-003
  0.22101866520371960       -2.4152062409891399E-004
  0.38261233097652914       -1.6801410417189593E-004
  0.41151994366434652        3.3360350109583664E-003
  0.41752363301555806        4.1850298004085691E-003
  0.86457418316853196       0.15366162381360923     
  0.83722944214750850        9.2524625267465410E-002
  0.88298315106129233       0.11551612918117631     
  0.88793309299536727       0.16378948154012907     
  0.86006774715608758       0.16060041294835464     
  0.22463235315118288        8.7806748522432240E-002
  0.46702770965327040        4.9557197440978550E-002
  0.54277894234840163        3.7410694713585532E-002
  0.48496511196218967        4.7976232722304335E-002
  0.41090178324744259        6.5191784758076146E-002
  0.34096805560741561        6.2451256859090268E-002
  0.37276652919414283        8.2339747719577638E-002
   8.0649513309512047E-002  0.20000990441896402     
  0.22896193253434233       0.18849306004408550     
  0.27218462907226826       0.20000520977718561     
  0.16959038403071552       0.19102871679253400     
  0.15066012082467778       0.19544743668399317     
  0.45137829556069897       0.21606207179078721     
  0.48378337617611616       0.22397928138036893     
  0.39625438210537001       0.21680856679272215     
  0.37448893033578445       0.23013724365828847     
  0.24110336273088642       -9.8763709137592026E-004
  0.36679816505181728       -4.1869643802628563E-004
  0.42381369515986184        2.6979917087478181E-003
  0.28286884186063344       -2.0610140261236542E-002
  0.15859113561611735        1.2452667861203354E-003
  -2.3077400115741734E-002  0.24713170551468802     
  -3.9904336191281406E-002  0.23721193722235798     
  -3.7411419884106345E-002   2.6299998063288428E-002
   2.0647426946002190E-002   1.8192433725313806E-002
   2.9216085375944362E-002   4.3737613825485785E-002
  0.21747222814154971        2.2100578287264510E-002
   5.2554336581590186E-002   3.8172727753038857E-002
  0.35032377733972220        3.4166946097695702E-002
  0.24427096535762716        3.9101947776732475E-002
  0.14914685444419812        3.1988908536078074E-002
   9.9020272537870005E-002   1.7970343024593889E-002
  0.11455494469405564        4.5846785742042269E-002
  0.74754851542887046        4.4944733756782226E-003
  0.70483425685967294        4.1619556586150374E-005
  0.72200494729989750        1.0181072196445450E-004
  0.73422188023366719        9.7886086240164469E-004
  0.80912919867847055        1.4547404301936036E-003
  0.37278895823016478       -6.6559077245274684E-002
  0.19732535478780874        1.2596067335274474E-002
  0.37887336018489409        7.0879289311199635E-003
  0.39713232574000112        6.6438648602652759E-003
  0.37836387058047638       -5.4175284405365660E-003
  0.20521803938980099        2.9433060817074527E-002
  0.54593479228971942       0.16996716393424466     
  0.56861012977501035       0.16878339842997775     
  0.49425861404524057       0.17779457800968479     
  0.46773998488043145       0.19331008144297543     
   3.5845561718826149E-002  -1.1808690353571833E-003
  0.66147837248998920        2.6846181032148721E-003
  0.41441805058586079        1.0945867007753183E-002
  0.63694088051799458        2.3432810183311586E-003
  0.65278518286118525       -3.2395965922499021E-004
  0.65637607236852002       -4.8797874420135490E-003
  0.78175640436653548       -5.2858658594888007E-004
  0.45652080904361858       -6.5629287989389468E-002
  0.27420020278679857        3.7236779886469638E-002
  0.50497976791379040        2.3331244339242788E-002
  0.50073233344579171        5.3890500421188120E-002
  0.46894543303582670       -2.5957776823408510E-002
  0.38464836381229128        1.1119219847883991E-003
  0.31686401492474947        4.7128949035861690E-003
  0.43072790481352863        9.8461162684642806E-002
  0.38556786220204042       0.13174878465105111     
  0.37104558239714391        7.6485740926834231E-002
  0.42355020768836371       0.10454917800673171     
  0.53243356123311036       0.11754210326410783     
  0.32264523430253478       0.11888509311478077     
  0.44362879562844687        9.7090992999645923E-002
  0.44954090392568458       0.10509869906497141     
  0.70136899059576463        8.2660410074114427E-002
  0.78601488513468931        5.3228857593158180E-002
  0.74981069752987350        7.3020605151964693E-002
  0.71530345040632470        7.8166746204510071E-002
  0.79711019576905051        9.1071406014058096E-002
  0.64464401111601621        9.4915412526753465E-002
  0.59330755674292557       0.12187381817133008     
  0.86280202429247965        9.4451464532240188E-003
  0.87210398355373220        1.1453759532210719E-003
  0.87599055143059701        3.0972946582373577E-004
  0.86866564104520694        4.0459565148590155E-003
  0.91259376017951355       -2.9440414659286200E-003
   5.1014868727703569E-002   8.9833006876898162E-003
   8.6091224314218145E-002  -8.8073565653271145E-004
  -7.6168134187813791E-002   4.9149835120062069E-003
  0.13770821597565516       0.13246439172701949     
  0.30826736476702182       0.11013581044319495     
  0.45509009840185666       0.11128465476742398     
  0.33489050688811856       0.11089543821439511     
  0.25162060280344245       0.11116968048219136     
  0.19421852285692712       0.10889889671508828     
  0.22561265984704626       0.12766311865842941     
  -5.5763859664099663E-002   8.4135536254450499E-002
  0.10835095520542731        7.5380639790021020E-002
  0.14675617406100286        5.4533390711802091E-002
   3.6187356147128980E-002   6.4489324284025470E-002
  -1.0426471124361264E-002   7.1651545479248444E-002
   9.1100062579037022E-003   9.0258191014254516E-002
  0.14690384105484419       0.22177906897442204     
  0.30420955158525215       0.19590597892690828     
  0.34007425548378412       0.20224077677783442     
  0.24837226559893660       0.19946131417052668     
  0.17393384337895870       0.21899558070053621     
  0.22838103824059935       0.20788173597004292     
  0.50162221215016700        2.4799101011279450E-002
  0.30869086644912525        8.4751966823167141E-004
  0.48715495826314159       -1.8370760649632202E-002
  0.50514581657371238       -1.0370612665447969E-002
  0.50069746791068470       -6.4404368176136234E-003
  0.30465347385459463        2.5476774128805581E-002
  0.57079472371775941       -5.3442707312885435E-003
  0.36598900540283574        3.7478703672659777E-002
  0.57899513175683193       -2.1772687804446937E-003
  0.58820616417847615        1.0759656352642602E-003
  0.57616456000536020        4.2652573153633314E-002
  0.38803896666061233       -3.3462569972034603E-002
