 cosx vtec
  0.71708062555144558        3.1388095203105523E-002
  0.75970801605048111        1.1266557126342261E-002
  0.74959608574440917        1.6147304182509994E-002
  0.72847042500943493        2.6590208887822465E-002
  0.79455420264834409        2.7965496839924199E-002
  0.63802411248636637        4.8858144319178523E-002
  0.92436447211271644       0.10729922832570163     
  0.91330129595507525       0.12261495911962182     
  0.94998426282010318       0.10407521999405821     
  0.93501354161193428        7.9455081797138630E-002
  0.92910885574708768       0.11227182130513493     
  0.35409639165816081       0.23299099210043162     
  0.39924701989651856       0.23848472930534723     
  0.33227204386939307       0.24579306243113461     
  0.31127888560434047       0.24387617783107565     
  0.42691454151856834       0.23595003965126718     
  -3.6265954432042453E-002   1.5687779507678255E-003
  0.13795203114176485        2.7623175054397550E-003
   3.0392351336248600E-002   4.0197458449612528E-003
  -4.8052651327013363E-002  -4.7835043372671920E-004
  0.10901563467764469       -3.4377783499088652E-003
   6.2586153181607750E-003  -2.7604670143527199E-003
  0.17201044773704413       -1.1527491207212459E-004
  0.20740471690576820       -1.3811317215394021E-003
  0.21456471950491957        4.4922859168688416E-003
  -2.5752548999023461E-002  -1.2436391499969313E-003
   6.1849134648870128E-003  -4.5297425071958546E-003
   2.4169105592563148E-002  -1.0845568661108529E-002
   6.4813998470989065E-002   2.4618362171800252E-002
   1.9590509400696416E-002  -3.8686800322529163E-002
  -3.0086260172373043E-002  0.15934392381651821     
   1.4780811287957342E-002   2.5444023499378923E-002
  -9.2959157407114024E-002  0.16245428121964881     
  0.79589573140302761       0.18163321329719903     
  0.77389884738524617       0.18364688198242726     
  0.82672577206154607       0.17466758563093754     
  0.79103251208083614       0.17416515867053778     
  0.74744777273393137       0.15282663361311893     
  0.69620169884576244       0.18282056158905738     
  0.73517843520688220       0.16106935157295429     
  0.79721528154783183       0.15907872351079722     
  0.62001384984844443       0.19583999216562853     
  0.76839230501050948       0.15789407856856472     
  0.75358983484390019       0.15939434382024795     
  0.26090977008894961       0.19077796878947312     
  0.29121720202830170       0.19748407119543368     
  0.20840358041283133       0.19677924073786038     
  0.18978144594904692       0.19784547479312053     
  0.66664129901652813        7.1904269094688437E-003
  0.65923733231712645       -4.0428397746459149E-004
  0.67009411812111941        8.0264766956408590E-004
  0.66805693302572500       -4.8977605447199585E-004
  0.75312584701129193       -4.6278575108834206E-003
  -8.8320978118480789E-002  -1.1004490245101013E-003
  -7.2844464021113164E-002  -8.3599036980587562E-005
   8.9134432842003203E-002  -7.6881997226430749E-004
  -4.2878764928604159E-002   8.0550389157429145E-004
   2.3829244350928574E-002  -6.6271548454806327E-004
  0.68578343428746802        9.8655685494388690E-002
  0.63614750239618933       0.13308650335389738     
  0.62880089870347311        5.5964969898950119E-002
  0.67827342125425083       0.10687066290385225     
  0.75117526511476240       0.10745699758102502     
  0.56638063963550689       0.13555866064375602     
  0.69590680262061533        9.3728464902475037E-002
  0.69911503471267922       0.10544067617861003     
  0.62370791644933199       -1.9673738106778019E-003
  0.64226759057686100        3.1601492638171458E-003
  0.64534949956487031       -3.5944424831929598E-003
  0.63188050090359438       -4.0640839485871225E-003
  0.73082622449666634        8.8320842817718771E-003
  0.78719492011481629        3.9713315750270527E-003
  0.81206718741478834        1.5067994553094507E-004
  0.72580770601643618       -6.6718014027117778E-004
  0.83570279034582584        4.4953568808341338E-003
  0.77673685081786770       -1.1062818537919612E-003
  0.82157757004427978       -4.5443046438902509E-003
  0.71198970971409414        6.7539068959038440E-002
  0.76885026534453516        5.4977674025444352E-002
  0.73014558514629768        5.8772998018942098E-002
  0.74889205204899789        7.7012684142695968E-003
  0.77625098606775922        2.1670522914370286E-003
  0.77411659805859157        1.8489583781809297E-003
  0.75871570791987220        4.0539128396376491E-003
  0.81963395301912256        1.1603254861881261E-002
  0.25274794452678012       -2.0566632077150596E-002
   6.7670530345082761E-002  -1.2701386721718732E-002
  0.24777740457609640       -4.1639714671229781E-003
  0.26794823383032768       -1.2944937963955926E-003
  0.25530580080210452       -5.6288340745692606E-003
   5.6875973933205121E-002  -4.6381131940633384E-003
  0.16746848650579890        5.2825112062993246E-004
   8.6874470636233214E-002  -2.3291142227196697E-004
  0.27714587767729426       -1.0360885492778609E-003
  0.33266790543618052        2.9107282886670050E-005
  0.22232680330282817       -2.7870839953360914E-003
   8.4773990080517794E-002   1.0504469837238101E-003
  0.31153344486162465        1.7706911728363754E-002
  0.12611054269556315        8.3064049308213578E-004
  0.34291758779855724       -9.0239836387568228E-003
  0.34726996547723482        2.1763725522982606E-002
  0.32192217194150696       -7.8960665841218552E-003
  0.22205171193410125        8.2147199687336817E-002
  -1.3181372354917139E-002  0.17979436456887404     
  0.14150200050910577       0.16086609414302988     
  0.17248053052531176       0.16159190962225733     
   8.6954930742365627E-002  0.16379153790527184     
   1.6941665839548169E-002  0.16523917677199620     
   6.7645837510358575E-002  0.16719070424129434     
  0.27587532821327176       -6.3980360992366920E-003
   7.4362011824955596E-002  -2.4152062409891399E-004
  0.24629859899408357       -1.6801410417189593E-004
  0.27200919148654296        3.3360350109583664E-003
  0.27054896102995069        4.1850298004085691E-003
  0.84785968277404433       0.15366162381360923     
  0.85435158153773838        9.2524625267465410E-002
  0.86693176748076362       0.11551612918117631     
  0.88797438777723625       0.16378948154012907     
  0.86923375973363692       0.16060041294835464     
   6.8687462069748156E-002   8.7806748522432240E-002
  0.31646837750161255        4.9557197440978550E-002
  0.39369035476239911        3.7410694713585532E-002
  0.33433629261474401        4.7976232722304335E-002
  0.25982866815347522        6.5191784758076146E-002
  0.18071665542855991        6.2451256859090268E-002
  0.22375065085891890        8.2339747719577638E-002
  -9.7545706537186749E-002  -1.3931294641972591E-003
  -2.9039021579825498E-002  0.20000990441896402     
  0.11789225896184310       0.18849306004408550     
  0.15821945236983406       0.20000520977718561     
   6.1204547973065758E-002  0.19102871679253400     
   4.4647381677388541E-002  0.19544743668399317     
  0.37173905738260865       0.21606207179078721     
  0.40203237664490554       0.22397928138036893     
  0.31811230167781257       0.21680856679272215     
  0.29873538336176914       0.23013724365828847     
  0.20405516547402489       -9.8763709137592026E-004
  0.31203646598256513       -4.1869643802628563E-004
  0.36373672428897402        2.6979917087478181E-003
  0.25781761558551980       -2.0610140261236542E-002
  0.11551087292809184        1.2452667861203354E-003
  -1.5849741863381957E-002  0.24713170551468802     
  -4.8125111715879035E-002  0.23721193722235798     
   4.9642895325361071E-002   2.2100578287264510E-002
  0.18333853765012714        3.4166946097695702E-002
   7.5955420550310127E-002   3.9101947776732475E-002
  -1.7680038232426379E-002   3.1988908536078074E-002
  -7.1866911387667501E-002   1.7970343024593889E-002
  -4.9614906182979521E-002   4.5846785742042269E-002
  0.63788834204042288        4.4944733756782226E-003
  0.61165965023521474        4.1619556586150374E-005
  0.62663397437582780        1.0181072196445450E-004
  0.63192498238002959        9.7886086240164469E-004
  0.72804179540271652        1.4547404301936036E-003
  0.20940775434793721       -6.6559077245274684E-002
   3.5028477636574983E-002   1.2596067335274474E-002
  0.22652217557634871        7.0879289311199635E-003
  0.24166077664619984        6.6438648602652759E-003
  0.21763924002737695       -5.4175284405365660E-003
   3.7626395596205973E-002   2.9433060817074527E-002
  0.44512850285284516       0.16996716393424466     
  0.46688749911526556       0.16878339842997775     
  0.39371162276386756       0.17779457800968479     
  0.36929710426832735       0.19331008144297543     
  0.53216115232878525        2.6846181032148721E-003
  0.27617332026642599        1.0945867007753183E-002
  0.52042256112105267        2.3432810183311586E-003
  0.53405557413761884       -3.2395965922499021E-004
  0.53188746306984502       -4.8797874420135490E-003
  0.68109193248146926       -5.2858658594888007E-004
  0.29509383631808883       -6.5629287989389468E-002
  0.10498168499477677        3.7236779886469638E-002
  0.35032687739102719        2.3331244339242788E-002
  0.34363505911117304        5.3890500421188120E-002
  0.30852272882978721       -2.5957776823408510E-002
  0.21977418913298746        1.1119219847883991E-003
  0.14739118753027663        4.7128949035861690E-003
  0.57898599242341098        9.8461162684642806E-002
  0.53231092991768525       0.13174878465105111     
  0.52654743625782574        7.6485740926834231E-002
  0.57102914051692688       0.10454917800673171     
  0.66909131909010255       0.11754210326410783     
  0.47763866675046862       0.11888509311478077     
  0.59200701646803600        9.7090992999645923E-002
  0.59464489929928255       0.10509869906497141     
  0.58267026542141098        8.2660410074114427E-002
  0.66968788758416720        5.3228857593158180E-002
  0.63320804855549839        7.3020605151964693E-002
  0.59689698047983708        7.8166746204510071E-002
  0.69539092649179846        9.1071406014058096E-002
  0.52343076917540754        9.4915412526753465E-002
  0.47332672225297251       0.12187381817133008     
  0.76211728679904478        9.4451464532240188E-003
  0.77907551099259265        1.1453759532210719E-003
  0.78157802330572967        3.0972946582373577E-004
  0.77037454115925363        4.0459565148590155E-003
  0.82914026880953973       -2.9440414659286200E-003
   5.7566159200986280E-003  0.22365486852961142     
  -3.2030136822164774E-002  0.28070750620823104     
  -7.3055835012501263E-002  0.14099650179983431     
  -8.7516503833965628E-002  -8.8073565653271145E-004
  -1.1588969060110060E-002  0.13246439172701949     
  0.15937719233960285       0.11013581044319495     
  0.30459755755507834       0.11128465476742398     
  0.18506966604724587       0.11089543821439511     
  0.10384782931125622       0.11116968048219136     
   3.8754600911225776E-002  0.10889889671508828     
   8.0154316338905587E-002  0.12766311865842941     
  -5.5271397534703531E-002   7.5380639790021020E-002
  -1.8349548370824236E-002   5.4533390711802091E-002
   3.5506613414285793E-002  0.22177906897442204     
  0.19293846506680698       0.19590597892690828     
  0.22660011104120165       0.20224077677783442     
  0.13915559820519202       0.19946131417052668     
   5.1134649490293498E-002  0.21899558070053621     
  0.12146739405586590       0.20788173597004292     
  -6.7921303027055110E-002   4.6924016013175840E-003
  0.35081554291102585        2.4799101011279450E-002
  0.15668816073136063        8.4751966823167141E-004
  0.34820678047264125       -1.8370760649632202E-002
  0.36358440389855745       -1.0370612665447969E-002
  0.35359912875292165       -6.4404368176136234E-003
  0.14320699080533386        2.5476774128805581E-002
  0.42208849654865921       -5.3442707312885435E-003
  0.20879492942908986        3.7478703672659777E-002
  0.43906575700294598       -2.1772687804446937E-003
  0.44605610498291609        1.0759656352642602E-003
  0.42974258515367897        4.2652573153633314E-002
  0.22498291626098324       -3.3462569972034603E-002
