 cosx vtec
  0.97644848945861851        3.1388095203105523E-002
  0.98587764097053188        1.1266557126342261E-002
  0.98257257854035418        1.6147304182509994E-002
  0.97973171443629958        2.6590208887822465E-002
  0.96250140292768060        2.7965496839924199E-002
  0.95248837084769034        4.8858144319178523E-002
  -8.1192972201683311E-002  -1.2897270245265243E-003
  -4.2198160566923437E-002   2.7911010227498938E-003
  -1.0945821583907556E-002  -5.1007868414364495E-003
  0.33194123628721484       0.10729922832570163     
  0.32724338406027531       0.12261495911962182     
  0.40998306388697880       0.10407521999405821     
  0.33763093741936945        7.9455081797138630E-002
  0.36168174503195322       0.11227182130513493     
   9.6562023984664846E-002  0.23299099210043162     
   9.8564792476445146E-002  0.23848472930534723     
  0.18285096775200393       0.24579306243113461     
  0.14502259931518457       0.24387617783107565     
  0.13110935238747889       0.23595003965126718     
  -3.0660073425925888E-002   2.7623175054397550E-003
  -5.9880223272263111E-002  0.18116790074331321     
  -9.1465701880389050E-002  0.18711093450550123     
  -3.8565668760069949E-003  0.18987606643068172     
  -1.9305915500861748E-002  0.18739092016021178     
  -3.3797319208630217E-002  0.18751340178758585     
  0.63385991281677478       -2.7604670143527199E-003
  0.71212076590354279       -1.1527491207212459E-004
  0.75391565068360611       -1.3811317215394021E-003
  0.80042248413582140        4.4922859168688416E-003
  0.66338644494191235       -1.2436391499969313E-003
  0.42953270564204304        2.0479110461447654E-004
  0.75748088178801554       -4.5297425071958546E-003
  0.57476662513561949        3.3594982712548912E-003
  0.70009594383684037       -1.0845568661108529E-002
  0.75195574447686608        2.4618362171800252E-002
  0.75251044194891836       -3.8686800322529163E-002
  0.59505668337123818        4.1191537438215890E-004
  -4.6196100987931921E-003   2.3041674179984772E-003
  -2.7580519606999088E-002  -2.7525199677435008E-004
   2.3034490351214854E-002  -1.2724938539822386E-003
  -9.3287496807656467E-002  -2.9124891541573404E-003
  -8.9966137223590370E-002   1.6272398366837053E-003
   4.1731115542040009E-002  -1.8118724865727565E-004
  0.47560053104509353       0.16537621692818413     
  0.58968042894077588       0.15934392381651821     
  0.63390182910299242        2.5444023499378923E-002
  0.53165179583977640       0.16245428121964881     
  0.52151460900058133       0.15838180996555629     
  0.50822592380950038       0.16540010551223430     
  0.24823284525173417       0.18163321329719903     
  0.25297617406785167       0.18364688198242726     
  0.33695453381154605       0.17466758563093754     
  0.28134015264416690       0.17416515867053778     
   2.9337233170258437E-002  0.15282663361311893     
   5.1507531720322852E-003  0.18282056158905738     
   2.8546913294479004E-002  0.16106935157295429     
  0.11574560379686788       0.15907872351079722     
   3.3975133099451549E-002  0.15789407856856472     
   5.4237628303378471E-002  0.15939434382024795     
  0.65388970727391793       0.19077796878947312     
  0.68377110378813710       0.19748407119543368     
  0.60926198163659240       0.19677924073786038     
  0.58600112596890941       0.19784547479312053     
  0.96213673648261577        7.1904269094688437E-003
  0.90310966032611306       -4.0428397746459149E-004
  0.91930140385682169        8.0264766956408590E-004
  0.94204225359648142       -4.8977605447199585E-004
  0.92033626959985537       -4.6278575108834206E-003
  -1.3642531102866839E-002  0.10745699758102502     
  -8.4830347266650674E-002  0.10544067617861003     
  0.99670257481373437       -1.9673738106778019E-003
  0.97651655246290847        3.1601492638171458E-003
  0.98608643258718809       -3.5944424831929598E-003
  0.99322103247647231       -4.0640839485871225E-003
  0.98477942151299991        8.8320842817718771E-003
  0.12342854764842942        3.9713315750270527E-003
  0.25232269762117987        1.5067994553094507E-004
   8.4120200996482208E-002  -6.6718014027117778E-004
  0.21771853350810866        4.4953568808341338E-003
  0.13838999618780773       -1.1062818537919612E-003
  0.15414427257309921       -4.5443046438902509E-003
  0.34825247868626941        6.7539068959038440E-002
  0.44274496398913910        5.4977674025444352E-002
  0.38156046728578691        5.8772998018942098E-002
  0.98665769976529649        7.7012684142695968E-003
  0.97866865603498232        2.1670522914370286E-003
  0.98237649444578645        1.8489583781809297E-003
  0.98612366744647406        4.0539128396376491E-003
  0.96534803986947670        1.1603254861881261E-002
  0.37815699139888953       0.15621543594884907     
  0.31709045631376354       0.16669204073483934     
  0.50360574113730139       0.15831919765343447     
  0.43109307706742694       0.15216228660618406     
  0.41918425982858409       0.14958327736875440     
  0.40724709250868474       0.15520144799549179     
  0.87577142685000609       -2.0566632077150596E-002
  0.73208430348427500       -1.2701386721718732E-002
  0.81438367363109176       -4.1639714671229781E-003
  0.84221194428183965       -1.2944937963955926E-003
  0.86022141552093445       -5.6288340745692606E-003
  0.75946424449719807       -4.6381131940633384E-003
  0.30085944742505882        5.2825112062993246E-004
  0.39748167876529461       -2.3291142227196697E-004
  0.45820541623845079       -1.0360885492778609E-003
  0.52213638563741083        2.9107282886670050E-005
  0.28148390252400735       -2.7870839953360914E-003
  0.27038014475523825        1.0504469837238101E-003
  0.92369292005349202        1.7706911728363754E-002
  0.81491207410104671        8.3064049308213578E-004
  0.90922631756109018       -9.0239836387568228E-003
  0.92342825840716403        2.1763725522982606E-002
  0.92337742584784821       -7.8960665841218552E-003
  0.88853681521596073        8.2147199687336817E-002
  0.57621447057137398       0.17979436456887404     
  0.68783758565650099       0.16086609414302988     
  0.71711972694818704       0.16159190962225733     
  0.64124546607308741       0.16379153790527184     
  0.63304439965709858       0.16523917677199620     
  0.61741015737372607       0.16719070424129434     
  0.17489126570387548        4.4968026919053892E-003
  0.14745607188581250        4.2981282663374643E-003
  0.20259040597750122        1.4764253058574511E-003
   4.9985520437182962E-002   7.5457911314361602E-003
  0.21778044450676415        8.4268154823119001E-004
  0.87028472410288038       -6.3980360992366920E-003
  0.69975476334615783       -2.4152062409891399E-004
  0.77616916400834701       -1.6801410417189593E-004
  0.80852231484946824        3.3360350109583664E-003
  0.84041272077142126        4.1850298004085691E-003
  0.67555300068788504       0.15366162381360923     
  0.53089154114733106        9.2524625267465410E-002
  0.68616519250558927       0.11551612918117631     
  0.63010897476631256       0.16378948154012907     
  0.57655327463485728       0.16060041294835464     
  0.73670174369951402        8.7806748522432240E-002
  0.88882031616800461        4.9557197440978550E-002
  0.93714492631713198        3.7410694713585532E-002
  0.90180964262880026        4.7976232722304335E-002
  0.85088354888893902        6.5191784758076146E-002
  0.83521899217319395        6.2451256859090268E-002
  0.81619964417514912        8.2339747719577638E-002
  0.46327600632489929       0.20000990441896402     
  0.57366183267298565       0.18849306004408550     
  0.61505982611301413       0.20000520977718561     
  0.52158477363883193       0.19102871679253400     
  0.49936351232743459       0.19544743668399317     
  0.61518971833174063       0.21606207179078721     
  0.64600813310391669       0.22397928138036893     
  0.57052035627085518       0.21680856679272215     
  0.54622951507418771       0.23013724365828847     
  0.30827711035907696       -9.8763709137592026E-004
  0.46306573398860607       -4.1869643802628563E-004
  0.52321116440438309        2.6979917087478181E-003
  0.29351379001498801       -2.0610140261236542E-002
  0.27203798136207186        1.2452667861203354E-003
  -4.3134897540849454E-002  0.24713170551468802     
   2.1061586607072393E-003  0.23721193722235798     
  0.42463060905294958        1.8930705919911962E-002
  0.37968170560280234        1.1916057871492762E-002
  0.60631227024046241        2.6299998063288428E-002
  0.45696080885518842        3.0246794274645942E-002
  0.65485699102183759        1.8192433725313806E-002
  0.50673179571486582        2.2596442649661611E-002
  0.47282772649707128        3.6811161512725413E-002
  0.46708544295642651        1.8706940296745276E-002
  0.63836833041773022        4.3737613825485785E-002
  0.52996290540952762        5.4220707082015401E-002
  0.77561166855910013        2.2100578287264510E-002
  0.67966391166173379        3.8172727753038857E-002
  0.86678618319126632        3.4166946097695702E-002
  0.79643341577542992        3.9101947776732475E-002
  0.72340308656938868        3.1988908536078074E-002
  0.70285269107585602        1.7970343024593889E-002
  0.68901399717133283        4.5846785742042269E-002
  0.93654113426514485        4.4944733756782226E-003
  0.84519815352772110        4.1619556586150374E-005
  0.86551625862177595        1.0181072196445450E-004
  0.89982539578590282        9.7886086240164469E-004
  0.87448472334677563        1.4547404301936036E-003
  0.86939120590744257       -6.6559077245274684E-002
  0.74083195605362262        1.2596067335274474E-002
  0.83288051126191487        7.0879289311199635E-003
  0.85739141546241171        6.6438648602652759E-003
  0.86351457421278555       -5.4175284405365660E-003
  0.76603370437029905        2.9433060817074527E-002
  0.76066001740093214       0.16996716393424466     
  0.78014713821119597       0.16878339842997775     
  0.72302002782485442       0.17779457800968479     
  0.69640818247845904       0.19331008144297543     
  0.28141784117154511        2.5771873650454365E-003
  0.39412165457415982       -1.3529777179666987E-003
  0.53457629858608624       -1.1808690353571833E-003
  0.24559677246962108        7.4402037411422828E-004
  0.41707484729879707        7.6328347695225137E-004
  0.94821170310252412        2.6846181032148721E-003
  0.80589302329945722        1.0945867007753183E-002
  0.88341754033446862        2.3432810183311586E-003
  0.90284940487909071       -3.2395965922499021E-004
  0.92671614459143759       -4.8797874420135490E-003
  0.92752307553946611       -5.2858658594888007E-004
  0.92159081501735418       -6.5629287989389468E-002
  0.82101992658129375        3.7236779886469638E-002
  0.93091197016237970        2.3331244339242788E-002
  0.93694540122597247        5.3890500421188120E-002
  0.92669244309277887       -2.5957776823408510E-002
  0.88333558416185209        1.1119219847883991E-003
  0.85224440245013244        4.7128949035861690E-003
  0.93722024991385200        8.2660410074114427E-002
  0.98852322178695107        5.3228857593158180E-002
  0.96384557665937054        7.3020605151964693E-002
  0.94602920675895885        7.8166746204510071E-002
  0.94232582437612011        9.1071406014058096E-002
  0.90626431905702920        9.4915412526753465E-002
  0.86526334225282242       0.12187381817133008     
  0.98512490514534679        9.4451464532240188E-003
  0.96338657051025212        1.1453759532210719E-003
  0.97126859853391734        3.0972946582373577E-004
  0.98042649838627272        4.0459565148590155E-003
  0.95668314456012071       -2.9440414659286200E-003
   6.8029977682936060E-002   9.1890626038973619E-002
   4.0430345861237171E-002   8.9232693140954458E-002
   9.2967158113820836E-002   7.9305013365230340E-002
  0.13589541272227501       0.10785865931896235     
  -4.4579860708332197E-002   9.8507271950027134E-002
  0.10389064414065363        8.8057338305888105E-002
  0.10014658264348603       0.10911163290952455     
  0.46334279254721822       -3.3425157168294802E-003
  0.41428871586003935       -3.8818913480724538E-003
  0.68075262099757716        8.9833006876898162E-003
  0.51152853537242760       -1.3661553311033220E-002
  0.70374609867433136       -8.8073565653271145E-004
  0.58164422207815802        4.9149835120062069E-003
  0.52897456376066543       -2.4785332552559099E-003
  0.65039472379982266       0.13246439172701949     
  0.76995231292291821       0.11013581044319495     
  0.88009966747983703       0.11128465476742398     
  0.79229465073054639       0.11089543821439511     
  0.72560776152211659       0.11116968048219136     
  0.71333338252382794       0.10889889671508828     
  0.69857987331003268       0.12766311865842941     
   2.1203004509549039E-003   9.8087097748654267E-004
   6.7822188063989763E-002   9.4037645013731136E-004
  -1.8655817412740028E-002   1.0679193046887114E-003
  -7.1787249287025068E-002  -1.1549248023281166E-003
   9.5054538403792244E-002   1.8992592505824720E-003
  0.11005919395315794        5.5251441139887595E-003
   8.4710020928398133E-002   4.3041167197905104E-003
  0.13711218760730559        1.1148198628110624E-003
  -3.5652098615210903E-002  -1.3085628101525500E-003
  0.23311202798378727        6.9246880664974152E-003
   3.3138704540253694E-003   5.5167347462069475E-003
  0.15279870715786104        2.1253009273816455E-003
  0.55424000800363360        8.4135536254450499E-002
  0.47552444863403454        8.2703558476082906E-002
  0.68258370164706350        7.5380639790021020E-002
  0.71533496510168526        5.4533390711802091E-002
  0.62258712642438463        6.4489324284025470E-002
  0.60454402882340463        7.1651545479248444E-002
  0.59324496714711639        9.0258191014254516E-002
  0.51662885523605773       0.22177906897442204     
  0.62781874303436713       0.19590597892690828     
  0.66143077483399071       0.20224077677783442     
  0.58058022793993569       0.19946131417052668     
  0.57802123587273491       0.21899558070053621     
  0.55786527545754638       0.20788173597004292     
  0.91429132319859230        2.4799101011279450E-002
  0.78177447729991201        8.4751966823167141E-004
  0.86012617542890002       -1.8370760649632202E-002
  0.88256955046536834       -1.0370612665447969E-002
  0.89990793204382757       -6.4404368176136234E-003
  0.81386641681682481        2.5476774128805581E-002
  0.34634114887451956        1.9621664489074078E-003
  0.31149576866856754       -8.6461834010806492E-004
  0.39037158424380058       -6.8462720169913715E-004
  0.13264678343963954        3.7369930714168309E-003
  0.40769637586224206        8.6660225717047866E-004
  0.95561537575540645       -5.3442707312885435E-003
  0.84166186350263106        3.7478703672659777E-002
  0.92894711055323320       -2.1772687804446937E-003
  0.94370540595637631        1.0759656352642602E-003
  0.95097138761291289        4.2652573153633314E-002
  0.87901217113596630       -3.3462569972034603E-002
  0.15888411241605382       -5.4098435224847240E-003
  0.23471124813218525        1.0679439633908623E-003
  0.11772335903458220       -1.1953104522261194E-003
   4.3208504838192774E-002   8.8012785027625573E-004
  0.25691749614071985        8.7154376573935952E-004
