 cosx vtec
  0.13253436554830500        3.1388095203105523E-002
  0.15982700952482509        1.1266557126342261E-002
  0.15916444588920126        1.6147304182509994E-002
  0.14078135282199283        2.6590208887822465E-002
  0.23955826662863350        2.7965496839924199E-002
   6.6490611277665590E-002   4.8858144319178523E-002
  0.93978829769126648       0.10729922832570163     
  0.93700722997979236       0.12261495911962182     
  0.90766513020313666       0.10407521999405821     
  0.93793276111390433        7.9455081797138630E-002
  0.92589734827614767       0.11227182130513493     
  0.49939847674533105       0.23299099210043162     
  0.55265962602261087       0.23848472930534723     
  0.40180405070520508       0.24579306243113461     
  0.40708602421413026       0.24387617783107565     
  0.56000392559056811       0.23595003965126718     
   7.0152886491338495E-002   1.5687779507678255E-003
   7.4094402234940682E-002   2.7623175054397550E-003
   8.1079918884659194E-002   4.0197458449612528E-003
  -7.5072906191169519E-003  -4.7835043372671920E-004
  0.15789588551676820       -3.4377783499088652E-003
  0.88770570427090267       0.18163321329719903     
  0.86174001445884651       0.18364688198242726     
  0.85364237674519139       0.17466758563093754     
  0.85852488989128328       0.17416515867053778     
  0.98330787848763967       0.15282663361311893     
  0.95312739624777754       0.18282056158905738     
  0.97395455373650952       0.16106935157295429     
  0.97556637092425069       0.15907872351079722     
  0.95326163803846242       0.19583999216562853     
  0.99508529423307290       0.15789407856856472     
  0.97491865722413240       0.15939434382024795     
  0.27088088305301483        5.2849905566731969E-002
  0.24453454393306434        3.8106920053663500E-002
  0.23037645300826354        6.3276848475789002E-002
  0.46029264415217985        7.0919116972806243E-002
  0.25832351993583336       0.10519336145341916     
  0.31035015971574931        5.0497807114577992E-002
  0.47550389862082060       0.10388572255787835     
  0.15414103513375987        5.3512534605510184E-002
  0.30327847109890688        7.5890816554633062E-002
  0.45359489634947614        6.5135368128468984E-002
  0.10095986037078664        6.0586009130342254E-002
   1.9872931491308199E-002   7.1904269094688437E-003
   3.9641135457093746E-002  -4.0428397746459149E-004
   4.5048041303396791E-002   8.0264766956408590E-004
   3.0556873930857320E-002  -4.8977605447199585E-004
  0.15829866133015613       -4.6278575108834206E-003
  0.29673882400870960       -1.1004490245101013E-003
  0.27719146529151900       -8.3599036980587562E-005
  0.48881549988454021       -7.6881997226430749E-004
  0.28296809296978642       -1.8436084074217239E-004
  0.31399036956024240        8.0550389157429145E-004
  0.22037952078669656        9.8471546486337408E-004
  0.37468848653378739       -6.6271548454806327E-004
  0.99474724111267609        9.8655685494388690E-002
  0.97976564854589521       0.13308650335389738     
  0.96344575261031828        5.5964969898950119E-002
  0.99386453197298996       0.10687066290385225     
  0.99995000853673466       0.10745699758102502     
  0.96705081966580053       0.13555866064375602     
  0.99253796690250096        9.3728464902475037E-002
  0.99667360570663033       0.10544067617861003     
  -3.9782683887408410E-002  -1.9673738106778019E-003
  -1.6995225961317473E-002   3.1601492638171458E-003
  -1.4513675656772862E-002  -3.5944424831929598E-003
  -3.1324552542097095E-002  -4.0640839485871225E-003
  0.10350786036330434        8.8320842817718771E-003
  0.31814974150045955        4.4498150413293282E-003
  0.29513845240030001        1.7487307358282290E-002
  0.26991350801220260        4.1352447010887541E-002
  0.48620655183628475        2.9894771136291815E-002
  0.30610885858932674        4.3363388991551628E-002
  0.34658920813384930       -3.1374722056225199E-002
  0.54575663335974900        4.4487769866509388E-002
  0.21745713298885710        9.1331953273705319E-003
  0.35983114857478615        3.6179897849154104E-002
  0.44452839106061270        1.7362169594392445E-002
  0.10972678498448868        2.1612762921603676E-002
  0.86674974907635494        3.9713315750270527E-003
  0.77699080699167666        1.5067994553094507E-004
  0.80548649392457294       -6.6718014027117778E-004
  0.85098533163648904        4.4953568808341338E-003
  0.83318938079880223       -1.1062818537919612E-003
  0.89441991932050668       -4.5443046438902509E-003
  0.72038635687407160        6.7539068959038440E-002
  0.70779526423718042        5.4977674025444352E-002
  0.71407880100572796        5.8772998018942098E-002
  0.14950181401131019        7.7012684142695968E-003
  0.17340838928172791        2.1670522914370286E-003
  0.17508651041717321        1.8489583781809297E-003
  0.15835068845150030        4.0539128396376491E-003
  0.25347954404624445        1.1603254861881261E-002
  -7.5994502718047169E-002  -2.7870839953360914E-003
   1.7155745757773566E-002   1.2428388263224378E-003
  -1.0346171222611611E-003  -2.6804108066335843E-004
  -3.0916477259143982E-002   5.3309663252945824E-003
   6.3488417603885239E-003  -1.7674594537552189E-004
   4.4254954337651420E-002   1.4058700887975260E-003
  -4.5833366903763828E-002   3.4385848994467221E-003
  0.12242930803821445        7.1561491682741601E-004
  0.19334555079210969       -1.9313477136490538E-003
  0.12667646187892223       0.26215514191980205     
  0.19704645060496073       0.25579646739042927     
  0.19127222120569509       0.25371490527562868     
  0.10627033067816388       0.13828575727672404     
   6.6060141022848184E-002  0.13496985917050677     
  0.17053846438912301       0.17457448895407282     
   8.7045206212350568E-002  0.13312764346030101     
  0.12470002781883094       0.13731931094613789     
  -2.4357770819645075E-002  0.14286392655987321     
  0.59686666368981189       0.15366162381360923     
  0.72892114217319137        9.2524625267465410E-002
  0.60825733956632377       0.11551612918117631     
  0.68041203326762456       0.16378948154012907     
  0.70649585369088130       0.16060041294835464     
  0.23610357644989821        7.8589178373334942E-004
  0.21689442116357804        8.1466062100912489E-003
  0.17697136179814515       -1.6584863994053397E-002
  0.44729348302828897       -1.3931294641972591E-003
  0.22451604366600181        5.5444735493517883E-003
  0.25888779972337167        9.1762047814772235E-003
  0.16036121052351637       -1.2828109273727184E-002
  0.30964236145735330        3.2156347579018912E-003
  0.34736355224365123       -1.6253284049114482E-003
   2.5589824808945116E-002   7.0115968919918338E-003
   6.9530300000847090E-002  0.21606207179078721     
   7.9585964407880350E-002  0.22397928138036893     
   4.1762869766446997E-002  0.21680856679272215     
   3.9206048852645503E-002  0.23013724365828847     
  0.37125102651805553       0.12439328161424504     
  0.33023716394151381       0.12268714835724899     
  0.52410031120711598       0.13250280893800487     
  0.42958912007346084       0.14929554268333578     
  0.35627014330528073       0.12294461422415401     
  0.49200916342495238       0.13888483793408246     
  0.39264154963021591       0.16177407630208820     
  0.15851800001105365       0.14745223535839036     
  -8.1696765385915832E-002   2.6979917087478181E-003
  -3.9325814591128258E-002  -2.0610140261236542E-002
  0.14857097682492248       0.24713170551468802     
   6.8714090241808565E-002  0.23721193722235798     
  -9.5984404818279745E-002   1.2527483998860428E-003
  -7.6302510443249483E-002  -3.1242440398636237E-003
   5.8792417994828872E-002   2.6230552523900720E-003
  -6.7845495731412298E-003   4.4944733756782226E-003
   1.2045411826763164E-002   4.1619556586150374E-005
   1.8964718707277284E-002   1.0181072196445450E-004
   5.2402825474250903E-003   9.7886086240164469E-004
  0.15040668345825858        1.4547404301936036E-003
   2.3639671315699717E-002  0.16996716393424466     
   3.2424785097626807E-002  0.16878339842997775     
  -6.2501387615963022E-003  0.17779457800968479     
  -1.2082105088165429E-002  0.19331008144297543     
   5.5407993491156660E-002  -5.2858658594888007E-004
  0.97173061903375424        9.8461162684642806E-002
  0.95224028669220240       0.13174878465105111     
  0.93860417728341150        7.6485740926834231E-002
  0.96947338160889363       0.10454917800673171     
  0.99259078441919524       0.11754210326410783     
  0.93635926323424568       0.11888509311478077     
  0.97218718951966787        9.7090992999645923E-002
  0.97622444746908998       0.10509869906497141     
   1.3682538240416930E-002   8.2660410074114427E-002
   5.6145964694363559E-002   5.3228857593158180E-002
   4.5828515106325407E-002   7.3020605151964693E-002
   2.1500385396824417E-002   7.8166746204510071E-002
  0.15068030207271693        9.1071406014058096E-002
  -2.7961968652956304E-002   9.4915412526753465E-002
  -4.8550692843305376E-002  0.12187381817133008     
  0.15474166841430714        9.4451464532240188E-003
  0.17716581870520970        1.1453759532210719E-003
  0.18017545398823759        3.0972946582373577E-004
  0.16434255785060126        4.0459565148590155E-003
  0.25917849287004363       -2.9440414659286200E-003
  0.25826952983633744       0.24900590984499346     
  0.53726435918083526       0.22365486852961142     
   9.8767471492089698E-002  0.31946926041257023     
  0.32956324303630896       0.23657501750403848     
  0.28580278841469964       0.27576256098499924     
  0.39566863259330115       0.24673764574183799     
  0.32365401376003955       0.23544226493101264     
  0.19169769657505295       0.16105346369551943     
  0.22848403555658081       0.27503329833987039     
  0.45256464075258424       0.28070750620823104     
  0.47272457623971487       0.13561832585111258     
  0.42784600974213577       0.14488049082489490     
  0.59707448419833176       0.14099650179983431     
  0.51849798551948334       0.14005128467219471     
  0.45666566600077885       0.12712883641484735     
  0.56750325552065872       0.14563795754615758     
  0.49271786433958936       0.14434854905661090     
  0.19597264297129241       -8.5020807505557317E-004
  0.18396848388297465       -1.5506346889086720E-004
  0.21416188221875274       -5.1013352026934482E-003
  0.12756381120402882       -2.5845571095877728E-003
  0.28871527077846421        4.6924016013175840E-003
