 cosx vtec
  -4.1338320287804042E-002   3.1388095203105523E-002
  -1.3119180839513689E-002   1.1266557126342261E-002
  -1.4620505231836722E-002   1.6147304182509994E-002
  -3.3223385436153996E-002   2.6590208887822465E-002
   6.7328630700565273E-002   2.7965496839924199E-002
   1.3793926432248693E-002  -9.6162401822252549E-004
  -9.5514992306571789E-003  -3.1685733285309186E-004
  -2.0949199147732800E-002   1.2930267714109428E-003
   5.6816247526345620E-003   7.5567409252068395E-005
   4.3919466728795042E-002   3.9073304018642291E-003
  -5.0383285290577062E-002  -7.3190681211835254E-004
  -9.4349187655010103E-002  -5.0381838196475351E-004
  0.86617259730619667       0.10729922832570163     
  0.86312484491293984       0.12261495911962182     
  0.82099766124248874       0.10407521999405821     
  0.86495751040644042        7.9455081797138630E-002
  0.84661856079965236       0.11227182130513493     
  0.45782335192816259       0.23299099210043162     
  0.51051014992872901       0.23848472930534723     
  0.34624681280612130       0.24579306243113461     
  0.35787970001620095       0.24387617783107565     
  0.51230502530671429       0.23595003965126718     
  0.13723825536353332        1.5687779507678255E-003
   9.7484903900967756E-002   2.7623175054397550E-003
  0.13343490158057353        4.0197458449612528E-003
   4.9261282517430727E-002  -4.7835043372671920E-004
  0.20343000723722907       -3.4377783499088652E-003
  0.82280457574105337       0.18163321329719903     
  0.79542917516161515       0.18364688198242726     
  0.77383238860818382       0.17466758563093754     
  0.78759709664020505       0.17416515867053778     
  0.95858291111599869       0.15282663361311893     
  0.93066810919603293       0.18282056158905738     
  0.94863467326427076       0.16106935157295429     
  0.93598395757485453       0.15907872351079722     
  0.95204850820431342       0.19583999216562853     
  0.97107675368962409       0.15789407856856472     
  0.94534346966905236       0.15939434382024795     
  0.43366258524462487        5.2849905566731969E-002
  0.40666556046096364        3.8106920053663500E-002
  0.39568972582535938        6.3276848475789002E-002
  0.60740619506074356        7.0919116972806243E-002
  0.42214224272087153       0.10519336145341916     
  0.46898800587072081        5.0497807114577992E-002
  0.62001636083480061       0.10388572255787835     
  0.32118983844388854        5.3512534605510184E-002
  0.46388614721764249        7.5890816554633062E-002
  0.59843405964583996        6.5135368128468984E-002
  0.27217264792023155        6.0586009130342254E-002
   3.7408648627060281E-003  -4.6278575108834206E-003
  0.40991532487277088       -1.1004490245101013E-003
  0.38439430268791674       -8.3599036980587562E-005
  0.58770069523619184       -7.6881997226430749E-004
  0.40627900600530176       -1.8436084074217239E-004
  0.41956391178368890        8.0550389157429145E-004
  0.33193964915184654        9.8471546486337408E-004
  0.47357742036499095       -6.6271548454806327E-004
  0.99740921200159061        9.8655685494388690E-002
  0.98544844104785612       0.13308650335389738     
  0.98403510472418565        5.5964969898950119E-002
  0.99612769663854528       0.10687066290385225     
  0.98597453674207480       0.10745699758102502     
  0.99146145241158701       0.13555866064375602     
  0.99515272493357920        9.3728464902475037E-002
  0.99438832893815299       0.10544067617861003     
  -6.5545142029599435E-002   8.8320842817718771E-003
  0.47314376979887030        4.4498150413293282E-003
  0.44777996879784387        1.7487307358282290E-002
  0.43183725024709119        4.1352447010887541E-002
  0.62679967331501585        2.9894771136291815E-002
  0.46358098890414662        4.3363388991551628E-002
  0.49652459280088845       -3.1374722056225199E-002
  0.68270607343083822        4.4487769866509388E-002
  0.37505232477379041        9.1331953273705319E-003
  0.51534423745992797        3.6179897849154104E-002
  0.58427551614418727        1.7362169594392445E-002
  0.27873344333697614        2.1612762921603676E-002
  0.84049654025414333        3.9713315750270527E-003
  0.73176945927517689        1.5067994553094507E-004
  0.78904600390596547       -6.6718014027117778E-004
  0.80859370910990647        4.4953568808341338E-003
  0.80591956547929811       -1.1062818537919612E-003
  0.86116529398814490       -4.5443046438902509E-003
  0.63685034970009591        6.7539068959038440E-002
  0.60913908350337853        5.4977674025444352E-002
  0.62515485537670257        5.8772998018942098E-002
  -2.4071164767402620E-002   7.7012684142695968E-003
   3.5567861592731287E-003   2.1670522914370286E-003
   3.4617251494235557E-003   1.8489583781809297E-003
  -1.4619508818053240E-002   4.0539128396376491E-003
   8.2937996069709419E-002   1.1603254861881261E-002
  0.17099141620091074        1.2428388263224378E-003
  0.14833149021688741       -2.6804108066335843E-004
  0.13363956857593706        5.3309663252945824E-003
  0.16397334545229270       -1.7674594537552189E-004
  0.19275501587955313        1.4058700887975260E-003
  0.10542297521951816        3.4385848994467221E-003
  0.28770404434698088        7.1561491682741601E-004
  0.33100811114585443       -1.9313477136490538E-003
   3.8974479001007090E-002   4.6256906650562378E-004
  0.21033189886893700       0.26215514191980205     
  0.26540511098884323       0.25579646739042927     
  0.26882989400334817       0.25371490527562868     
  0.26886057739981190       0.13828575727672404     
  0.22313972760786732       0.13496985917050677     
  0.31480931607043056       0.17457448895407282     
  0.24640008201091163       0.13312764346030101     
  0.27888262853017654       0.13731931094613789     
  0.13666300821287936       0.14286392655987321     
  0.46219654627390061       0.15366162381360923     
  0.61704525820592671        9.2524625267465410E-002
  0.47224185667133423       0.11551612918117631     
  0.55337701401235451       0.16378948154012907     
  0.58754707662345584       0.16060041294835464     
  0.38238103495436671        7.8589178373334942E-004
  0.35917209101626901        8.1466062100912489E-003
  0.33719498904801265       -1.6584863994053397E-002
  0.57906387361959633       -1.3931294641972591E-003
  0.37508673180421587        5.5444735493517883E-003
  0.39950398249673713        9.1762047814772235E-003
  0.30611452087324631       -1.2828109273727184E-002
  0.46342540204277771        3.2156347579018912E-003
  0.47943337633821981       -1.6253284049114482E-003
  0.18738630432754300        7.0115968919918338E-003
  -9.7329802857999109E-002  0.25112652606919900     
  -5.2991150902350626E-002  0.21606207179078721     
  -4.7910934692495799E-002  0.22397928138036893     
  -7.3272860756401326E-002  0.21680856679272215     
  -7.1915994755911206E-002  0.23013724365828847     
  0.52313360129427278       0.12439328161424504     
  0.48062816689269217       0.12268714835724899     
  0.65830981585626736       0.13250280893800487     
  0.56508798777632641       0.14929554268333578     
  0.50709407058267131       0.12294461422415401     
  0.62541116637963534       0.13888483793408246     
  0.53752860338938191       0.16177407630208820     
  0.32096429866044157       0.14745223535839036     
  -7.0813387377625575E-002  -2.0610140261236542E-002
  0.13441522141504003       0.24713170551468802     
   4.7880927232004024E-002  0.23721193722235798     
   1.7516009021903312E-002   1.2527483998860428E-003
   2.1242857165732376E-002  -1.7301745083221845E-004
   2.8943517020830645E-002  -3.1242440398636237E-003
  -5.0024230618769761E-002  -1.7347450135841900E-003
  0.15550866032090568        2.6230552523900720E-003
   5.9155251299796152E-003   1.4547404301936036E-003
  -9.0554674751555264E-002   9.9820059252443555E-003
  -2.0825723777360694E-002  -3.2657256707119119E-003
  -4.5668158635024936E-003   3.1281954673396055E-002
  -9.8422775026281051E-002  -5.2858658594888007E-004
  0.99743349362070410        9.8461162684642806E-002
  0.98002710827387118       0.13174878465105111     
  0.98013313952638170        7.6485740926834231E-002
  0.99468013306132763       0.10454917800673171     
  0.99800711994527203       0.11754210326410783     
  0.97855569817858390       0.11888509311478077     
  0.99771519066016667        9.7090992999645923E-002
  0.99677633973316848       0.10509869906497141     
  -2.0140335941402743E-002   9.1071406014058096E-002
  -1.6705281572286734E-002   9.4451464532240188E-003
   1.1769041930312141E-002   1.1453759532210719E-003
   1.2438039500344167E-002   3.0972946582373577E-004
  -5.6882653152814933E-003   4.0459565148590155E-003
   9.2092208299196898E-002  -2.9440414659286200E-003
  0.34179483700639651       0.24900590984499346     
  0.60421870545697953       0.22365486852961142     
  0.16500059985643201       0.31946926041257023     
  0.39658552296089500       0.23657501750403848     
  0.38265984512706702       0.27576256098499924     
  0.46140815668581475       0.24673764574183799     
  0.39939084728995478       0.23544226493101264     
  0.23136458592483233       0.16105346369551943     
  0.28482688667519246       0.27503329833987039     
  0.50941905286495059       0.28070750620823104     
  0.61237925839430463       0.13561832585111258     
  0.56517506834148912       0.14488049082489490     
  0.71758407758688947       0.14099650179983431     
  0.64002218492037077       0.14005128467219471     
  0.59454867079572371       0.12712883641484735     
  0.68735452366259298       0.14563795754615758     
  0.62294602657898168       0.14434854905661090     
  0.31788755488296039       -8.5020807505557317E-004
  0.31452725071574267       -1.5506346889086720E-004
  0.32899808107912554       -5.1013352026934482E-003
  0.24695301572267639       -2.5845571095877728E-003
  0.39639670307443481        4.6924016013175840E-003
  -5.5250400287451262E-002   2.0056339037771636E-004
  -3.8369901643350468E-002   3.5249432613144997E-002
