 cosx vtec
  0.95164751234563760        3.1388095203105523E-002
  0.93930225542443302        1.1266557126342261E-002
  0.94423124304479344        1.6147304182509994E-002
  0.95025378768274393        2.6590208887822465E-002
  0.91452367560401393        2.7965496839924199E-002
  0.95361095007926266        4.8858144319178523E-002
   7.4413829112052188E-002  -1.2897270245265243E-003
   2.6098041976847342E-002  -1.5853890733796313E-003
   7.8159115601034168E-002   2.7911010227498938E-003
  -3.3758296636597074E-002   2.5617719413499748E-004
  -4.4467267131017840E-002   1.3981685127904576E-003
  0.12339892351398651       -5.1007868414364495E-003
  0.17333109322425477       0.10729922832570163     
  0.17556608007755709       0.12261495911962182     
  0.25569719597686519       0.10407521999405821     
  0.17018100550950344        7.9455081797138630E-002
  0.20905703112127649       0.11227182130513493     
  0.10603665075319546       0.23299099210043162     
   9.5456299695960506E-002  0.23848472930534723     
  0.21068893900519486       0.24579306243113461     
  0.17329882128740415       0.24387617783107565     
  0.12502054119522596       0.23595003965126718     
  -6.0186901296439582E-002  0.24536648206127828     
  0.13331903975293233       0.18116790074331321     
  0.10420227726909514       0.18711093450550123     
  0.18605255657546485       0.18987606643068172     
   1.5117592133946700E-002  0.21150504713415480     
  0.17560658092203177       0.18739092016021178     
  0.15646585249380346       0.18751340178758585     
  0.66570448126295800       -2.7604670143527199E-003
  0.71312479493726555       -1.1527491207212459E-004
  0.75611498912717090       -1.3811317215394021E-003
  0.81521359455419506        4.4922859168688416E-003
  0.71607196204350099       -1.2436391499969313E-003
  0.55449935297745079        2.0479110461447654E-004
  0.83925930310058638       -4.5297425071958546E-003
  0.66264459612283999        3.3594982712548912E-003
  0.74689680899894828       -1.0845568661108529E-002
  0.80288763754181991        2.4618362171800252E-002
  0.82371784379301594       -3.8686800322529163E-002
  0.69248035570359023        4.1191537438215890E-004
  0.16337212641980758        2.3041674179984772E-003
  0.13164700025627252       -2.7525199677435008E-004
  0.17331689909081704       -1.2724938539822386E-003
   4.2901887619838375E-002  -2.9124891541573404E-003
   6.7181915805514525E-002   1.6272398366837053E-003
  0.19979085881585157       -1.8118724865727565E-004
  0.63168694520356239       0.16537621692818413     
  0.72629300872021607       0.15934392381651821     
  0.76345615202209316        2.5444023499378923E-002
  0.67741044368737968       0.16245428121964881     
  0.67433671108702897       0.15838180996555629     
  0.65645645372915484       0.16540010551223430     
  0.13743976303868827       0.18163321329719903     
  0.15218071701761238       0.18364688198242726     
  0.23084202061292386       0.17466758563093754     
  0.17920007734454541       0.17416515867053778     
  -2.8976682228740724E-002  0.15907872351079722     
  -8.5562196858129325E-002  0.15939434382024795     
  0.74126426574022175       0.19077796878947312     
  0.76587318769135959       0.19748407119543368     
  0.70559829475619018       0.19677924073786038     
  0.68511184723145380       0.19784547479312053     
  0.90850520843193339        7.1904269094688437E-003
  0.83033564112765701       -4.0428397746459149E-004
  0.84932622656835555        8.0264766956408590E-004
  0.88022902971935557       -4.8977605447199585E-004
  0.83541357188301191       -4.6278575108834206E-003
  0.97388947674909798       -1.9673738106778019E-003
  0.93486596919904841        3.1601492638171458E-003
  0.94922131736544479       -3.5944424831929598E-003
  0.96475143155042165       -4.0640839485871225E-003
  0.93185504099509675        8.8320842817718771E-003
  -7.6298954064857039E-002   3.9713315750270527E-003
   5.4594771319419200E-002   1.5067994553094507E-004
   1.9322252557506414E-002   4.4953568808341338E-003
  -6.1814248847506081E-002  -1.1062818537919612E-003
  -4.3780873765825845E-002  -4.5443046438902509E-003
  0.28659426941252381        6.7539068959038440E-002
  0.37561629507413624        5.4977674025444352E-002
  0.31878953755786577        5.8772998018942098E-002
  0.94553951476021791        7.7012684142695968E-003
  0.91822343209550827        2.1670522914370286E-003
  0.92784365853403139        1.8489583781809297E-003
  0.93982196498811521        4.0539128396376491E-003
  0.90133319779823173        1.1603254861881261E-002
  0.54906527366011659       0.15621543594884907     
  0.49690144930667385       0.16669204073483934     
  0.65724393044398377       0.15831919765343447     
  0.59422027083526918       0.15216228660618406     
  0.58776680193126485       0.14958327736875440     
  0.57244081247723055       0.15520144799549179     
  0.90804291404380144       -2.0566632077150596E-002
  0.77419082134260431       -1.2701386721718732E-002
  0.82309830708341014       -4.1639714671229781E-003
  0.85427494788568969       -1.2944937963955926E-003
  0.88400839098233552       -5.6288340745692606E-003
  0.81696404961139057       -4.6381131940633384E-003
  0.21814298248795447        5.2825112062993246E-004
  0.35166219581226416       -2.3291142227196697E-004
  0.37593127239770585       -1.0360885492778609E-003
  0.43829858443641417        2.9107282886670050E-005
  0.18295455954047124       -2.7870839953360914E-003
  0.20282938017067187        1.0504469837238101E-003
  0.96212554588997357        1.7706911728363754E-002
  0.86935580606078511        8.3064049308213578E-004
  0.92395356260340489       -9.0239836387568228E-003
  0.94439989202739527        2.1763725522982606E-002
  0.95569632569301266       -7.8960665841218552E-003
  0.95710787109507156        8.2147199687336817E-002
  0.71059284001580814       0.17979436456887404     
  0.79747766321003810       0.16086609414302988     
  0.82122524691910614       0.16159190962225733     
  0.76006308906184217       0.16379153790527184     
  0.76233191023587743       0.16523917677199620     
  0.73934976129800078       0.16719070424129434     
  0.34982875995487767        4.4968026919053892E-003
  0.31815521065577018        4.2981282663374643E-003
  0.36382045146868403        1.4764253058574511E-003
  0.22196860908391103        7.5457911314361602E-003
  0.38461867011853335        8.4268154823119001E-004
  0.89102324859977222       -6.3980360992366920E-003
  0.72853453112688693       -2.4152062409891399E-004
  0.77310849507752299       -1.6801410417189593E-004
  0.80763296035763510        3.3360350109583664E-003
  0.85093963476535306        4.1850298004085691E-003
  0.60868158121222038       0.15366162381360923     
  0.44510028834592957        9.2524625267465410E-002
  0.61335214194748089       0.11551612918117631     
  0.54367505561935625       0.16378948154012907     
  0.49103892049740261       0.16060041294835464     
  0.85338779071502180        8.7806748522432240E-002
  0.95804620691303832        4.9557197440978550E-002
  0.98615524341651628        3.7410694713585532E-002
  0.96637216938883652        4.7976232722304335E-002
  0.93302867516019339        6.5191784758076146E-002
  0.92739009411641382        6.2451256859090268E-002
  0.90709573809631261        8.2339747719577638E-002
  -6.8284535690480874E-002   1.8039901042231622E-002
  -9.6528613549299591E-002   9.4478455624341824E-003
  -5.5561350509554186E-002   7.0401137222157381E-004
  -2.8596807687317427E-002   6.7728585436055448E-003
  0.59798529743732320       0.20000990441896402     
  0.68610065031592671       0.18849306004408550     
  0.72123013616096354       0.20000520977718561     
  0.64257205816352791       0.19102871679253400     
  0.62247184548987433       0.19544743668399317     
  0.67678914173466831       0.21606207179078721     
  0.70239377016393689       0.22397928138036893     
  0.64154970669896794       0.21680856679272215     
  0.62001836792226561       0.23013724365828847     
  0.21811383347556507       -9.8763709137592026E-004
  0.37346297230918929       -4.1869643802628563E-004
  0.43235667090374436        2.6979917087478181E-003
  0.18879204370402441       -2.0610140261236542E-002
  0.19720323389247860        1.2452667861203354E-003
   4.1681385487061330E-002  0.24713170551468802     
  0.10029828177450269       0.23721193722235798     
  0.58887979874829766        1.8930705919911962E-002
  0.54436459930227199        1.1916057871492762E-002
  0.74736680960670554        2.6299998063288428E-002
  0.60726855300064286        3.0246794274645942E-002
  0.78519570928576754        1.8192433725313806E-002
  0.66384024051806700        2.2596442649661611E-002
  0.62723600007567060        3.6811161512725413E-002
  0.63127422685719403        1.8706940296745276E-002
  0.77860987565600426        4.3737613825485785E-002
  0.68521670208126062        5.4220707082015401E-002
  0.88557634481978453        2.2100578287264510E-002
  0.80434964247419505        3.8172727753038857E-002
  0.94588094290673552        3.4166946097695702E-002
  0.90033295048829398        3.9101947776732475E-002
  0.84646887367570367        3.1988908536078074E-002
  0.82850718652061983        1.7970343024593889E-002
  0.81961077493183709        4.5846785742042269E-002
  0.87916780589385279        4.4944733756782226E-003
  0.76646003150375774        4.1619556586150374E-005
  0.78892092921366186        1.0181072196445450E-004
  0.83183296193472667        9.7886086240164469E-004
  0.78037322902647732        1.4547404301936036E-003
  0.91730620657858020       -6.6559077245274684E-002
  0.79930174227880657        1.2596067335274474E-002
  0.85559475276884989        7.0879289311199635E-003
  0.88499200744453055        6.6438648602652759E-003
  0.90390276267608138       -5.4175284405365660E-003
  0.83579663003229931        2.9433060817074527E-002
  0.81179723057630393       0.16996716393424466     
  0.82676259018675924       0.16878339842997775     
  0.78458534859410589       0.17779457800968479     
  0.76245539165580745       0.19331008144297543     
  0.39385338643118017        2.5771873650454365E-003
  0.47632122125043463       -1.3529777179666987E-003
  0.57491145577505631       -1.1808690353571833E-003
  0.31470099122921025        7.4402037411422828E-004
  0.51190252433719541        7.6328347695225137E-004
  0.92114622826247283        2.6846181032148721E-003
  0.80288640665592803        1.0945867007753183E-002
  0.83646620789547055        2.3432810183311586E-003
  0.85860807819800922       -3.2395965922499021E-004
  0.89124402782936007       -4.8797874420135490E-003
  0.85802218364978655       -5.2858658594888007E-004
  0.97339707035583434       -6.5629287989389468E-002
  0.89089126636649130        3.7236779886469638E-002
  0.95566629961846938        2.3331244339242788E-002
  0.97088497222574655        5.3890500421188120E-002
  0.97300421510085622       -2.5957776823408510E-002
  0.95715693831526316        1.1119219847883991E-003
  0.92710103204847116        4.7128949035861690E-003
  0.95323159507386412        8.2660410074114427E-002
  0.97317609498628088        5.3228857593158180E-002
  0.96437959091989067        7.3020605151964693E-002
  0.95777079451040437        7.8166746204510071E-002
  0.92962403486281830        9.1071406014058096E-002
  0.93800301885016379        9.4915412526753465E-002
  0.90980539629480162       0.12187381817133008     
  0.93212085202162132        9.4451464532240188E-003
  0.89198264808166527        1.1453759532210719E-003
  0.90447513716532280        3.0972946582373577E-004
  0.92159521262003152        4.0459565148590155E-003
  0.88025679494937825       -2.9440414659286200E-003
  0.26473646295943037        9.1890626038973619E-002
  0.23697090129624204        8.9232693140954458E-002
  0.28473630615956141        7.9305013365230340E-002
  0.33058867828083588       0.10785865931896235     
  0.15274315334470628        9.8507271950027134E-002
  0.29835115633330650        8.8057338305888105E-002
  0.29645182875707277       0.10911163290952455     
  0.61161231590154141       -3.3425157168294802E-003
  0.55846817031524365       -3.8818913480724538E-003
  0.79589277345696419        8.9833006876898162E-003
  0.63417572909135134       -1.3661553311033220E-002
  0.80830544090491263       -8.8073565653271145E-004
  0.72029322078091007        4.9149835120062069E-003
  0.65794603350256309       -2.4785332552559099E-003
  -5.6273098591702764E-002   5.4750847723127635E-004
  -9.3559951092243687E-002  -4.2505274616567703E-004
  -5.2840961335346048E-002  -1.3171948025796579E-003
  -1.4353050804376100E-002   1.6411836388117915E-003
  0.78247280058580337       0.13246439172701949     
  0.87339309797356257       0.11013581044319495     
  0.95230207159840707       0.11128465476742398     
  0.89050231119680545       0.11089543821439511     
  0.83934930887240278       0.11116968048219136     
  0.83528939144235514       0.10889889671508828     
  0.81692857629703886       0.12766311865842941     
  0.12097838099319302        9.8087097748654267E-004
  0.17084753911254641        9.4037645013731136E-004
   7.3133200373027452E-002   1.0679193046887114E-003
   4.3058299206402140E-002  -1.1549248023281166E-003
  0.21130009881471218        1.8992592505824720E-003
  0.28505843244110585        5.5251441139887595E-003
  0.25449318704670598        4.3041167197905104E-003
  0.29801030966551634        1.1148198628110624E-003
  0.10706252166365621       -1.3085628101525500E-003
  0.41262663043830805        6.9246880664974152E-003
  0.17300973229876704        5.5167347462069475E-003
  0.31976305839291802        2.1253009273816455E-003
  0.70905498599125494        8.4135536254450499E-002
  0.64065306110711928        8.2703558476082906E-002
  0.81446759368171950        7.5380639790021020E-002
  0.84027101619892708        5.4533390711802091E-002
  0.76588971091611446        6.4489324284025470E-002
  0.75092802132013581        7.1651545479248444E-002
  0.74126807026082586        9.0258191014254516E-002
  0.64204455582378073       0.22177906897442204     
  0.72778178795852111       0.19590597892690828     
  0.75577679395577346       0.20224077677783442     
  0.68928129113495151       0.19946131417052668     
  0.70231791904497198       0.21899558070053621     
  0.66907700750513510       0.20788173597004292     
  0.92871656016999238        2.4799101011279450E-002
  0.80975280475161304        8.4751966823167141E-004
  0.85308337241353349       -1.8370760649632202E-002
  0.87891335429822881       -1.0370612665447969E-002
  0.90651841526572119       -6.4404368176136234E-003
  0.86025612350896186        2.5476774128805581E-002
  0.49868304478117853        1.9621664489074078E-003
  0.45539064885672115       -8.6461834010806492E-004
  0.51698690393849134       -6.8462720169913715E-004
  0.28391302328147588        3.7369930714168309E-003
  0.54151752258237451        8.6660225717047866E-004
  0.96803845402008681       -5.3442707312885435E-003
  0.87465941524777258        3.7478703672659777E-002
  0.92063714127409890       -2.1772687804446937E-003
  0.94015254606118759        1.0759656352642602E-003
  0.95715354688607734        4.2652573153633314E-002
  0.92591429348218868       -3.3462569972034603E-002
  0.28256002970467381       -5.4098435224847240E-003
  0.33994235296874936        1.0679439633908623E-003
  0.21051002034689115       -1.1953104522261194E-003
  0.16690762710594192        8.8012785027625573E-004
  0.37316693474546470        8.7154376573935952E-004
