 cosx vtec
  0.46590335280340145       -9.6162401822252549E-004
  0.43293467038133276       -3.1685733285309186E-004
  0.45927578885031256        1.2930267714109428E-003
  0.46831834224161800        7.5567409252068395E-005
  0.47621200886854476        3.9073304018642291E-003
  0.40242002416281064       -7.3190681211835254E-004
  0.38241257764533221       -5.0381838196475351E-004
  0.30519972112851695       -1.4334823602417959E-004
  0.26662112262616772        9.1280395362138908E-005
  0.29372184232596232        2.6484931139093269E-003
  0.12738661927558859        2.4790802105653944E-003
   4.5944945840925344E-002   4.0766235908728171E-004
  0.30603032309856232       -1.5515789069554193E-003
  0.32671623339936251       -3.5281456368758475E-003
  0.23384532629673985       -1.1035258684171378E-003
  0.21838540573727222        4.7901094501673130E-004
  0.50026936279471002       0.10729922832570163     
  0.49699536578371728       0.12261495911962182     
  0.42554179864778824       0.10407521999405821     
  0.50111432119327159        7.9455081797138630E-002
  0.46788423952657066       0.11227182130513493     
  0.25674867168022386       0.23299099210043162     
  0.29841824932921618       0.23848472930534723     
  0.12474150658990646       0.24579306243113461     
  0.15259373658329375       0.24387617783107565     
  0.28391521128696356       0.23595003965126718     
  0.30601303903370225        1.5687779507678255E-003
  0.14751025548320609        2.7623175054397550E-003
  0.26047115678357441        4.0197458449612528E-003
  0.20396521102131743       -4.7835043372671920E-004
  0.29838692024413155       -3.4377783499088652E-003
   8.1295796720521618E-002   1.7863194930720187E-002
  -3.4482802850448746E-003   1.9575283317887330E-002
   3.7919893290045331E-002   2.5127913673000962E-002
  -4.7729705215483920E-002   1.0602088710713380E-002
  -6.2646802931610956E-002   1.3917213258329682E-002
  0.48970126947619169       0.18163321329719903     
  0.46313189563474794       0.18364688198242726     
  0.40650401718963858       0.17466758563093754     
  0.44339773674224769       0.17416515867053778     
  0.71703186857540191       0.15282663361311893     
  0.70060182205589738       0.18282056158905738     
  0.70713863698766199       0.16106935157295429     
  0.65566886647118527       0.15907872351079722     
  0.77935839065843748       0.19583999216562853     
  0.72936818755141242       0.15789407856856472     
  0.69217967421436755       0.15939434382024795     
  0.82530376112874138        5.2849905566731969E-002
  0.80123104421508873        3.8106920053663500E-002
  0.80136876502296817        6.3276848475789002E-002
  0.92305519773206524        7.0919116972806243E-002
  0.81881678342402919       0.10519336145341916     
  0.84241942764364319        5.0497807114577992E-002
  0.92593476185998724       0.10388572255787835     
  0.74510617935400270        5.3512534605510184E-002
  0.84389616520311028        7.5890816554633062E-002
  0.90912874258195286        6.5135368128468984E-002
  0.71678998659107329        6.0586009130342254E-002
  0.66294435436273558       -1.1004490245101013E-003
  0.62475842273960114       -8.3599036980587562E-005
  0.76798372350564070       -7.6881997226430749E-004
  0.68913515499228817       -1.8436084074217239E-004
  0.64898635780703962        8.0550389157429145E-004
  0.59417227378138404        9.8471546486337408E-004
  0.67415308032180365       -6.6271548454806327E-004
  0.17181251178146370        5.8068373183961623E-002
   8.0761103316207700E-002   6.6928927599418278E-002
  -4.9065437992880032E-002   7.8420673010781289E-002
  -1.1455249722468863E-002   6.1524758571879119E-002
  0.11996487944455800        6.3733997491919478E-002
   4.5983520809574380E-002   4.5257741978062357E-002
  0.23252073971233825       0.10812904251234406     
   3.0329398763853682E-002   6.0545584113714725E-002
  0.82781554617431818        9.8655685494388690E-002
  0.82667853987720841       0.13308650335389738     
  0.86843810783352682        5.5964969898950119E-002
  0.82561346360896271       0.10687066290385225     
  0.77050742244359072       0.10745699758102502     
  0.88554759192980159       0.13555866064375602     
  0.82582413558496959        9.3728464902475037E-002
  0.81108649938127952       0.10544067617861003     
  0.83534467828665682        4.4498150413293282E-003
  0.80771471702046105        1.7487307358282290E-002
  0.82133242549617524        4.1352447010887541E-002
  0.92022725940914407        2.9894771136291815E-002
  0.83461679500965280        4.3363388991551628E-002
  0.84000450248381764       -3.1374722056225199E-002
  0.95570647104588968        4.4487769866509388E-002
  0.76217569239494654        9.1331953273705319E-003
  0.87153989905860474        3.6179897849154104E-002
  0.88282450074366203        1.7362169594392445E-002
  0.71583250858053982        2.1612762921603676E-002
  0.61553128621894160        3.9713315750270527E-003
  0.47151048749268870        1.5067994553094507E-004
  0.60147908216665136       -6.6718014027117778E-004
  0.54282948219629623        4.4953568808341338E-003
  0.58417209292816474       -1.1062818537919612E-003
  0.61236703567509898       -4.5443046438902509E-003
  0.28313763650527179        6.7539068959038440E-002
  0.21681438259864089        5.4977674025444352E-002
  0.25800670257346880        5.8772998018942098E-002
  0.58355516145557651        1.2428388263224378E-003
  0.55205273943512900       -2.6804108066335843E-004
  0.58370953512402357        5.3309663252945824E-003
  0.58869384529844415       -1.7674594537552189E-004
  0.58608768383160581        1.4058700887975260E-003
  0.52221259426468891        3.4385848994467221E-003
  0.71246322267890139        7.1561491682741601E-004
  0.66856524498379655       -1.9313477136490538E-003
  0.49325978955367245        4.6256906650562378E-004
  0.41382816735084427       0.26215514191980205     
  0.41506851402138645       0.25579646739042927     
  0.44437214875719722       0.25371490527562868     
  0.14840632041137836        4.5253359407055623E-004
   9.7887621087663051E-002   9.6129781111855802E-004
  0.13393487225640918       -3.0777218663015225E-003
  -2.0295584100122999E-002   1.1174027867113141E-003
  -6.7677768207858147E-002   4.3087592295885479E-004
  0.14971938948800864       -2.2641791912794453E-003
  0.18244552494403199       -1.7650548315984085E-003
   6.1363519551515311E-002   8.1385757764911872E-004
   4.7630692679124370E-002  -4.3943034735775886E-004
  0.68923891697765383       0.13828575727672404     
  0.63577621460438993       0.13496985917050677     
  0.67427309903611732       0.17457448895407282     
  0.66145419770159197       0.13312764346030101     
  0.67327100804608520       0.13731931094613789     
  0.57601625724800698       0.14286392655987321     
  -7.7116805615274620E-003  0.15366162381360923     
  0.18525086203208838        9.2524625267465410E-002
  -3.3254375517389745E-003  0.11551612918117631     
   8.9248680232348068E-002  0.16378948154012907     
  0.14062948198050448       0.16060041294835464     
   8.4171815519781396E-002   1.3401480297468547E-003
   1.8971602684104250E-002  -2.2287743463634928E-003
  0.11236170938172765       -2.8915610890522516E-003
   8.7702538411830830E-002  -3.4230545147837048E-003
  -1.2837685803035723E-002  -3.1479813156236563E-003
  -2.7817025830095418E-002   1.0378312096303243E-003
  0.73561383788770174        7.8589178373334942E-004
  0.70501263042213858        8.1466062100912489E-003
  0.73861460042307903       -1.6584863994053397E-002
  0.85557097427167716       -1.3931294641972591E-003
  0.74197773256142274        5.5444735493517883E-003
  0.73339271963342134        9.1762047814772235E-003
  0.67139210320519493       -1.2828109273727184E-002
  0.82386654838284645        3.2156347579018912E-003
  0.77450888752696478       -1.6253284049114482E-003
  0.61995860359237365        7.0115968919918338E-003
   4.0728562361098064E-002  0.24981006337795672     
  -6.7173659607178138E-002  0.23712981313967793     
  -8.2682428405800354E-002  0.27819200677065820     
   5.4877178893705664E-002  0.24906902391523478     
  0.10868721810636314       0.25112652606919900     
  -8.8726707030773802E-002  0.25379079357669648     
  -5.4172828262482695E-002  0.23963081729763375     
  0.86749129670736602       0.12439328161424504     
  0.82824507305963668       0.12268714835724899     
  0.92775656085009173       0.13250280893800487     
  0.85481458995615422       0.14929554268333578     
  0.85125404037617769       0.12294461422415401     
  0.89837951595040144       0.13888483793408246     
  0.85918523439638761       0.16177407630208820     
  0.73166833829743327       0.14745223535839036     
   6.9767217952612759E-002  0.24713170551468802     
  -2.0615122253814816E-002  0.23721193722235798     
  0.34121449827725281        1.2527483998860428E-003
  0.37902431412511117       -1.7301745083221845E-004
  0.32684356344055976       -3.1242440398636237E-003
  0.26755218086003074       -1.7347450135841900E-003
  0.40635514655379584        2.6230552523900720E-003
  -8.7006683227532064E-002  -1.9788785958775273E-003
  -7.5192148164363148E-002  -6.3503376515465252E-003
  0.41402805840749685        9.9820059252443555E-003
  0.38556910966398394       -3.7000416006854219E-004
  0.38362286923520800        1.8675346546876515E-002
  0.24878103099142743        1.4043305679535661E-002
  0.40341126354071377        1.3691458398637160E-002
  0.46344573825593788       -3.2657256707119119E-003
  0.34248231158711345        3.4037502207289396E-003
  0.49593189292790274        3.1281954673396055E-002
  0.32861759730816043        1.2257620280420930E-002
  0.89417915039738394        9.8461162684642806E-002
  0.88586669556865882       0.13174878465105111     
  0.92552279997606679        7.6485740926834231E-002
  0.89048658452319529       0.10454917800673171     
  0.83623807142132189       0.11754210326410783     
  0.92614761086974839       0.11888509311478077     
  0.89390725651857905        9.7090992999645923E-002
  0.87880712275472828       0.10509869906497141     
  0.52155295790769007       0.24900590984499346     
  0.68962495513216160       0.22365486852961142     
  0.32638756042336386       0.31946926041257023     
  0.51908772838224315       0.23657501750403848     
  0.59354272298836963       0.27576256098499924     
  0.56869660430681890       0.24673764574183799     
  0.54648705043211065       0.23544226493101264     
  0.30446297302728781       0.16105346369551943     
  0.39644052858249940       0.27503329833987039     
  0.58259139477788491       0.28070750620823104     
  0.90566749697395876       0.13561832585111258     
  0.86015601930023688       0.14488049082489490     
  0.93704934155587616       0.14099650179983431     
  0.87619310762278635       0.14005128467219471     
  0.88590440082960853       0.12712883641484735     
  0.91029657984395429       0.14563795754615758     
  0.88721376808251473       0.14434854905661090     
  0.25869963559055587        8.4916412160106983E-004
  0.21305563137393810       -5.4668864384596884E-005
  0.27891412403994603       -1.3352013552095448E-003
   1.9262701550295108E-002  -4.2244938179285637E-004
  0.27367820081848782       -3.3303824079798957E-003
  0.26234709802586104        2.9710001599958600E-004
  0.18438224238858766        4.4567733278943306E-004
  0.16626579316046233       -2.3710797897497052E-003
  0.61243291363160801       -8.5020807505557317E-004
  0.63455878738364047       -1.5506346889086720E-004
  0.60118654707392483       -5.1013352026934482E-003
  0.54683230083420276       -2.5845571095877728E-003
  0.63600582836822450        4.6924016013175840E-003
  0.37551092684753917        8.3818313049875796E-003
  0.34609007641953571        2.6070822242617044E-003
  0.34293504383050033        1.8072617873496892E-002
  0.21554120285000286        1.3724598829335260E-002
  0.36370563029559455        1.3313824791760968E-002
  0.43200450975348659        2.0056339037771636E-004
  0.30171688183100964        4.3708906987681489E-003
  0.46612328813531301        3.5249432613144997E-002
  0.28819633605693662        1.1506305277751162E-002
