 cosx vtec
  0.73769258746917343        3.1388095203105523E-002
  0.75363554195256555        1.1266557126342261E-002
  0.75627006154136367        1.6147304182509994E-002
  0.74403517735322500        2.6590208887822465E-002
  0.80757696465032769        2.7965496839924199E-002
  0.68089622619653001        4.8858144319178523E-002
  0.93956982004313294       0.10729922832570163     
  0.93858297419095882       0.12261495911962182     
  0.96508183709301421       0.10407521999405821     
  0.93588201472272958        7.9455081797138630E-002
  0.95067277444000486       0.11227182130513493     
  0.50837417187286760       0.23299099210043162     
  0.54830540776964676       0.23848472930534723     
  0.49085800390577955       0.24579306243113461     
  0.47109822669090134       0.24387617783107565     
  0.57406056537374317       0.23595003965126718     
  -3.3991047137133842E-002   2.7623175054397550E-003
  -5.6476392804677214E-002  -3.4377783499088652E-003
  -9.2672383945657216E-002  -2.7604670143527199E-003
   6.6115583175708120E-002  -1.1527491207212459E-004
  0.10903713900528839       -1.3811317215394021E-003
  0.13248700831034169        4.4922859168688416E-003
  -2.5180787200291713E-002  -4.5297425071958546E-003
  -5.4019048598687933E-002  -1.0845568661108529E-002
  -2.2225475452199647E-004   2.4618362171800252E-002
  -2.5542184496305298E-002  -3.8686800322529163E-002
  -6.0144874150627872E-002  0.16537621692818413     
   7.5573592229486480E-002  0.15934392381651821     
  0.11512203955760546        2.5444023499378923E-002
   1.7635888845993403E-002  0.16245428121964881     
  -4.8219029682012436E-002  0.15838180996555629     
   3.0833013796131635E-003  0.16540010551223430     
  0.87034275211663692       0.18163321329719903     
  0.85713038182202628       0.18364688198242726     
  0.90135195972350390       0.17466758563093754     
  0.87193868417699094       0.17416515867053778     
  0.78948317924738731       0.15282663361311893     
  0.75967404509966163       0.18282056158905738     
  0.78504628616814776       0.16106935157295429     
  0.83898550384435477       0.15907872351079722     
  0.68112314684934605       0.19583999216562853     
  0.79519090774941548       0.15789407856856472     
  0.80148234115593409       0.15939434382024795     
  0.38325981156405814       0.19077796878947312     
  0.40896257540814956       0.19748407119543368     
  0.33652201041817559       0.19677924073786038     
  0.32107792365158833       0.19784547479312053     
  0.61046064265295708        7.1904269094688437E-003
  0.57682294681450130       -4.0428397746459149E-004
  0.59397292486364406        8.0264766956408590E-004
  0.60139997870634321       -4.8977605447199585E-004
  0.68448301053437188       -4.6278575108834206E-003
  -1.9074940919967885E-002  -7.6881997226430749E-004
  0.69622562170623459        9.8655685494388690E-002
  0.67440949690780305       0.13308650335389738     
  0.60764639817162036        5.5964969898950119E-002
  0.69707531543094192       0.10687066290385225     
  0.76150484745510272       0.10745699758102502     
  0.59606019715515524       0.13555866064375602     
  0.69483222788669885        9.3728464902475037E-002
  0.71590603023640154       0.10544067617861003     
  0.60067692516813587       -1.9673738106778019E-003
  0.59524509345661991        3.1601492638171458E-003
  0.60679712059189250       -3.5944424831929598E-003
  0.60215044563784592       -4.0640839485871225E-003
  0.69924848794984418        8.8320842817718771E-003
  0.71240634984319962        3.9713315750270527E-003
  0.71890847320279128        1.5067994553094507E-004
  0.63259780307274871       -6.6718014027117778E-004
  0.76095566550193072        4.4953568808341338E-003
  0.69234807671606335       -1.1062818537919612E-003
  0.75796376000735044       -4.5443046438902509E-003
  0.82055827666712400        6.7539068959038440E-002
  0.86759085779364720        5.4977674025444352E-002
  0.83602547451124565        5.8772998018942098E-002
  0.74862679920142938        7.7012684142695968E-003
  0.75182058192576406        2.1670522914370286E-003
  0.75957545398140036        1.8489583781809297E-003
  0.75267650329304348        4.0539128396376491E-003
  0.81120965765422726        1.1603254861881261E-002
  -4.6974004021711695E-002  0.15831919765343447     
  0.20327339174953768       -2.0566632077150596E-002
  -8.5343505828127872E-003  -1.2701386721718732E-002
  0.16495983488927934       -4.1639714671229781E-003
  0.19370805456215254       -1.2944937963955926E-003
  0.19408090840569456       -5.6288340745692606E-003
  -5.8321983176485616E-004  -4.6381131940633384E-003
  -5.7426895788842121E-004   5.2825112062993246E-004
  -6.9134150280561149E-002  -2.3291142227196697E-004
  0.11863916531151844       -1.0360885492778609E-003
  0.17951751034394370        2.9107282886670050E-005
   5.2586665780265988E-002  -2.7870839953360914E-003
  -8.2471940456019077E-002   1.0504469837238101E-003
  0.28852332224416488        1.7706911728363754E-002
   7.9453965075268015E-002   8.3064049308213578E-004
  0.29050135993196680       -9.0239836387568228E-003
  0.30560856581449536        2.1763725522982606E-002
  0.29147681749044235       -7.8960665841218552E-003
  0.22792758561711873        8.2147199687336817E-002
   9.9189156268839299E-002  0.17979436456887404     
  0.24538651723608010       0.16086609414302988     
  0.27169688891884902       0.16159190962225733     
  0.19662692681474270       0.16379153790527184     
  0.11795273769186908       0.16523917677199620     
  0.18102953554396656       0.16719070424129434     
  0.21525215766134059       -6.3980360992366920E-003
  -1.7023662418179642E-002  -2.4152062409891399E-004
  0.14923518779905351       -1.6801410417189593E-004
  0.18249944664913897        3.3360350109583664E-003
  0.19488533091456137        4.1850298004085691E-003
  0.92216444765973027       0.15366162381360923     
  0.93152110063035798        9.2524625267465410E-002
  0.93522973228259976       0.11551612918117631     
  0.95320301700609900       0.16378948154012907     
  0.94178494598759144       0.16060041294835464     
  0.14089738790371481        8.7806748522432240E-002
  0.36638496174960800        4.9557197440978550E-002
  0.42557113615068998        3.7410694713585532E-002
  0.37963617727114074        4.7976232722304335E-002
  0.31980806468704615        6.5191784758076146E-002
  0.22897047422122260        6.2451256859090268E-002
  0.29392913799791087        8.2339747719577638E-002
  0.10628460101090521       0.20000990441896402     
  0.24647396486144602       0.18849306004408550     
  0.28174081782699650       0.20000520977718561     
  0.19477683142048072       0.19102871679253400     
  0.18075580722427365       0.19544743668399317     
  0.50288667470633863       0.21606207179078721     
  0.52844171263074557       0.22397928138036893     
  0.45546749732860736       0.21680856679272215     
  0.43916548295475971       0.23013724365828847     
   3.5769594377409973E-002  -9.8763709137592026E-004
  0.15342192938806026       -4.1869643802628563E-004
  0.21035785225648437        2.6979917087478181E-003
   8.8642717075626640E-002  -2.0610140261236542E-002
  -5.2800799933702028E-002   1.2452667861203354E-003
  0.15785672074777274       0.24713170551468802     
  0.12589121452509108       0.23721193722235798     
  -8.6186316256754186E-002   4.3737613825485785E-002
   8.9619246902808286E-002   2.2100578287264510E-002
  0.19838829636680796        3.4166946097695702E-002
  0.11029548236602646        3.9101947776732475E-002
   3.1604892199346306E-002   3.1988908536078074E-002
  -3.6606593511732233E-002   1.7970343024593889E-002
   9.2305561077076406E-003   4.5846785742042269E-002
  0.56786981646327117        4.4944733756782226E-003
  0.51086382957827980        4.1619556586150374E-005
  0.53160887634809251        1.0181072196445450E-004
  0.54754865047922130        9.7886086240164469E-004
  0.64161788796526853        1.4547404301936036E-003
  0.17323682220098230       -6.6559077245274684E-002
  -2.5531986128175931E-002   1.2596067335274474E-002
  0.15723922236629584        7.0879289311199635E-003
  0.18261568547013488        6.6438648602652759E-003
  0.17168052304127129       -5.4175284405365660E-003
  -5.7484442916543831E-003   2.9433060817074527E-002
  0.55065140653081013       0.16996716393424466     
  0.56814485120359193       0.16878339842997775     
  0.50660545289679559       0.17779457800968479     
  0.48703260364160750       0.19331008144297543     
  0.47177912864675914        2.6846181032148721E-003
  0.18500324233108581        1.0945867007753183E-002
  0.43186030873675679        2.3432810183311586E-003
  0.45202170651959772       -3.2395965922499021E-004
  0.46017909741080865       -4.8797874420135490E-003
  0.60875919721317706       -5.2858658594888007E-004
  0.29192657635717972       -6.5629287989389468E-002
   7.8006934170602601E-002   3.7236779886469638E-002
  0.31566327479801481        2.3331244339242788E-002
  0.32273319915189819        5.3890500421188120E-002
  0.29912298067374493       -2.5957776823408510E-002
  0.23647580129337006        1.1119219847883991E-003
  0.14146334573141206        4.7128949035861690E-003
  0.59459850717215923        9.8461162684642806E-002
  0.57305004091808409       0.13174878465105111     
  0.51250220517450762        7.6485740926834231E-002
  0.59483278473049339       0.10454917800673171     
  0.68449921317935336       0.11754210326410783     
  0.50843798647160698       0.11888509311478077     
  0.59556990760681350        9.7090992999645923E-002
  0.61685547930501805       0.10509869906497141     
  0.63420997855022465        8.2660410074114427E-002
  0.68456953822519984        5.3228857593158180E-002
  0.66975501464991472        7.3020605151964693E-002
  0.64404763024504041        7.8166746204510071E-002
  0.73927505217119382        9.1071406014058096E-002
  0.58764866534635452        9.4915412526753465E-002
  0.55113855309436521       0.12187381817133008     
  0.74447623959458287        9.4451464532240188E-003
  0.73799735408295675        1.1453759532210719E-003
  0.74879787641502660        3.0972946582373577E-004
  0.74604899686741910        4.0459565148590155E-003
  0.80246458387737518       -2.9440414659286200E-003
  0.13351178512224940       0.22365486852961142     
  -1.4167554644695286E-002  0.23657501750403848     
   3.7502900440429560E-002  0.24673764574183799     
  -5.0620341047382666E-002  0.23544226493101264     
  -1.0765067374928444E-002  0.16105346369551943     
  -4.6382682729906657E-002  0.27503329833987039     
  0.11077785032051400       0.28070750620823104     
  -2.2278174971427835E-002  0.14099650179983431     
  -8.1808119421226649E-002  0.14005128467219471     
  -4.0831163330421492E-002  0.14563795754615758     
   7.7539509425187531E-002  0.13246439172701949     
  0.23753252660400512       0.11013581044319495     
  0.35736174192667930       0.11128465476742398     
  0.25857471357792372       0.11089543821439511     
  0.18900505446045981       0.11116968048219136     
  0.11403387709163242       0.10889889671508828     
  0.17083922298326204       0.12766311865842941     
   5.2623596262410246E-003   7.5380639790021020E-002
   3.6478414864429064E-002   5.4533390711802091E-002
  -5.7674166462795780E-002   6.4489324284025470E-002
  -7.5952802408009015E-002   9.0258191014254516E-002
  0.16757888315482689       0.22177906897442204     
  0.31645514056553131       0.19590597892690828     
  0.34536987893140259       0.20224077677783442     
  0.26809588992055694       0.19946131417052668     
  0.17202870019246175       0.21899558070053621     
  0.25333916644919369       0.20788173597004292     
  0.30005381392305941        2.4799101011279450E-002
   7.9613503838407346E-002   8.4751966823167141E-004
  0.26746507597823588       -1.8370760649632202E-002
  0.29072912874368040       -1.0370612665447969E-002
  0.29222438875098239       -6.4404368176136234E-003
   8.8466212357311502E-002   2.5476774128805581E-002
  0.38884809574528945       -5.3442707312885435E-003
  0.14974950455422184        3.7478703672659777E-002
  0.37901738854858441       -2.1772687804446937E-003
  0.39483873869789321        1.0759656352642602E-003
  0.38870265636726142        4.2652573153633314E-002
  0.19133605548116042       -3.3462569972034603E-002
