 cosx vtec
  0.92337046496249542        3.1388095203105523E-002
  0.93032823670799991        1.1266557126342261E-002
  0.93423025807376958        1.6147304182509994E-002
  0.92752768285379117        2.6590208887822465E-002
  0.96057920250962214        2.7965496839924199E-002
  0.88199008268494561        4.8858144319178523E-002
  0.76582807572937506       0.10729922832570163     
  0.76597827714426037       0.12261495911962182     
  0.81729270357201145       0.10407521999405821     
  0.76184681948776889        7.9455081797138630E-002
  0.78817826545626790       0.11227182130513493     
  0.41920628435611579       0.23299099210043162     
  0.44466582690448520       0.23848472930534723     
  0.44753572488229676       0.24579306243113461     
  0.41810296981550971       0.24387617783107565     
  0.47545783646482431       0.23595003965126718     
  -8.5220821733086261E-002   2.7623175054397550E-003
  0.19412327059677253       -2.7604670143527199E-003
  0.33070776407851160       -1.1527491207212459E-004
  0.37954346426577129       -1.3811317215394021E-003
  0.42028845751552113        4.4922859168688416E-003
  0.20470050177031479       -1.2436391499969313E-003
  -9.7205091431203428E-002   2.0479110461447654E-004
  0.31275952260126610       -4.5297425071958546E-003
   7.4890314328641433E-002   3.3594982712548912E-003
  0.25487818240940974       -1.0845568661108529E-002
  0.31692013164087662        2.4618362171800252E-002
  0.30635348200064039       -3.8686800322529163E-002
   9.5975425995490138E-002   4.1191537438215890E-004
  0.20483149888731278       0.16537621692818413     
  0.34292828952049753       0.15934392381651821     
  0.38695909467124767        2.5444023499378923E-002
  0.28062011711350993       0.16245428121964881     
  0.23052689326591919       0.15838180996555629     
  0.26154341379890383       0.16540010551223430     
  0.70027126923517025       0.18163321329719903     
  0.69628634602590833       0.18364688198242726     
  0.76017457943011146       0.17466758563093754     
  0.71794824974750182       0.17416515867053778     
  0.54046060752320657       0.15282663361311893     
  0.51635756922236942       0.18282056158905738     
  0.53945959785341469       0.16106935157295429     
  0.61127407876298157       0.15907872351079722     
  0.41045480240607579       0.19583999216562853     
  0.54188397723365711       0.15789407856856472     
  0.56109084594163594       0.15939434382024795     
  0.57721398292707227       0.19077796878947312     
  0.60601009586450882       0.19748407119543368     
  0.52843832332838769       0.19677924073786038     
  0.50888457191063319       0.19784547479312053     
  0.81189722769560668        7.1904269094688437E-003
  0.75605884130914425       -4.0428397746459149E-004
  0.77628798956266998        8.0264766956408590E-004
  0.79400502120728889       -4.8977605447199585E-004
  0.83797250084729225       -4.6278575108834206E-003
  0.40872828319581306        9.8655685494388690E-002
  0.38730703688448820       0.13308650335389738     
  0.30604099313821864        5.5964969898950119E-002
  0.41034275217168548       0.10687066290385225     
  0.49391041083591797       0.10745699758102502     
  0.28851273071420386       0.13555866064375602     
  0.40802649905113003        9.3728464902475037E-002
  0.43421862851728982       0.10544067617861003     
  0.83045775092702856       -1.9673738106778019E-003
  0.81101451075467101        3.1601492638171458E-003
  0.82525810936989552       -3.5944424831929598E-003
  0.82794254196972372       -4.0640839485871225E-003
  0.88701955099364582        8.8320842817718771E-003
  0.49863456232308717        3.9713315750270527E-003
  0.55515458506454807        1.5067994553094507E-004
  0.42370629613146243       -6.6718014027117778E-004
  0.57243294929755562        4.4953568808341338E-003
  0.48946722325728842       -1.1062818537919612E-003
  0.54529090448800988       -4.5443046438902509E-003
  0.72222559285148202        6.7539068959038440E-002
  0.79229199806557316        5.4977674025444352E-002
  0.74642067239096233        5.8772998018942098E-002
  0.92907389769769144        7.7012684142695968E-003
  0.92065644644031330        2.1670522914370286E-003
  0.93021164762174835        1.8489583781809297E-003
  0.92982166146399037        4.0539128396376491E-003
  0.95806615950051688        1.1603254861881261E-002
   7.8159726593959672E-002  0.15621543594884907     
  -1.3501382642294169E-002  0.16669204073483934     
  0.22470051883425199       0.15831919765343447     
  0.14766717592035034       0.15216228660618406     
   9.9782895199627880E-002  0.14958327736875440     
  0.12837519013752438       0.15520144799549179     
  0.50948919877485332       -2.0566632077150596E-002
  0.29941741005467409       -1.2701386721718732E-002
  0.44750458898401102       -4.1639714671229781E-003
  0.48115491685735146       -1.2944937963955926E-003
  0.49317431300516568       -5.6288340745692606E-003
  0.32221142288979226       -4.6381131940633384E-003
   8.5725154913945237E-002   5.2825112062993246E-004
   8.7569001995908516E-002  -2.3291142227196697E-004
  0.23652407193545655       -1.0360885492778609E-003
  0.30634041113427096        2.9107282886670050E-005
  0.11128565315098653       -2.7870839953360914E-003
   1.8890661269278283E-002   1.0504469837238101E-003
  0.59412291593021571        1.7706911728363754E-002
  0.40230831961073821        8.3064049308213578E-004
  0.58051577560070844       -9.0239836387568228E-003
  0.59980364098639094        2.1763725522982606E-002
  0.59377598306655588       -7.8960665841218552E-003
  0.54716547722009812        8.2147199687336817E-002
  0.35425592264760986       0.17979436456887404     
  0.49708107792318335       0.16086609414302988     
  0.52598800488569597       0.16159190962225733     
  0.44611421399456008       0.16379153790527184     
  0.38861611807040408       0.16523917677199620     
  0.42635707379823456       0.16719070424129434     
  0.51165857380244395       -6.3980360992366920E-003
  0.27508533448009315       -2.4152062409891399E-004
  0.41609080932225251       -1.6801410417189593E-004
  0.45441522348415098        3.3360350109583664E-003
  0.48071150535494839        4.1850298004085691E-003
  0.92484267205021520       0.15366162381360923     
  0.86718413578851872        9.2524625267465410E-002
  0.93638463023055718       0.11551612918117631     
  0.92220726033456801       0.16378948154012907     
  0.89294482395682662       0.16060041294835464     
  0.44160703768645021        8.7806748522432240E-002
  0.65030288609361930        4.9557197440978550E-002
  0.70533360042455895        3.7410694713585532E-002
  0.66342647815240463        4.7976232722304335E-002
  0.60585205101320150        6.5191784758076146E-002
  0.53620307066356498        6.2451256859090268E-002
  0.57640229080928007        8.2339747719577638E-002
  0.31505016252847340       0.20000990441896402     
  0.45390199303564960       0.18849306004408550     
  0.49395172831242518       0.20000520977718561     
  0.39834019045370700       0.19102871679253400     
  0.37999521084529037       0.19544743668399317     
  0.64054107967230745       0.21606207179078721     
  0.66962078161676708       0.22397928138036893     
  0.59142813630199031       0.21680856679272215     
  0.57082494788763571       0.23013724365828847     
  0.11268904712353300       -9.8763709137592026E-004
  0.26136597780582455       -4.1869643802628563E-004
  0.32688430692469250        2.6979917087478181E-003
  0.14035283784731323       -2.0610140261236542E-002
   3.8691450210745160E-002   1.2452667861203354E-003
  0.13362681731704043       0.24713170551468802     
  0.13305076955001391       0.23721193722235798     
  -5.0402426084358964E-002   1.8930705919911962E-002
  0.16229291437262167        2.6299998063288428E-002
  -4.3754648478666447E-002   3.0246794274645942E-002
  0.21241257029803690        1.8192433725313806E-002
   5.3174883875990120E-002   2.2596442649661611E-002
  -1.2498274118570740E-002   3.6811161512725413E-002
   2.3165075533468193E-002   1.8706940296745276E-002
  0.24352722957865680        4.3737613825485785E-002
   8.8041053969823035E-002   5.4220707082015401E-002
  0.41625925943555042        2.2100578287264510E-002
  0.24056882660426315        3.8172727753038857E-002
  0.52080675289699796        3.4166946097695702E-002
  0.43743356264907368        3.9101947776732475E-002
  0.35775468044785752        3.1988908536078074E-002
  0.30003263581943473        1.7970343024593889E-002
  0.33054074783672882        4.5846785742042269E-002
  0.76869891262234191        4.4944733756782226E-003
  0.68187574152139829        4.1619556586150374E-005
  0.70614378094412322        1.0181072196445450E-004
  0.73492200037629796        9.7886086240164469E-004
  0.78441971153537438        1.4547404301936036E-003
  0.49085359972280768       -6.6559077245274684E-002
  0.29671837984251143        1.2596067335274474E-002
  0.45460798917675943        7.0879289311199635E-003
  0.48505297312936424        6.6438648602652759E-003
  0.48440503868919260       -5.4175284405365660E-003
  0.32581521972943261        2.9433060817074527E-002
  0.72931222195785739       0.16996716393424466     
  0.74820661463436111       0.16878339842997775     
  0.68587330534518931       0.17779457800968479     
  0.66260600152530025       0.19331008144297543     
   7.3652503681689935E-002  -1.1808690353571833E-003
  0.71395636403002427        2.6846181032148721E-003
  0.45439904827544952        1.0945867007753183E-002
  0.65088477774219533        2.3432810183311586E-003
  0.67459362324502181       -3.2395965922499021E-004
  0.69353720392326967       -4.8797874420135490E-003
  0.79069706484155355       -5.2858658594888007E-004
  0.60110037642414005       -6.5629287989389468E-002
  0.40973931149923426        3.7236779886469638E-002
  0.61171597141746015        2.3331244339242788E-002
  0.62297378487184374        5.3890500421188120E-002
  0.60628659281766450       -2.5957776823408510E-002
  0.55352957359666699        1.1119219847883991E-003
  0.47113873985630411        4.7128949035861690E-003
  0.28405333189763193        9.8461162684642806E-002
  0.26539175129888692       0.13174878465105111     
  0.19107149568802079        7.6485740926834231E-002
  0.28557002414772981       0.10454917800673171     
  0.39407676247067758       0.11754210326410783     
  0.18679028249731711       0.11888509311478077     
  0.28511916007233185        9.7090992999645923E-002
  0.31164895296768746       0.10509869906497141     
  0.84718846065100184        8.2660410074114427E-002
  0.89244339406035333        5.3228857593158180E-002
  0.87797364084719320        7.3020605151964693E-002
  0.85628290323966005        7.8166746204510071E-002
  0.91584726268532535        9.1071406014058096E-002
  0.80661515283800256        9.4915412526753465E-002
  0.76838024334157640       0.12187381817133008     
  0.92069379559898068        9.4451464532240188E-003
  0.90003317562247587        1.1453759532210719E-003
  0.91298328641270277        3.0972946582373577E-004
  0.91770423914197641        4.0459565148590155E-003
  0.94325160620529303       -2.9440414659286200E-003
  -9.1554023455993797E-002  0.28070750620823104     
  -3.9015730192062947E-002  -3.3425157168294802E-003
  0.22055167037493209        8.9833006876898162E-003
  -2.9160617668089195E-003  -1.3661553311033220E-002
  0.24368483756241727       -8.8073565653271145E-004
  0.11017310871727035        4.9149835120062069E-003
   2.2187026747252425E-002  -2.4785332552559099E-003
  0.36657457955884110       0.13246439172701949     
  0.52123297941049862       0.11013581044319495     
  0.64133707064825396       0.11128465476742398     
  0.54360801908598289       0.11089543821439511     
  0.47176962697758834       0.11116968048219136     
  0.41452059301207123       0.10889889671508828     
  0.44943181375977714       0.12766311865842941     
  0.16925913303242313        8.4135536254450499E-002
   5.5567990066596906E-002   8.2703558476082906E-002
  0.32556424352858526        7.5380639790021020E-002
  0.35892421644138767        5.4533390711802091E-002
  0.25966613734926802        6.4489324284025470E-002
  0.20715974147792499        7.1651545479248444E-002
  0.23637539109326022        9.0258191014254516E-002
  0.37794480642094452       0.22177906897442204     
  0.52230509240291711       0.19590597892690828     
  0.55482248925003874       0.20224077677783442     
  0.47120650718448220       0.19946131417052668     
  0.40505139209804519       0.21899558070053621     
  0.45227437072940713       0.20788173597004292     
  0.58948692148041548        2.4799101011279450E-002
  0.37888766979841060        8.4751966823167141E-004
  0.53542879470258409       -1.8370760649632202E-002
  0.56289706417001351       -1.0370612665447969E-002
  0.57490897694799781       -6.4404368176136234E-003
  0.40540370936718395        2.5476774128805581E-002
  0.67092188184351154       -5.3442707312885435E-003
  0.45657814017953702        3.7478703672659777E-002
  0.64490502291403595       -2.1772687804446937E-003
  0.66435529474602606        1.0759656352642602E-003
  0.66651514718093430        4.2652573153633314E-002
  0.50768694208529652       -3.3462569972034603E-002
