 cosx vtec
  0.14008491611545687       -9.6162401822252549E-004
  0.10816419758559587       -3.1685733285309186E-004
  0.12509921100848725        1.2930267714109428E-003
  0.13929255585151157        7.5567409252068395E-005
  0.15866815250199329        3.9073304018642291E-003
   7.1747300012845905E-002  -7.3190681211835254E-004
   4.2893713174758819E-002  -5.0381838196475351E-004
  -3.7114462149046068E-002  -1.4334823602417959E-004
  -7.3320058910178676E-002   9.1280395362138908E-005
  -5.4458501396747683E-002   2.6484931139093269E-003
  -3.9090601756162913E-002  -1.5515789069554193E-003
  -7.1566016019972145E-003  -3.5281456368758475E-003
  0.75956717613659852       0.10729922832570163     
  0.76139850078537175       0.12261495911962182     
  0.70227161745402178       0.10407521999405821     
  0.75191704771864187        7.9455081797138630E-002
  0.73795479847048184       0.11227182130513493     
  0.47175303565385990       0.23299099210043162     
  0.51904827935200426       0.23848472930534723     
  0.35200478007236807       0.24579306243113461     
  0.37055200748397288       0.24387617783107565     
  0.51389173347866290       0.23595003965126718     
  0.12203655489668530        1.5687779507678255E-003
   3.2458241513196553E-002   2.7623175054397550E-003
  0.10048453884376926        4.0197458449612528E-003
   2.4099311256627481E-002  -4.7835043372671920E-004
  0.16089500453331840       -3.4377783499088652E-003
  0.75690399150581400       0.18163321329719903     
  0.73354365013286893       0.18364688198242726     
  0.69412942389971910       0.17466758563093754     
  0.71994493891386424       0.17416515867053778     
  0.91375556412316461       0.15282663361311893     
  0.90012595676091700       0.18282056158905738     
  0.90749831376278989       0.16106935157295429     
  0.87610117876279803       0.15907872351079722     
  0.94211472043234978       0.19583999216562853     
  0.91888109969517151       0.15789407856856472     
  0.89881443176319054       0.15939434382024795     
  0.58173362435973563        5.2849905566731969E-002
  0.54514037020856809        3.8106920053663500E-002
  0.55610910745606501        6.3276848475789002E-002
  0.73570278713770232        7.0919116972806243E-002
  0.57538476538712535       0.10519336145341916     
  0.60427571944633307        5.0497807114577992E-002
  0.75601958229470290       0.10388572255787835     
  0.46870641790727208        5.3512534605510184E-002
  0.61786693936928028        7.5890816554633062E-002
  0.71148929044934772        6.5135368128468984E-002
  0.44049811121706867        6.0586009130342254E-002
  0.45380495310292679       -1.1004490245101013E-003
  0.41934112622670205       -8.3599036980587562E-005
  0.61491400842775013       -7.6881997226430749E-004
  0.46567294376553131       -1.8436084074217239E-004
  0.45241715801909466        8.0550389157429145E-004
  0.37314258992312638        9.8471546486337408E-004
  0.49763451095721772       -6.6271548454806327E-004
  -6.3538412838708258E-002  0.10812904251234406     
  0.96440926880321975        9.8655685494388690E-002
  0.97007408025795949       0.13308650335389738     
  0.95491628252612204        5.5964969898950119E-002
  0.96693482982580048       0.10687066290385225     
  0.93563654703883392       0.10745699758102502     
  0.99153131318758958       0.13555866064375602     
  0.95643691909637085        9.3728464902475037E-002
  0.95940834035426437       0.10544067617861003     
  0.59667652214377176        4.4498150413293282E-003
  0.56287673874677058        1.7487307358282290E-002
  0.57382775623814941        4.1352447010887541E-002
  0.73289064555332828        2.9894771136291815E-002
  0.59358569427787089        4.3363388991551628E-002
  0.60900108934290120       -3.1374722056225199E-002
  0.79541714000144326        4.4487769866509388E-002
  0.49786777575513791        9.1331953273705319E-003
  0.64848048078123588        3.6179897849154104E-002
  0.68166448872670027        1.7362169594392445E-002
  0.43057511269730159        2.1612762921603676E-002
  0.74048793142494329        3.9713315750270527E-003
  0.60681247570096453        1.5067994553094507E-004
  0.69241521776810999       -6.6718014027117778E-004
  0.69269918752537540        4.4953568808341338E-003
  0.70144958266108492       -1.1062818537919612E-003
  0.75842251939512018       -4.5443046438902509E-003
  0.57578212250485661        6.7539068959038440E-002
  0.52816415799938388        5.4977674025444352E-002
  0.55747473120572288        5.8772998018942098E-002
  0.28386737137309032        1.2428388263224378E-003
  0.25310131537694713       -2.6804108066335843E-004
  0.27064213167016699        5.3309663252945824E-003
  0.28469348666715955       -1.7674594537552189E-004
  0.29505708458256003        1.4058700887975260E-003
  0.21490070578559617        3.4385848994467221E-003
  0.42720211763974725        7.1561491682741601E-004
  0.41333191881470221       -1.9313477136490538E-003
  0.16906427557597670        4.6256906650562378E-004
  0.36400845200323112       0.26215514191980205     
  0.40384406713054782       0.25579646739042927     
  0.41449558238078377       0.25371490527562868     
  0.45397291509494975       0.13828575727672404     
  0.41296757352229185       0.13496985917050677     
  0.49655061461239824       0.17457448895407282     
  0.43432663218462653       0.13312764346030101     
  0.46473994429011223       0.13731931094613789     
  0.33108082951462314       0.14286392655987321     
  0.33662545034739288       0.15366162381360923     
  0.51085362415959212        9.2524625267465410E-002
  0.34181828265326097       0.11551612918117631     
  0.42766093050660503       0.16378948154012907     
  0.47271373967002150       0.16060041294835464     
  0.48110691670384709        7.8589178373334942E-004
  0.44994033516221899        8.1466062100912489E-003
  0.46489334620720912       -1.6584863994053397E-002
  0.65946064949349981       -1.3931294641972591E-003
  0.48220041559579796        5.5444735493517883E-003
  0.48800062107033082        9.1762047814772235E-003
  0.40273614038824385       -1.2828109273727184E-002
  0.58262820343996902        3.2156347579018912E-003
  0.55504127867410658       -1.6253284049114482E-003
  0.31695755875962278        7.0115968919918338E-003
  -3.1919083776144691E-002  0.24981006337795672     
   2.6377241449245678E-002  0.24906902391523478     
   5.3539987275017284E-002  0.25112652606919900     
  -8.4900588789093720E-002  0.23963081729763375     
  0.67859671186869930       0.12439328161424504     
  0.64490967246933917       0.12268714835724899     
  0.79382549976796013       0.13250280893800487     
  0.71814372781072666       0.14929554268333578     
  0.66671908194808993       0.12294461422415401     
  0.76833141332440424       0.13888483793408246     
  0.69425361040605527       0.16177407630208820     
  0.50092425151353859       0.14745223535839036     
  0.20063035591253470       0.24713170551468802     
  0.11068851469098498       0.23721193722235798     
   6.8385824351456015E-002   1.2527483998860428E-003
   9.0145841547694283E-002  -1.7301745083221845E-004
   6.7499816542793745E-002  -3.1242440398636237E-003
  -5.2997286353184681E-003  -1.7347450135841900E-003
  0.17827508681183993        2.6230552523900720E-003
   7.5210314866692329E-002   9.9820059252443555E-003
   4.2909085653366874E-002  -3.7000416006854219E-004
   4.7015564074240901E-002   1.8675346546876515E-002
  -9.4260639669920154E-002   1.4043305679535661E-002
   6.5516103993905672E-002   1.3691458398637160E-002
  0.12907165763538631       -3.2657256707119119E-003
  -2.8321200072047303E-003   3.4037502207289396E-003
  0.17675529283286073        3.1281954673396055E-002
  -1.4113773500134763E-002   1.2257620280420930E-002
  0.99160282410256606        9.8461162684642806E-002
  0.98969993710542103       0.13174878465105111     
  0.97707257533365177        7.6485740926834231E-002
  0.99252900520379073       0.10454917800673171     
  0.97040437795818368       0.11754210326410783     
  0.99869455533216600       0.11888509311478077     
  0.98566151921681089        9.7090992999645923E-002
  0.98877555422403729       0.10509869906497141     
  0.48747133754149996       0.24900590984499346     
  0.71466340844942611       0.22365486852961142     
  0.30703546651001173       0.31946926041257023     
  0.52530375896326542       0.23657501750403848     
  0.53512051820946238       0.27576256098499924     
  0.58405562573120440       0.24673764574183799     
  0.53494852787370539       0.23544226493101264     
  0.34659488355149026       0.16105346369551943     
  0.41192752881229072       0.27503329833987039     
  0.62051604947122552       0.28070750620823104     
  0.75633622707615300       0.13561832585111258     
  0.71829958512020931       0.14488049082489490     
  0.84201752496002491       0.14099650179983431     
  0.77913004796770335       0.14005128467219471     
  0.74267134337964824       0.12712883641484735     
  0.81800420306098753       0.14563795754615758     
  0.76634888887459907       0.14434854905661090     
  -6.5582837416391038E-002   8.4916412160106983E-004
  -6.5220583286690725E-002  -1.3352013552095448E-003
  -5.8003085337517857E-002  -3.3303824079798957E-003
  -5.0917405057062715E-002   2.9710001599958600E-004
  0.37464106948936926       -8.5020807505557317E-004
  0.38494034976671798       -1.5506346889086720E-004
  0.37503215895425446       -5.1013352026934482E-003
  0.30038767970323432       -2.5845571095877728E-003
  0.43210254503230749        4.6924016013175840E-003
   3.3559010694221680E-002   8.3818313049875796E-003
   5.0359515542036659E-004   2.6070822242617044E-003
   3.8290086271259294E-003   1.8072617873496892E-002
   2.2936774710865970E-002   1.3313824791760968E-002
   9.4172352522886249E-002   2.0056339037771636E-004
  -4.5702335992488019E-002   4.3708906987681489E-003
  0.14453529485090955        3.5249432613144997E-002
  -5.6241062205486858E-002   1.1506305277751162E-002
