 cosx vtec
  -4.2496916192221790E-002   3.1388095203105523E-002
  -3.1741579374976403E-002   1.1266557126342261E-002
  -2.5101098158498092E-002   1.6147304182509994E-002
  -3.7750140731487136E-002   2.6590208887822465E-002
   5.9926895093400989E-002   2.7965496839924199E-002
  -9.0443513017293087E-002   4.8858144319178523E-002
  -2.6261026975024582E-002  -9.6162401822252549E-004
  -5.5393602762751348E-002  -3.1685733285309186E-004
  -4.6757765932053108E-002   1.2930267714109428E-003
  -2.9336362716141207E-002   7.5567409252068395E-005
  -3.3398574997458019E-003   3.9073304018642291E-003
  -9.3511135099539622E-002  -7.3190681211835254E-004
  0.85759587785598312       0.10729922832570163     
  0.86104433941279079       0.12261495911962182     
  0.81185339671255241       0.10407521999405821     
  0.84723725142974748        7.9455081797138630E-002
  0.84191220240875575       0.11227182130513493     
  0.54706225216208060       0.23299099210043162     
  0.59561420147790867       0.23848472930534723     
  0.43859706193605802       0.24579306243113461     
  0.45140867497813764       0.24387617783107565     
  0.59567681476159673       0.23595003965126718     
   3.6812775599585401E-002   1.5687779507678255E-003
  -1.2374101635546045E-002   2.7623175054397550E-003
   2.8980635866870746E-002   4.0197458449612528E-003
  -5.4142375015632932E-002  -4.7835043372671920E-004
   9.8156813369104950E-002  -3.4377783499088652E-003
  0.85365972684125335       0.18163321329719903     
  0.83218895053164255       0.18364688198242726     
  0.80419707208783453       0.17466758563093754     
  0.82257294030522143       0.17416515867053778     
  0.97018352906902050       0.15282663361311893     
  0.95663032154986205       0.18282056158905738     
  0.96535654528449477       0.16106935157295429     
  0.94644729955242801       0.15907872351079722     
  0.97802594188024861       0.19583999216562853     
  0.97277186687733130       0.15789407856856472     
  0.96047460573963961       0.15939434382024795     
  0.43169045607521728        5.2849905566731969E-002
  0.39213871595210409        3.8106920053663500E-002
  0.40485451664748973        6.3276848475789002E-002
  0.60694180937217257        7.0919116972806243E-002
  0.42503527429069365       0.10519336145341916     
  0.45728905443972234        5.0497807114577992E-002
  0.63329589505079398       0.10388572255787835     
  0.30862586965268812        5.3512534605510184E-002
  0.47348690371789715        7.5890816554633062E-002
  0.58094918802352535        6.5135368128468984E-002
  0.27909226232800938        6.0586009130342254E-002
  -5.3750383525176582E-002  -4.6278575108834206E-003
  0.33685376668885264       -1.1004490245101013E-003
  0.30651879921684555       -8.3599036980587562E-005
  0.51851760095611177       -7.6881997226430749E-004
  0.33997881467353019       -1.8436084074217239E-004
  0.34246531833632154        8.0550389157429145E-004
  0.25445626936263666        9.8471546486337408E-004
  0.39587412570299008       -6.6271548454806327E-004
  0.99052349329689315        9.8655685494388690E-002
  0.99687103499227914       0.13308650335389738     
  0.95856944812707046        5.5964969898950119E-002
  0.99459889852447880       0.10687066290385225     
  0.97774148290425056       0.10745699758102502     
  0.99889758504011295       0.13555866064375602     
  0.98089138849131952        9.3728464902475037E-002
  0.99119917163568783       0.10544067617861003     
  -9.9499785363482418E-002   8.8320842817718771E-003
  0.45117966382414643        4.4498150413293282E-003
  0.41700435421747556        1.7487307358282290E-002
  0.42307980986348281        4.1352447010887541E-002
  0.60692833451903772        2.9894771136291815E-002
  0.44637774183458501        4.3363388991551628E-002
  0.46776339639276920       -3.1374722056225199E-002
  0.67821338161936828        4.4487769866509388E-002
  0.34499047810392081        9.1331953273705319E-003
  0.50670726623818507        3.6179897849154104E-002
  0.55264363428936680        1.7362169594392445E-002
  0.26755432024424131        2.1612762921603676E-002
  0.77850952593812517        3.9713315750270527E-003
  0.65784735286797114        1.5067994553094507E-004
  0.71677670844867158       -6.6718014027117778E-004
  0.74568512955391775        4.4953568808341338E-003
  0.73815341292425951       -1.1062818537919612E-003
  0.80547150527604461       -4.5443046438902509E-003
  0.69061073678835883        6.7539068959038440E-002
  0.65566358769199029        5.4977674025444352E-002
  0.67688490748652230        5.8772998018942098E-002
  -3.8862928907877459E-002   7.7012684142695968E-003
  -2.6830414427373384E-002   2.1670522914370286E-003
  -2.0720240457588524E-002   1.8489583781809297E-003
  -3.3201791380363499E-002   4.0539128396376491E-003
   6.1679408805707769E-002   1.1603254861881261E-002
  0.12501381081913010        1.2428388263224378E-003
   9.6793672476899628E-002  -2.6804108066335843E-004
  0.10343766262143395        5.3309663252945824E-003
  0.12293506448027752       -1.7674594537552189E-004
  0.14089333057634140        1.4058700887975260E-003
   5.5831411744625969E-002   3.4385848994467221E-003
  0.26580437192287143        7.1561491682741601E-004
  0.27279567220159257       -1.9313477136490538E-003
   1.8172844989516879E-003   4.6256906650562378E-004
  0.30856520370002777       0.26215514191980205     
  0.36586574099899799       0.25579646739042927     
  0.36688878678821485       0.25371490527562868     
  0.30831653243789714       0.13828575727672404     
  0.27395626404406981       0.13496985917050677     
  0.37527733662778751       0.17457448895407282     
  0.29275588983758227       0.13312764346030101     
  0.33049644743144291       0.13731931094613789     
  0.18493568876157712       0.14286392655987321     
  0.49194813912549684       0.15366162381360923     
  0.64845553681273238        9.2524625267465410E-002
  0.49787717780946417       0.11551612918117631     
  0.57668837211949120       0.16378948154012907     
  0.61578828731756696       0.16060041294835464     
  0.33618630294551605        7.8589178373334942E-004
  0.30698266891131487        8.1466062100912489E-003
  0.30855266770067014       -1.6584863994053397E-002
  0.53563836183487146       -1.3931294641972591E-003
  0.33387095390336052        5.5444735493517883E-003
  0.34810563357757246        9.1762047814772235E-003
  0.25490934464202730       -1.2828109273727184E-002
  0.43707201957537078        3.2156347579018912E-003
  0.42557474077099244       -1.6253284049114482E-003
  0.15327795315529058        7.0115968919918338E-003
  -8.1631969925425193E-002  0.24981006337795672     
  -4.1883518904361483E-003  0.24906902391523478     
   8.5640828857618534E-003  0.25112652606919900     
   2.1487142727702080E-002  0.21606207179078721     
   2.3022540749367604E-002  0.22397928138036893     
   6.1217205610978320E-003  0.21680856679272215     
   9.7734876630935497E-003  0.23013724365828847     
  0.54817106169780871       0.12439328161424504     
  0.51725953706162964       0.12268714835724899     
  0.68570361300436466       0.13250280893800487     
  0.60973188406840184       0.14929554268333578     
  0.53821640962428474       0.12294461422415401     
  0.66207711824568860       0.13888483793408246     
  0.57374388645670982       0.16177407630208820     
  0.35601678376155949       0.14745223535839036     
  0.24298851569750146       0.24713170551468802     
  0.15727770917711312       0.23721193722235798     
  -6.2316135572758835E-002   1.2527483998860428E-003
  -5.0773643449241901E-002  -1.7301745083221845E-004
  -5.5660567657414450E-002  -3.1242440398636237E-003
   6.6515017727570847E-002   2.6230552523900720E-003
  -6.2167985887263022E-002   1.4547404301936036E-003
  -6.3510884839944937E-002  0.16996716393424466     
  -6.0850527891153861E-002  0.16878339842997775     
  -8.1635028442480329E-002  0.17779457800968479     
  -7.9803279393247106E-002  0.19331008144297543     
  -9.9087134587621584E-002   9.9820059252443555E-003
  -4.3497774586799154E-002  -3.2657256707119119E-003
   5.2599150732239308E-003   3.1281954673396055E-002
  0.99585605365361907        9.8461162684642806E-002
  0.99502159086773168       0.13174878465105111     
  0.96109547310713861        7.6485740926834231E-002
  0.99836327384849421       0.10454917800673171     
  0.99454232173661272       0.11754210326410783     
  0.98842292989241742       0.11888509311478077     
  0.98837342995431510        9.7090992999645923E-002
  0.99900535828406445       0.10509869906497141     
  -6.3707805269959672E-003   9.1071406014058096E-002
  -4.2584927057432553E-002   9.4451464532240188E-003
  -2.9049149177523992E-002   1.1453759532210719E-003
  -2.3257236327333064E-002   3.0972946582373577E-004
  -3.5895339752040456E-002   4.0459565148590155E-003
   5.9272652385117475E-002  -2.9440414659286200E-003
  0.43504591077285104       0.24900590984499346     
  0.68373055404513816       0.22365486852961142     
  0.26889461837659101       0.31946926041257023     
  0.49139156436057929       0.23657501750403848     
  0.46908976676397951       0.27576256098499924     
  0.55259092240674534       0.24673764574183799     
  0.49189587527494538       0.23544226493101264     
  0.33754449380666302       0.16105346369551943     
  0.38691713259168048       0.27503329833987039     
  0.59905067744191154       0.28070750620823104     
  0.64183065785918270       0.13561832585111258     
  0.60755793570205552       0.14488049082489490     
  0.75065843742784388       0.14099650179983431     
  0.68762756976565187       0.14005128467219471     
  0.63093653015560347       0.12712883641484735     
  0.72808583076785216       0.14563795754615758     
  0.66421633566042604       0.14434854905661090     
  0.24653485781725376       -8.5020807505557317E-004
  0.24949139266354448       -1.5506346889086720E-004
  0.25339895420490571       -5.1013352026934482E-003
  0.17180985990993741       -2.5845571095877728E-003
  0.31935053756778781        4.6924016013175840E-003
  -7.8477839400404759E-002   2.0056339037771636E-004
  -2.6929652459424414E-002   3.5249432613144997E-002
