 cosx vtec
  0.88406561620846680        3.1388095203105523E-002
  0.85818118491306095        1.1266557126342261E-002
  0.86733336195726440        1.6147304182509994E-002
  0.87948941314625095        2.6590208887822465E-002
  0.82644935680778975        2.7965496839924199E-002
  0.90578805642276594        4.8858144319178523E-002
  0.24473230021895359       -1.2897270245265243E-003
  0.18426834688306754       -1.5853890733796313E-003
  0.22491907850356679        2.7911010227498938E-003
  0.10678875943406957        2.5617719413499748E-004
  0.11236752999713656        1.3981685127904576E-003
  0.27821204495489082       -5.1007868414364495E-003
  -4.8830134623480959E-003  0.10729922832570163     
   1.1965264614479665E-003  0.12261495911962182     
   7.9072003111097078E-002  0.10407521999405821     
  -1.2426786417797653E-002   7.9455081797138630E-002
   3.3715004571355955E-002  0.11227182130513493     
   6.0604588638353135E-002  0.23299099210043162     
   3.8917450403482379E-002  0.23848472930534723     
  0.17932668390908607       0.24579306243113461     
  0.14334528162050020       0.24387617783107565     
   6.4910605434754159E-002  0.23595003965126718     
   9.9442639908863623E-002  0.24536648206127828     
  0.29051592655685299       0.18116790074331321     
  0.26707494714205765       0.18711093450550123     
  0.33619851411222390       0.18987606643068172     
  0.18391475324274545       0.21150504713415480     
  0.33508090172525384       0.18739092016021178     
  0.30789675181228893       0.18751340178758585     
  0.70804024357645490       -2.7604670143527199E-003
  0.72362353794049528       -1.1527491207212459E-004
  0.76379279766429031       -1.3811317215394021E-003
  0.82854433800374783        4.4922859168688416E-003
  0.77199520402940880       -1.2436391499969313E-003
  0.67849405765205661        2.0479110461447654E-004
  0.90523271797176719       -4.5297425071958546E-003
  0.75129423076089097        3.3594982712548912E-003
  0.79508141720574588       -1.0845568661108529E-002
  0.84898729433421338        2.4618362171800252E-002
  0.88373687813604440       -3.8686800322529163E-002
  0.78560824702983079        4.1191537438215890E-004
  0.33713492340645523        2.3041674179984772E-003
  0.30191638263965481       -2.7525199677435008E-004
  0.33645809786403746       -1.2724938539822386E-003
  0.20194763048414111       -2.9124891541573404E-003
  0.23866892418771124        1.6272398366837053E-003
  0.36643171147161402       -1.8118724865727565E-004
  0.73593659253781341       0.16537621692818413     
  0.80827312523660511       0.15934392381651821     
  0.83843750572821085        2.5444023499378923E-002
  0.76913964944568913       0.16245428121964881     
  0.77661464218345932       0.15838180996555629     
  0.75052225366989900       0.16540010551223430     
  -8.9652962409046966E-003  0.18163321329719903     
   1.2820594782478156E-002  0.18364688198242726     
   8.5903411213376996E-002  0.17466758563093754     
   3.8219871107852743E-002  0.17416515867053778     
  0.76533409214296155       0.19077796878947312     
  0.78504063835368487       0.19748407119543368     
  0.73846432897747394       0.19677924073786038     
  0.72057940320212743       0.19784547479312053     
  0.83782254895037500        7.1904269094688437E-003
  0.75112545256133223       -4.0428397746459149E-004
  0.77026684854598260        8.0264766956408590E-004
  0.80546892097724376       -4.8977605447199585E-004
  0.73863956526813801       -4.6278575108834206E-003
  0.92216991147112870       -1.9673738106778019E-003
  0.87276694124828313        3.1601492638171458E-003
  0.88880399143431055       -3.5944424831929598E-003
  0.90965256591202814       -4.0640839485871225E-003
  0.85284760504355195        8.8320842817718771E-003
  0.17504681282920601        6.7539068959038440E-002
  0.25836065692878418        5.4977674025444352E-002
  0.20579905351738209        5.8772998018942098E-002
  0.86799155690964547        7.7012684142695968E-003
  0.82941332222042163        2.1670522914370286E-003
  0.84159867365981889        1.8489583781809297E-003
  0.85895874651042226        4.0539128396376491E-003
  0.80403537632126776        1.1603254861881261E-002
  0.67245283882189566       0.15621543594884907     
  0.63377046638576995       0.16669204073483934     
  0.75942235679870285       0.15831919765343447     
  0.70727941164807362       0.15216228660618406     
  0.70994157268980307       0.14958327736875440     
  0.68758580632907107       0.15520144799549179     
  0.92549187264234489       -2.0566632077150596E-002
  0.81578258142398075       -1.2701386721718732E-002
  0.82999806478726235       -4.1639714671229781E-003
  0.86069723451455704       -1.2944937963955926E-003
  0.89733276402826068       -5.6288340745692606E-003
  0.86692873188230746       -4.6381131940633384E-003
  -6.8214079661259752E-002  -6.4994435822044718E-003
  -3.3166300550204919E-002  -1.5193500429710259E-003
  0.17934611695464289        5.2825112062993246E-004
  0.34279840371849213       -2.3291142227196697E-004
  0.32867539974711329       -1.0360885492778609E-003
  0.38534039468419884        2.9107282886670050E-005
  0.12937206156250863       -2.7870839953360914E-003
  0.18027494154350321        1.0504469837238101E-003
  0.97524680314242118        1.7706911728363754E-002
  0.91059168733176754        8.3064049308213578E-004
  0.92335311970356981       -9.0239836387568228E-003
  0.94603088800021173        2.1763725522982606E-002
  0.96510478846362890       -7.8960665841218552E-003
  0.99246176707726541        8.2147199687336817E-002
  0.78855201922478280       0.17979436456887404     
  0.84909161655476273       0.16086609414302988     
  0.86771369430424150       0.16159190962225733     
  0.82075744018962549       0.16379153790527184     
  0.83684972703279403       0.16523917677199620     
  0.80284118791841552       0.16719070424129434     
  -1.5688592574777921E-002  0.13480062142992202     
  -3.9533773113744786E-002  0.13244874296649659     
   2.6799197581474921E-002  0.12622566330818735     
  -8.2827793807622091E-002  0.13218300977472652     
   3.6489233527051662E-002  0.13403129489593524     
   2.7449249631436690E-002  0.16718654530471480     
  0.51666043940617523        4.4968026919053892E-003
  0.48523042782451703        4.2981282663374643E-003
  0.52331719619638994        1.4764253058574511E-003
  0.39498898023641033        7.5457911314361602E-003
  0.54555817657817851        8.4268154823119001E-004
  0.90068503548642842       -6.3980360992366920E-003
  0.76284089527849031       -2.4152062409891399E-004
  0.77419996371110789       -1.6801410417189593E-004
  0.80722915198158651        3.3360350109583664E-003
  0.85634306693144557        4.1850298004085691E-003
  0.49138398892920654       0.15366162381360923     
  0.31289433756420371        9.2524625267465410E-002
  0.49164188021536870       0.11551612918117631     
  0.41119740442377523       0.16378948154012907     
  0.35899642754310074       0.16060041294835464     
  0.92096146174721660        8.7806748522432240E-002
  0.97934154929155282        4.9557197440978550E-002
  0.99119044707081061        3.7410694713585532E-002
  0.98400201264168863        4.7976232722304335E-002
  0.96546086363215988        6.5191784758076146E-002
  0.97449025027106706        6.2451256859090268E-002
  0.94626823527159754        8.2339747719577638E-002
  0.11793638049374822        1.8039901042231622E-002
   8.7702710510512205E-002   9.4478455624341824E-003
  0.12537153093816394        7.0401137222157381E-004
  0.15527817602472133        6.7728585436055448E-003
  -6.4558590271923788E-002  0.14808115052818685     
  -6.5483051661455682E-002  0.16013105653987095     
  -8.3996347498569643E-002  0.23712981313967793     
  -2.3816454551780098E-002  0.25379079357669648     
  -6.8129586995442845E-002  0.23963081729763375     
  0.67271964084715952       0.20000990441896402     
  0.73645806589814766       0.18849306004408550     
  0.76540714131357213       0.20000520977718561     
  0.70183677374015685       0.19102871679253400     
  0.68385126346760738       0.19544743668399317     
  0.67315367713207064       0.21606207179078721     
  0.69392608570397274       0.22397928138036893     
  0.64704064913462123       0.21680856679272215     
  0.62816761284213674       0.23013724365828847     
  0.17156638334545271       -9.8763709137592026E-004
  0.31862444363341913       -4.1869643802628563E-004
  0.37231055314921052        2.6979917087478181E-003
  0.12829506947270627       -2.0610140261236542E-002
  0.16754795491633664        1.2452667861203354E-003
   7.1345481486540713E-002  0.24713170551468802     
  0.14179616513770890       0.23721193722235798     
  0.72992390307587129        1.8930705919911962E-002
  0.69083765461213942        1.1916057871492762E-002
  0.85873951834242013        2.6299998063288428E-002
  0.74141546789778112        3.0246794274645942E-002
  0.88682124197988543        1.8192433725313806E-002
  0.79247019112459571        2.2596442649661611E-002
  0.76075529745221182        3.6811161512725413E-002
  0.76530961496322414        1.8706940296745276E-002
  0.88061503589435108        4.3737613825485785E-002
  0.80965494492385592        5.4220707082015401E-002
  0.95567831101522516        2.2100578287264510E-002
  0.90052876019702410        3.8172727753038857E-002
  0.98964743649702214        3.4166946097695702E-002
  0.96540174609733620        3.9101947776732475E-002
  0.92866338517635316        3.1988908536078074E-002
  0.91876317170407296        1.7970343024593889E-002
  0.90750936632991386        4.5846785742042269E-002
  -3.3956093507117091E-002   9.8326762151727080E-003
  0.81023933781043844        4.4944733756782226E-003
  0.68944056052906522        4.1619556586150374E-005
  0.71141055732576652        1.0181072196445450E-004
  0.75825317471804310        9.7886086240164469E-004
  0.68187622577467888        1.4547404301936036E-003
  0.94642806502713095       -6.6559077245274684E-002
  0.85196509741152326        1.2596067335274474E-002
  0.87151619137157432        7.0879289311199635E-003
  0.90156364484350404        6.6438648602652759E-003
  0.92886508640774545       -5.4175284405365660E-003
  0.89326977634749605        2.9433060817074527E-002
  0.80080810731785435       0.16996716393424466     
  0.81189813624883844       0.16878339842997775     
  0.78309194759977541       0.17779457800968479     
  0.76486347317007164       0.19331008144297543     
  0.51982149786622300        2.5771873650454365E-003
  0.57417781424454883       -1.3529777179666987E-003
  0.63149943044236956       -1.1808690353571833E-003
  0.41130619581202876        7.4402037411422828E-004
  0.61724719253946736        7.6328347695225137E-004
  0.87935035899208791        2.6846181032148721E-003
  0.80098291225326645        1.0945867007753183E-002
  0.78624797781328959        2.3432810183311586E-003
  0.80825403904378257       -3.2395965922499021E-004
  0.84547722403127090       -4.8797874420135490E-003
  0.77787976324669628       -5.2858658594888007E-004
  -3.1620674245637914E-002   1.0429660983790989E-003
  -8.5554865593496288E-002  -3.9392958123306140E-003
  -4.8908093164521937E-002  -2.6960714250803385E-003
  0.99354602274638060       -6.5629287989389468E-002
  0.94099579562351165        3.7236779886469638E-002
  0.95852846789880675        2.3331244339242788E-002
  0.97825741428802648        5.3890500421188120E-002
  0.98947036482141582       -2.5957776823408510E-002
  0.99441477762566555        1.1119219847883991E-003
  0.97410096394748880        4.7128949035861690E-003
  0.91818723037930661        8.2660410074114427E-002
  0.91666946581258768        5.3228857593158180E-002
  0.91765911195880812        7.3020605151964693E-002
  0.91953660470314247        7.8166746204510071E-002
  0.86779454339445616        9.1071406014058096E-002
  0.91581940645904825        9.4915412526753465E-002
  0.89757271227381796       0.12187381817133008     
  0.84836395229492900        9.4451464532240188E-003
  0.79816190783301133        1.1453759532210719E-003
  0.81227726823541058        3.0972946582373577E-004
  0.83432503157326710        4.0459565148590155E-003
  0.77676816600145004       -2.9440414659286200E-003
  0.43826054052164021        9.1890626038973619E-002
  0.41360422070524444        8.9232693140954458E-002
  0.45952752862513885        7.9305013365230340E-002
  0.49686445424195624       0.10785865931896235     
  0.33459621982957805        9.8507271950027134E-002
  0.47066656715511968        8.8057338305888105E-002
  0.46497228920488953       0.10911163290952455     
  0.74435287037560727       -3.3425157168294802E-003
  0.69408220848940894       -3.8818913480724538E-003
  0.88913452088106482        8.9833006876898162E-003
  0.74999873704570352       -1.3661553311033220E-002
  0.89365087046319269       -8.8073565653271145E-004
  0.83556280346751410        4.9149835120062069E-003
  0.77548937031078813       -2.4785332552559099E-003
  0.11949174191925355        5.4750847723127635E-004
   7.4395595407121651E-002  -4.2505274616567703E-004
  0.10856023722733649       -1.3171948025796579E-003
   1.0682476552357323E-002  -1.8023279581236178E-003
   2.5562916742140174E-002   8.3129325865411764E-004
  0.15331780202688555        1.6411836388117915E-003
  0.86316308911045914       0.13246439172701949     
  0.92432122750478873       0.11013581044319495     
  0.97598576477285992       0.11128465476742398     
  0.93685744365747248       0.11089543821439511     
  0.90001096575109263       0.11116968048219136     
  0.90803894286521658       0.10889889671508828     
  0.88140486592556866       0.12766311865842941     
  0.26500806327665744        9.8087097748654267E-004
  0.30107204465508886        9.4037645013731136E-004
  0.19866401466687694        1.0679193046887114E-003
  0.18709346577585245       -1.1549248023281166E-003
  0.34956369571304136        1.8992592505824720E-003
  0.45602547828991569        5.5251441139887595E-003
  0.42476968634274626        4.3041167197905104E-003
  0.46126038590239066        1.1148198628110624E-003
  0.26809805698496664       -1.3085628101525500E-003
  0.57595568323781388        6.9246880664974152E-003
  0.34721990335732961        5.5167347462069475E-003
  0.48494619118467897        2.1253009273816455E-003
  0.82374144060395116        8.4135536254450499E-002
  0.77138066582195242        8.2703558476082906E-002
  0.90334302605794992        7.5380639790021020E-002
  0.92280630028113952        5.4533390711802091E-002
  0.86625161780978521        6.4489324284025470E-002
  0.85911850692328218        7.1651545479248444E-002
  0.84546466652733077        9.0258191014254516E-002
  0.70648751472994908       0.22177906897442204     
  0.76519311492714148       0.19590597892690828     
  0.78784771132057563       0.20224077677783442     
  0.73547176175686091       0.19946131417052668     
  0.76712628657821080       0.21899558070053621     
  0.71766370336536767       0.20788173597004292     
  0.92707249832325933        2.4799101011279450E-002
  0.83548139974547064        8.4751966823167141E-004
  0.84162501422360958       -1.8370760649632202E-002
  0.86744302794507577       -1.0370612665447969E-002
  0.90100749191838814       -6.4404368176136234E-003
  0.89605227723335668        2.5476774128805581E-002
  0.64376980255916760        1.9621664489074078E-003
  0.59881400085473013       -8.6461834010806492E-004
  0.64490598690194822       -6.8462720169913715E-004
  0.44232214516218671        3.7369930714168309E-003
  0.67229149345913286        8.6660225717047866E-004
  0.95700485201541363       -5.3442707312885435E-003
  0.89728361229933651        3.7478703672659777E-002
  0.89847588335025941       -2.1772687804446937E-003
  0.91933493633464303        1.0759656352642602E-003
  0.94255711409965093        4.2652573153633314E-002
  0.95281447344529679       -3.3462569972034603E-002
  0.42272661118521565       -5.4098435224847240E-003
  0.46361612156882326        1.0679439633908623E-003
  0.33110843819894603       -1.1953104522261194E-003
  0.31250767337390284        8.8012785027625573E-004
  0.50311053214631429        8.7154376573935952E-004
