 cosx vtec
  0.99629546990038409        3.1388095203105523E-002
  0.97261629911452852        1.1266557126342261E-002
  0.98701820707406029        1.6147304182509994E-002
  0.99375187783432195        2.6590208887822465E-002
  0.98890036041172924        2.7965496839924199E-002
  0.99369640194100484        4.8858144319178523E-002
  0.48949482162878177       0.10729922832570163     
  0.49850584021345801       0.12261495911962182     
  0.56002829237111140       0.10407521999405821     
  0.47480346653481126        7.9455081797138630E-002
  0.52500900055783206       0.11227182130513493     
  0.38582671063187063       0.23299099210043162     
  0.38881604225134708       0.23848472930534723     
  0.46029277210912428       0.24579306243113461     
  0.42614181479097574       0.24387617783107565     
  0.41886650316840573       0.23595003965126718     
   1.0588246960406944E-002  0.18116790074331321     
  -3.3666345754661153E-002  0.18711093450550123     
   7.6910532983229196E-002  0.18987606643068172     
   3.6052099304516694E-002  0.18739092016021178     
   4.8920845938236007E-002  0.18751340178758585     
  0.38387628216049774       -2.7604670143527199E-003
  0.47275263651733557       -1.1527491207212459E-004
  0.52637937386971734       -1.3811317215394021E-003
  0.59143798874549003        4.4922859168688416E-003
  0.43150502601376733       -1.2436391499969313E-003
  0.22407634144942756        2.0479110461447654E-004
  0.58953500057463870       -4.5297425071958546E-003
  0.35170775536287047        3.3594982712548912E-003
  0.47439508181596340       -1.0845568661108529E-002
  0.54602178441265714        2.4618362171800252E-002
  0.56731926309752412       -3.8686800322529163E-002
  0.38877642950042846        4.1191537438215890E-004
  0.53123533421490043       0.16537621692818413     
  0.64810187182173196       0.15934392381651821     
  0.68630944251655468        2.5444023499378923E-002
  0.59406764439730786       0.16245428121964881     
  0.56041500418012669       0.15838180996555629     
  0.57545783094110692       0.16540010551223430     
  0.48250846936620517       0.18163321329719903     
  0.49526849109443644       0.18364688198242726     
  0.56349614190675201       0.17466758563093754     
  0.51904524370899074       0.17416515867053778     
  0.24007558488812736       0.15282663361311893     
  0.24170130667524253       0.18282056158905738     
  0.24873446818425760       0.16106935157295429     
  0.32230369982649920       0.15907872351079722     
  0.12123824869860095       0.19583999216562853     
  0.22523799536403477       0.15789407856856472     
  0.27105609615971404       0.15939434382024795     
  0.78635248624171716       0.19077796878947312     
  0.81064307724180884       0.19748407119543368     
  0.74692873797683479       0.19677924073786038     
  0.72841779339285107       0.19784547479312053     
  0.85816113563523566        7.1904269094688437E-003
  0.76754373721435598       -4.0428397746459149E-004
  0.79283380585565300        8.0264766956408590E-004
  0.82578103605422681       -4.8977605447199585E-004
  0.82187473215816031       -4.6278575108834206E-003
   6.3726198721523408E-002   9.8655685494388690E-002
   6.7102547138412849E-002  0.13308650335389738     
  -6.2826262506135100E-002   5.5964969898950119E-002
   7.2294843592135505E-002  0.10687066290385225     
  0.15693131443353325       0.10745699758102502     
  -4.4971593075264049E-002  0.13555866064375602     
   5.5010750733996083E-002   9.3728464902475037E-002
   9.6357359208773641E-002  0.10544067617861003     
  0.92844906731965904       -1.9673738106778019E-003
  0.87908743173040715        3.1601492638171458E-003
  0.90052421683397443       -3.5944424831929598E-003
  0.91708242214070623       -4.0640839485871225E-003
  0.92733739058958742        8.8320842817718771E-003
  0.15084683627223866        3.9713315750270527E-003
  0.23634392007331115        1.5067994553094507E-004
   7.7582360238388437E-002  -6.6718014027117778E-004
  0.23989484075534800        4.4953568808341338E-003
  0.14678883887003902       -1.1062818537919612E-003
  0.20047464100582824       -4.5443046438902509E-003
  0.60085097408604105        6.7539068959038440E-002
  0.67687677083306985        5.4977674025444352E-002
  0.62843599245099790        5.8772998018942098E-002
  0.97983282800993954        7.7012684142695968E-003
  0.94223349402905643        2.1670522914370286E-003
  0.95983163716390840        1.8489583781809297E-003
  0.97267109609580849        4.0539128396376491E-003
  0.96403073852897525        1.1603254861881261E-002
  0.42157644483805740       0.15621543594884907     
  0.34218622329673465       0.16669204073483934     
  0.55181280551543521       0.15831919765343447     
  0.48211734319522531       0.15216228660618406     
  0.44742004327259433       0.14958327736875440     
  0.46261642043027085       0.15520144799549179     
  0.71162201438107275       -2.0566632077150596E-002
  0.51307732996410149       -1.2701386721718732E-002
  0.60879215991336388       -4.1639714671229781E-003
  0.64918739182603891       -1.2944937963955926E-003
  0.68136522315766312       -5.6288340745692606E-003
  0.56213989011466281       -4.6381131940633384E-003
   3.2970009045828447E-002   5.2825112062993246E-004
  0.11580966223408284       -2.3291142227196697E-004
  0.20169606873811657       -1.0360885492778609E-003
  0.27471570109990523        2.9107282886670050E-005
   2.5309460017240965E-002  -2.7870839953360914E-003
  -8.2234368415878834E-003   1.0504469837238101E-003
  0.80372010500558622        1.7706911728363754E-002
  0.63904797879677555        8.3064049308213578E-004
  0.75359658498491355       -9.0239836387568228E-003
  0.78262575135368428        2.1763725522982606E-002
  0.79435012613898359       -7.8960665841218552E-003
  0.79960309995131107        8.2147199687336817E-002
  0.65036629748824748       0.17979436456887404     
  0.76268889106414051       0.16086609414302988     
  0.78651735752145102       0.16159190962225733     
  0.72123049833473440       0.16379153790527184     
  0.68704017266629680       0.16523917677199620     
  0.70290298356066339       0.16719070424129434     
   3.6331958134004472E-002   4.4968026919053892E-003
  -6.8971657899175587E-003   4.2981282663374643E-003
   3.0635934135022025E-002   1.4764253058574511E-003
   6.1805985631369964E-002   8.4268154823119001E-004
  0.69490118706740389       -6.3980360992366920E-003
  0.46440573220766795       -2.4152062409891399E-004
  0.55493127068632742       -1.6801410417189593E-004
  0.59870553930641657        3.3360350109583664E-003
  0.64605894571356637        4.1850298004085691E-003
  0.85142778293658394       0.15366162381360923     
  0.73568527298094410        9.2524625267465410E-002
  0.85514870243537733       0.11551612918117631     
  0.80776108673300528       0.16378948154012907     
  0.77005893649093071       0.16060041294835464     
  0.74108886008295116        8.7806748522432240E-002
  0.88549507187684640        4.9557197440978550E-002
  0.91453897320524946        3.7410694713585532E-002
  0.89306311087118018        4.7976232722304335E-002
  0.85732440508935626        6.5191784758076146E-002
  0.81039674101502279        6.2451256859090268E-002
  0.83627119846346165        8.2339747719577638E-002
  0.58700606317781656       0.20000990441896402     
  0.69934514176785123       0.18849306004408550     
  0.73464985751648348       0.20000520977718561     
  0.65164654389407717       0.19102871679253400     
  0.63345943339782318       0.19544743668399317     
  0.78969654791994148       0.21606207179078721     
  0.81456892260177549       0.22397928138036893     
  0.75067258827147265       0.21680856679272215     
  0.73098823121389289       0.23013724365828847     
   4.6269743870102104E-002  -9.8763709137592026E-004
  0.21270861838901728       -4.1869643802628563E-004
  0.28159239421356508        2.6979917087478181E-003
   4.3475608563353238E-002  -2.0610140261236542E-002
  -2.1882946788811530E-003   1.2452667861203354E-003
  0.22267216186453648       0.24713170551468802     
  0.25453644681207710       0.23721193722235798     
  0.31901264924142192        1.8930705919911962E-002
  0.25599166646550275        1.1916057871492762E-002
  0.51068567068435167        2.6299998063288428E-002
  0.31301094217457603        3.0246794274645942E-002
  0.54972974015041143        1.8192433725313806E-002
  0.41668304206615414        2.2596442649661611E-002
  0.34919744676756836        3.6811161512725413E-002
  0.39132258154791555        1.8706940296745276E-002
  0.58528655664722506        4.3737613825485785E-002
  0.44913630646176855        5.4220707082015401E-002
  0.72122995439482196        2.2100578287264510E-002
  0.57151447853001913        3.8172727753038857E-002
  0.78731934819973637        3.4166946097695702E-002
  0.73554948592476133        3.9101947776732475E-002
  0.67777278695331100        3.1988908536078074E-002
  0.62834651984466994        1.7970343024593889E-002
  0.65684623431621891        4.5846785742042269E-002
  0.80995660234992628        4.4944733756782226E-003
  0.68153849208219275        4.1619556586150374E-005
  0.71034021112680601        1.0181072196445450E-004
  0.75627221349947404        9.7886086240164469E-004
  0.75147016600348215        1.4547404301936036E-003
  0.71752540611683568       -6.6559077245274684E-002
  0.53738240143621119        1.2596067335274474E-002
  0.64041061945094979        7.0879289311199635E-003
  0.67950400750830142        6.6438648602652759E-003
  0.69950072104184291       -5.4175284405365660E-003
  0.58498750310330661        2.9433060817074527E-002
  0.88802555515541071       0.16996716393424466     
  0.90236717585452908       0.16878339842997775     
  0.85710471549864309       0.17779457800968479     
  0.83711384642151021       0.19331008144297543     
   3.9132090847881662E-002   2.5771873650454365E-003
  0.13482974378099949       -1.3529777179666987E-003
  0.26948765727870427       -1.1808690353571833E-003
  -3.4375153200687569E-002   7.4402037411422828E-004
  0.17181609930518049        7.6328347695225137E-004
  0.81278353593868680        2.6846181032148721E-003
  0.59484117722138474        1.0945867007753183E-002
  0.71350838599427568        2.3432810183311586E-003
  0.74243680102984366       -3.2395965922499021E-004
  0.77760161883119960       -4.8797874420135490E-003
  0.80768570057010347       -5.2858658594888007E-004
  0.82855148783514054       -6.5629287989389468E-002
  0.66957154084791226        3.7236779886469638E-002
  0.80008549163165821        2.3331244339242788E-002
  0.82455088329568016        5.3890500421188120E-002
  0.82616011656502542       -2.5957776823408510E-002
  0.81110950251862757        1.1119219847883991E-003
  0.73615417239554415        4.7128949035861690E-003
  -6.2632789043483461E-002   9.8461162684642806E-002
  -5.6406973329275079E-002  0.13174878465105111     
  -5.3747301488804466E-002  0.10454917800673171     
   5.1993649871015013E-002  0.11754210326410783     
  -7.0854244995068927E-002   9.7090992999645923E-002
  -2.8490597717430455E-002  0.10509869906497141     
  0.98270342444959025        8.2660410074114427E-002
  0.98814145107570805        5.3228857593158180E-002
  0.99270314932943737        7.3020605151964693E-002
  0.98636653639225735        7.8166746204510071E-002
  0.99836468810913881        9.1071406014058096E-002
  0.96380766877199364        9.4915412526753465E-002
  0.93972301936308789       0.12187381817133008     
  0.95501992487150089        9.4451464532240188E-003
  0.90486648061584862        1.1453759532210719E-003
  0.92450945806045515        3.0972946582373577E-004
  0.94267141026942436        4.0459565148590155E-003
  0.93115573348399949       -2.9440414659286200E-003
  -8.1650448112056045E-002  0.16105346369551943     
   2.7696562076180875E-002   9.1890626038973619E-002
  -1.1869631784547141E-002   8.9232693140954458E-002
   1.3857445703511051E-002   7.9305013365230340E-002
  0.11042689390180044       0.10785865931896235     
   5.0079570433352372E-002   8.8057338305888105E-002
   7.8853432807414470E-002  0.10911163290952455     
  0.31569562195161449       -3.3425157168294802E-003
  0.24174065295932867       -3.8818913480724538E-003
  0.54130506431801417        8.9833006876898162E-003
  0.32117047821568079       -1.3661553311033220E-002
  0.55119885661255696       -8.8073565653271145E-004
  0.45736737700957131        4.9149835120062069E-003
  0.35600876659977598       -2.4785332552559099E-003
  0.67786691762512352       0.13246439172701949     
  0.79640672031057635       0.11013581044319495     
  0.88005948207280804       0.11128465476742398     
  0.81336375099451752       0.11089543821439511     
  0.75846677704950283       0.11116968048219136     
  0.72002303713013194       0.10889889671508828     
  0.73930852740699793       0.12766311865842941     
  -3.5764588071531489E-002   5.5251441139887595E-003
  -7.6910434789332738E-002   4.3041167197905104E-003
  -4.1691353756825200E-002   1.1148198628110624E-003
  0.12324600965632521        6.9246880664974152E-003
  -1.0710815337770629E-002   2.1253009273816455E-003
  0.52209834750763151        8.4135536254450499E-002
  0.42172348807436566        8.2703558476082906E-002
  0.65284733420207131        7.5380639790021020E-002
  0.67923004687617050        5.4533390711802091E-002
  0.59865338026680592        6.4489324284025470E-002
  0.55494431840377845        7.1651545479248444E-002
  0.57823059073688021        9.0258191014254516E-002
  0.63999768741004159       0.22177906897442204     
  0.75241082970265771       0.19590597892690828     
  0.78029944891562242       0.20224077677783442     
  0.71001648856832733       0.19946131417052668     
  0.67782500144525271       0.21899558070053621     
  0.69178155439869604       0.20788173597004292     
  0.76194944803954945        2.4799101011279450E-002
  0.57156670296252421        8.4751966823167141E-004
  0.67073467877090043       -1.8370760649632202E-002
  0.70459395019121474       -1.0370612665447969E-002
  0.73443349823361792       -6.4404368176136234E-003
  0.62945053636984860        2.5476774128805581E-002
  0.17698494254007324        1.9621664489074078E-003
  0.11815804017211246       -8.6461834010806492E-004
  0.18031074496535160       -6.8462720169913715E-004
  -6.5310625536533384E-002   3.7369930714168309E-003
  0.21286532135982000        8.6660225717047866E-004
  0.83755817971651403       -5.3442707312885435E-003
  0.65961974125851064        3.7478703672659777E-002
  0.77818591036528084       -2.1772687804446937E-003
  0.80531579819353460        1.0759656352642602E-003
  0.82345026729107584        4.2652573153633314E-002
  0.73257478327297443       -3.3462569972034603E-002
  -7.8326030963291549E-002  -5.4098435224847240E-003
  -1.8534205408879179E-002   1.0679439633908623E-003
   1.6901662444879229E-002   8.7154376573935952E-004
