 cosx vtec
  0.98853900690280883        3.1388095203105523E-002
  0.96335193143775100        1.1266557126342261E-002
  0.97638193443916910        1.6147304182509994E-002
  0.98520978880584775        2.6590208887822465E-002
  0.96347053713702946        2.7965496839924199E-002
  0.99430526404106123        4.8858144319178523E-002
  -6.5115354626320288E-002  -5.1007868414364495E-003
  0.33313832580478531       0.10729922832570163     
  0.34141362761192651       0.12261495911962182     
  0.41054333275513610       0.10407521999405821     
  0.32046892218148559        7.9455081797138630E-002
  0.37083640599200446       0.11227182130513493     
  0.28496876692055562       0.23299099210043162     
  0.27948172609743271       0.23848472930534723     
  0.37713830411344679       0.24579306243113461     
  0.34128146354275746       0.24387617783107565     
  0.30906478005379379       0.23595003965126718     
  -7.7301891831926595E-002  0.24536648206127828     
  0.10813791018890495       0.18116790074331321     
   6.9725019123519361E-002  0.18711093450550123     
  0.16937042199397795       0.18987606643068172     
  -2.5704989552439050E-002  0.21150504713415480     
  0.14103346455814034       0.18739092016021178     
  0.14039524949767973       0.18751340178758585     
  0.50848663906003522       -2.7604670143527199E-003
  0.57469366740825478       -1.1527491207212459E-004
  0.62532715378291515       -1.3811317215394021E-003
  0.69231784143030217        4.4922859168688416E-003
  0.56327794342763726       -1.2436391499969313E-003
  0.38891575894129543        2.0479110461447654E-004
  0.71764971577534131       -4.5297425071958546E-003
  0.50150402287377849        3.3594982712548912E-003
  0.60063422724874460       -1.0845568661108529E-002
  0.66835109219697419        2.4618362171800252E-002
  0.69498782947425719       -3.8686800322529163E-002
  0.53877762220798653        4.1191537438215890E-004
  -1.0971900219032271E-003   2.3041674179984772E-003
  -4.1288898263799056E-002  -2.7525199677435008E-004
  -5.9096230953341600E-003  -1.2724938539822386E-003
   2.6857088068450607E-002  -1.8118724865727565E-004
  0.61897446775803966       0.16537621692818413     
  0.72403810198033092       0.15934392381651821     
  0.76064959905841034        2.5444023499378923E-002
  0.67348559996521096       0.16245428121964881     
  0.65306187601103438       0.15838180996555629     
  0.65428998410196892       0.16540010551223430     
  0.32694161745980344       0.18163321329719903     
  0.34323614696070825       0.18364688198242726     
  0.41528800469019689       0.17466758563093754     
  0.36832147977468488       0.17416515867053778     
   6.7957688816294382E-002  0.15282663361311893     
   7.1912202074844278E-002  0.18282056158905738     
   7.7323221106622597E-002  0.16106935157295429     
  0.15305832634345956       0.15907872351079722     
  -5.0436060938913452E-002  0.19583999216562853     
   5.2896055586112711E-002  0.15789407856856472     
  0.10015347313724526       0.15939434382024795     
  0.80369452230574745       0.19077796878947312     
  0.82715427685148968       0.19748407119543368     
  0.76739531936503913       0.19677924073786038     
  0.74852171795572031       0.19784547479312053     
  0.87798950840330470        7.1904269094688437E-003
  0.78589397145850737       -4.0428397746459149E-004
  0.80984113436324945        8.0264766956408590E-004
  0.84460391866914364       -4.8977605447199585E-004
  0.81872225770781182       -4.6278575108834206E-003
  -1.5235857591241631E-002  0.10745699758102502     
  -7.7226461004523073E-002  0.10544067617861003     
  0.95536281706370185       -1.9673738106778019E-003
  0.90443999811599562        3.1601492638171458E-003
  0.92467323185716921       -3.5944424831929598E-003
  0.94324034532478152       -4.0640839485871225E-003
  0.93052700097230523        8.8320842817718771E-003
   1.3368368406914632E-002   3.9713315750270527E-003
  0.11851932571717699        1.5067994553094507E-004
  -4.8063263439142578E-002  -6.6718014027117778E-004
  0.10676342963326996        4.4953568808341338E-003
   1.6379786813352448E-002  -1.1062818537919612E-003
   5.7560316147696355E-002  -4.5443046438902509E-003
  0.47179939339369448        6.7539068959038440E-002
  0.55273869574030621        5.4977674025444352E-002
  0.50134879842472457        5.8772998018942098E-002
  0.97169543438590500        7.7012684142695968E-003
  0.93257789482069819        2.1670522914370286E-003
  0.94884766186579372        1.8489583781809297E-003
  0.96365945909002215        4.0539128396376491E-003
  0.93867442008129531        1.1603254861881261E-002
  0.52191569318664999       0.15621543594884907     
  0.45417533621366535       0.16669204073483934     
  0.64120680749430381       0.15831919765343447     
  0.57542324855232752       0.15216228660618406     
  0.55261345636201753       0.14958327736875440     
  0.55524431436840782       0.15520144799549179     
  0.80819808241256885       -2.0566632077150596E-002
  0.63428388229946620       -1.2701386721718732E-002
  0.70469366768252928       -4.1639714671229781E-003
  0.74298734352219131       -1.2944937963955926E-003
  0.77772166242723295       -5.6288340745692606E-003
  0.68560752174193307       -4.6381131940633384E-003
   8.4839067376695734E-002   5.2825112062993246E-004
  0.19827111116698659       -2.3291142227196697E-004
  0.25211600555977448       -1.0360885492778609E-003
  0.32174392214626857        2.9107282886670050E-005
   6.2243135876678207E-002  -2.7870839953360914E-003
   5.6983668198018450E-002   1.0504469837238101E-003
  0.88847659287726877        1.7706911728363754E-002
  0.75337973817189352        8.3064049308213578E-004
  0.83616759865984480       -9.0239836387568228E-003
  0.86390062426750958        2.1763725522982606E-002
  0.87854486509632412       -7.8960665841218552E-003
  0.89163908980128204        8.2147199687336817E-002
  0.71873799210773914       0.17979436456887404     
  0.81659635288091692       0.16086609414302988     
  0.83936336367655384       0.16159190962225733     
  0.77839678578732774       0.16379153790527184     
  0.76059801816496275       0.16523917677199620     
  0.75963777818008005       0.16719070424129434     
  0.20428681105767726        4.4968026919053892E-003
  0.16380082019855802        4.2981282663374643E-003
  0.20270236853990625        1.4764253058574511E-003
   6.3522849351558774E-002   7.5457911314361602E-003
  0.23174815097481916        8.4268154823119001E-004
  0.78814503873578934       -6.3980360992366920E-003
  0.58260409388407375       -2.4152062409891399E-004
  0.64847217233988674       -1.6801410417189593E-004
  0.68988645237062340        3.3360350109583664E-003
  0.73933517380791969        4.1850298004085691E-003
  0.75306677436640201       0.15366162381360923     
  0.61190542903677969        9.2524625267465410E-002
  0.75570159791461999       0.11551612918117631     
  0.69534848632517055       0.16378948154012907     
  0.65142948757142249       0.16060041294835464     
  0.82678119682677043        8.7806748522432240E-002
  0.94583605515485947        4.9557197440978550E-002
  0.96981833279680107        3.7410694713585532E-002
  0.95263146066484894        4.7976232722304335E-002
  0.92174547259225392        6.5191784758076146E-002
  0.89278093283821314        6.2451256859090268E-002
  0.90067870118176552        8.2339747719577638E-002
  -7.7113058590501091E-002  0.25379079357669648     
  0.63516887627180596       0.20000990441896402     
  0.73414945467020964       0.18849306004408550     
  0.76835321099135756       0.20000520977718561     
  0.68949784344925047       0.19102871679253400     
  0.67081082497308886       0.19544743668399317     
  0.77396807297769832       0.21606207179078721     
  0.79819596111462543       0.22397928138036893     
  0.73820515292357758       0.21680856679272215     
  0.71818572292623384       0.23013724365828847     
   9.1234748677306327E-002  -9.8763709137592026E-004
  0.25615837275670916       -4.1869643802628563E-004
  0.32192264079565458        2.6979917087478181E-003
   7.4295477925170272E-002  -2.0610140261236542E-002
   5.6691912498771535E-002   1.2452667861203354E-003
  0.17709475539913039       0.24713170551468802     
  0.22335847575950826       0.23721193722235798     
  0.47171741614348617        1.8930705919911962E-002
  0.41503401329138379        1.1916057871492762E-002
  0.64756667866030715        2.6299998063288428E-002
  0.47160298530406741        3.0246794274645942E-002
  0.68402707546195429        1.8192433725313806E-002
  0.56024999767473216        2.2596442649661611E-002
  0.50307266464722145        3.6811161512725413E-002
  0.53346965183567163        1.8706940296745276E-002
  0.70619397768721015        4.3737613825485785E-002
  0.58841754036246130        5.4220707082015401E-002
  0.82525394051484424        2.2100578287264510E-002
  0.70368928529786157        3.8172727753038857E-002
  0.88225910196430846        3.4166946097695702E-002
  0.83842599055464717        3.9101947776732475E-002
  0.78614530189285270        3.1988908536078074E-002
  0.74889743585880242        1.7970343024593889E-002
  0.76448398314459265        4.5846785742042269E-002
  0.83543611686966490        4.4944733756782226E-003
  0.70563998060800137        4.1619556586150374E-005
  0.73297161661971977        1.0181072196445450E-004
  0.78065922706696333        9.7886086240164469E-004
  0.75084899705576347        1.4547404301936036E-003
  0.81950730352015910       -6.6559077245274684E-002
  0.66347558633873738        1.2596067335274474E-002
  0.74074106191577616        7.0879289311199635E-003
  0.77791788542945273        6.6438648602652759E-003
  0.80107813427937336       -5.4175284405365660E-003
  0.71038435826222224        2.9433060817074527E-002
  0.88556299381885062       0.16996716393424466     
  0.89922476680432284       0.16878339842997775     
  0.85825913605104054       0.17779457800968479     
  0.83825389346992285       0.19331008144297543     
  0.20730003872942432        2.5771873650454365E-003
  0.29163883937978302       -1.3529777179666987E-003
  0.40365786569558748       -1.1808690353571833E-003
  0.11933115337817879        7.4402037411422828E-004
  0.33189683479428589        7.6328347695225137E-004
  0.86137185916004677        2.6846181032148721E-003
  0.68507377672122460        1.0945867007753183E-002
  0.76112953930525162        2.3432810183311586E-003
  0.78856036552550779       -3.2395965922499021E-004
  0.82554199411920193       -4.8797874420135490E-003
  0.82264436623090753       -5.2858658594888007E-004
  0.91181751141917089       -6.5629287989389468E-002
  0.78481832035853916        3.7236779886469638E-002
  0.88018415398873651        2.3331244339242788E-002
  0.90377125873128272        5.3890500421188120E-002
  0.90876625598150351       -2.5957776823408510E-002
  0.90018820617013062        1.1119219847883991E-003
  0.84186082712264088        4.7128949035861690E-003
  0.99109181248996359        8.2660410074114427E-002
  0.99428452768401665        5.3228857593158180E-002
  0.99774861357008848        7.3020605151964693E-002
  0.99406616142262882        7.8166746204510071E-002
  0.98430355122280577        9.1071406014058096E-002
  0.97734401772153334        9.4915412526753465E-002
  0.95453213681001436       0.12187381817133008     
  0.94790581342344860        9.4451464532240188E-003
  0.89616384987630737        1.1453759532210719E-003
  0.91450265105099082        3.0972946582373577E-004
  0.93458326593236229        4.0459565148590155E-003
  0.90671678938798383       -2.9440414659286200E-003
  0.17115185305038927        9.1890626038973619E-002
  0.13552393239297661        8.9232693140954458E-002
  0.16907128738040650        7.9305013365230340E-002
  0.24809565871960521       0.10785865931896235     
   4.6655420115300161E-002   9.8507271950027134E-002
  0.19771722749199827        8.8057338305888105E-002
  0.21542210660404515       0.10911163290952455     
  0.47445956360803659       -3.3425157168294802E-003
  0.40641256765226175       -3.8818913480724538E-003
  0.67906765111535772        8.9833006876898162E-003
  0.48016537478346832       -1.3661553311033220E-002
  0.68740391539531331       -8.8073565653271145E-004
  0.60304562909507964        4.9149835120062069E-003
  0.51284897163929566       -2.4785332552559099E-003
  0.76346167691520805       0.13246439172701949     
  0.86578767625380082       0.11013581044319495     
  0.94095244100647291       0.11128465476742398     
  0.88174075058998413       0.11089543821439511     
  0.83139236122854399       0.11116968048219136     
  0.80788338151485761       0.10889889671508828     
  0.81182551596103480       0.12766311865842941     
  -7.3363422389981225E-002   9.8087097748654267E-004
  -2.6829720169635307E-002   9.4037645013731136E-004
   1.7324539015380558E-002   1.8992592505824720E-003
  0.13391156780301888        5.5251441139887595E-003
   9.4911128327442085E-002   4.3041167197905104E-003
  0.13167548563736914        1.1148198628110624E-003
  -7.7198645078945194E-002  -1.3085628101525500E-003
  0.28433254598019575        6.9246880664974152E-003
   1.0534710184043117E-002   5.5167347462069475E-003
  0.16109341591557519        2.1253009273816455E-003
  0.64321870452698204        8.4135536254450499E-002
  0.55637355052181237        8.2703558476082906E-002
  0.76030161956537856        7.5380639790021020E-002
  0.78510798214797495        5.4533390711802091E-002
  0.71034906079841786        6.4489324284025470E-002
  0.67797299813019019        7.1651545479248444E-002
  0.68915981753831579        9.0258191014254516E-002
  0.68314474170827055       0.22177906897442204     
  0.78042810093030179       0.19590597892690828     
  0.80737289881588858       0.20224077677783442     
  0.74110654597084646       0.19946131417052668     
  0.73007977298513826       0.21899558070053621     
  0.72244844256707175       0.20788173597004292     
  0.84317302014809492        2.4799101011279450E-002
  0.68113429765265110        8.4751966823167141E-004
  0.75110284327144727       -1.8370760649632202E-002
  0.78323045112133283       -1.0370612665447969E-002
  0.81529872018099203       -6.4404368176136234E-003
  0.74176521674599660        2.5476774128805581E-002
  0.34464373762250811        1.9621664489074078E-003
  0.28879078028642874       -8.6461834010806492E-004
  0.34731331315228836       -6.8462720169913715E-004
  0.10894177017454920        3.7369930714168309E-003
  0.37909284159151957        8.6660225717047866E-004
  0.90528783608064445       -5.3442707312885435E-003
  0.76282980651762533        3.7478703672659777E-002
  0.84434791432978296       -2.1772687804446937E-003
  0.87015012369748157        1.0759656352642602E-003
  0.89061980887454872        4.2652573153633314E-002
  0.83201966017132867       -3.3462569972034603E-002
   9.3233250955898517E-002  -5.4098435224847240E-003
  0.14833404646728382        1.0679439633908623E-003
   1.2162757083186093E-002  -1.1953104522261194E-003
  -2.5543421421628298E-002   8.8012785027625573E-004
  0.18628987258815849        8.7154376573935952E-004
