 cosx vtec
  0.97377999751436195        3.1388095203105523E-002
  0.95232821106973931        1.1266557126342261E-002
  0.96766442927745910        1.6147304182509994E-002
  0.97209931724129661        2.6590208887822465E-002
  0.98428294497501234        2.7965496839924199E-002
  0.96289457582648885        4.8858144319178523E-002
  0.63097826416826008       0.10729922832570163     
  0.64045120427537228       0.12261495911962182     
  0.69249707476674860       0.10407521999405821     
  0.61471134701874575        7.9455081797138630E-002
  0.66322946142352057       0.11227182130513493     
  0.47496150432757650       0.23299099210043162     
  0.48633637905602689       0.23848472930534723     
  0.52946147636724539       0.24579306243113461     
  0.49805406191613572       0.24387617783107565     
  0.51594117883439750       0.23595003965126718     
  -8.7283134811931284E-002  0.18116790074331321     
  -1.7886243783336725E-002  0.18987606643068172     
  -7.0024690804043138E-002  0.18739092016021178     
  -4.4039992852415999E-002  0.18751340178758585     
  0.24760203803077954       -2.7604670143527199E-003
  0.35644725519279574       -1.1527491207212459E-004
  0.41143782215442981       -1.3811317215394021E-003
  0.47258759105709758        4.4922859168688416E-003
  0.28662104600870425       -1.2436391499969313E-003
   5.2428477332756684E-002   2.0479110461447654E-004
  0.44350756170617844       -4.5297425071958546E-003
  0.19122502508472816        3.3594982712548912E-003
  0.33374168107750979       -1.0845568661108529E-002
  0.40710188008831050        2.4618362171800252E-002
  0.42241298703204244       -3.8686800322529163E-002
  0.22696246105709481        4.1191537438215890E-004
  0.42735488296362678       0.16537621692818413     
  0.55247339315001120       0.15934392381651821     
  0.59111611969553168        2.5444023499378923E-002
  0.49659924306507824       0.16245428121964881     
  0.45074020508559781       0.15838180996555629     
  0.47914068181215524       0.16540010551223430     
  0.62341454477810676       0.18163321329719903     
  0.63225235190881179       0.18364688198242726     
  0.69458273304379570       0.17466758563093754     
  0.65399807968726220       0.17416515867053778     
  0.40489890539229306       0.15282663361311893     
  0.40414643897138453       0.18282056158905738     
  0.41258804389227327       0.16106935157295429     
  0.48175603794020411       0.15907872351079722     
  0.28922879529442275       0.19583999216562853     
  0.39073619224882400       0.15789407856856472     
  0.43372281640416704       0.15939434382024795     
  0.74511752647040508       0.19077796878947312     
  0.76950089656796816       0.19748407119543368     
  0.70376710358949612       0.19677924073786038     
  0.68618126154626569       0.19784547479312053     
  0.81225796956386898        7.1904269094688437E-003
  0.72587207361615880       -4.0428397746459149E-004
  0.75173662201307900        8.0264766956408590E-004
  0.78186721313127761       -4.8977605447199585E-004
  0.80005495737426235       -4.6278575108834206E-003
  0.23476065928591122        9.8655685494388690E-002
  0.23918795248494396       0.13308650335389738     
  0.10458205158661993        5.5964969898950119E-002
  0.24390681395562852       0.10687066290385225     
  0.32433020761561676       0.10745699758102502     
  0.12916837626662081       0.13555866064375602     
  0.22450502098536090        9.3728464902475037E-002
  0.26701340965915676       0.10544067617861003     
  0.87332486091693817       -1.9673738106778019E-003
  0.82702423708858863        3.1601492638171458E-003
  0.84901322765055531       -3.5944424831929598E-003
  0.86305941207908832       -4.0640839485871225E-003
  0.89597110128497426        8.8320842817718771E-003
  0.28374189909517095        3.9713315750270527E-003
  0.34698732361515705        1.5067994553094507E-004
  0.20087068302778172       -6.6718014027117778E-004
  0.36573716812907708        4.4953568808341338E-003
  0.27273778608879873       -1.1062818537919612E-003
  0.33729764500390924       -4.5443046438902509E-003
  0.71164600096255715        6.7539068959038440E-002
  0.78044828661851706        5.4977674025444352E-002
  0.73642847579058546        5.8772998018942098E-002
  0.95819849532148771        7.7012684142695968E-003
  0.92325980372517746        2.1670522914370286E-003
  0.94165161224603944        1.8489583781809297E-003
  0.95212861240138802        4.0539128396376491E-003
  0.96009546918345889        1.1603254861881261E-002
  0.30842780882993809       0.15621543594884907     
  0.21979995456233209       0.16669204073483934     
  0.44565224974095941       0.15831919765343447     
  0.37416254551506900       0.15216228660618406     
  0.32863199781911112       0.14958327736875440     
  0.35593215987224319       0.15520144799549179     
  0.59342367034038934       -2.0566632077150596E-002
  0.37628118172199759       -1.2701386721718732E-002
  0.49439280940204433       -4.1639714671229781E-003
  0.53566220863890257       -1.2944937963955926E-003
  0.56430584522058991       -5.6288340745692606E-003
  0.42159192143457536       -4.6381131940633384E-003
  -1.9900826381879094E-002   5.2825112062993246E-004
   2.9829395121370617E-002  -2.3291142227196697E-004
  0.14514769859077439       -1.0360885492778609E-003
  0.21934038202509515        2.9107282886670050E-005
  -1.2393231020306261E-002  -2.7870839953360914E-003
  -7.3180676900151398E-002   1.0504469837238101E-003
  0.69454298708962614        1.7706911728363754E-002
  0.50529906888187981        8.3064049308213578E-004
  0.64812791914235390       -9.0239836387568228E-003
  0.67757118969261754        2.1763725522982606E-002
  0.68601945921959384       -7.8960665841218552E-003
  0.68327157317927567        8.2147199687336817E-002
  0.56223355092379212       0.17979436456887404     
  0.68560751194511060       0.16086609414302988     
  0.70977341812838235       0.16159190962225733     
  0.64214998593394201       0.16379153790527184     
  0.59260695802139851       0.16523917677199620     
  0.62481083628620182       0.16719070424129434     
  0.58054311329481412       -6.3980360992366920E-003
  0.33209663657543265       -2.4152062409891399E-004
  0.44452906224570271       -1.6801410417189593E-004
  0.48933326038013503        3.3360350109583664E-003
  0.53315254238556331        4.1850298004085691E-003
  0.92391858772933333       0.15366162381360923     
  0.83711169093937132        9.2524625267465410E-002
  0.92861254491633094       0.11551612918117631     
  0.89563027390479366       0.16378948154012907     
  0.86529053299488379       0.16060041294835464     
  0.63287891208453284        8.7806748522432240E-002
  0.79824876742836759        4.9557197440978550E-002
  0.83147180814930199        3.7410694713585532E-002
  0.80635948885904996        4.7976232722304335E-002
  0.76685396791880289        6.5191784758076146E-002
  0.70338905292968690        6.2451256859090268E-002
  0.74645401714290482        8.2339747719577638E-002
  0.52100736690343363       0.20000990441896402     
  0.64329157943896909       0.18849306004408550     
  0.67862453863256111       0.20000520977718561     
  0.59399529275257534       0.19102871679253400     
  0.57686069641621307       0.19544743668399317     
  0.78143049152734612       0.21606207179078721     
  0.80619161819345475       0.22397928138036893     
  0.74033121561719550       0.21680856679272215     
  0.72158003076101174       0.23013724365828847     
  -1.0114376902074784E-004  -9.8763709137592026E-004
  0.16279581992854200       -4.1869643802628563E-004
  0.23270610475094561        2.6979917087478181E-003
   1.1334754761725449E-002  -2.0610140261236542E-002
  -6.1002011626355351E-002   1.2452667861203354E-003
  0.26148378699364555       0.24713170551468802     
  0.27798045630057683       0.23721193722235798     
  0.15661484388225039        1.8930705919911962E-002
   8.9171141960305511E-002   1.1916057871492762E-002
  0.35828773616266857        2.6299998063288428E-002
  0.14490821943031656        3.0246794274645942E-002
  0.39872914393380932        1.8192433725313806E-002
  0.26045538237334653        2.2596442649661611E-002
  0.18471204058130614        3.6811161512725413E-002
  0.23728537197854133        1.8706940296745276E-002
  0.44659549876556665        4.3737613825485785E-002
  0.29620829240558888        5.4220707082015401E-002
  0.59529175985394056        2.2100578287264510E-002
  0.42197449256831687        3.8172727753038857E-002
  0.66845729311491309        3.4166946097695702E-002
  0.61032368113035840        3.9101947776732475E-002
  0.54880648770853446        3.1988908536078074E-002
  0.48870361172387056        1.7970343024593889E-002
  0.52925054393043980        4.5846785742042269E-002
  0.75986696495940276        4.4944733756782226E-003
  0.63672880019999478        4.1619556586150374E-005
  0.66612547657012411        1.0181072196445450E-004
  0.70890625014136155        9.7886086240164469E-004
  0.72925829295189026        1.4547404301936036E-003
  0.59374186112373661       -6.6559077245274684E-002
  0.39496112328822874        1.2596067335274474E-002
  0.52062162329729977        7.0879289311199635E-003
  0.56044374301847155        6.6438648602652759E-003
  0.57666933118001285       -5.4175284405365660E-003
  0.44181609769382552        2.9433060817074527E-002
  0.86350590786330406       0.16996716393424466     
  0.87809161336414510       0.16878339842997775     
  0.82990760043600575       0.17779457800968479     
  0.81053851733761828       0.19331008144297543     
  -2.6076085582851960E-002  -1.3529777179666987E-003
  0.12712920230818225       -1.1808690353571833E-003
   6.5148182920168329E-003   7.6328347695225137E-004
  0.73949919489517646        2.6846181032148721E-003
  0.48653462855248064        1.0945867007753183E-002
  0.64420764022401356        2.3432810183311586E-003
  0.67375466877372658       -3.2395965922499021E-004
  0.70603421052879201       -4.8797874420135490E-003
  0.76818591224379285       -5.2858658594888007E-004
  0.72011034516295824       -6.5629287989389468E-002
  0.53398016775876567        3.7236779886469638E-002
  0.69567663512459643        2.3331244339242788E-002
  0.72027694512320140        5.3890500421188120E-002
  0.71845151867037926       -2.5957776823408510E-002
  0.69738564570616468        1.1119219847883991E-003
  0.60807984441048157        4.7128949035861690E-003
  0.11124733703336065        9.8461162684642806E-002
  0.11723366571345240       0.13174878465105111     
  -6.5257287084266036E-003   7.6485740926834231E-002
  0.12043320835629456       0.10454917800673171     
  0.22390421639031194       0.11754210326410783     
   2.8222478939078144E-002  0.11888509311478077     
  0.10185143941037944        9.7090992999645923E-002
  0.14541770301150020       0.10509869906497141     
  0.94445608847166129        8.2660410074114427E-002
  0.95197419483341128        5.3228857593158180E-002
  0.95749490055399433        7.3020605151964693E-002
  0.94869666161539812        7.8166746204510071E-002
  0.98209101746018612        9.1071406014058096E-002
  0.92098650989132125        9.4915412526753465E-002
  0.89636089191052271       0.12187381817133008     
  0.93311623755484652        9.4451464532240188E-003
  0.88607519970012072        1.1453759532210719E-003
  0.90642551145168893        3.0972946582373577E-004
  0.92211695923014325        4.0459565148590155E-003
  0.92730198023500765       -2.9440414659286200E-003
  -2.1796007043050764E-002  0.16105346369551943     
  -6.9326053187826087E-002  0.28070750620823104     
  -3.0597136394769131E-002  0.10785865931896235     
  -9.9079729115897297E-002   8.8057338305888105E-002
  -6.0111162776313565E-002  0.10911163290952455     
  0.14733942803938405       -3.3425157168294802E-003
   6.9723570445141825E-002  -3.8818913480724538E-003
  0.38709519614189747        8.9833006876898162E-003
  0.15241697864567727       -1.3661553311033220E-002
  0.39824589856196985       -8.8073565653271145E-004
  0.29779224784121994        4.9149835120062069E-003
  0.18835141473575062       -2.4785332552559099E-003
  0.57167551391681481       0.13246439172701949     
  0.70282734782861667       0.11013581044319495     
  0.79242635962350083       0.11128465476742398     
  0.72027310403505340       0.11089543821439511     
  0.66249556237317209       0.11116968048219136     
  0.61028515589694088       0.10889889671508828     
  0.64432802210883233       0.12766311865842941     
  -4.1585294513348303E-002   6.9246880664974152E-003
  0.38511429551312065        8.4135536254450499E-002
  0.27425957013281665        8.2703558476082906E-002
  0.52555661184453117        7.5380639790021020E-002
  0.55271404919132616        5.4533390711802091E-002
  0.46876791869923207        6.4489324284025470E-002
  0.41505393544198693        7.1651545479248444E-002
  0.44973211905936783        9.0258191014254516E-002
  0.57740462615479460       0.22177906897442204     
  0.70153193488361554       0.19590597892690828     
  0.72951699379445323       0.20224077677783442     
  0.65735293824871388       0.19946131417052668     
  0.60497485908912851       0.21899558070053621     
  0.64009523259140622       0.20788173597004292     
  0.65757442623212392        2.4799101011279450E-002
  0.44463234226549453        8.4751966823167141E-004
  0.56998657933265806       -1.8370760649632202E-002
  0.60454871743780081       -1.0370612665447969E-002
  0.63125288484488751       -6.4404368176136234E-003
  0.49801031890171332        2.5476774128805581E-002
   3.9485492387302812E-003   1.9621664489074078E-003
  -5.6064872401283772E-002  -8.6461834010806492E-004
   7.8295257301419507E-003  -6.8462720169913715E-004
   4.0169995694600558E-002   8.6660225717047866E-004
  0.74437974047382993       -5.3442707312885435E-003
  0.53636746283233305        3.7478703672659777E-002
  0.68837911998279055       -2.1772687804446937E-003
  0.71601235831256216        1.0759656352642602E-003
  0.73126060463294451        4.2652573153633314E-002
  0.61087099104992304       -3.3462569972034603E-002
