 cosx vtec
  0.95074628473794087        3.1388095203105523E-002
  0.92481660117889630        1.1266557126342261E-002
  0.93607878915252352        1.6147304182509994E-002
  0.94673259722290715        2.6590208887822465E-002
  0.90876614750589679        2.7965496839924199E-002
  0.96470266215881995        4.8858144319178523E-002
   7.2918028868772189E-002  -1.2897270245265243E-003
   1.1553242205801173E-002  -1.5853890733796313E-003
   5.5514970461072344E-002   2.7911010227498938E-003
  -6.1981512374756242E-002   2.5617719413499748E-004
  -6.0817863949682249E-002   1.3981685127904576E-003
  0.10819202522485744       -5.1007868414364495E-003
  0.16665958996541441       0.10729922832570163     
  0.17394773412315678       0.12261495911962182     
  0.24858422102585981       0.10407521999405821     
  0.15639709125222190        7.9455081797138630E-002
  0.20539613425687497       0.11227182130513493     
  0.17545219094684056       0.23299099210043162     
  0.16165549864920778       0.23848472930534723     
  0.28252467895233208       0.24579306243113461     
  0.24605144714588723       0.24387617783107565     
  0.18987227947025534       0.23595003965126718     
   1.1241152411816752E-002  0.24536648206127828     
  0.20240185755433357       0.18116790074331321     
  0.17099782446058454       0.18711093450550123     
  0.25668407615232192       0.18987606643068172     
   8.0325202224435677E-002  0.21150504713415480     
  0.24172959911965225       0.18739092016021178     
  0.22760381420774797       0.18751340178758585     
  0.61764688588069505       -2.7604670143527199E-003
  0.65917292105463332       -1.1527491207212459E-004
  0.70527468350445244       -1.3811317215394021E-003
  0.77216196566521433        4.4922859168688416E-003
  0.67793594461273821       -1.2436391499969313E-003
  0.54193816724259569        2.0479110461447654E-004
  0.82395900629998831       -4.5297425071958546E-003
  0.63606234357703184        3.3594982712548912E-003
  0.70862340460903317       -1.0845568661108529E-002
  0.77037288911951196        2.4618362171800252E-002
  0.80153954116095039       -3.8686800322529163E-002
  0.67240832859059996        4.1191537438215890E-004
  0.17061082868432959        2.3041674179984772E-003
  0.13232404182536084       -2.7525199677435008E-004
  0.16782385904291491       -1.2724938539822386E-003
   2.9396851435427251E-002  -2.9124891541573404E-003
   6.6832831780883561E-002   1.6272398366837053E-003
  0.19967795677579175       -1.8118724865727565E-004
  0.68790637427048540       0.16537621692818413     
  0.77797479956993942       0.15934392381651821     
  0.81187780115711505        2.5444023499378923E-002
  0.73244003524232237       0.16245428121964881     
  0.72586579210304492       0.15838180996555629     
  0.71324186607897200       0.16540010551223430     
  0.16144080939585587       0.18163321329719903     
  0.18077474560849427       0.18364688198242726     
  0.25446155089651062       0.17466758563093754     
  0.20640645343581876       0.17416515867053778     
  -9.6437453047324706E-002  0.16106935157295429     
  -2.0837647192447961E-002  0.15907872351079722     
  -7.3792262655330287E-002  0.15939434382024795     
  0.79661670564293219       0.19077796878947312     
  0.81853281092409036       0.19748407119543368     
  0.76454498100069634       0.19677924073786038     
  0.74588218762619629       0.19784547479312053     
  0.87114061276171317        7.1904269094688437E-003
  0.78036521373581835       -4.0428397746459149E-004
  0.80224184843660085        8.0264766956408590E-004
  0.83776393718086217       -4.8977605447199585E-004
  0.79069332036947881       -4.6278575108834206E-003
  0.95324834943671166       -1.9673738106778019E-003
  0.90231161130198156        3.1601492638171458E-003
  0.92072651707791764       -3.5944424831929598E-003
  0.94073838632779183       -4.0640839485871225E-003
  0.90544301773028968        8.8320842817718771E-003
  -2.9064185771141005E-003   1.5067994553094507E-004
  -2.9611934453396549E-002   4.4953568808341338E-003
  -8.7102949886747993E-002  -4.5443046438902509E-003
  0.32841242607928256        6.7539068959038440E-002
  0.41180593414441363        5.4977674025444352E-002
  0.35902837400739573        5.8772998018942098E-002
  0.93403356505065627        7.7012684142695968E-003
  0.89458638661236600        2.1670522914370286E-003
  0.90903342890149630        1.8489583781809297E-003
  0.92536751542954199        4.0539128396376491E-003
  0.88479695278830572        1.1603254861881261E-002
  0.60639679641950561       0.15621543594884907     
  0.55236456059746974       0.16669204073483934     
  0.71111806401219857       0.15831919765343447     
  0.65124520870978164       0.15216228660618406     
  0.64101598828365802       0.14958327736875440     
  0.63100138984507870       0.15520144799549179     
  0.88021745931468864       -2.0566632077150596E-002
  0.73621803876441039       -1.2701386721718732E-002
  0.77918341376271605       -4.1639714671229781E-003
  0.81421199950191991       -1.2944937963955926E-003
  0.85044742121827444       -5.6288340745692606E-003
  0.78824331459876773       -4.6381131940633384E-003
  0.13413033343285877        5.2825112062993246E-004
  0.27470819238266958       -2.3291142227196697E-004
  0.29487552470409484       -1.0360885492778609E-003
  0.35899611638579432        2.9107282886670050E-005
   9.7285585444060046E-002  -2.7870839953360914E-003
  0.12045935321843776        1.0504469837238101E-003
  0.94623716756658094        1.7706911728363754E-002
  0.84482043416043262        8.3064049308213578E-004
  0.89333208156030663       -9.0239836387568228E-003
  0.91892631241058564        2.1763725522982606E-002
  0.93604546141097411       -7.8960665841218552E-003
  0.95658307559481315        8.2147199687336817E-002
  0.76527119532367394       0.17979436456887404     
  0.84569194635570022       0.16086609414302988     
  0.86670573734889911       0.16159190962225733     
  0.81191187947858645       0.16379153790527184     
  0.81104547647991065       0.16523917677199620     
  0.79329136202343431       0.16719070424129434     
  -9.4023240519083173E-002  0.16718654530471480     
  0.36603451225689437        4.4968026919053892E-003
  0.32952180087622257        4.2981282663374643E-003
  0.36860979370714347        1.4764253058574511E-003
  0.23279255701338369        7.5457911314361602E-003
  0.39464876563021845        8.4268154823119001E-004
  0.85744150089341198       -6.3980360992366920E-003
  0.68310032399699694       -2.4152062409891399E-004
  0.72230957408583629       -1.6801410417189593E-004
  0.76010551351526767        3.3360350109583664E-003
  0.81014707552069076        4.1850298004085691E-003
  0.63182421165703162       0.15366162381360923     
  0.46953314723828510        9.2524625267465410E-002
  0.63329288147000251       0.11551612918117631     
  0.56180807285077394       0.16378948154012907     
  0.51300668221247991       0.16060041294835464     
  0.88735220388190239        8.7806748522432240E-002
  0.97743828691773482        4.9557197440978550E-002
  0.99563025146223039        3.7410694713585532E-002
  0.98325458397413801        4.7976232722304335E-002
  0.95815976878139053        6.5191784758076146E-002
  0.94803842628016088        6.2451256859090268E-002
  0.93771953581084988        8.2339747719577638E-002
  -4.7451604543192083E-002   1.8039901042231622E-002
  -8.0637790141142363E-002   9.4478455624341824E-003
  -4.5580267753863535E-002   7.0401137222157381E-004
  -1.2747003326958717E-002   6.7728585436055448E-003
  -5.1243256828556336E-002  0.25379079357669648     
  -9.6266983728661784E-002  0.23963081729763375     
  0.66403240339986092       0.20000990441896402     
  0.74664700665163153       0.18849306004408550     
  0.77871053965971959       0.20000520977718561     
  0.70639909877094709       0.19102871679253400     
  0.68777996794670870       0.19544743668399317     
  0.73472296847927465       0.21606207179078721     
  0.75757021790929069       0.22397928138036893     
  0.70330772630875882       0.21680856679272215     
  0.68356150365556800       0.23013724365828847     
  0.13342763165907018       -9.8763709137592026E-004
  0.29182488415850261       -4.1869643802628563E-004
  0.35247143029487932        2.6979917087478181E-003
  0.10285791666023845       -2.0610140261236542E-002
  0.11384956450701544        1.2452667861203354E-003
  0.12613641410647625       0.24713170551468802     
  0.18539387006907779       0.23721193722235798     
  0.61008928726088807        1.8930705919911962E-002
  0.56146576094068912        1.1916057871492762E-002
  0.76477169969743219        2.6299998063288428E-002
  0.61586560957224035        3.0246794274645942E-002
  0.79754059306619995        1.8192433725313806E-002
  0.68679403965913599        2.2596442649661611E-002
  0.64166227333005887        3.6811161512725413E-002
  0.65940751580123647        1.8706940296745276E-002
  0.80564405087538737        4.3737613825485785E-002
  0.70982000406036583        5.4220707082015401E-002
  0.90420300185896407        2.2100578287264510E-002
  0.81448284802893567        3.8172727753038857E-002
  0.95039185787218583        3.4166946097695702E-002
  0.91582734431133173        3.9101947776732475E-002
  0.87063118831706199        3.1988908536078074E-002
  0.84669348098154551        1.7970343024593889E-002
  0.84889327170318074        4.5846785742042269E-002
  0.83553132632021465        4.4944733756782226E-003
  0.70830095420385253        4.1619556586150374E-005
  0.73333204920683315        1.0181072196445450E-004
  0.78132630373587064        9.7886086240164469E-004
  0.72741366001393137        1.4547404301936036E-003
  0.89658888481441823       -6.6559077245274684E-002
  0.76940940016608539        1.2596067335274474E-002
  0.81856446079790512        7.0879289311199635E-003
  0.85269512073511577        6.6438648602652759E-003
  0.87831519242069644       -5.4175284405365660E-003
  0.81419654296892507        2.9433060817074527E-002
  0.85619304753787273       0.16996716393424466     
  0.86875986672768191       0.16878339842997775     
  0.83333578560693122       0.17779457800968479     
  0.81392401872825904       0.19331008144297543     
  0.36916927948338979        2.5771873650454365E-003
  0.43958663592846148       -1.3529777179666987E-003
  0.52556313344317351       -1.1808690353571833E-003
  0.26941164304484377        7.4402037411422828E-004
  0.48189305234623969        7.6328347695225137E-004
  0.88378783286309615        2.6846181032148721E-003
  0.75449075502389518        1.0945867007753183E-002
  0.78562415543072794        2.3432810183311586E-003
  0.81072392101536861       -3.2395965922499021E-004
  0.84839869226780962       -4.8797874420135490E-003
  0.81260739771432000       -5.2858658594888007E-004
  0.96737841978263939       -6.5629287989389468E-002
  0.87621879101850686        3.7236779886469638E-002
  0.93353886473688363        2.3331244339242788E-002
  0.95553100027621685        5.3890500421188120E-002
  0.96375999103503018       -2.5957776823408510E-002
  0.96191514517596743        1.1119219847883991E-003
  0.92198796519973547        4.7128949035861690E-003
  0.96936637565275485        8.2660410074114427E-002
  0.97021677037377807        5.3228857593158180E-002
  0.97247798938961338        7.3020605151964693E-002
  0.97156158748317512        7.8166746204510071E-002
  0.94033484735391715        9.1071406014058096E-002
  0.96118426160399917        9.4915412526753465E-002
  0.94033827668647252       0.12187381817133008     
  0.91199006189912457        9.4451464532240188E-003
  0.86023173252745333        1.1453759532210719E-003
  0.87670914220746909        3.0972946582373577E-004
  0.89809828040548245        4.0459565148590155E-003
  0.85472771293783789       -2.9440414659286200E-003
  0.30940678128798649        9.1890626038973619E-002
  0.27879967023456242        8.9232693140954458E-002
  0.31914798325926552        7.9305013365230340E-002
  0.37822616207119863       0.10785865931896235     
  0.19356653067832391        9.8507271950027134E-002
  0.33934734630954344        8.8057338305888105E-002
  0.34544528833699295       0.10911163290952455     
  0.61880729071205431       -3.3425157168294802E-003
  0.55873584144624400       -3.8818913480724538E-003
  0.79619710981295100        8.9833006876898162E-003
  0.62457068860394160       -1.3661553311033220E-002
  0.80272255289246497       -8.8073565653271145E-004
  0.73040064387915526        4.9149835120062069E-003
  0.65410651932460540       -2.4785332552559099E-003
  -5.3724965318500739E-002   5.4750847723127635E-004
  -9.9897629659513265E-002  -4.2505274616567703E-004
  -6.5334702153459490E-002  -1.3171948025796579E-003
  -2.0604669779887008E-002   1.6411836388117915E-003
  0.82585903819469919       0.13246439172701949     
  0.90886211030338415       0.11013581044319495     
  0.97325503457790807       0.11128465476742398     
  0.92332650217384082       0.11089543821439511     
  0.87905650781413347       0.11116968048219136     
  0.87119659679826844       0.10889889671508828     
  0.85967559564677631       0.12766311865842941     
   9.7300534274135986E-002   9.8087097748654267E-004
  0.13923647731320810        9.4037645013731136E-004
   3.6701153122603913E-002   1.0679193046887114E-003
   1.7877369122639597E-002  -1.1549248023281166E-003
  0.18627403872503462        1.8992592505824720E-003
  0.29951888822652106        5.5251441139887595E-003
  0.26384886467724372        4.3041167197905104E-003
  0.30104143180937831        1.1148198628110624E-003
   9.6922171604359342E-002  -1.3085628101525500E-003
  0.43677978129406853        6.9246880664974152E-003
  0.18163677771295672        5.5167347462069475E-003
  0.32800290497180246        2.1253009273816455E-003
  0.74479518560869618        8.4135536254450499E-002
  0.67411848323678825        8.2703558476082906E-002
  0.84465452366693117        7.5380639790021020E-002
  0.86713080734173564        5.4533390711802091E-002
  0.80046114337345287        6.4489324284025470E-002
  0.78040181023573119        7.1651545479248444E-002
  0.77914927085309904        9.0258191014254516E-002
  0.70553478756531407       0.22177906897442204     
  0.78473245791046053       0.19590597892690828     
  0.80991473037419204       0.20224077677783442     
  0.74967845474198258       0.19946131417052668     
  0.76015143882959424       0.21899558070053621     
  0.73116409916600389       0.20788173597004292     
  0.89877720528334826        2.4799101011279450E-002
  0.77000597023027995        8.4751966823167141E-004
  0.80864912668864153       -1.8370760649632202E-002
  0.83806888980674199       -1.0370612665447969E-002
  0.87139150170151503       -6.4404368176136234E-003
  0.83154173511145102        2.5476774128805581E-002
  0.50183070655409889        1.9621664489074078E-003
  0.45064875818980799       -8.6461834010806492E-004
  0.50376294148227629       -6.8462720169913715E-004
  0.27988402514231547        3.7369930714168309E-003
  0.53380181702225715        8.6660225717047866E-004
  0.94551077811621309       -5.3442707312885435E-003
  0.84286167282950131        3.7478703672659777E-002
  0.88485483275382593       -2.1772687804446937E-003
  0.90854537654235767        1.0759656352642602E-003
  0.93072831673847856        4.2652573153633314E-002
  0.90618403931422531       -3.3462569972034603E-002
  0.26195968756583304       -5.4098435224847240E-003
  0.31069524315198410        1.0679439633908623E-003
  0.17428335354090696       -1.1953104522261194E-003
  0.14569556917088472        8.8012785027625573E-004
  0.35001775890584474        8.7154376573935952E-004
