 cosx vtec
  0.28864483626965382       -9.6162401822252549E-004
  0.25187308374259215       -3.1685733285309186E-004
  0.28758113324646961        1.2930267714109428E-003
  0.29296270336154023        7.5567409252068395E-005
  0.29815611407450782        3.9073304018642291E-003
  0.22001359278824351       -7.3190681211835254E-004
  0.20264642720092152       -5.0381838196475351E-004
  0.11994516953606910       -1.4334823602417959E-004
   7.8024403382589758E-002   9.1280395362138908E-005
  0.11536564344900396        2.6484931139093269E-003
  -5.4178257056142931E-002   2.4790802105653944E-003
  0.12321703428258052       -1.5515789069554193E-003
  0.13952163057860523       -3.5281456368758475E-003
   4.5513502129257533E-002  -1.1035258684171378E-003
   3.3803390717163928E-002   4.7901094501673130E-004
  0.62427038242430966       0.10729922832570163     
  0.62779071879691006       0.12261495911962182     
  0.55660471043940263       0.10407521999405821     
  0.61488217183477745        7.9455081797138630E-002
  0.59926740349930463       0.11227182130513493     
  0.42286703771885964       0.23299099210043162     
  0.46492030618138203       0.23848472930534723     
  0.29726144915600872       0.24579306243113461     
  0.32179421865466751       0.24387617783107565     
  0.45353991836992902       0.23595003965126718     
  0.15380381292975767        1.5687779507678255E-003
   1.9978962048282228E-002   2.7623175054397550E-003
  0.11646097760532334        4.0197458449612528E-003
   5.0499728570094660E-002  -4.7835043372671920E-004
  0.16501867626452732       -3.4377783499088652E-003
  -7.9149403379495470E-002   1.7863194930720187E-002
  0.64402425267257812       0.18163321329719903     
  0.62266776601802687       0.18364688198242726     
  0.56926985189838286       0.17466758563093754     
  0.60442528540189944       0.17416515867053778     
  0.82734421165494099       0.15282663361311893     
  0.82177156972374865       0.18282056158905738     
  0.82253509238486500       0.16106935157295429     
  0.77581460118526291       0.15907872351079722     
  0.88390183180195603       0.19583999216562853     
  0.82968142897039110       0.15789407856856472     
  0.80932162300009192       0.15939434382024795     
  0.71734742589871203        5.2849905566731969E-002
  0.67851658693513017        3.8106920053663500E-002
  0.69985485875320652        6.3276848475789002E-002
  0.84413409907221093        7.0919116972806243E-002
  0.71414035849183199       0.10519336145341916     
  0.73067926230281977        5.0497807114577992E-002
  0.86467481000744739       0.10388572255787835     
  0.61335258236222867        5.3512534605510184E-002
  0.75236780916798818        7.5890816554633062E-002
  0.81361611943835710        6.5135368128468984E-002
  0.59793113914714358        6.0586009130342254E-002
  0.52143829167802258       -1.1004490245101013E-003
  0.48132354657795318       -8.3599036980587562E-005
  0.65713174000496211       -7.6881997226430749E-004
  0.54566838749702828       -1.8436084074217239E-004
  0.51059079781515426        8.0550389157429145E-004
  0.44318171252395977        9.8471546486337408E-004
  0.54522593356345672       -6.6271548454806327E-004
   2.9558734318201385E-002   5.8068373183961623E-002
  -4.3910414105191642E-002   6.6928927599418278E-002
  -1.1312889537494764E-002   6.3733997491919478E-002
  0.12285679749315337       0.10812904251234406     
  -9.9401124624587556E-002   6.0545584113714725E-002
  0.89820421178566978        9.8655685494388690E-002
  0.91268654006341121       0.13308650335389738     
  0.90279545761644464        5.5964969898950119E-002
  0.90185811164084140       0.10687066290385225     
  0.85294151518816963       0.10745699758102502     
  0.95168000160247224       0.13555866064375602     
  0.88834309279451318        9.3728464902475037E-002
  0.88938124217024372       0.10544067617861003     
  0.71632743748027727        4.4498150413293282E-003
  0.67946336580299349        1.7487307358282290E-002
  0.70685999470127081        4.1352447010887541E-002
  0.82815428996089657        2.9894771136291815E-002
  0.71768199321661696        4.3363388991551628E-002
  0.72010722040141228       -3.1374722056225199E-002
  0.88737714115183242        4.4487769866509388E-002
  0.62456639580314932        9.1331953273705319E-003
  0.76942198044110532        3.6179897849154104E-002
  0.77575053016366669        1.7362169594392445E-002
  0.58043752589931075        2.1612762921603676E-002
  0.64058314078565970        3.9713315750270527E-003
  0.49173092112637784        1.5067994553094507E-004
  0.60315572426210307       -6.6718014027117778E-004
  0.57830210107854030        4.4953568808341338E-003
  0.60127558231305300       -1.1062818537919612E-003
  0.65171877745019491       -4.5443046438902509E-003
  0.46266747305286493        6.7539068959038440E-002
  0.39960362499711299        5.4977674025444352E-002
  0.43912655013668861        5.8772998018942098E-002
  0.41616614636079630        1.2428388263224378E-003
  0.38088259385287937       -2.6804108066335843E-004
  0.42059967408846299        5.3309663252945824E-003
  0.42264579167484795       -1.7674594537552189E-004
  0.41888518987119333        1.4058700887975260E-003
  0.34801162353484560        3.4385848994467221E-003
  0.56977574898417771        7.1561491682741601E-004
  0.51514565442904525       -1.9313477136490538E-003
  0.31905988900190640        4.6256906650562378E-004
  0.46135582194223534       0.26215514191980205     
  0.48255773961923054       0.25579646739042927     
  0.50167143701860628       0.25371490527562868     
  -4.0810512340053118E-002   4.5253359407055623E-004
  -9.3540261355745669E-002   9.6129781111855802E-004
  -4.6782924281756622E-002  -3.0777218663015225E-003
  -3.6564594194535560E-002  -2.2641791912794453E-003
  -9.7390542602413532E-003  -1.7650548315984085E-003
  0.61166238753531710       0.13828575727672404     
  0.57120369045153441       0.13496985917050677     
  0.63822507883077417       0.17457448895407282     
  0.59210454337885721       0.13312764346030101     
  0.61650251363063191       0.13731931094613789     
  0.49844500385242441       0.14286392655987321     
  0.17684082335697324       0.15366162381360923     
  0.36425445455855715        9.2524625267465410E-002
  0.17888021834690626       0.11551612918117631     
  0.26776027112914330       0.16378948154012907     
  0.32005914264422736       0.16060041294835464     
  -8.0899528591824421E-002  -2.8915610890522516E-003
  0.59146190356181139        7.8589178373334942E-004
  0.55617439533081403        8.1466062100912489E-003
  0.59718937249588944       -1.6584863994053397E-002
  0.74261094179087694       -1.3931294641972591E-003
  0.59875040168618454        5.5444735493517883E-003
  0.59005001740557983        9.1762047814772235E-003
  0.51633211231857168       -1.2828109273727184E-002
  0.70051694226433592        3.2156347579018912E-003
  0.64237451897263220       -1.6253284049114482E-003
  0.45944457897689406        7.0115968919918338E-003
   7.6971289765994266E-002  0.24981006337795672     
  -1.9759849173977499E-002  0.23712981313967793     
  -5.0252039744456682E-002  0.27819200677065820     
  0.11532176613015784       0.24906902391523478     
  0.15524471824537431       0.25112652606919900     
  -2.5187361556142242E-002  0.25379079357669648     
   3.5521101307432528E-003  0.23963081729763375     
  0.80442505069422843       0.12439328161424504     
  0.77521276540010109       0.12268714835724899     
  0.89325726443396436       0.13250280893800487     
  0.82981145238120413       0.14929554268333578     
  0.79419443985303140       0.12294461422415401     
  0.87165957022993978       0.13888483793408246     
  0.81503028662576416       0.16177407630208820     
  0.65377543400824767       0.14745223535839036     
  0.20655098752499174       0.24713170551468802     
  0.11586799317148272       0.23721193722235798     
  0.16089695434433615        1.2527483998860428E-003
  0.19677130023166550       -1.7301745083221845E-004
  0.14957163251613956       -3.1242440398636237E-003
   8.4698664355884912E-002  -1.7347450135841900E-003
  0.24199143022996469        2.6230552523900720E-003
  0.25126597425411940        9.9820059252443555E-003
  0.21424877387683178       -3.7000416006854219E-004
  0.22896298882901445        1.8675346546876515E-002
   9.0289039394400861E-002   1.4043305679535661E-002
  0.24452368326628898        1.3691458398637160E-002
  0.29382739576735040       -3.2657256707119119E-003
  0.17320656360542508        3.4037502207289396E-003
  0.35593939468244229        3.1281954673396055E-002
  0.16749033416389897        1.2257620280420930E-002
  0.95022727523691386        9.8461162684642806E-002
  0.95608752910286410       0.13174878465105111     
  0.94821389823483082        7.6485740926834231E-002
  0.95225588830341723       0.10454917800673171     
  0.90788023217612768       0.11754210326410783     
  0.97842832559894222       0.11888509311478077     
  0.94199193703592488        9.7090992999645923E-002
  0.94324187331838572       0.10509869906497141     
  0.57450339889134794       0.24900590984499346     
  0.76351598683459609       0.22365486852961142     
  0.39126768061909745       0.31946926041257023     
  0.59231457916472874       0.23657501750403848     
  0.63110067918401269       0.27576256098499924     
  0.64442751764599038       0.24673764574183799     
  0.60999843342311477       0.23544226493101264     
  0.40000654232727212       0.16105346369551943     
  0.47757429176707350       0.27503329833987039     
  0.66821903004613337       0.28070750620823104     
  0.86494076200828096       0.13561832585111258     
  0.83120912793377166       0.14488049082489490     
  0.92508762853633164       0.14099650179983431     
  0.87236985781034115       0.14005128467219471     
  0.85254929625633979       0.12712883641484735     
  0.90450641323074743       0.14563795754615758     
  0.86786370992429007       0.14434854905661090     
   6.7548616858544130E-002   8.4916412160106983E-004
   2.0781876550150180E-002  -5.4668864384596884E-005
   9.3124167306389283E-002  -1.3352013552095448E-003
   8.3506790703084366E-002  -3.3303824079798957E-003
   7.1824008879541934E-002   2.9710001599958600E-004
  -8.6269487795699873E-003   4.4567733278943306E-004
  -2.6079265953856956E-002  -2.3710797897497052E-003
  0.45779586822239299       -8.5020807505557317E-004
  0.47880500949595106       -1.5506346889086720E-004
  0.44910476697583024       -5.1013352026934482E-003
  0.38472211049125471       -2.5845571095877728E-003
  0.49398817638337400        4.6924016013175840E-003
  0.21118491306348569        8.3818313049875796E-003
  0.17318686872459282        2.6070822242617044E-003
  0.18709187682755829        1.8072617873496892E-002
   5.6419177846583568E-002   1.3724598829335260E-002
  0.20347506559569956        1.3313824791760968E-002
  0.25998673562555491        2.0056339037771636E-004
  0.13149766569445936        4.3708906987681489E-003
  0.32571769889743629        3.5249432613144997E-002
  0.12619783700267639        1.1506305277751162E-002
