 cosx vtec
  0.95285500022832492        3.1388095203105523E-002
  0.90816969113883017        1.1266557126342261E-002
  0.93407271006404802        1.6147304182509994E-002
  0.94660739577355835        2.6590208887822465E-002
  0.95336324339253253        2.7965496839924199E-002
  0.96360532690356715        4.8858144319178523E-002
  0.59505038499897034       0.10729922832570163     
  0.61303568327620361       0.12261495911962182     
  0.65515646100389380       0.10407521999405821     
  0.56693575844235811        7.9455081797138630E-002
  0.63206550473531409       0.11227182130513493     
  0.57816235774238534       0.23299099210043162     
  0.58308489341299174       0.23848472930534723     
  0.63718778582717051       0.24579306243113461     
  0.60784016475664471       0.24387617783107565     
  0.60974902156686817       0.23595003965126718     
   4.1675852410326591E-002  0.18116790074331321     
  -9.6418742693696047E-003  0.18711093450550123     
  0.11202065791714440       0.18987606643068172     
   5.4056049405382056E-002  0.18739092016021178     
   8.7170884495616219E-002  0.18751340178758585     
  0.16933154584751714       -2.7604670143527199E-003
  0.26409946778031268       -1.1527491207212459E-004
  0.32318624837991716       -1.3811317215394021E-003
  0.39679944927155764        4.4922859168688416E-003
  0.22534330327538582       -1.2436391499969313E-003
   4.2542767984860341E-002   2.0479110461447654E-004
  0.41847448622740935       -4.5297425071958546E-003
  0.15320497963953772        3.3594982712548912E-003
  0.27088587407305947       -1.0845568661108529E-002
  0.35250169948922755        2.4618362171800252E-002
  0.38583833741365087       -3.8686800322529163E-002
  0.19954606035744216        4.1191537438215890E-004
  0.52335374387191502       0.16537621692818413     
  0.63728037720723385       0.15934392381651821     
  0.66940727775470898        2.5444023499378923E-002
  0.58855315987199130       0.16245428121964881     
  0.53854817215042394       0.15838180996555629     
  0.57442629820131841       0.16540010551223430     
  0.64082048620807441       0.18163321329719903     
  0.65771952206405648       0.18364688198242726     
  0.71053197907828558       0.17466758563093754     
  0.67674513188968488       0.17416515867053778     
  0.39927922343471084       0.15282663361311893     
  0.41807255169883234       0.18282056158905738     
  0.41377531191475775       0.16106935157295429     
  0.47334807320974809       0.15907872351079722     
  0.30524176083851845       0.19583999216562853     
  0.37202616870452782       0.15789407856856472     
  0.43239951730931309       0.15939434382024795     
  0.82799270771033706       0.19077796878947312     
  0.84717736254174691       0.19748407119543368     
  0.79390839277462133       0.19677924073786038     
  0.77979162992228668       0.19784547479312053     
  0.73344348808936422        7.1904269094688437E-003
  0.62677219727113576       -4.0428397746459149E-004
  0.65703236414675592        8.0264766956408590E-004
  0.69472525792573459       -4.8977605447199585E-004
  0.70693940973714997       -4.6278575108834206E-003
  0.20744513209934529        9.8655685494388690E-002
  0.23636372670146522       0.13308650335389738     
   5.5325297824856401E-002   5.5964969898950119E-002
  0.22356699204529151       0.10687066290385225     
  0.29353683553571036       0.10745699758102502     
  0.12319806251072574       0.13555866064375602     
  0.18759095118958752        9.3728464902475037E-002
  0.24400905518718463       0.10544067617861003     
  0.82285360957645937       -1.9673738106778019E-003
  0.75668855951207448        3.1601492638171458E-003
  0.78519128897311086       -3.5944424831929598E-003
  0.80688650909612192       -4.0640839485871225E-003
  0.83321428535475928        8.8320842817718771E-003
  0.18401849747198651        3.9713315750270527E-003
  0.23150130629474430        1.5067994553094507E-004
   8.9814987886740638E-002  -6.6718014027117778E-004
  0.26353235672743225        4.4953568808341338E-003
  0.16599256082778838       -1.1062818537919612E-003
  0.24459667212467182       -4.5443046438902509E-003
  0.76028443013940938        6.7539068959038440E-002
  0.81839644836239278        5.4977674025444352E-002
  0.78200755775910802        5.8772998018942098E-002
  0.91917595965654009        7.7012684142695968E-003
  0.86377998171263404        2.1670522914370286E-003
  0.89007399793734199        1.8489583781809297E-003
  0.90804773425021867        4.0539128396376491E-003
  0.91097814857009074        1.1603254861881261E-002
  0.40962835901964850       0.15621543594884907     
  0.32038189946526935       0.16669204073483934     
  0.53736579162031584       0.15831919765343447     
  0.47301622958322842       0.15216228660618406     
  0.42275185310082292       0.14958327736875440     
  0.45774384058761941       0.15520144799549179     
  0.54134406671160085       -2.0566632077150596E-002
  0.31273337327848399       -1.2701386721718732E-002
  0.41630039946500191       -4.1639714671229781E-003
  0.46328237179915849       -1.2944937963955926E-003
  0.50283577216186282       -5.6288340745692606E-003
  0.37337299403290558       -4.6381131940633384E-003
  -9.7589779640700619E-002  -2.3291142227196697E-004
   5.8989394541341944E-003  -1.0360885492778609E-003
   8.1434184485200234E-002   2.9107282886670050E-005
  0.66026754383637787        1.7706911728363754E-002
  0.46200306011162356        8.3064049308213578E-004
  0.58905730902531717       -9.0239836387568228E-003
  0.62674855846799660        2.1763725522982606E-002
  0.64534749153004778       -7.8960665841218552E-003
  0.67639259099786830        8.2147199687336817E-002
  -4.9160921665820256E-002  0.25579646739042927     
  0.65145162148766156       0.17979436456887404     
  0.76012266847628318       0.16086609414302988     
  0.77900505482592086       0.16159190962225733     
  0.72405206640381536       0.16379153790527184     
  0.67131388223219091       0.16523917677199620     
  0.71063805711010541       0.16719070424129434     
  -8.8976640424586750E-002   4.4968026919053892E-003
  -7.7242715308279197E-002   8.4268154823119001E-004
  0.51848105042163661       -6.3980360992366920E-003
  0.25624132281835721       -2.4152062409891399E-004
  0.35528922958687292       -1.6801410417189593E-004
  0.40471231069899044        3.3360350109583664E-003
  0.45951640145230987        4.1850298004085691E-003
  0.93851926252251117       0.15366162381360923     
  0.85363299698374506        9.2524625267465410E-002
  0.93749209264226840       0.11551612918117631     
  0.90100094610682746       0.16378948154012907     
  0.87740181697768893       0.16060041294835464     
  0.68621200399240878        8.7806748522432240E-002
  0.82117531970948554        4.9557197440978550E-002
  0.83618598794744292        3.7410694713585532E-002
  0.82472256123399268        4.7976232722304335E-002
  0.80064436647897841        6.5191784758076146E-002
  0.73204127423874155        6.2451256859090268E-002
  0.79014996289584083        8.2339747719577638E-002
  -5.8174958779312266E-002  0.23712981313967793     
  -2.3862501507909133E-002  0.24906902391523478     
   2.9379419931504079E-002  0.25379079357669648     
  -9.9013942436240125E-003  0.23963081729763375     
  0.62913167548570392       0.20000990441896402     
  0.73848889328810041       0.18849306004408550     
  0.76774481660846283       0.20000520977718561     
  0.69606260967773315       0.19102871679253400     
  0.68178432249274223       0.19544743668399317     
  0.86549308344260478       0.21606207179078721     
  0.88495095457896422       0.22397928138036893     
  0.83206402260735435       0.21680856679272215     
  0.81673977056686187       0.23013724365828847     
   2.1653799827589221E-002  -4.1869643802628563E-004
   9.3009660457053195E-002   2.6979917087478181E-003
  0.39916573580671499       0.24713170551468802     
  0.41757930818994510       0.23721193722235798     
  0.20226649656024601        1.8930705919911962E-002
  0.12950136064197032        1.1916057871492762E-002
  0.39222831080990977        2.6299998063288428E-002
  0.16940004474328746        3.0246794274645942E-002
  0.42292461485975019        1.8192433725313806E-002
  0.30641394559120183        2.2596442649661611E-002
  0.21816504409521459        3.6811161512725413E-002
  0.29255044666992047        1.8706940296745276E-002
  0.49426520964329995        4.3737613825485785E-002
  0.34400027663746036        5.4220707082015401E-002
  0.62421558532357679        2.2100578287264510E-002
  0.44172559117711035        3.8172727753038857E-002
  0.67081269018656275        3.4166946097695702E-002
  0.63344304131202356        3.9101947776732475E-002
  0.58855360095340026        3.1988908536078074E-002
  0.52020935654529199        1.7970343024593889E-002
  0.57818536336730675        4.5846785742042269E-002
  0.67164005910652091        4.4944733756782226E-003
  0.52561234506857168        4.1619556586150374E-005
  0.55877959101565011        1.0181072196445450E-004
  0.60967613160368295        9.7886086240164469E-004
  0.62343338470665977        1.4547404301936036E-003
  0.55439019686987645       -6.6559077245274684E-002
  0.34543106699313469        1.2596067335274474E-002
  0.45429453211222193        7.0879289311199635E-003
  0.50139829355762611        6.6438648602652759E-003
  0.52917940976390754       -5.4175284405365660E-003
  0.40569166939434598        2.9433060817074527E-002
  0.92357558055391520       0.16996716393424466     
  0.93367280313475876       0.16878339842997775     
  0.89844953787432102       0.17779457800968479     
  0.88416048169731898       0.19331008144297543     
  -7.6946622786985774E-002  -1.3529777179666987E-003
   4.9690796443343566E-002  -1.1808690353571833E-003
  -3.3079627437936798E-002   7.6328347695225137E-004
  0.66434435628291544        2.6846181032148721E-003
  0.40038971120116956        1.0945867007753183E-002
  0.54745844622492745        2.3432810183311586E-003
  0.58144251141237979       -3.2395965922499021E-004
  0.62196971654266409       -4.8797874420135490E-003
  0.67589652436159020       -5.2858658594888007E-004
  0.70232080116559947       -6.5629287989389468E-002
  0.50728621493366000        3.7236779886469638E-002
  0.65020902058053287        2.3331244339242788E-002
  0.68599880645876543        5.3890500421188120E-002
  0.69505550676251049       -2.5957776823408510E-002
  0.69915412568171154        1.1119219847883991E-003
  0.59577040996776298        4.7128949035861690E-003
   9.3540519969126212E-002   9.8461162684642806E-002
  0.12174275733243412       0.13174878465105111     
  -4.4881616656844925E-002   7.6485740926834231E-002
  0.10959243601548974       0.10454917800673171     
  0.20136620678471745       0.11754210326410783     
   2.7733722975858799E-002  0.11888509311478077     
   7.3976067300696724E-002   9.7090992999645923E-002
  0.13209782476148352       0.10509869906497141     
  0.95486477674465675        8.2660410074114427E-002
  0.92899064766911321        5.3228857593158180E-002
  0.95347177774577552        7.3020605151964693E-002
  0.95490993682444569        7.8166746204510071E-002
  0.98062591132548571        9.1071406014058096E-002
  0.94445439406129483        9.4915412526753465E-002
  0.93313600604946390       0.12187381817133008     
  0.87971815994971081        9.4451464532240188E-003
  0.81333249541456698        1.1453759532210719E-003
  0.84009097382534559        3.0972946582373577E-004
  0.86302431873475216        4.0459565148590155E-003
  0.86331199447755924       -2.9440414659286200E-003
  -1.5252426330247038E-002  0.22365486852961142     
  -5.2452671465822831E-002  0.31946926041257023     
  -2.5110867131519471E-002  0.23657501750403848     
  -1.1969150750236468E-002  0.24673764574183799     
  -7.8951599171637021E-002  0.23544226493101264     
  0.11719638951742062       0.16105346369551943     
   2.6596905208249672E-002  0.27503329833987039     
   4.4850087568291508E-002  0.28070750620823104     
  -2.5773098930333027E-002   9.1890626038973619E-002
  -7.1874463388906351E-002   8.9232693140954458E-002
  -6.7314938989128659E-002   7.9305013365230340E-002
   6.3260473903553327E-002  0.10785865931896235     
  -1.4627011345857477E-002   8.8057338305888105E-002
   3.6577632220209766E-002  0.10911163290952455     
  0.16936937648145584       -3.3425157168294802E-003
   8.1711849631295630E-002  -3.8818913480724538E-003
  0.39093071167037419        8.9833006876898162E-003
  0.14526868416413175       -1.3661553311033220E-002
  0.39154793808901667       -8.8073565653271145E-004
  0.32094599447177918        4.9149835120062069E-003
  0.19032872894097025       -2.4785332552559099E-003
  0.64249902120175151       0.13246439172701949     
  0.75614446637177313       0.11013581044319495     
  0.81821172998299885       0.11128465476742398     
  0.76859474900112823       0.11089543821439511     
  0.72420733015769223       0.11116968048219136     
  0.66758789801573992       0.10889889671508828     
  0.71162294643720037       0.12766311865842941     
   1.3637825704504447E-002   6.9246880664974152E-003
  0.44906423507935461        8.4135536254450499E-002
  0.33746210793046116        8.2703558476082906E-002
  0.57611477568355396        7.5380639790021020E-002
  0.59686312692900501        5.4533390711802091E-002
  0.52834561422711790        6.4489324284025470E-002
  0.46772252520594693        7.1651545479248444E-002
  0.51534929596522616        9.0258191014254516E-002
  0.67962197826587056       0.22177906897442204     
  0.78884910211857129       0.19590597892690828     
  0.81134953549981192       0.20224077677783442     
  0.75173074051967137       0.19946131417052668     
  0.69757510549043056       0.21899558070053621     
  0.73769944421698086       0.20788173597004292     
  0.59939803389825097        2.4799101011279450E-002
  0.37578564934219783        8.4751966823167141E-004
  0.48832466005613651       -1.8370760649632202E-002
  0.52830339637242341       -1.0370612665447969E-002
  0.56457040663823033       -6.4404368176136234E-003
  0.44745882611148058        2.5476774128805581E-002
   2.2425542767948670E-002   1.9621664489074078E-003
  -4.9864557576289437E-002  -8.6461834010806492E-004
  -2.1760048307226665E-003  -6.8462720169913715E-004
   3.9021508369121771E-002   8.6660225717047866E-004
  0.69631418508690768       -5.3442707312885435E-003
  0.47902512026857019        3.7478703672659777E-002
  0.61831210730248942       -2.1772687804446937E-003
  0.65254085274740425        1.0759656352642602E-003
  0.67665323254796750        4.2652573153633314E-002
  0.57270077259513252       -3.3462569972034603E-002
