 cosx vtec
  0.27989409217189215        3.1388095203105523E-002
  0.25866852669116375        1.1266557126342261E-002
  0.28040108143940934        1.6147304182509994E-002
  0.27891771817215183        2.6590208887822465E-002
  0.36361701224957277        2.7965496839924199E-002
  0.25558584312946803        4.8858144319178523E-002
  0.93736574235912085       0.10729922832570163     
  0.95220054439742885       0.12261495911962182     
  0.91709300366311219       0.10407521999405821     
  0.91075936850837380        7.9455081797138630E-002
  0.93953839546484974       0.11227182130513493     
  0.74923173163417656       0.23299099210043162     
  0.78942571329397304       0.23848472930534723     
  0.67730214124959820       0.24579306243113461     
  0.67972059738677459       0.24387617783107565     
  0.79682174213500234       0.23595003965126718     
  0.98461131758382803       0.18163321329719903     
  0.97686080057555846       0.18364688198242726     
  0.96437434604610650       0.17466758563093754     
  0.97323671721383187       0.17416515867053778     
  0.98816532054162076       0.15282663361311893     
  0.99553129558879805       0.18282056158905738     
  0.99339790200760714       0.16106935157295429     
  0.99119595017790774       0.15907872351079722     
  0.97652266174164692       0.19583999216562853     
  0.97243246629250168       0.15789407856856472     
  0.99393425887125497       0.15939434382024795     
  0.10543152081444546        5.2849905566731969E-002
   4.7649203053724221E-002   3.8106920053663500E-002
   9.4182896184457687E-002   6.3276848475789002E-002
  0.30369335674070624        7.0919116972806243E-002
  0.10546470184153178       0.10519336145341916     
  0.12089293427457398        5.0497807114577992E-002
  0.35697767745577946       0.10388572255787835     
  -3.7539376210275199E-002   5.3512534605510184E-002
  0.16891233342199108        7.5890816554633062E-002
  0.25421055474257004        6.5135368128468984E-002
  -4.0167033857142209E-002   6.0586009130342254E-002
  0.19332959984737891       0.19077796878947312     
  0.19893781601396943       0.19748407119543368     
  0.17344472021726881       0.19677924073786038     
  0.17406702227319221       0.19784547479312053     
   3.6841627508627517E-002   7.1904269094688437E-003
   1.0120469704416601E-003  -4.0428397746459149E-004
   1.9245318455879179E-002   8.0264766956408590E-004
   2.5542739853800123E-002  -4.8977605447199585E-004
  0.13747333416528101       -4.6278575108834206E-003
  -1.3852642995211384E-002  -1.1004490245101013E-003
  -3.9823718842366240E-002  -8.3599036980587562E-005
  0.19199170272326146       -7.6881997226430749E-004
  -1.8152683815541748E-002  -1.8436084074217239E-004
  -1.2980036782725413E-003   8.0550389157429145E-004
  -9.6740653570494439E-002   9.8471546486337408E-004
   6.0850957508811920E-002  -6.6271548454806327E-004
  0.92526774589934546        9.8655685494388690E-002
  0.95687856466780719       0.13308650335389738     
  0.83001604641979687        5.5964969898950119E-002
  0.93900372866700421       0.10687066290385225     
  0.94165676789787001       0.10745699758102502     
  0.91730519632258056       0.13555866064375602     
  0.90363712652030803        9.3728464902475037E-002
  0.94137436305537048       0.10544067617861003     
   4.5103866847292062E-002  -1.9673738106778019E-003
   2.0863212970527345E-002   3.1601492638171458E-003
   3.9459379731466293E-002  -3.5944424831929598E-003
   4.0539209570424284E-002  -4.0640839485871225E-003
  0.16091204454225189        8.8320842817718771E-003
  0.10435855694928936        4.4498150413293282E-003
   6.1216907113537833E-002   1.7487307358282290E-002
   8.7280117177824135E-002   4.1352447010887541E-002
  0.28272180557588034        2.9894771136291815E-002
  0.10330538404173906        4.3363388991551628E-002
  0.11793149006361919       -3.1374722056225199E-002
  0.38344863542785551        4.4487769866509388E-002
  -1.5230265822398892E-002   9.1331953273705319E-003
  0.17889211000612154        3.6179897849154104E-002
  0.21264362547606264        1.7362169594392445E-002
  -7.7866812540697494E-002   2.1612762921603676E-002
  0.68342892210381023        3.9713315750270527E-003
  0.58352267699748961        1.5067994553094507E-004
  0.58902882755044317       -6.6718014027117778E-004
  0.68055888094867278        4.4953568808341338E-003
  0.63709683950383900       -1.1062818537919612E-003
  0.73276103352780908       -4.5443046438902509E-003
  0.90310339216150104        6.7539068959038440E-002
  0.88557590079261772        5.4977674025444352E-002
  0.89658061647108134        5.8772998018942098E-002
  0.25958082958120826        7.7012684142695968E-003
  0.23757067850006275        2.1670522914370286E-003
  0.25723349126396289        1.8489583781809297E-003
  0.25739275967957043        4.0539128396376491E-003
  0.33856030557454292        1.1603254861881261E-002
  -9.0867736282410572E-002   7.1561491682741601E-004
  -9.4869765155586094E-002  -1.9313477136490538E-003
  0.30563181585257643       0.26215514191980205     
  0.39226665143695505       0.25579646739042927     
  0.37209934904752984       0.25371490527562868     
  -1.9051260501424527E-002  0.16086609414302988     
  -1.2399922541927844E-002  0.16159190962225733     
  -4.0070594769560430E-002  0.16379153790527184     
  -3.8572070811604686E-002  0.16719070424129434     
   5.9005808396605686E-002  0.13828575727672404     
   5.5889388140903329E-002  0.13496985917050677     
  0.19241459656146254       0.17457448895407282     
   6.1953976036452751E-002  0.13312764346030101     
  0.11638279235760784       0.13731931094613789     
  -4.0400242110788631E-002  0.14286392655987321     
  0.76808617678221958       0.15366162381360923     
  0.87748938565799151        9.2524625267465410E-002
  0.76920915313784455       0.11551612918117631     
  0.82355105671187390       0.16378948154012907     
  0.85413867555866285       0.16060041294835464     
  -7.3548713115482001E-002   4.9557197440978550E-002
  -5.6824412448968353E-002   3.7410694713585532E-002
  -7.1964872498527233E-002   4.7976232722304335E-002
  -9.2083091645057291E-002   6.5191784758076146E-002
  -8.7573923248737306E-002   8.2339747719577638E-002
  -3.0094450483123480E-002   7.8589178373334942E-004
  -6.0658816392689940E-002   8.1466062100912489E-003
  -5.2335197951695556E-002  -1.6584863994053397E-002
  0.19117658400184490       -1.3931294641972591E-003
  -3.1776091658426708E-002   5.5444735493517883E-003
  -1.7126838837411396E-002   9.1762047814772235E-003
   8.5713970257187355E-002   3.2156347579018912E-003
   6.8193247991054751E-002  -1.6253284049114482E-003
  -2.4794630351992759E-002  0.24981006337795672     
  -5.5347529008307153E-002  0.23712981313967793     
   8.5837119542501977E-002  0.24906902391523478     
   6.6967714160481306E-002  0.25112652606919900     
  -2.9733395132771154E-003  0.25379079357669648     
  -3.3390030103442499E-003  0.23963081729763375     
   1.1652066661538285E-006  0.20000990441896402     
   8.8549900296999107E-002  0.18849306004408550     
   9.7603113254583707E-002  0.20000520977718561     
   6.6538753249664184E-002  0.19102871679253400     
   6.7375150902218406E-002  0.19544743668399317     
  0.37434603533969113       0.21606207179078721     
  0.37899243539928545       0.22397928138036893     
  0.35423049578239646       0.21680856679272215     
  0.35435652043734167       0.23013724365828847     
  0.28238894091489153       0.12439328161424504     
  0.27549984067316513       0.12268714835724899     
  0.44994364064627757       0.13250280893800487     
  0.40468142958115738       0.14929554268333578     
  0.28524575676300001       0.12294461422415401     
  0.44476090987287675       0.13888483793408246     
  0.33870621678511881       0.16177407630208820     
   9.7134725400378485E-002  0.14745223535839036     
  0.44217483352324294       0.24713170551468802     
  0.37444815078966603       0.23721193722235798     
  -1.5675710615215666E-002   4.4944733756782226E-003
  -6.4472116279722547E-002   4.1619556586150374E-005
  -4.5263323395801136E-002   1.0181072196445450E-004
  -3.4714498012216100E-002   9.7886086240164469E-004
   9.2774234185275195E-002   1.4547404301936036E-003
  0.30411159788529596       0.16996716393424466     
  0.30702815608761114       0.16878339842997775     
  0.28497718812748929       0.17779457800968479     
  0.28494121604543104       0.19331008144297543     
   3.6605110224835202E-002  -5.2858658594888007E-004
  0.89667010344153586        9.8461162684642806E-002
  0.92023122803255109       0.13174878465105111     
  0.80455093343145179        7.6485740926834231E-002
  0.90893118031800391       0.10454917800673171     
  0.92980895880953751       0.11754210326410783     
  0.87851735395274444       0.11888509311478077     
  0.87665827841677568        9.7090992999645923E-002
  0.91569373809664345       0.10509869906497141     
  0.22032901789089915        8.2660410074114427E-002
  0.20050006794673014        5.3228857593158180E-002
  0.22658535727580525        7.3020605151964693E-002
  0.22081253250870903        7.8166746204510071E-002
  0.33400916117264157        9.1071406014058096E-002
  0.20062089493834129        9.4915412526753465E-002
  0.20078319489588947       0.12187381817133008     
  0.23322124048780229        9.4451464532240188E-003
  0.20944259590473779        1.1453759532210719E-003
  0.22801167453710069        3.0972946582373577E-004
  0.22958939265553652        4.0459565148590155E-003
  0.31018211491662673       -2.9440414659286200E-003
  0.41766496676280124       0.24900590984499346     
  0.66146939300138885       0.22365486852961142     
  0.30983898165192358       0.31946926041257023     
  0.50448275749211247       0.23657501750403848     
  0.41371321852492227       0.27576256098499924     
  0.55888775410224167       0.24673764574183799     
  0.48489163518719952       0.23544226493101264     
  0.42825437179126347       0.16105346369551943     
  0.43733169211335088       0.27503329833987039     
  0.61689578462667072       0.28070750620823104     
  0.40163388891427604       0.13561832585111258     
  0.39537192573638846       0.14488049082489490     
  0.54677727425523182       0.14099650179983431     
  0.50970047205449620       0.14005128467219471     
  0.40636894908962395       0.12712883641484735     
  0.53956997915839289       0.14563795754615758     
  0.46051791350425819       0.14434854905661090     
  -7.5089104820448616E-002  0.11128465476742398     
   3.5004486986525085E-002  0.22177906897442204     
  0.13118452557796084       0.19590597892690828     
  0.13805304146722519       0.20224077677783442     
  0.11060248355976204       0.19946131417052668     
  -1.4070968379363391E-002  0.21899558070053621     
  0.11138128672805009       0.20788173597004292     
  -2.7096496539556314E-002   4.6924016013175840E-003
