 cosx vtec
  0.44821340110810481       -9.6162401822252549E-004
  0.41214154273110160       -3.1685733285309186E-004
  0.44947365923225691        1.2930267714109428E-003
  0.45341232940253556        7.5567409252068395E-005
  0.45445895572712153        3.9073304018642291E-003
  0.38324877982946493       -7.3190681211835254E-004
  0.36912467961099016       -5.0381838196475351E-004
  0.28948996538452076       -1.4334823602417959E-004
  0.24771318415310972        9.1280395362138908E-005
  0.28603270951588017        2.6484931139093269E-003
  0.11988287613766468        2.4790802105653944E-003
   2.9459265067488943E-002   4.0766235908728171E-004
  0.29339541056646623       -1.5515789069554193E-003
  0.30583081151261737       -3.5281456368758475E-003
  0.21698370593317395       -1.1035258684171378E-003
  0.20674706465219417        4.7901094501673130E-004
  0.49074841782244760       0.10729922832570163     
  0.49093619019938872       0.12261495911962182     
  0.41558426251570613       0.10407521999405821     
  0.48674765903303185        7.9455081797138630E-002
  0.46036408873208223       0.11227182130513493     
  0.30154940011704578       0.23299099210043162     
  0.34080818552601899       0.23848472930534723     
  0.17129016787773235       0.24579306243113461     
  0.19987384142229309       0.24387617783107565     
  0.32524754060313571       0.23595003965126718     
  0.25362526745630254        1.5687779507678255E-003
   8.9234854764736221E-002   2.7623175054397550E-003
  0.20561109477830586        4.0197458449612528E-003
  0.15008213426558864       -4.7835043372671920E-004
  0.24267021591090271       -3.4377783499088652E-003
   8.8205347407949025E-002   1.7863194930720187E-002
   1.1372083303900299E-002   1.9575283317887330E-002
  -9.0194096124931178E-002   1.6668697761839574E-002
   4.9634719745255435E-002   2.5127913673000962E-002
  -4.1404500055771870E-002   1.0602088710713380E-002
  -5.0516085274749434E-002   1.3917213258329682E-002
  0.50152683718016788       0.18163321329719903     
  0.47816895894135003       0.18364688198242726     
  0.41790500144726828       0.17466758563093754     
  0.45740745826748463       0.17416515867053778     
  0.71903894733092688       0.15282663361311893     
  0.71040782339710096       0.18282056158905738     
  0.71189408757670003       0.16106935157295429     
  0.65680962871952020       0.15907872351079722     
  0.78958694221869408       0.19583999216562853     
  0.72607454314142361       0.15789407856856472     
  0.69600199195000645       0.15939434382024795     
  0.82641919092162031        5.2849905566731969E-002
  0.79575221196078305        3.8106920053663500E-002
  0.80861116153341928        6.3276848475789002E-002
  0.92395750462120319        7.0919116972806243E-002
  0.82258819302008679       0.10519336145341916     
  0.83813057547360836        5.0497807114577992E-002
  0.93404228549945645       0.10388572255787835     
  0.74110635178183171        5.3512534605510184E-002
  0.85100560517754842        7.5890816554633062E-002
  0.90095530296787185        6.5135368128468984E-002
  0.72343764953565315        6.0586009130342254E-002
  0.62516822793015758       -1.1004490245101013E-003
  0.58437738647971926       -8.3599036980587562E-005
  0.73127281841719682       -7.6881997226430749E-004
  0.65520618163605882       -1.8436084074217239E-004
  0.60884906984045195        8.0550389157429145E-004
  0.55429774957069489        9.8471546486337408E-004
  0.63333616178869401       -6.6271548454806327E-004
  0.18734759522164970        5.8068373183961623E-002
  0.10377186845758918        6.6928927599418278E-002
  -2.2094423149637263E-002   7.8420673010781289E-002
   1.0849167204338456E-002   6.1524758571879119E-002
  0.14035676507108660        6.3733997491919478E-002
   5.9951738158262130E-002   4.5257741978062357E-002
  0.25994762198176974       0.10812904251234406     
   5.1318855195116198E-002   6.0545584113714725E-002
  0.82047829910211001        9.8655685494388690E-002
  0.82919804709899014       0.13308650335389738     
  0.85168204688844529        5.5964969898950119E-002
  0.82112209073595288       0.10687066290385225     
  0.76210884648084132       0.10745699758102502     
  0.88635933524585775       0.13555866064375602     
  0.81456975688002009        9.3728464902475037E-002
  0.80561231317962145       0.10544067617861003     
  0.82549347575824972        4.4498150413293282E-003
  0.79321524270016308        1.7487307358282290E-002
  0.81882433358758755        4.1352447010887541E-002
  0.91057894512559490        2.9894771136291815E-002
  0.82739228561458822        4.3363388991551628E-002
  0.82633133662477631       -3.1374722056225199E-002
  0.95394677765952240        4.4487769866509388E-002
  0.74844367906760012        9.1331953273705319E-003
  0.86863395224550943        3.6179897849154104E-002
  0.86705809914751153        1.7362169594392445E-002
  0.71277411591663609        2.1612762921603676E-002
  0.57878988483376337        3.9713315750270527E-003
  0.42838425089489179        1.5067994553094507E-004
  0.55968768105637134       -6.6718014027117778E-004
  0.50534156984322454        4.4953568808341338E-003
  0.54446150858929854       -1.1062818537919612E-003
  0.57873381853357653       -4.5443046438902509E-003
  0.30741349677571728        6.7539068959038440E-002
  0.23699195690792135        5.4977674025444352E-002
  0.28112063617271260        5.8772998018942098E-002
  0.56203127295907207        1.2428388263224378E-003
  0.52755115493625970       -2.6804108066335843E-004
  0.57096913165038699        5.3309663252945824E-003
  0.56991258765343189       -1.7674594537552189E-004
  0.56122724470652230        1.4058700887975260E-003
  0.49895128318764748        3.4385848994467221E-003
  0.70358008647015524        7.1561491682741601E-004
  0.63955561773299252       -1.9313477136490538E-003
  0.47707116303156144        4.6256906650562378E-004
  0.46725644691872531       0.26215514191980205     
  0.46911962811423236       0.25579646739042927     
  0.49734661427567556       0.25371490527562868     
  0.13240016588210923        4.5253359407055623E-004
   7.8651390128621546E-002   9.6129781111855802E-004
  0.12713582551450436       -3.0777218663015225E-003
  -2.9156833068001903E-002   1.1174027867113141E-003
  -8.3488120830174817E-002   4.3087592295885479E-004
  0.13738354751635323       -2.2641791912794453E-003
  0.15989814952056428       -1.7650548315984085E-003
   4.4561846456734194E-002   8.1385757764911872E-004
   3.5832920372297378E-002  -4.3943034735775886E-004
  0.71301050873456406       0.13828575727672404     
  0.66563560786324372       0.13496985917050677     
  0.70862649291943358       0.17457448895407282     
  0.68890593437636094       0.13312764346030101     
  0.70327843399429013       0.13731931094613789     
  0.60493769159921307       0.14286392655987321     
   3.2532739687121393E-003  0.15366162381360923     
  0.19704901697212168        9.2524625267465410E-002
   5.3803597678914739E-003  0.11551612918117631     
   9.6623092043859951E-002  0.16378948154012907     
  0.15068725721347473       0.16060041294835464     
   5.5482273479301292E-002   1.3401480297468547E-003
  -1.2240570939686418E-002  -2.2287743463634928E-003
   8.8370999753725116E-002  -2.8915610890522516E-003
   5.4209844081211489E-002  -3.4230545147837048E-003
  -4.2203513737889789E-002  -3.1479813156236563E-003
  -5.1477393494877025E-002   1.0378312096303243E-003
  0.71300682042265351        7.8589178373334942E-004
  0.67920972675686231        8.1466062100912489E-003
  0.72584085906686613       -1.6584863994053397E-002
  0.83336316714337466       -1.3931294641972591E-003
  0.72214720724667769        5.5444735493517883E-003
  0.70782101778438999        9.1762047814772235E-003
  0.64639250996591158       -1.2828109273727184E-002
  0.81168807049042846        3.2156347579018912E-003
  0.74712982758589874       -1.6253284049114482E-003
  0.60487410645479389        7.0115968919918338E-003
   9.8429045742783383E-002  0.24981006337795672     
  -8.5968132217151983E-003  0.23712981313967793     
  -2.5478180909523234E-002  0.27819200677065820     
  0.11424635029146635       0.24906902391523478     
  0.16692221538013116       0.25112652606919900     
  -2.9213885006555085E-002  0.25379079357669648     
   5.1352670154552306E-003  0.23963081729763375     
  0.88238946198355506       0.12439328161424504     
  0.84943669697834312       0.12268714835724899     
  0.94299090254293549       0.13250280893800487     
  0.87960665164862262       0.14929554268333578     
  0.86942532996636446       0.12294461422415401     
  0.91865188046254853       0.13888483793408246     
  0.87981425624954979       0.16177407630208820     
  0.75289840914564787       0.14745223535839036     
  0.12670496468664880       0.24713170551468802     
   3.6929449789201436E-002  0.23721193722235798     
  0.30131293114618918        1.2527483998860428E-003
  0.34354827404009458       -1.7301745083221845E-004
  0.28416797538703414       -3.1242440398636237E-003
  0.22645554912466836       -1.7347450135841900E-003
  0.36067138721934500        2.6230552523900720E-003
  -8.7661146175934707E-002  -6.3503376515465252E-003
  0.41377593342429264        9.9820059252443555E-003
  0.38029195481179956       -3.7000416006854219E-004
  0.38934808585400943        1.8675346546876515E-002
  0.25552309721303712        1.4043305679535661E-002
  0.40602675874688465        1.3691458398637160E-002
  0.45534493874426479       -3.2657256707119119E-003
  0.34039799409089566        3.4037502207289396E-003
  0.50521697223560058        3.1281954673396055E-002
  0.33221150957969975        1.2257620280420930E-002
  0.89020258501712135        9.8461162684642806E-002
  0.89082155856894341       0.13174878465105111     
  0.91268900135871123        7.6485740926834231E-002
  0.88930787906137954       0.10454917800673171     
  0.83078292878306470       0.11754210326410783     
  0.92871522802571038       0.11888509311478077     
  0.88579425784456933        9.7090992999645923E-002
  0.87673849877411303       0.10509869906497141     
  0.57183487802312838       0.24900590984499346     
  0.73122788158790131       0.22365486852961142     
  0.38259209294332386       0.31946926041257023     
  0.56960771066969795       0.23657501750403848     
  0.64035244924404078       0.27576256098499924     
  0.61701605801386372       0.24673764574183799     
  0.59597502188757379       0.23544226493101264     
  0.36101690985861001       0.16105346369551943     
  0.45100632821084757       0.27503329833987039     
  0.62969888957319997       0.28070750620823104     
  0.92229542135687226       0.13561832585111258     
  0.88378728601616019       0.14488049082489490     
  0.95476538181793169       0.14099650179983431     
  0.90195503586466774       0.14005128467219471     
  0.90624867765212258       0.12712883641484735     
  0.93218468534834220       0.14563795754615758     
  0.90987141771097590       0.14434854905661090     
  0.23157302608009678        8.4916412160106983E-004
  0.18335815396462521       -5.4668864384596884E-005
  0.26379892585249554       -1.3352013552095448E-003
  -8.0523462208067775E-003  -4.2244938179285637E-004
  0.25012479204945071       -3.3303824079798957E-003
  0.23128332999696266        2.9710001599958600E-004
  0.15624913918738076        4.4567733278943306E-004
  0.14393778404675844       -2.3710797897497052E-003
  0.57611409995827745       -8.5020807505557317E-004
  0.60181487079313101       -1.5506346889086720E-004
  0.56240188254657775       -5.1013352026934482E-003
  0.50870349518751290       -2.5845571095877728E-003
  0.59603226310992441        4.6924016013175840E-003
  0.37568959643212624        8.3818313049875796E-003
  0.34115642184986716        2.6070822242617044E-003
  0.34916795666021894        1.8072617873496892E-002
  0.22240599945751935        1.3724598829335260E-002
  0.36683903150673253        1.3313824791760968E-002
  0.42371178019716244        2.0056339037771636E-004
  0.30017664730867510        4.3708906987681489E-003
  0.47637722612683364        3.5249432613144997E-002
  0.29222924564279718        1.1506305277751162E-002
