 cosx vtec
  0.71172802632777410        3.1388095203105523E-002
  0.67367436483201482        1.1266557126342261E-002
  0.70117677634674858        1.6147304182509994E-002
  0.70755726038735900        2.6590208887822465E-002
  0.76035891150872936        2.7965496839924199E-002
  0.70390035613358126        4.8858144319178523E-002
  0.88474087108338895       0.10729922832570163     
  0.90368956499479858       0.12261495911962182     
  0.90773865929487552       0.10407521999405821     
  0.85314768650210437        7.9455081797138630E-002
  0.90736594247302960       0.11227182130513493     
  0.76637134126919193       0.23299099210043162     
  0.79241937491392134       0.23848472930534723     
  0.75892111962906650       0.24579306243113461     
  0.74337355887495526       0.24387617783107565     
  0.81208401588899526       0.23595003965126718     
  -9.4547617979822141E-002  -1.3811317215394021E-003
  -4.1128862672263324E-002   4.4922859168688416E-003
  -8.4687088321794446E-002  -4.5297425071958546E-003
  0.16314392696550262       0.16537621692818413     
  0.27686385011904230       0.15934392381651821     
  0.30236818583743541        2.5444023499378923E-002
  0.23387431564718941       0.16245428121964881     
  0.15623104524841003       0.15838180996555629     
  0.22668048528150819       0.16540010551223430     
  0.93844349736306554       0.18163321329719903     
  0.94372539722691151       0.18364688198242726     
  0.96700762581269528       0.17466758563093754     
  0.95261747275157871       0.17416515867053778     
  0.80104148768898276       0.15282663361311893     
  0.81614456862462526       0.18282056158905738     
  0.81243184068889707       0.16106935157295429     
  0.84555489325594935       0.15907872351079722     
  0.74002704063964442       0.19583999216562853     
  0.77622356135964721       0.15789407856856472     
  0.82349419655955458       0.15939434382024795     
  0.58966071415819699       0.19077796878947312     
  0.60397488502329066       0.19748407119543368     
  0.55850158488555135       0.19677924073786038     
  0.55071055424663429       0.19784547479312053     
  0.44472432258439965        7.1904269094688437E-003
  0.36245140545491633       -4.0428397746459149E-004
  0.39044910538212746        8.0264766956408590E-004
  0.41584692590490002       -4.8977605447199585E-004
  0.48752192910038072       -4.6278575108834206E-003
  0.65397209052848393        9.8655685494388690E-002
  0.68891876392585971       0.13308650335389738     
  0.51115206772430033        5.5964969898950119E-002
  0.67121052420161931       0.10687066290385225     
  0.71313936544279610       0.10745699758102502     
  0.60073484163363056       0.13555866064375602     
  0.63002082971298567        9.3728464902475037E-002
  0.68438144137245327       0.10544067617861003     
  0.50111548687391538       -1.9673738106778019E-003
  0.44891972892813081        3.1601492638171458E-003
  0.47611228956917345       -3.5944424831929598E-003
  0.48926147090613764       -4.0640839485871225E-003
  0.57395910900282798        8.8320842817718771E-003
  0.50082100541296948        3.9713315750270527E-003
  0.47055432010819803        1.5067994553094507E-004
  0.39193066287739375       -6.6718014027117778E-004
  0.54507133479714853        4.4953568808341338E-003
  0.46366388536526182       -1.1062818537919612E-003
  0.56427773919986657       -4.5443046438902509E-003
  0.96035741505095329        6.7539068959038440E-002
  0.98378890275221342        5.4977674025444352E-002
  0.96913334240292492        5.8772998018942098E-002
  0.68055555530052403        7.7012684142695968E-003
  0.63586510549503583        2.1670522914370286E-003
  0.66239829330591438        1.8489583781809297E-003
  0.67286738855519035        4.0539128396376491E-003
  0.72142136893197806        1.1603254861881261E-002
   4.4672165218512951E-002  0.15621543594884907     
  -5.5517848089096218E-002  0.16669204073483934     
  0.16667594562879084       0.15831919765343447     
  0.11096972813440417       0.15216228660618406     
   3.6871572623802890E-002  0.14958327736875440     
  0.10305319343958194       0.15520144799549179     
   8.7486132627789412E-002  -2.0566632077150596E-002
  -1.3043304741389419E-002  -4.1639714671229781E-003
   3.0005116480646403E-002  -1.2944937963955926E-003
   5.5979438437466139E-002  -5.6288340745692606E-003
  0.21716869088284058        1.7706911728363754E-002
  -1.9610706259462079E-002   8.3064049308213578E-004
  0.16104952887629545       -9.0239836387568228E-003
  0.19597648387879843        2.1763725522982606E-002
  0.20521114355953121       -7.8960665841218552E-003
  0.21893483006843273        8.2147199687336817E-002
   8.7932696017854015E-002  0.26215514191980205     
  0.19809218711027088       0.25579646739042927     
  0.15374174643244229       0.25371490527562868     
  0.31156602738408484       0.17979436456887404     
  0.42785778048227102       0.16086609414302988     
  0.44259968320957610       0.16159190962225733     
  0.39489689009072920       0.16379153790527184     
  0.30626280362233838       0.16523917677199620     
  0.38801748136673508       0.16719070424129434     
   7.6425560843205148E-002  -6.3980360992366920E-003
  -5.5407942995194574E-002  -1.6801410417189593E-004
  -1.0267308810314391E-002   3.3360350109583664E-003
   2.8272516012271334E-002   4.1850298004085691E-003
  0.98530911807174337       0.15366162381360923     
  0.99946398202614495        9.2524625267465410E-002
  0.98536443196656065       0.11551612918117631     
  0.99567057143472615       0.16378948154012907     
  0.99970537788838254       0.16060041294835464     
  0.27040996812359924        8.7806748522432240E-002
  0.43164242620146320        4.9557197440978550E-002
  0.44996461919531505        3.7410694713585532E-002
  0.43460485788199105        4.7976232722304335E-002
  0.40908804620406419        6.5191784758076146E-002
  0.30335187628275101        6.2451256859090268E-002
  0.40563246902872263        8.2339747719577638E-002
  -9.6120359132457159E-002  0.24981006337795672     
  -6.5542239434616498E-002  0.23712981313967793     
   3.5781062706196062E-002  0.24906902391523478     
  -2.2858706225536898E-002  0.25112652606919900     
   1.5245557765955854E-002  0.25379079357669648     
  -7.6443469830624004E-003  0.23963081729763375     
  0.36323001798535953       0.20000990441896402     
  0.47749107412340008       0.18849306004408550     
  0.49960886445195551       0.20000520977718561     
  0.44028810587432682       0.19102871679253400     
  0.43252742726907256       0.19544743668399317     
  0.71582145500246397       0.21606207179078721     
  0.72973806258313767       0.22397928138036893     
  0.68490746529212043       0.21680856679272215     
  0.67613276454605453       0.23013724365828847     
  -3.7057215262467254E-002  0.13250280893800487     
  -5.3874059620573393E-002  0.14929554268333578     
  -2.7833836926629968E-002  0.13888483793408246     
  0.48574820826904497       0.24713170551468802     
  0.45727727049418954       0.23721193722235798     
  -7.8982939584517201E-002   1.8192433725313806E-002
   2.2926278188982997E-002   4.3737613825485785E-002
  0.16027091998420720        2.2100578287264510E-002
  -6.0794989161868533E-002   3.8172727753038857E-002
  0.21012990504268281        3.4166946097695702E-002
  0.16798020944954231        3.9101947776732475E-002
  0.12582553737013627        3.1988908536078074E-002
   3.6145698059343638E-002   1.7970343024593889E-002
  0.12430061543095636        4.5846785742042269E-002
  0.37872119636615414        4.4944733756782226E-003
  0.26623943746508327        4.1619556586150374E-005
  0.29647875783762845        1.0181072196445450E-004
  0.33195425672022627        9.7886086240164469E-004
  0.41350266504141192        1.4547404301936036E-003
   8.6362788299004067E-002  -6.6559077245274684E-002
   6.5907061414876194E-003   7.0879289311199635E-003
   4.9842095936197622E-002   6.6438648602652759E-003
   6.5668741659444460E-002  -5.4175284405365660E-003
  -9.0661517755821361E-002   2.9433060817074527E-002
  0.70880552891518778       0.16996716393424466     
  0.71631903881672498       0.16878339842997775     
  0.68325174457103466       0.17779457800968479     
  0.67498118557994302       0.19331008144297543     
  0.31028100073937198        2.6846181032148721E-003
  -1.1259649099358294E-002   1.0945867007753183E-002
  0.21845985133662124        2.3432810183311586E-003
  0.24966048861976345       -3.2395965922499021E-004
  0.27741910468165981       -4.8797874420135490E-003
  0.41136301398701414       -5.2858658594888007E-004
  0.25934767839915124       -6.5629287989389468E-002
   1.7838460035573905E-002   3.7236779886469638E-002
  0.21890692336663525        2.3331244339242788E-002
  0.25244426819947080        5.3890500421188120E-002
  0.25361914383571110       -2.5957776823408510E-002
  0.24803428029216121        1.1119219847883991E-003
  0.11702350082007056        4.7128949035861690E-003
  0.57169837478984886        9.8461162684642806E-002
  0.60158396599974284       0.13174878465105111     
  0.43859528822449645        7.6485740926834231E-002
  0.58804488901292085       0.10454917800673171     
  0.65308429185037808       0.11754210326410783     
  0.52322430761961680       0.11888509311478077     
  0.54884900001794745        9.7090992999645923E-002
  0.60494274595969455       0.10509869906497141     
  0.67849845939052222        8.2660410074114427E-002
  0.65211177419372468        5.3228857593158180E-002
  0.68130631029517474        7.3020605151964693E-002
  0.67880368987206219        7.8166746204510071E-002
  0.75900491937786452        9.1071406014058096E-002
  0.66110953190775446        9.4915412526753465E-002
  0.65466856141232788       0.12187381817133008     
  0.64255586783968655        9.4451464532240188E-003
  0.59049947926108037        1.1453759532210719E-003
  0.61666935674179424        3.0972946582373577E-004
  0.63082082569808884        4.0459565148590155E-003
  0.67751714565062449       -2.9440414659286200E-003
  0.16370101316121249       0.24900590984499346     
  0.37309354280104751       0.22365486852961142     
  0.14860205672174909       0.31946926041257023     
  0.27676549226985175       0.23657501750403848     
  0.11389907494519960       0.27576256098499924     
  0.31576360552638028       0.24673764574183799     
  0.23436959104000957       0.23544226493101264     
  0.31491614652041189       0.16105346369551943     
  0.26784930280160979       0.27503329833987039     
  0.38205916066086648       0.28070750620823104     
  -8.5655018039258998E-002  0.13561832585111258     
  -6.8570842208160357E-002  0.14488049082489490     
   7.9744457249100564E-002  0.14099650179983431     
   6.6548945218236011E-002  0.14005128467219471     
  -6.9093973945909978E-002  0.12712883641484735     
   8.5217440355647642E-002  0.14563795754615758     
  -1.8459837328817896E-003  0.14434854905661090     
  0.24609193170247315       0.13246439172701949     
  0.37003586084866003       0.11013581044319495     
  0.42904205128771350       0.11128465476742398     
  0.38002012877257946       0.11089543821439511     
  0.33967806843681619       0.11116968048219136     
  0.25201579915999167       0.10889889671508828     
  0.33403875200376271       0.12766311865842941     
  -3.9146344025322369E-003   8.4135536254450499E-002
  0.12401576213943846        7.5380639790021020E-002
  0.14117696412295877        5.4533390711802091E-002
   8.0263099621929429E-002   6.4489324284025470E-002
  -6.9086274860084894E-004   7.1651545479248444E-002
   7.5577792738039148E-002   9.0258191014254516E-002
  0.41258978555431430       0.22177906897442204     
  0.53118166708253967       0.19590597892690828     
  0.54813783799232185       0.20224077677783442     
  0.49786832324161706       0.19946131417052668     
  0.39462130087295488       0.21899558070053621     
  0.49021699269867108       0.20788173597004292     
  0.17299878901348870        2.4799101011279450E-002
  -7.9377483269501836E-002   8.4751966823167141E-004
   8.4301517096024986E-002  -1.8370760649632202E-002
  0.12099968161386497       -1.0370612665447969E-002
  0.14497226394318921       -6.4404368176136234E-003
  -2.7334403768141200E-002   2.5476774128805581E-002
  0.28829141851376899       -5.3442707312885435E-003
   1.9940782120480890E-002   3.7478703672659777E-002
  0.22654634995074133       -2.1772687804446937E-003
  0.25833381420521118        1.0759656352642602E-003
  0.27279703092807700        4.2652573153633314E-002
  0.10780037298294878       -3.3462569972034603E-002
