 cosx vtec
  0.97778622329313425        3.1388095203105523E-002
  0.93355579535246846        1.1266557126342261E-002
  0.95730458721627421        1.6147304182509994E-002
  0.97120294965578102        2.6590208887822465E-002
  0.96155027889011424        2.7965496839924199E-002
  0.99432509817365800        4.8858144319178523E-002
  0.45771474698745329       0.10729922832570163     
  0.47425538836855130       0.12261495911962182     
  0.52699858062706573       0.10407521999405821     
  0.43254347774346574        7.9455081797138630E-002
  0.49744286271252081       0.11227182130513493     
  0.47711322406945900       0.23299099210043162     
  0.47439512676157708       0.23848472930534723     
  0.55558228639800644       0.24579306243113461     
  0.52325332327751761       0.24387617783107565     
  0.50184441093559162       0.23595003965126718     
  -4.3934384949031152E-002  0.24536648206127828     
  0.12465916721379683       0.18116790074331321     
   7.8134738371537699E-002  0.18711093450550123     
  0.19181993281203694       0.18987606643068172     
  -1.9818527939858332E-002  0.21150504713415480     
  0.14580795677737995       0.18739092016021178     
  0.16498367993482149       0.18751340178758585     
  0.31464196771413327       -2.7604670143527199E-003
  0.39106622349246511       -1.1527491207212459E-004
  0.44831627449907435       -1.3811317215394021E-003
  0.52439944211925849        4.4922859168688416E-003
  0.37730168078593151       -1.2436391499969313E-003
  0.21533191822649578        2.0479110461447654E-004
  0.56739194549842065       -4.5297425071958546E-003
  0.31807705101704697        3.3594982712548912E-003
  0.41879585680103870       -1.0845568661108529E-002
  0.49772508961771150        2.4618362171800252E-002
  0.53496708641111224       -3.8686800322529163E-002
  0.36452519951476620        4.1191537438215890E-004
  0.61615131132483514       0.16537621692818413     
  0.72311805273085317       0.15934392381651821     
  0.75556203700321900        2.5444023499378923E-002
  0.67540565842024836       0.16245428121964881     
  0.63808571038225548       0.15838180996555629     
  0.65974290623942877       0.16540010551223430     
  0.49790492834560940       0.18163321329719903     
  0.51779552545189178       0.18364688198242726     
  0.57760407817153048       0.17466758563093754     
  0.53916619249800557       0.17416515867053778     
  0.23510468440076576       0.15282663361311893     
  0.25401967648094320       0.18282056158905738     
  0.24978466839774738       0.16106935157295429     
  0.31486641844797714       0.15907872351079722     
  0.13540254817819203       0.19583999216562853     
  0.20868800804146004       0.15789407856856472     
  0.26988556939944797       0.15939434382024795     
  0.85965988725218245       0.19077796878947312     
  0.87935194466171951       0.19748407119543368     
  0.82666338874958412       0.19677924073786038     
  0.81122102483811576       0.19784547479312053     
  0.78844563441471438        7.1904269094688437E-003
  0.67988475093377188       -4.0428397746459149E-004
  0.70906297235719284        8.0264766956408590E-004
  0.74869945192357612       -4.8977605447199585E-004
  0.73950919534948967       -4.6278575108834206E-003
   3.9564196595933909E-002   9.8655685494388690E-002
   6.4604372788070463E-002  0.13308650335389738     
   5.4303214989288084E-002  0.10687066290385225     
  0.12969297791646650       0.10745699758102502     
  -5.0252645594408507E-002  0.13555866064375602     
   2.2358339276665917E-002   9.3728464902475037E-002
   7.6008813202201653E-002  0.10544067617861003     
  0.88380462484411459       -1.9673738106778019E-003
  0.81687187281033924        3.1601492638171458E-003
  0.84407039818894880       -3.5944424831929598E-003
  0.86739457273531451       -4.0640839485871225E-003
  0.87182572831982785        8.8320842817718771E-003
   6.2636309507248134E-002   3.9713315750270527E-003
  0.13419054126742749        1.5067994553094507E-004
  -2.0652168560175099E-002  -6.6718014027117778E-004
  0.14948937819680247        4.4953568808341338E-003
   5.2367144496828055E-002  -1.1062818537919612E-003
  0.11847581709684191       -4.5443046438902509E-003
  0.64387419019055803        6.7539068959038440E-002
  0.71044389031259736        5.4977674025444352E-002
  0.66875305709646760        5.8772998018942098E-002
  0.94531536901152546        7.7012684142695968E-003
  0.88962050303382634        2.1670522914370286E-003
  0.91420855919627941        1.8489583781809297E-003
  0.93367927051939326        4.0539128396376491E-003
  0.92058391808294227        1.1603254861881261E-002
  0.51109358620947454       0.15621543594884907     
  0.43115617617159357       0.16669204073483934     
  0.63293819543374508       0.15831919765343447     
  0.56955855962365709       0.15216228660618406     
  0.53067394234049647       0.14958327736875440     
  0.55267413848392799       0.15520144799549179     
  0.66555490079457325       -2.0566632077150596E-002
  0.45686599374490233       -1.2701386721718732E-002
  0.53971536846050816       -4.1639714671229781E-003
  0.58516366789689522       -1.2944937963955926E-003
  0.62699175177046007       -5.6288340745692606E-003
  0.51948774511246854       -4.6381131940633384E-003
  -9.1820538850430844E-002   5.2825112062993246E-004
   3.1007860548171173E-003  -2.3291142227196697E-004
   7.8523310941228303E-002  -1.0360885492778609E-003
  0.15273050874639038        2.9107282886670050E-005
  0.77340169573293616        1.7706911728363754E-002
  0.60075041094126791        8.3064049308213578E-004
  0.70134556315914209       -9.0239836387568228E-003
  0.73767049512559746        2.1763725522982606E-002
  0.75837365886984620       -7.8960665841218552E-003
  0.79351828302818017        8.2147199687336817E-002
  0.72928431345337219       0.17979436456887404     
  0.82860141613450788       0.16086609414302988     
  0.84775633495794200       0.16159190962225733     
  0.79367714118688248       0.16379153790527184     
  0.75666053390227050       0.16523917677199620     
  0.77882161686459961       0.16719070424129434     
   7.5031266315034151E-002   4.4968026919053892E-003
   2.5338668217947391E-002   4.2981282663374643E-003
   5.2292644886233697E-002   1.4764253058574511E-003
  -7.4564249653526316E-002   7.5457911314361602E-003
   9.0793997720996611E-002   8.4268154823119001E-004
  0.64000406995089165       -6.3980360992366920E-003
  0.39730776848478155       -2.4152062409891399E-004
  0.47599400501823708       -1.6801410417189593E-004
  0.52385391546256921        3.3360350109583664E-003
  0.58092395558148846        4.1850298004085691E-003
  0.86434283791532529       0.15366162381360923     
  0.75029922602805921        9.2524625267465410E-002
  0.86300312345983743       0.11551612918117631     
  0.81251172516202319       0.16378948154012907     
  0.78077199603898428       0.16060041294835464     
  0.78826474913832056        8.7806748522432240E-002
  0.90577479780581360        4.9557197440978550E-002
  0.91870891001536947        3.7410694713585532E-002
  0.90930620186939937        4.7976232722304335E-002
  0.88721376714556488        6.5191784758076146E-002
  0.83574111849834365        6.2451256859090268E-002
  0.87492253134644282        8.2339747719577638E-002
  -5.2025704310268032E-002  0.23712981313967793     
  -4.3103673243392315E-002  0.24906902391523478     
   3.2474727485409777E-002  0.25379079357669648     
  -1.0074133198064572E-002  0.23963081729763375     
  0.68264762835608517       0.20000990441896402     
  0.78355210888450144       0.18849306004408550     
  0.81348137085977690       0.20000520977718561     
  0.74193038544891854       0.19102871679253400     
  0.72626982870780210       0.19544743668399317     
  0.86405427532774237       0.21606207179078721     
  0.88423564512773156       0.22397928138036893     
  0.83181501918060707       0.21680856679272215     
  0.81516196213826952       0.23013724365828847     
  -8.0367326873914929E-002  -9.8763709137592026E-004
   8.7861172963675876E-002  -4.1869643802628563E-004
  0.15802363564952182        2.6979917087478181E-003
  -8.6245969639724668E-002  -2.0610140261236542E-002
  0.34445899457530266       0.24713170551468802     
  0.37801887982693921       0.23721193722235798     
  0.35939390644757568        1.8930705919911962E-002
  0.29166583899222315        1.1916057871492762E-002
  0.54070787128730002        2.6299998063288428E-002
  0.33467523337531879        3.0246794274645942E-002
  0.57113189050794655        1.8192433725313806E-002
  0.45733577758081001        2.2596442649661611E-002
  0.37878836538648253        3.6811161512725413E-002
  0.44020740969140043        1.8706940296745276E-002
  0.62745289111652636        4.3737613825485785E-002
  0.49141079806171606        5.4220707082015401E-002
  0.74681457986092825        2.2100578287264510E-002
  0.58898535080383341        3.8172727753038857E-002
  0.78940281921104449        3.4166946097695702E-002
  0.75599976045310324        3.9101947776732475E-002
  0.71293117244406645        3.1988908536078074E-002
  0.65621498704078729        1.7970343024593889E-002
  0.70013162299546128        4.5846785742042269E-002
  0.73191532303682083        4.4944733756782226E-003
  0.58325021791723985        4.1619556586150374E-005
  0.61538720153539339        1.0181072196445450E-004
  0.66849802123680180        9.7886086240164469E-004
  0.65786253981718978        1.4547404301936036E-003
  0.68271681579188404       -6.6559077245274684E-002
  0.49357049484883975        1.2596067335274474E-002
  0.58174086333560038        7.0879289311199635E-003
  0.62727524158937076        6.6438648602652759E-003
  0.65749341968672415       -5.4175284405365660E-003
  0.55303357055072522        2.9433060817074527E-002
  0.94116029970274750       0.16996716393424466     
  0.95153162419952908       0.16878339842997775     
  0.91773361812846632       0.17779457800968479     
  0.90223629663817750       0.19331008144297543     
   1.5156596027069424E-002   2.5771873650454365E-003
   8.9832112226567618E-002  -1.3529777179666987E-003
  0.20098936638616360       -1.1808690353571833E-003
  -8.9951275892270421E-002   7.4402037411422828E-004
  0.13679275615845976        7.6328347695225137E-004
  0.74630517885279968        2.6846181032148721E-003
  0.51864152484290971        1.0945867007753183E-002
  0.62792870030529968        2.3432810183311586E-003
  0.66078190463525477       -3.2395965922499021E-004
  0.70324220894295175       -4.8797874420135490E-003
  0.72605094496209810       -5.2858658594888007E-004
  0.81281571246673234       -6.5629287989389468E-002
  0.64595935351960776        3.7236779886469638E-002
  0.75986702571094744        2.3331244339242788E-002
  0.79423008979187815        5.3890500421188120E-002
  0.80546512922001612       -2.5957776823408510E-002
  0.81267381488340007        1.1119219847883991E-003
  0.72526583847694981        4.7128949035861690E-003
  -7.8295388144037137E-002   9.8461162684642806E-002
  -5.2418447662602452E-002  0.13174878465105111     
  -6.3336527519572083E-002  0.10454917800673171     
   3.2057610113204460E-002  0.11754210326410783     
  -9.5511459024494594E-002   9.7090992999645923E-002
  -4.0272721649776799E-002  0.10509869906497141     
  0.99191044968688469        8.2660410074114427E-002
  0.96781131021317068        5.3228857593158180E-002
  0.98914448830928681        7.3020605151964693E-002
  0.99186250093222483        7.8166746204510071E-002
  0.99706872565895188        9.1071406014058096E-002
  0.98456623086472395        9.4915412526753465E-002
  0.97225251732682827       0.12187381817133008     
  0.90778655259259344        9.4451464532240188E-003
  0.84052178158938839        1.1453759532210719E-003
  0.86583311518115791        3.0972946582373577E-004
  0.89040090143009509        4.0459565148590155E-003
  0.87455326847104842       -2.9440414659286200E-003
   4.1295543674862656E-002  0.16105346369551943     
  -5.8830764679901171E-002  0.27503329833987039     
  -7.5029593281291218E-002  0.28070750620823104     
  0.10803791538419194        9.1890626038973619E-002
   6.5111223635003546E-002   8.9232693140954458E-002
   7.9723400841687553E-002   7.9305013365230340E-002
  0.19344882366510890       0.10785865931896235     
  -2.4668532022426526E-002   9.8507271950027134E-002
  0.12478238441656836        8.8057338305888105E-002
  0.16437969244247114       0.10911163290952455     
  0.33518225522976525       -3.3425157168294802E-003
  0.25234490837785367       -3.8818913480724538E-003
  0.54469777695792854        8.9833006876898162E-003
  0.31484744057932912       -1.3661553311033220E-002
  0.54527416278990948       -8.8073565653271145E-004
  0.47784806813743913        4.9149835120062069E-003
  0.35775780368418458       -2.4785332552559099E-003
  0.74051398725231887       0.13246439172701949     
  0.84356848009545171       0.11013581044319495     
  0.90286798103312527       0.11128465476742398     
  0.85610675501592615       0.11089543821439511     
  0.81305403997140580       0.11116968048219136     
  0.77071028791683704       0.10889889671508828     
  0.79883438219127212       0.12766311865842941     
   1.6002128908420565E-003   5.5251441139887595E-003
  -4.6501973865296753E-002   4.3041167197905104E-003
  -2.1421402485372554E-002   1.1148198628110624E-003
  0.17209372688953561        6.9246880664974152E-003
   1.6892889697807389E-002   2.1253009273816455E-003
  0.57866538958509839        8.4135536254450499E-002
  0.47762941447949048        8.2703558476082906E-002
  0.69756865529541490        7.5380639790021020E-002
  0.71828219852804287        5.4533390711802091E-002
  0.65135294546833244        6.4489324284025470E-002
  0.60153242080930225        7.1651545479248444E-002
  0.63627239081073239        9.0258191014254516E-002
  0.73041424287724155       0.22177906897442204     
  0.82964739797101816       0.19590597892690828     
  0.85268458111983247       0.20224077677783442     
  0.79349855514183443       0.19946131417052668     
  0.75973472755439242       0.21899558070053621     
  0.77811754757416240       0.20788173597004292     
  0.71048940827427320        2.4799101011279450E-002
  0.51066822828213732        8.4751966823167141E-004
  0.59850047096438108       -1.8370760649632202E-002
  0.63715100475342956       -1.0370612665447969E-002
  0.67544938384459663       -6.4404368176136234E-003
  0.58473511616554674        2.5476774128805581E-002
  0.19332880271448144        1.9621664489074078E-003
  0.12364254057943080       -8.6461834010806492E-004
  0.17146033365796309       -6.8462720169913715E-004
  -5.5390883993205853E-002   3.7369930714168309E-003
  0.21184942468647738        8.6660225717047866E-004
  0.79504170022503917       -5.3442707312885435E-003
  0.60889746182202487        3.7478703672659777E-002
  0.71620799949604597       -2.1772687804446937E-003
  0.74917195583218521        1.0759656352642602E-003
  0.77514721125344688        4.2652573153633314E-002
  0.69881124310258935       -3.3462569972034603E-002
  -9.3812066967619512E-002  -5.4098435224847240E-003
  -4.8659879877725631E-002   1.0679439633908623E-003
  -4.2497664707125682E-003   8.7154376573935952E-004
