 cosx vtec
  0.66594042336402248        3.1388095203105523E-002
  0.60221524184875508        1.1266557126342261E-002
  0.64108349704019885        1.6147304182509994E-002
  0.65662295418752370        2.6590208887822465E-002
  0.70155279309601271        2.7965496839924199E-002
  0.68333340347418070        4.8858144319178523E-002
  0.81637252415506667       0.10729922832570163     
  0.84457469620311965       0.12261495911962182     
  0.83704025076089827       0.10407521999405821     
  0.77205872600763026        7.9455081797138630E-002
  0.84381104806118756       0.11227182130513493     
  0.86225161657639049       0.23299099210043162     
  0.88005767440925553       0.23848472930534723     
  0.86025331273903893       0.24579306243113461     
  0.84755660132273936       0.24387617783107565     
  0.89572922004935629       0.23595003965126718     
  -4.9543808582584926E-002  0.18116790074331321     
   1.6525923778941919E-002  0.18987606643068172     
  -6.9787039243953658E-002  0.18739092016021178     
   3.7650337905150832E-003  0.18751340178758585     
  0.26903681833137610       0.16537621692818413     
  0.36637815263902179       0.15934392381651821     
  0.38358372412818753        2.5444023499378923E-002
  0.33294740065410555       0.16245428121964881     
  0.25287595142841440       0.15838180996555629     
  0.32981926652967103       0.16540010551223430     
  0.93002801509734245       0.18163321329719903     
  0.94445773232506636       0.18364688198242726     
  0.95604218993843348       0.17466758563093754     
  0.94993870492852417       0.17416515867053778     
  0.77021319624441464       0.15282663361311893     
  0.80742691751859519       0.18282056158905738     
  0.78911744798583439       0.16106935157295429     
  0.81015445278694020       0.15907872351079722     
  0.73603187232367473       0.19583999216562853     
  0.73103392548507906       0.15789407856856472     
  0.79694472652610993       0.15939434382024795     
  0.66744018794765225       0.19077796878947312     
  0.67531647058297928       0.19748407119543368     
  0.64561799193005043       0.19677924073786038     
  0.64206943547089168       0.19784547479312053     
  0.34020447337762888        7.1904269094688437E-003
  0.23700782076652618       -4.0428397746459149E-004
  0.26923044776830551        8.0264766956408590E-004
  0.30258876335081819       -4.8977605447199585E-004
  0.36518824726779081       -4.6278575108834206E-003
  0.60256022416675559        9.8655685494388690E-002
  0.66472517967152867       0.13308650335389738     
  0.43874416937375005        5.5964969898950119E-002
  0.62732972743252013       0.10687066290385225     
  0.65591386186855916       0.10745699758102502     
  0.57558789187757842       0.13555866064375602     
  0.56825326791986863        9.3728464902475037E-002
  0.63702371571837646       0.10544067617861003     
  0.42761016395087825       -1.9673738106778019E-003
  0.35406288392368918        3.1601492638171458E-003
  0.38795063020077586       -3.5944424831929598E-003
  0.40953262600323947       -4.0640839485871225E-003
  0.48405432119378700        8.8320842817718771E-003
  0.37045314523441131        3.9713315750270527E-003
  0.32290499691302904        1.5067994553094507E-004
  0.25178597530306002       -6.6718014027117778E-004
  0.41049366544612853        4.4953568808341338E-003
  0.32631692193640927       -1.1062818537919612E-003
  0.44009058048839317       -4.5443046438902509E-003
  0.98734026016793008        6.7539068959038440E-002
  0.99771573626865151        5.4977674025444352E-002
  0.99231690549507789        5.8772998018942098E-002
  0.61481787466222437        7.7012684142695968E-003
  0.54786328187693689        2.1670522914370286E-003
  0.58271495572464238        1.8489583781809297E-003
  0.60152243814473361        4.0539128396376491E-003
  0.64278554744383432        1.1603254861881261E-002
  0.16017115477956473       0.15621543594884907     
   6.2311060633020304E-002  0.16669204073483934     
  0.26751325815744992       0.15831919765343447     
  0.22174437208575881       0.15216228660618406     
  0.14443149696556773       0.14958327736875440     
  0.21748397765483030       0.15520144799549179     
   2.4691563755822727E-002  -2.0566632077150596E-002
  -5.4483611120634497E-002  -1.2944937963955926E-003
  -1.6700995619139732E-002  -5.6288340745692606E-003
  0.17099225662606221        1.7706911728363754E-002
  -6.9008769897435665E-002   8.3064049308213578E-004
   8.7947254286407719E-002  -9.0239836387568228E-003
  0.13133691712386961        2.1763725522982606E-002
  0.15201196307504738       -7.8960665841218552E-003
  0.20433944117869079        8.2147199687336817E-002
  0.24011827519715545       0.26215514191980205     
  0.34705228462740306       0.25579646739042927     
  0.30158567626031912       0.25371490527562868     
  0.40511940575639105       0.17979436456887404     
  0.50090022969488179       0.16086609414302988     
  0.50909332389495732       0.16159190962225733     
  0.47747052445520682       0.16379153790527184     
  0.38784009131904723       0.16523917677199620     
  0.47533250481388672       0.16719070424129434     
   2.4403107058392098E-003  -6.3980360992366920E-003
  -5.7614222422940245E-002   4.1850298004085691E-003
  0.97223040463383659       0.15366162381360923     
  0.98817293414425511        9.2524625267465410E-002
  0.96567784928360556       0.11551612918117631     
  0.97161914141116368       0.16378948154012907     
  0.98331474042336853       0.16060041294835464     
  0.32377744807760728        8.7806748522432240E-002
  0.44500049125975022        4.9557197440978550E-002
  0.44173613717189048        3.7410694713585532E-002
  0.44260345819885966        4.7976232722304335E-002
  0.43567590397637351        6.5191784758076146E-002
  0.32721941816331929        6.2451256859090268E-002
  0.44376326354336759        8.2339747719577638E-002
   7.6987985583309965E-002  0.24981006337795672     
  0.10872760229786277       0.23712981313967793     
   2.6874791327104887E-002  0.27819200677065820     
  0.20772577552883981       0.24906902391523478     
  0.14845625538138496       0.25112652606919900     
  0.18855103125846331       0.25379079357669648     
  0.16611115732355289       0.23963081729763375     
  0.47704465546156438       0.20000990441896402     
  0.57290713913145475       0.18849306004408550     
  0.58733573490211322       0.20000520977718561     
  0.54476736062705911       0.19102871679253400     
  0.54054066806983458       0.19544743668399317     
  0.79113870206658998       0.21606207179078721     
  0.79850878847771600       0.22397928138036893     
  0.77002081989348370       0.21680856679272215     
  0.76546981520473134       0.23013724365828847     
   9.1826619719646008E-003  0.13250280893800487     
   2.1081125866158526E-002  0.14929554268333578     
   3.2713703668573325E-002  0.13888483793408246     
  -7.2150665783059648E-002  0.16177407630208820     
  0.62997041569885392       0.24713170551468802     
  0.60457800204216428       0.23721193722235798     
  -6.2626128501322528E-002   2.6299998063288428E-002
  -4.8644559259762986E-002   1.8192433725313806E-002
   7.7273916066744691E-002   4.3737613825485785E-002
  -8.2099293057653705E-002   5.4220707082015401E-002
  0.18879952603387995        2.2100578287264510E-002
  -3.6141159688377132E-002   3.8172727753038857E-002
  0.20646499214399580        3.4166946097695702E-002
  0.18957215337748937        3.9101947776732475E-002
  0.16789840532465866        3.1988908536078074E-002
   7.1427130066817487E-002   1.7970343024593889E-002
  0.17702886674514531        4.5846785742042269E-002
  0.26533828727306752        4.4944733756782226E-003
  0.12984365478988782        4.1619556586150374E-005
  0.16351804742086681        1.0181072196445450E-004
  0.20728692178403496        9.7886086240164469E-004
  0.27874251555644719        1.4547404301936036E-003
   3.8299310250245501E-002  -6.6559077245274684E-002
  -7.0197477685496876E-002   7.0879289311199635E-003
  -1.9852143866407299E-002   6.6438648602652759E-003
   8.8367917752765150E-003  -5.4175284405365660E-003
  0.75663131437603093       0.16996716393424466     
  0.75873367638072930       0.16878339842997775     
  0.74163689762920115       0.17779457800968479     
  0.73948354527234994       0.19331008144297543     
  0.21407193568088922        2.6846181032148721E-003
  0.10010571159299768        2.3432810183311586E-003
  0.13548178188545390       -3.2395965922499021E-004
  0.17192054781787583       -4.8797874420135490E-003
  0.29229734950214159       -5.2858658594888007E-004
  0.23092593378572146       -6.5629287989389468E-002
  -1.3527074533915152E-002   3.7236779886469638E-002
  0.15975406746863879        2.3331244339242788E-002
  0.20519289092395293        5.3890500421188120E-002
  0.21889766628674467       -2.5957776823408510E-002
  0.24253994857556768        1.1119219847883991E-003
   9.9254090069290535E-002   4.7128949035861690E-003
  0.53388153663182769        9.8461162684642806E-002
  0.58851179115812946       0.13174878465105111     
  0.38097922675528817        7.6485740926834231E-002
  0.55765959586976876       0.10454917800673171     
  0.60721600297300493       0.11754210326410783     
  0.50676203413570453       0.11888509311478077     
  0.49998479250427852        9.7090992999645923E-002
  0.57118139500329312       0.10509869906497141     
  0.66990154394802259        8.2660410074114427E-002
  0.60575857231164065        5.3228857593158180E-002
  0.65595965955359059        7.3020605151964693E-002
  0.66535305439090342        7.8166746204510071E-002
  0.73425117884058011        9.1071406014058096E-002
  0.66812043091682061        9.4915412526753465E-002
  0.67724103180023865       0.12187381817133008     
  0.56137334238274328        9.4451464532240188E-003
  0.48856140988656976        1.1453759532210719E-003
  0.52133564239214780        3.0972946582373577E-004
  0.54341934868766706        4.0459565148590155E-003
  0.58304185725085989       -2.9440414659286200E-003
  0.30321622010268623       0.24900590984499346     
  0.47764056040072733       0.22365486852961142     
  0.30612552763309064       0.31946926041257023     
  0.41179713748071861       0.23657501750403848     
  0.24554374594654729       0.27576256098499924     
  0.44257478737342248       0.24673764574183799     
  0.36832604099950528       0.23544226493101264     
  0.46584217472158274       0.16105346369551943     
  0.41511858969519089       0.27503329833987039     
  0.50228973806122945       0.28070750620823104     
  -3.3114257490400097E-002  0.13561832585111258     
   3.6636809681945236E-003  0.14488049082489490     
  0.12788952320239025       0.14099650179983431     
  0.13882312008634837       0.14005128467219471     
  -6.4460031643996532E-003  0.12712883641484735     
  0.14531008829818043       0.14563795754615758     
   6.4485133163596192E-002  0.14434854905661090     
  0.32039449515089991       0.13246439172701949     
  0.42035781384431026       0.11013581044319495     
  0.44578020622829123       0.11128465476742398     
  0.42427043874536402       0.11089543821439511     
  0.40061573372437242       0.11116968048219136     
  0.31052593393537664       0.10889889671508828     
  0.40159463899828729       0.12766311865842941     
   7.0047340057128968E-002   8.4135536254450499E-002
  -4.9295270477457111E-002   8.2703558476082906E-002
  0.17862714524814080        7.5380639790021020E-002
  0.18786633753043594        5.4533390711802091E-002
  0.14661874349978232        6.4489324284025470E-002
   6.0146578235311693E-002   7.1651545479248444E-002
  0.14904958975992402        9.0258191014254516E-002
  0.51808388551207707       0.22177906897442204     
  0.61586716088727789       0.19590597892690828     
  0.62597502699049201       0.20224077677783442     
  0.59171894534374292       0.19946131417052668     
  0.48955648694143405       0.21899558070053621     
  0.58802563327063861       0.20788173597004292     
  0.10056599594512800        2.4799101011279450E-002
  -1.2555004931425006E-002  -1.8370760649632202E-002
   2.9282653289014006E-002  -1.0370612665447969E-002
   6.3569060684828274E-002  -6.4404368176136234E-003
  -8.4875698127211213E-002   2.5476774128805581E-002
  0.22403050600877900       -5.3442707312885435E-003
  -4.6878342874669972E-002   3.7478703672659777E-002
  0.13875643541816859       -2.1772687804446937E-003
  0.17719388928368818        1.0759656352642602E-003
  0.20145306824870798        4.2652573153633314E-002
   6.0449740847077611E-002  -3.3462569972034603E-002
