 cosx vtec
  0.24024086516046089        3.1388095203105523E-002
  0.19678311137610066        1.1266557126342261E-002
  0.22835877540101701        1.6147304182509994E-002
  0.23480731545002742        2.6590208887822465E-002
  0.31268942023462043        2.7965496839924199E-002
  0.23777433979783030        4.8858144319178523E-002
  0.87815701760252518       0.10729922832570163     
  0.90100556671311649       0.12261495911962182     
  0.85586638638061163       0.10407521999405821     
  0.84053426934443842        7.9455081797138630E-002
  0.88449824283236911       0.11227182130513493     
  0.83226648507354639       0.23299099210043162     
  0.86532270636293607       0.23848472930534723     
  0.76505839396579622       0.24579306243113461     
  0.76994575803111054       0.24387617783107565     
  0.86926061323323611       0.23595003965126718     
  -8.0216466723737501E-002  0.15934392381651821     
  -7.5355502947342112E-002   2.5444023499378923E-002
  -9.7671158267801428E-002  0.16245428121964881     
  -9.2483379987331749E-002  0.16540010551223430     
  0.97732329621792313       0.18163321329719903     
  0.97749502136930833       0.18364688198242726     
  0.95487800009531232       0.17466758563093754     
  0.97091683624774161       0.17416515867053778     
  0.96146723721994554       0.15282663361311893     
  0.98798158833315664       0.18282056158905738     
  0.97320704582279927       0.16106935157295429     
  0.96053826968448774       0.15907872351079722     
  0.97306274451672814       0.19583999216562853     
  0.93329709396657412       0.15789407856856472     
  0.97094174355869733       0.15939434382024795     
  0.12427872685949731        5.2849905566731969E-002
   5.1952116859786790E-002   3.8106920053663500E-002
  0.12865670711258864        6.3276848475789002E-002
  0.31441465744960340        7.0919116972806243E-002
  0.13093618986976391       0.10519336145341916     
  0.12557069823101480        5.0497807114577992E-002
  0.38348669745183278       0.10388572255787835     
  -2.6561644850678856E-002   5.3512534605510184E-002
  0.20033584104976998        7.5890816554633062E-002
  0.24387939946677745        6.5135368128468984E-002
  -2.5524176286554900E-003   6.0586009130342254E-002
  0.26068859947539164       0.19077796878947312     
  0.26072144093518090       0.19748407119543368     
  0.24888974116956747       0.19677924073786038     
  0.25318613360915365       0.19784547479312053     
  -5.3675216342703447E-002   7.1904269094688437E-003
  -8.5733117567232536E-002   8.0264766956408590E-004
  -7.2541705278870217E-002  -4.8977605447199585E-004
   3.1529258851004494E-002  -4.6278575108834206E-003
  -9.2609852581074903E-002  -1.1004490245101013E-003
  0.10818056069356230       -7.6881997226430749E-004
  -8.6171405594485884E-002  -1.8436084074217239E-004
  -8.7096800500436888E-002   8.0550389157429145E-004
  -2.9204435938559703E-002  -6.6271548454806327E-004
  0.88074376394866549        9.8655685494388690E-002
  0.93592630627121309       0.13308650335389738     
  0.76730896754108735        5.5964969898950119E-002
  0.90100184424634400       0.10687066290385225     
  0.89209802847512476       0.10745699758102502     
  0.89552729918934981       0.13555866064375602     
  0.85014484932763446        9.3728464902475037E-002
  0.90036136991849791       0.10544067617861003     
  -1.8553609581933417E-002  -1.9673738106778019E-003
  -6.1285223835108038E-002   3.1601492638171458E-003
  -3.6890856279078232E-002  -3.5944424831929598E-003
  -2.8507994949031890E-002  -4.0640839485871225E-003
   8.3052215032750065E-002   8.8320842817718771E-003
   9.5468022563468591E-002   4.4498150413293282E-003
   4.1921054786411116E-002   1.7487307358282290E-002
   9.7681355552156957E-002   4.1352447010887541E-002
  0.26745117083544390        2.9894771136291815E-002
  0.10116875679137932        4.3363388991551628E-002
   9.8692833833819160E-002  -3.1374722056225199E-002
  0.38413830001133764        4.4487769866509388E-002
  -2.9843138247924339E-002   9.1331953273705319E-003
  0.18490324805372754        3.6179897849154104E-002
  0.18432869390701018        1.7362169594392445E-002
  -6.3182114321633120E-002   2.1612762921603676E-002
  0.57052704430192125        3.9713315750270527E-003
  0.45565461333455382        1.5067994553094507E-004
  0.46765996892662326       -6.6718014027117778E-004
  0.56401120148901651        4.4953568808341338E-003
  0.51815088104240481       -1.1062818537919612E-003
  0.62521180016459543       -4.5443046438902509E-003
  0.92647122130260751        6.7539068959038440E-002
  0.89763689231066945        5.4977674025444352E-002
  0.91665817089022750        5.8772998018942098E-002
  0.20265032864148663        7.7012684142695968E-003
  0.16135886430854535        2.1670522914370286E-003
  0.18822569724076166        1.8489583781809297E-003
  0.19560622071213840        4.0539128396376491E-003
  0.27045968709123241        1.1603254861881261E-002
  -9.0506798852795001E-002   7.1561491682741601E-004
  0.43742839240279241       0.26215514191980205     
  0.52126987895179000       0.25579646739042927     
  0.50013594699671782       0.25371490527562868     
  -3.0783835086975186E-002  0.17979436456887404     
   4.4205355539199909E-002  0.16086609414302988     
   4.5185258997305244E-002  0.16159190962225733     
   3.1440269671316801E-002  0.16379153790527184     
  -7.0203147429330204E-002  0.16523917677199620     
   3.7044956989552291E-002  0.16719070424129434     
  0.13465158225629686       0.13828575727672404     
  0.14588219031298366       0.13496985917050677     
  0.28793661674985099       0.17457448895407282     
  0.14614364924173914       0.13312764346030101     
  0.20463982322943020       0.13731931094613789     
   5.0556882181212015E-002  0.14286392655987321     
  0.75675967879145689       0.15366162381360923     
  0.86771105143918636        9.2524625267465410E-002
  0.75216007256412387       0.11551612918117631     
  0.80272190748934524       0.16378948154012907     
  0.83994396724914933       0.16060041294835464     
  -6.1980289526916754E-002   4.9557197440978550E-002
  -6.3950486855891220E-002   3.7410694713585532E-002
  -6.5037881487672422E-002   4.7976232722304335E-002
  -6.9057331575728576E-002   6.5191784758076146E-002
  -5.4551686810362099E-002   8.2339747719577638E-002
  -6.7339144184987654E-002   7.8589178373334942E-004
  -6.3214465404678510E-002  -1.6584863994053397E-002
  0.14677379578352273       -1.3931294641972591E-003
  -6.1667998409541069E-002   5.5444735493517883E-003
  -6.2674057314334009E-002   9.1762047814772235E-003
   7.1524011130659926E-002   3.2156347579018912E-003
   1.4735930094921745E-002  -1.6253284049114482E-003
  0.12512159251780083       0.24981006337795672     
   9.5574579775917240E-002  0.23712981313967793     
   2.3309158401753280E-002  0.27819200677065820     
  0.23474560764067426       0.24906902391523478     
  0.21533082171236217       0.25112652606919900     
  0.14711360188355443       0.25379079357669648     
  0.14713767650071191       0.23963081729763375     
   9.8567531754409965E-002  0.20000990441896402     
  0.17118263582799376       0.18849306004408550     
  0.17357681101981609       0.20000520977718561     
  0.15702044127284082       0.19102871679253400     
  0.16091736059386264       0.19544743668399317     
  0.43957268409162964       0.21606207179078721     
  0.43854963055967594       0.22397928138036893     
  0.42794082244841963       0.21680856679272215     
  0.43172467515609192       0.23013724365828847     
  0.32855919543606293       0.12439328161424504     
  0.33710374773249802       0.12268714835724899     
  0.48998854866230107       0.13250280893800487     
  0.46959452381197597       0.14929554268333578     
  0.33922244009824509       0.12294461422415401     
  0.49719661772388946       0.13888483793408246     
  0.39644845631572723       0.16177407630208820     
  0.16543333846822103       0.14745223535839036     
  0.56707492789663405       0.24713170551468802     
  0.50201432523312406       0.23721193722235798     
  -2.3931477704733750E-002   1.4547404301936036E-003
  0.34552994270190862       0.16996716393424466     
  0.34376030940134816       0.16878339842997775     
  0.33554021345435481       0.17779457800968479     
  0.34080189767318209       0.19331008144297543     
  -6.6508779070118096E-002  -5.2858658594888007E-004
  0.86391976118138936        9.8461162684642806E-002
  0.90891039263223583       0.13174878465105111     
  0.75465396095285808        7.6485740926834231E-002
  0.88261674477596108       0.10454917800673171     
  0.89008585574777022       0.11754210326410783     
  0.86426060703156093       0.11888509311478077     
  0.83434063373013101        9.7090992999645923E-002
  0.88645555074827698       0.10509869906497141     
  0.21288387078613819        8.2660410074114427E-002
  0.16035701790779056        5.3228857593158180E-002
  0.20463451401739791        7.3020605151964693E-002
  0.20916394058297216        7.8166746204510071E-002
  0.31257179320900141        9.1071406014058096E-002
  0.20669251153248375        9.4915412526753465E-002
  0.22033152751354645       0.12187381817133008     
  0.16291511169014600        9.4451464532240188E-003
  0.12116163895631354        1.1453759532210719E-003
  0.14545025676770601        3.0972946582373577E-004
  0.15389749387296975        4.0459565148590155E-003
  0.22836411582084370       -2.9440414659286200E-003
  0.53848867917195986       0.24900590984499346     
  0.75200976537096120       0.22365486852961142     
  0.44625830800584942       0.31946926041257023     
  0.62142359157579363       0.23657501750403848     
  0.52772084692587207       0.27576256098499924     
  0.66870945814185945       0.24673764574183799     
  0.60090132287699793       0.23544226493101264     
  0.55896014520623294       0.16105346369551943     
  0.56487063468751986       0.27503329833987039     
  0.72101851809114859       0.28070750620823104     
  0.44713552190097150       0.13561832585111258     
  0.45792885731112232       0.14488049082489490     
  0.58847212408690996       0.14099650179983431     
  0.57229174300130625       0.14005128467219471     
  0.46062368282555216       0.12712883641484735     
  0.59161173841951209       0.14563795754615758     
  0.51796234531476582       0.14434854905661090     
  -7.1643470855328406E-002  0.11013581044319495     
  -6.0593437551369644E-002  0.11128465476742398     
  -7.2058691365829208E-002  0.11089543821439511     
  -8.3094096615143498E-002  0.11116968048219136     
  -7.4545747316593969E-002  0.12766311865842941     
  0.12636505673077347       0.22177906897442204     
  0.20452431392794040       0.19590597892690828     
  0.20546202393174917       0.20224077677783442     
  0.19187950577745272       0.19946131417052668     
   6.8145313777317251E-002  0.21899558070053621     
  0.19608605346043673       0.20788173597004292     
