 cosx vtec
  0.76691184867175510        3.1388095203105523E-002
  0.72862116832919666        1.1266557126342261E-002
  0.74124625439087710        1.6147304182509994E-002
  0.75925818445438087        2.6590208887822465E-002
  0.68869687356601050        2.7965496839924199E-002
  0.80874581381257882        4.8858144319178523E-002
  0.43310383345191761       -1.2897270245265243E-003
  0.36327092052737464       -1.5853890733796313E-003
  0.39019101771900910        2.7911010227498938E-003
  0.27087784030096179        2.5617719413499748E-004
  0.29323913457959783        1.3981685127904576E-003
  0.44932300498187733       -5.1007868414364495E-003
  -6.6420438697413764E-003  0.23299099210043162     
  -3.9810800173838257E-002  0.23848472930534723     
  0.12293372835590216       0.24579306243113461     
   9.0007524713592246E-002  0.24387617783107565     
  -1.8890172150683698E-002  0.23595003965126718     
  0.26947849427768933       0.24536648206127828     
  0.44979732036557907       0.18116790074331321     
  0.43438109636249339       0.18711093450550123     
  0.48500670887579977       0.18987606643068172     
  0.36201549647789655       0.21150504713415480     
  0.49557682256325963       0.18739092016021178     
  0.45935036161888271       0.18751340178758585     
  -2.4422759742027705E-002   1.0555076789434181E-002
  0.73468865941947270       -2.7604670143527199E-003
  0.71342496043168846       -1.1527491207212459E-004
  0.74803612957910404       -1.3811317215394021E-003
  0.81526875850782377        4.4922859168688416E-003
  0.81006276645661945       -1.2436391499969313E-003
  0.79579517136895517        2.0479110461447654E-004
  0.94542254074058496       -4.5297425071958546E-003
  0.82652404364570442        3.3594982712548912E-003
  0.82313722009735701       -1.0845568661108529E-002
  0.87130461184576491        2.4618362171800252E-002
  0.91906113302115000       -3.8686800322529163E-002
  0.86348511930217087        4.1191537438215890E-004
  0.52404996811478466        2.3041674179984772E-003
  0.48738159515319918       -2.7525199677435008E-004
  0.51313336905104179       -1.2724938539822386E-003
  0.38102956505822339       -2.9124891541573404E-003
  0.42847625331963296        1.6272398366837053E-003
  0.54498944327798737       -1.8118724865727565E-004
  0.81621134603346368       0.16537621692818413     
  0.86017215952308734       0.15934392381651821     
  0.88140198055994101        2.5444023499378923E-002
  0.83355818342109989       0.16245428121964881     
  0.85360315352938310       0.15838180996555629     
  0.81818379150527643       0.16540010551223430     
  -9.0919386952165671E-002  0.17466758563093754     
  0.75090559003584922       0.19077796878947312     
  0.76448398942752094       0.19748407119543368     
  0.73486897218061575       0.19677924073786038     
  0.72049304750787968       0.19784547479312053     
  0.72515010629101395        7.1904269094688437E-003
  0.63437585492699033       -4.0428397746459149E-004
  0.65237907110178406        8.0264766956408590E-004
  0.69029650421779376       -4.8977605447199585E-004
  0.60105902912505293       -4.6278575108834206E-003
  0.82516744774872386       -1.9673738106778019E-003
  0.76778902866228294        3.1601492638171458E-003
  0.78441343994952395       -3.5944424831929598E-003
  0.80981378055027475       -4.0640839485871225E-003
  0.72797780726427974        8.8320842817718771E-003
   3.0276685817119425E-002   6.7539068959038440E-002
  0.10424684672295988        5.4977674025444352E-002
   5.8271658991669140E-002   5.8772998018942098E-002
  0.74167723116110684        7.7012684142695968E-003
  0.69365920973319284        2.1670522914370286E-003
  0.70750220334504588        1.8489583781809297E-003
  0.72966062662220521        4.0539128396376491E-003
  0.65829359737180049        1.1603254861881261E-002
  0.77763589772525954       0.15621543594884907     
  0.75668019828894151       0.16669204073483934     
  0.83665058043653295       0.15831919765343447     
  0.79894624840623907       0.15216228660618406     
  0.81276117379788826       0.14958327736875440     
  0.78228659219300489       0.15520144799549179     
  0.91026451943625997       -2.0566632077150596E-002
  0.83519430360464542       -1.2701386721718732E-002
  0.80929848088879008       -4.1639714671229781E-003
  0.83746246745876296       -1.2944937963955926E-003
  0.87947411424295208       -5.6288340745692606E-003
  0.89234290148280926       -4.6381131940633384E-003
  -2.3849300907234305E-002  -1.8425442309917390E-003
   9.1488937560949640E-002  -6.4994435822044718E-003
  0.10777998497976446       -1.5193500429710259E-003
   2.0527995880068539E-002  -1.0268789279195456E-003
   2.3850129312878859E-002  -2.8028151825057441E-004
  0.14030300237234028        5.2825112062993246E-004
  0.33040207501272750       -2.3291142227196697E-004
  0.27277448562253687       -1.0360885492778609E-003
  0.32002847147150282        2.9107282886670050E-005
   7.5523405173664987E-002  -2.7870839953360914E-003
  0.15987205546588878        1.0504469837238101E-003
  0.95081233739641424        1.7706911728363754E-002
  0.92322206042030874        8.3064049308213578E-004
  0.88762202011592239       -9.0239836387568228E-003
  0.91105822268269276        2.1763725522982606E-002
  0.93740676723950678       -7.8960665841218552E-003
  0.99065863028266499        8.2147199687336817E-002
  0.83611559060876794       0.17979436456887404     
  0.86435773503911950       0.16086609414302988     
  0.87664526475259730       0.16159190962225733     
  0.84724529800333181       0.16379153790527184     
  0.87929353436877333       0.16523917677199620     
  0.83302267081276538       0.16719070424129434     
   6.7869120938520003E-002  0.14616974875789149     
  0.18949614325261938       0.13480062142992202     
  0.16852653511098312       0.13244874296649659     
  0.23820282033579471       0.12622566330818735     
  0.12643189350736800       0.13218300977472652     
  0.24290307154821680       0.13403129489593524     
  0.22531193095295377       0.16718654530471480     
  0.68618420267750402        4.4968026919053892E-003
  0.65721301479643712        4.2981282663374643E-003
  0.68589822489475416        1.4764253058574511E-003
  0.57792357756397461        7.5457911314361602E-003
  0.70798073608083611        8.4268154823119001E-004
  0.87840986823764911       -6.3980360992366920E-003
  0.77729834173453738       -2.4152062409891399E-004
  0.75029765050629105       -1.6801410417189593E-004
  0.77959951314782727        3.3360350109583664E-003
  0.83223044571961469        4.1850298004085691E-003
  0.32926903481191766       0.15366162381360923     
  0.14092595683044221        9.2524625267465410E-002
  0.32490084358846161       0.11551612918117631     
  0.23569015244798908       0.16378948154012907     
  0.18562611684393285       0.16060041294835464     
  0.95410768277659053        8.7806748522432240E-002
  0.95837634206749689        4.9557197440978550E-002
  0.95239065426789216        3.7410694713585532E-002
  0.95897566030885906        4.7976232722304335E-002
  0.95713743000700446        6.5191784758076146E-002
  0.98364041200832808        6.2451256859090268E-002
  0.94572789008382774        8.2339747719577638E-002
  0.32664980717743863        1.8039901042231622E-002
  0.29623407508730204        9.4478455624341824E-003
  0.32940283324793984        7.0401137222157381E-004
  0.36046259304369788        6.7728585436055448E-003
  -4.4375566591986181E-002  0.15502508079457533     
   6.4357925225233398E-002  0.15193625256534618     
   4.2890509881224344E-002  0.14234849483706394     
  0.14725276429635797       0.14808115052818685     
   5.8932894463643859E-004  0.15622842766649297     
  0.13756777423369643       0.16013105653987095     
  -7.2097609704045468E-002  0.24981006337795672     
   4.5783835116884226E-002  0.23712981313967793     
   3.4669898857752089E-002  0.27819200677065820     
  -4.3199966488944433E-002  0.24906902391523478     
   9.3702121476228376E-002  0.25379079357669648     
   5.1678082252564504E-002  0.23963081729763375     
  0.71965722133078591       0.20000990441896402     
  0.75309524940421613       0.18849306004408550     
  0.77408519099910911       0.20000520977718561     
  0.72982612227628663       0.19102871679253400     
  0.71484307746348352       0.19544743668399317     
  0.62996966055692716       0.21606207179078721     
  0.64466023627852298       0.22397928138036893     
  0.61500381912845026       0.21680856679272215     
  0.59975544265911773       0.23013724365828847     
  0.12392904792253327       -9.8763709137592026E-004
  0.25440879384988391       -4.1869643802628563E-004
  0.29939082626839392        2.6979917087478181E-003
   6.6468316239765721E-002  -2.0610140261236542E-002
  0.13957597515351730        1.2452667861203354E-003
   8.8757559518784349E-002  0.24713170551468802     
  0.16984835937914622       0.23721193722235798     
  0.85924594647676922        1.8930705919911962E-002
  0.82888072122030532        1.1916057871492762E-002
  0.94846992360034654        2.6299998063288428E-002
  0.86429516241638960        3.0246794274645942E-002
  0.96480081290082054        1.8192433725313806E-002
  0.90429430397995236        2.2596442649661611E-002
  0.88108824571233668        3.6811161512725413E-002
  0.88375774613445190        1.8706940296745276E-002
  0.95685432615787902        4.3737613825485785E-002
  0.91556472709911474        5.4220707082015401E-002
  0.99282711180767835        2.2100578287264510E-002
  0.97192575619908605        3.8172727753038857E-002
  0.99694319781683705        3.4166946097695702E-002
  0.99677718172910013        3.9101947776732475E-002
  0.98017425382135970        3.1988908536078074E-002
  0.98111021960737865        1.7970343024593889E-002
  0.96574152936896018        4.5846785742042269E-002
  -8.8033990570892118E-003   3.0912012073850120E-003
   1.6480726030316584E-002  -1.0990283110258188E-003
  -7.3862775065425754E-002  -6.4708599269172379E-004
  -6.3493039690700914E-002  -7.8571204327096563E-004
  0.14604326399682196        9.8326762151727080E-003
  0.70186067421114795        4.4944733756782226E-003
  0.57929689442948262        4.1619556586150374E-005
  0.59930960330019412        1.0181072196445450E-004
  0.64785392431536148        9.7886086240164469E-004
  0.54612880164179389        1.4547404301936036E-003
  0.94272569825238262       -6.6559077245274684E-002
  0.88137484844528169        1.2596067335274474E-002
  0.85839011693067091        7.0879289311199635E-003
  0.88709950861374054        6.6438648602652759E-003
  0.92188545350490692       -5.4175284405365660E-003
  0.92511195671964563        2.9433060817074527E-002
  0.74575325367495326       0.16996716393424466     
  0.75223917047701283       0.16878339842997775     
  0.73916162290454357       0.17779457800968479     
  0.72582475290340120       0.19331008144297543     
  0.64834865890720683        2.5771873650454365E-003
  0.66954802181599904       -1.3529777179666987E-003
  0.67832347796381276       -1.1808690353571833E-003
  0.51372578456315166        7.4402037411422828E-004
  0.71836038161974847        7.6328347695225137E-004
  0.79858231187006690        2.6846181032148721E-003
  0.77201969442197615        1.0945867007753183E-002
  0.70195058488361273        2.3432810183311586E-003
  0.72234743674160673       -3.2395965922499021E-004
  0.76246410508218010       -4.8797874420135490E-003
  0.65811826675842866       -5.2858658594888007E-004
  -4.6701077901752139E-002  -3.0756226850504678E-003
  0.17347508270507764        1.0429660983790989E-003
  0.11143724996028526       -3.9392958123306140E-003
  0.14078434704695850       -2.6960714250803385E-003
   4.5770056072963333E-002  -1.8727780249503010E-003
   6.6075533899592587E-002  -1.1094276968550666E-003
  0.97486904080505477       -6.5629287989389468E-002
  0.96100690858288906        3.7236779886469638E-002
  0.92389041984166898        2.3331244339242788E-002
  0.94689393713751913        5.3890500421188120E-002
  0.96721141852539205       -2.5957776823408510E-002
  0.99386636639268910        1.1119219847883991E-003
  0.98745327599896227        4.7128949035861690E-003
  0.83467627321462023        8.2660410074114427E-002
  0.81136674933715058        5.3228857593158180E-002
  0.82188716327805422        7.3020605151964693E-002
  0.83263590086362982        7.8166746204510071E-002
  0.75612202289429919        9.1071406014058096E-002
  0.84624313825300623        9.4915412526753465E-002
  0.83917475901250815       0.12187381817133008     
  0.71709748451438704        9.4451464532240188E-003
  0.65927411464569263        1.1453759532210719E-003
  0.67400419357807806        3.0972946582373577E-004
  0.70013107449304213        4.0459565148590155E-003
  0.62648900751306724       -2.9440414659286200E-003
  0.61424927748787372        9.1890626038973619E-002
  0.59476796065435122        8.9232693140954458E-002
  0.63778361632366709        7.9305013365230340E-002
  0.66135099843406120       0.10785865931896235     
  0.52545430766603052        9.8507271950027134E-002
  0.64444947061710978        8.8057338305888105E-002
  0.63323849436481772       0.10911163290952455     
  0.86569778204124714       -3.3425157168294802E-003
  0.82212294268036978       -3.8818913480724538E-003
  0.95924041864593790        8.9833006876898162E-003
  0.85416101442431180       -1.3661553311033220E-002
  0.95532857517688341       -8.8073565653271145E-004
  0.93206719521116987        4.9149835120062069E-003
  0.87958817815629797       -2.4785332552559099E-003
  0.31898887981941804        5.4750847723127635E-004
  0.26822384545823552       -4.2505274616567703E-004
  0.29428226543288372       -1.3171948025796579E-003
  0.19459657603062494       -1.8023279581236178E-003
  0.21965068357126125        8.3129325865411764E-004
  0.34336817680447140        1.6411836388117915E-003
  0.91255583456336786       0.13246439172701949     
  0.93764474165596767       0.11013581044319495     
  0.95769299407942432       0.11128465476742398     
  0.94474092221399808       0.11089543821439511     
  0.92504266100496424       0.11116968048219136     
  0.94746279990645810       0.10889889671508828     
  0.91118951700233608       0.12766311865842941     
  0.42552346061745716        9.8087097748654267E-004
  0.44523370481825364        9.4037645013731136E-004
  0.34260559067084251        1.0679193046887114E-003
  0.35125373817694105       -1.1549248023281166E-003
  0.49989903095789501        1.8992592505824720E-003
  0.63330288464558304        5.5251441139887595E-003
  0.60345262275809786        4.3041167197905104E-003
  0.63121319789015251        1.1148198628110624E-003
  0.44606418221357041       -1.3085628101525500E-003
  0.73748669856671134        6.9246880664974152E-003
  0.53398671884507831        5.5167347462069475E-003
  0.65525524144529079        2.1253009273816455E-003
  0.91579856613121879        8.4135536254450499E-002
  0.88481418845519466        8.2703558476082906E-002
  0.96274526020535567        7.5380639790021020E-002
  0.97451901466670321        5.4533390711802091E-002
  0.93993896962971535        6.4489324284025470E-002
  0.94310325517865723        7.1651545479248444E-002
  0.92397811454925038        9.0258191014254516E-002
  0.74037392844940431       0.22177906897442204     
  0.76607338181755047       0.19590597892690828     
  0.78198050059377056       0.20224077677783442     
  0.74731391224862431       0.19946131417052668     
  0.79974744618756644       0.21899558070053621     
  0.73279426420245886       0.20788173597004292     
  0.88984787252459530        2.4799101011279450E-002
  0.83582062257135203        8.4751966823167141E-004
  0.79908272110770096       -1.8370760649632202E-002
  0.82316479160946721       -1.0370612665447969E-002
  0.86126978003137855       -6.4404368176136234E-003
  0.90366450672983567        2.5476774128805581E-002
  0.78457165898097281        1.9621664489074078E-003
  0.74094674963836216       -8.6461834010806492E-004
  0.76835783260002566       -6.8462720169913715E-004
  0.60862797663539236        3.7369930714168309E-003
  0.79696448310622769        8.6660225717047866E-004
  0.90628350660361556       -5.3442707312885435E-003
  0.88998554335917157        3.7478703672659777E-002
  0.83952672954052354       -2.1772687804446937E-003
  0.86034968813559565        1.0759656352642602E-003
  0.88895697559585141        4.2652573153633314E-002
  0.94607690476384299       -3.3462569972034603E-002
  0.57136275965698513       -5.4098435224847240E-003
  0.59267142529440875        1.0679439633908623E-003
  0.46350137636298394       -1.1953104522261194E-003
  0.47237877807536605        8.8012785027625573E-004
  0.63674728948045078        8.7154376573935952E-004
