 cosx vtec
  0.18306425172776203        3.1388095203105523E-002
  0.11905115781008579        1.1266557126342261E-002
  0.15944716175972484        1.6147304182509994E-002
  0.17341870381369118        2.6590208887822465E-002
  0.24330134698586703        2.7965496839924199E-002
  0.20198177560319613        4.8858144319178523E-002
  0.79746647449916275       0.10729922832570163     
  0.82758666592104313       0.12261495911962182     
  0.77261410546570508       0.10407521999405821     
  0.74999341381388884        7.9455081797138630E-002
  0.80725426153452995       0.11227182130513493     
  0.89261216943177524       0.23299099210043162     
  0.91806208628720887       0.23848472930534723     
  0.83017816045826898       0.24579306243113461     
  0.83786853047704168       0.24387617783107565     
  0.91812949413256395       0.23595003965126718     
  -8.5718717303836928E-002  0.24536648206127828     
  -8.3831777473408559E-002  0.18987606643068172     
  -8.0748726871804732E-002  0.18751340178758585     
  -6.4447675542480598E-002  0.16537621692818413     
  -1.2335588638246686E-002  0.15934392381651821     
  -1.5114308463004544E-002   2.5444023499378923E-002
  -2.0632443509351561E-002  0.16245428121964881     
  -1.1841356106136791E-002  0.16540010551223430     
  0.94556275490972519       0.18163321329719903     
  0.95327702232260647       0.18364688198242726     
  0.92022460384158389       0.17466758563093754     
  0.94360051052629013       0.17416515867053778     
  0.91450196033105713       0.15282663361311893     
  0.95918545514178688       0.18282056158905738     
  0.93225155441286445       0.16106935157295429     
  0.90856239158807295       0.15907872351079722     
  0.95023507236270754       0.19583999216562853     
  0.87492548140969606       0.15789407856856472     
  0.92697862801021635       0.15939434382024795     
  0.15318051463336696        5.2849905566731969E-002
   6.8179503104981332E-002   3.8106920053663500E-002
  0.17278496080534772        6.3276848475789002E-002
  0.33040580904724992        7.0919116972806243E-002
  0.16619406401691605       0.10519336145341916     
  0.14041168590198688        5.0497807114577992E-002
  0.41315655546387037       0.10388572255787835     
  -1.9190142502729102E-003   5.3512534605510184E-002
  0.23970663154948815        7.5890816554633062E-002
  0.24073661771398994        6.5135368128468984E-002
   4.7703177386957119E-002   6.0586009130342254E-002
  0.31048474825946820       0.19077796878947312     
  0.30473496052040316       0.19748407119543368     
  0.30734613497716928       0.19677924073786038     
  0.31540999360986000       0.19784547479312053     
  -8.4024286843599139E-002  -4.6278575108834206E-003
   3.2980892601595369E-002  -7.6881997226430749E-004
  0.82036416597032202        9.8655685494388690E-002
  0.89748263906587133       0.13308650335389738     
  0.69305688651161979        5.5964969898950119E-002
  0.84649256540770079       0.10687066290385225     
  0.82527973901256169       0.10745699758102502     
  0.85860352909976290       0.13555866064375602     
  0.78169970060239025        9.3728464902475037E-002
  0.84258589722879162       0.10544067617861003     
  -9.3463110783466363E-002  -1.9673738106778019E-003
  -7.5448964040369382E-003   8.8320842817718771E-003
   9.7495264472081122E-002   4.4498150413293282E-003
   3.4764166527487039E-002   1.7487307358282290E-002
  0.11887739095153982        4.1352447010887541E-002
  0.25871979292098163        2.9894771136291815E-002
  0.10981293102630413        4.3363388991551628E-002
   9.0241617461843782E-002  -3.1374722056225199E-002
  0.38821970444205872        4.4487769866509388E-002
  -3.0642213912236149E-002   9.1331953273705319E-003
  0.19959898037442619        3.6179897849154104E-002
  0.16457251520513144        1.7362169594392445E-002
  -3.4067550990409978E-002   2.1612762921603676E-002
  0.44787715693766894        3.9713315750270527E-003
  0.31928970995481287        1.5067994553094507E-004
  0.33966567837842293       -6.6718014027117778E-004
  0.43666189643234610        4.4953568808341338E-003
  0.39061830233947081       -1.1062818537919612E-003
  0.50608213553201775       -4.5443046438902509E-003
  0.92385843070479212        6.7539068959038440E-002
  0.88344424645843334        5.4977674025444352E-002
  0.91062415139483843        5.8772998018942098E-002
  0.12954166698584835        7.7012684142695968E-003
   7.0730715475774808E-002   2.1670522914370286E-003
  0.10388449052122217        1.8489583781809297E-003
  0.11799137375369045        4.0539128396376491E-003
  0.18544497368488810        1.1603254861881261E-002
  -8.1058516324549523E-002  0.15831919765343447     
  -9.4778638909985113E-002  0.15216228660618406     
  -8.6773362534708409E-002  0.15520144799549179     
  -7.4998885108205959E-002   7.1561491682741601E-004
  0.56290655791282473       0.26215514191980205     
  0.64114086118079539       0.25579646739042927     
  0.62023669639427059       0.25371490527562868     
   3.9575557813248563E-002  0.17979436456887404     
   9.4281410713575542E-002  0.16086609414302988     
   8.9374288679539171E-002  0.16159190962225733     
   9.0387096532784261E-002  0.16379153790527184     
  -9.7606697327412006E-003  0.16523917677199620     
  0.10015420651473966       0.16719070424129434     
  0.21824884195664562       0.13828575727672404     
  0.24268230671513097       0.13496985917050677     
  0.38621790501701125       0.17457448895407282     
  0.23751147679427478       0.13312764346030101     
  0.29835703841496730       0.13731931094613789     
  0.15050684315771240       0.14286392655987321     
  0.71985015794582363       0.15366162381360923     
  0.83193018671085850        9.2524625267465410E-002
  0.70970039140548413       0.11551612918117631     
  0.75632582003645610       0.16378948154012907     
  0.79987456570037585       0.16060041294835464     
  -6.2121495347251254E-002   4.9557197440978550E-002
  -8.2700293290971505E-002   3.7410694713585532E-002
  -6.9757444969227977E-002   4.7976232722304335E-002
  -5.7495836104195175E-002   6.5191784758076146E-002
  -3.3206523686370171E-002   8.2339747719577638E-002
  -9.0188185369234064E-002   7.8589178373334942E-004
  -5.9526388282611142E-002  -1.6584863994053397E-002
  0.11156606225604099       -1.3931294641972591E-003
  -7.7173789457444186E-002   5.5444735493517883E-003
  -9.4101094036781963E-002   9.1762047814772235E-003
   6.8806454377363435E-002   3.2156347579018912E-003
  -2.6571963134577437E-002  -1.6253284049114482E-003
  0.27301197317432846       0.24981006337795672     
  0.24363565816931704       0.23712981313967793     
  0.17328498842336154       0.27819200677065820     
  0.37818805267171873       0.24906902391523478     
  0.35978748923082271       0.25112652606919900     
  0.29223905954257695       0.25379079357669648     
  0.29324334939234681       0.23963081729763375     
  0.18458106693080484       0.20000990441896402     
  0.23874003904654295       0.18849306004408550     
  0.23409550608417956       0.20000520977718561     
  0.23316725993677512       0.19102871679253400     
  0.24023592103600039       0.19544743668399317     
  0.48398151085417584       0.21606207179078721     
  0.47709506915693572       0.22397928138036893     
  0.48138901768945380       0.21680856679272215     
  0.48895045242628732       0.23013724365828847     
  0.37892896004322985       0.12439328161424504     
  0.40210530137882250       0.12268714835724899     
  0.52979182645366019       0.13250280893800487     
  0.53395289467447604       0.14929554268333578     
  0.39684213793008538       0.12294461422415401     
  0.54877150552172194       0.13888483793408246     
  0.45608925006036216       0.16177407630208820     
  0.24130191856055855       0.14745223535839036     
  0.67539814145463262       0.24713170551468802     
  0.61367178835663372       0.23721193722235798     
  0.36703848412610129       0.16996716393424466     
  0.36052733830517902       0.16878339842997775     
  0.36658799464605163       0.17779457800968479     
  0.37720399793037002       0.19331008144297543     
  0.81712099635767388        9.8461162684642806E-002
  0.88210360808673871       0.13174878465105111     
  0.69473199828792831        7.6485740926834231E-002
  0.84162819688526425       0.10454917800673171     
  0.83438462568250504       0.11754210326410783     
  0.83666905321739904       0.11888509311478077     
  0.77886651675794594        9.7090992999645923E-002
  0.84218744187822203       0.10509869906497141     
  0.18781110534353068        8.2660410074114427E-002
  0.10427419132399046        5.3228857593158180E-002
  0.16542291561057182        7.3020605151964693E-002
  0.18000741811329057        7.8166746204510071E-002
  0.27181352703032446        9.1071406014058096E-002
  0.19518337754272691        9.4915412526753465E-002
  0.22205911238229203       0.12187381817133008     
   7.7837147965457210E-002   9.4451464532240188E-003
   2.0024801698485195E-002   1.1453759532210719E-003
   4.9170545895350526E-002   3.0972946582373577E-004
   6.3906196973460228E-002   4.0459565148590155E-003
  0.13120410202535282       -2.9440414659286200E-003
  0.65133363731476157       0.24900590984499346     
  0.82998162587862867       0.22365486852961142     
  0.57462232531721769       0.31946926041257023     
  0.72752850083185439       0.23657501750403848     
  0.63526729983335772       0.27576256098499924     
  0.76688536212585379       0.24673764574183799     
  0.70721897308265391       0.23544226493101264     
  0.67740786647033080       0.16105346369551943     
  0.68148625258778806       0.27503329833987039     
  0.81192412752068466       0.28070750620823104     
  0.49350851501193510       0.13561832585111258     
  0.52038938371945187       0.14488049082489490     
  0.62680172162922232       0.14099650179983431     
  0.63123005777946928       0.14005128467219471     
  0.51504803504439500       0.12712883641484735     
  0.63982984508526153       0.14563795754615758     
  0.57370993178114449       0.14434854905661090     
  -9.5990260817165274E-002  0.13246439172701949     
  -3.9124569841308743E-002  0.11013581044319495     
  -5.7827916911969868E-002  0.11128465476742398     
  -4.4900943221637457E-002  0.11089543821439511     
  -4.0862231094265677E-002  0.11116968048219136     
  -2.6608092381481652E-002  0.12766311865842941     
  0.20409289927309160       0.22177906897442204     
  0.26165833091194696       0.19590597892690828     
  0.25639925922014239       0.20224077677783442     
  0.25758618661285571       0.19946131417052668     
  0.13747953142081332       0.21899558070053621     
  0.26531766368227583       0.20788173597004292     
