 cosx vtec
  -5.2324105321491288E-002   2.7965496839924199E-002
  -5.6037848579821026E-002  -9.6162401822252549E-004
  -3.1388348998103444E-002   1.2930267714109428E-003
  -4.3257045825056795E-002   7.5567409252068395E-005
  -5.7554522915225503E-002   3.9073304018642291E-003
  0.72709218969286482       0.10729922832570163     
  0.74820398639561092       0.12261495911962182     
  0.67690201240279413       0.10407521999405821     
  0.69245204907672120        7.9455081797138630E-002
  0.72059658642262436       0.11227182130513493     
  0.73008158949962032       0.23299099210043162     
  0.76290099167156056       0.23848472930534723     
  0.63202319441770272       0.24579306243113461     
  0.65027659989293651       0.24387617783107565     
  0.75534145681486309       0.23595003965126718     
  0.83759598502664445       0.18163321329719903     
  0.83358685519914466       0.18364688198242726     
  0.78326589723571127       0.17466758563093754     
  0.81745962257343818       0.17416515867053778     
  0.91133749996286684       0.15282663361311893     
  0.93998979018453643       0.18282056158905738     
  0.92085328651442566       0.16106935157295429     
  0.87887380609575394       0.15907872351079722     
  0.97039983676740871       0.19583999216562853     
  0.88651244401074669       0.15789407856856472     
  0.90979612785025554       0.15939434382024795     
  0.47323213613269044        5.2849905566731969E-002
  0.40162289457354305        3.8106920053663500E-002
  0.48083925520847237        6.3276848475789002E-002
  0.63057294296217725        7.0919116972806243E-002
  0.48117772870686837       0.10519336145341916     
  0.46759945128041813        5.0497807114577992E-002
  0.69172520413145333       0.10388572255787835     
  0.33282220956679276        5.3512534605510184E-002
  0.54274837924039110        7.5890816554633062E-002
  0.55817798543439001        6.5135368128468984E-002
  0.36199974204215352        6.0586009130342254E-002
  -2.0197818792095701E-002  0.19077796878947312     
  -2.9827221981055141E-002  0.19748407119543368     
  -1.6919587869748121E-002  0.19677924073786038     
  -5.1134613907751203E-003  0.19784547479312053     
  0.16326268931564958       -1.1004490245101013E-003
  0.11898101682931589       -8.3599036980587562E-005
  0.33378700273764134       -7.6881997226430749E-004
  0.19005675347756767       -1.8436084074217239E-004
  0.15335367184704007        8.0550389157429145E-004
   7.4427018002446665E-002   9.8471546486337408E-004
  0.19738038965012028       -6.6271548454806327E-004
  -1.6778817450966432E-003  0.10812904251234406     
  0.89238687778695402        9.8655685494388690E-002
  0.95068954725811561       0.13308650335389738     
  0.82035493495778355        5.5964969898950119E-002
  0.91083782962065574       0.10687066290385225     
  0.86850761066715709       0.10745699758102502     
  0.95089628273192539       0.13555866064375602     
  0.86298749019616006        9.3728464902475037E-002
  0.90080122962673925       0.10544067617861003     
  0.43158377602449605        4.4498150413293282E-003
  0.37447379972076844        1.7487307358282290E-002
  0.44600548466722845        4.1352447010887541E-002
  0.57326988025555869        2.9894771136291815E-002
  0.44166833899660707        4.3363388991551628E-002
  0.42535890949303123       -3.1374722056225199E-002
  0.67973349157123597        4.4487769866509388E-002
  0.31278181706573888        9.1331953273705319E-003
  0.51995659205114875        3.6179897849154104E-002
  0.49023386250254886        1.7362169594392445E-002
  0.29992129462223260        2.1612762921603676E-002
  0.52965918311686921        3.9713315750270527E-003
  0.37600960049464993        1.5067994553094507E-004
  0.44926404467031256       -6.6718014027117778E-004
  0.48879896828519820        4.4953568808341338E-003
  0.47598113451211510       -1.1062818537919612E-003
  0.56841908317584111       -4.5443046438902509E-003
  0.74211645490366540        6.7539068959038440E-002
  0.68224757311779516        5.4977674025444352E-002
  0.72113843450920001        5.8772998018942098E-002
  -8.8423163320225762E-002   1.1603254861881261E-002
   6.4457814668897939E-002   1.2428388263224378E-003
   2.0800800937728903E-002  -2.6804108066335843E-004
   9.3933528311580139E-002   5.3309663252945824E-003
   7.8201908191532332E-002  -1.7674594537552189E-004
   5.9986942206047444E-002   1.4058700887975260E-003
  -1.0471503495552981E-002   3.4385848994467221E-003
  0.26659992470592137        7.1561491682741601E-004
  0.15805985041401827       -1.9313477136490538E-003
  -2.1008489738799208E-002   4.6256906650562378E-004
  0.59906190664007752       0.26215514191980205     
  0.65020554133824471       0.25579646739042927     
  0.64909801052877536       0.25371490527562868     
  0.47504960299846843       0.13828575727672404     
  0.47231204082985645       0.13496985917050677     
  0.58582022513997212       0.17457448895407282     
  0.47832081973102003       0.13312764346030101     
  0.52502635974501544       0.13731931094613789     
  0.38541695623719430       0.14286392655987321     
  0.46698307244244830       0.15366162381360923     
  0.62690282334201131        9.2524625267465410E-002
  0.46029879888292147       0.11551612918117631     
  0.53077823292945336       0.16378948154012907     
  0.58450131408167039       0.16060041294835464     
  0.25409418033047054        7.8589178373334942E-004
  0.20856111577369008        8.1466062100912489E-003
  0.28457335497329916       -1.6584863994053397E-002
  0.43776887298776734       -1.3931294641972591E-003
  0.26798532482951576        5.5444735493517883E-003
  0.24771367240553965        9.1762047814772235E-003
  0.16520062158293730       -1.2828109273727184E-002
  0.40579551415309462        3.2156347579018912E-003
  0.30774789728748236       -1.6253284049114482E-003
  0.12747116359304933        7.0115968919918338E-003
  0.24880277732544603       0.24981006337795672     
  0.18194964765545427       0.23712981313967793     
  0.12864440031634086       0.27819200677065820     
  0.32402521757071839       0.24906902391523478     
  0.33557556307652525       0.25112652606919900     
  0.20413067143325642       0.25379079357669648     
  0.22024487609914956       0.23963081729763375     
  -7.9481610519293144E-002  0.18849306004408550     
  -9.0907582665674613E-002  0.20000520977718561     
  -7.5555311478214648E-002  0.19102871679253400     
  -6.4339503764740014E-002  0.19544743668399317     
  0.16525511381037578       0.21606207179078721     
  0.15429430275798539       0.22397928138036893     
  0.16858881515179308       0.21680856679272215     
  0.18030290843138863       0.23013724365828847     
  0.64993627490266737       0.12439328161424504     
  0.65304251684292147       0.12268714835724899     
  0.77396777018268204       0.13250280893800487     
  0.75280874042745016       0.14929554268333578     
  0.65718800171684233       0.12294461422415401     
  0.77765220104188826       0.13888483793408246     
  0.70101525148814747       0.16177407630208820     
  0.50655576156290616       0.14745223535839036     
  0.51828447984226733       0.24713170551468802     
  0.43845005866056469       0.23721193722235798     
   2.7780504704424613E-002  0.16996716393424466     
   2.0111889410052930E-002  0.16878339842997775     
   2.9812419834237325E-002  0.17779457800968479     
   4.3320888635978549E-002  0.19331008144297543     
  -2.9301417090957238E-002   9.9820059252443555E-003
  -8.6310628494324915E-002  -3.7000416006854219E-004
  -2.3722949307971364E-002   1.8675346546876515E-002
  -2.3123829765255566E-002   1.3691458398637160E-002
  -1.8952499819899660E-002  -3.2657256707119119E-003
  0.11963349159716891        3.1281954673396055E-002
  -9.3021263542854671E-002   1.2257620280420930E-002
  0.92367006297194232        9.8461162684642806E-002
  0.97006900526649986       0.13174878465105111     
  0.85111609146364664        7.6485740926834231E-002
  0.94036285407446951       0.10454917800673171     
  0.90698746430376787       0.11754210326410783     
  0.95699921553154765       0.11888509311478077     
  0.89509986716966283        9.7090992999645923E-002
  0.93456061133414847       0.10509869906497141     
  -5.3621512497089241E-002   9.1071406014058096E-002
  0.70135700177804339       0.24900590984499346     
  0.88329324637579876       0.22365486852961142     
  0.56958045984849637       0.31946926041257023     
  0.74914428927620302       0.23657501750403848     
  0.72037732693722600       0.27576256098499924     
  0.79465216382762205       0.24673764574183799     
  0.74759623309229029       0.23544226493101264     
  0.62563692553846129       0.16105346369551943     
  0.66802945951270709       0.27503329833987039     
  0.82855065053879873       0.28070750620823104     
  0.74212214271415533       0.13561832585111258     
  0.74544150479144322       0.14488049082489490     
  0.84255927979204670       0.14099650179983431     
  0.82558682727298072       0.14005128467219471     
  0.75052098129779521       0.12712883641484735     
  0.84279259991367150       0.14563795754615758     
  0.79083129395457319       0.14434854905661090     
  -6.5522102550962691E-002  0.19590597892690828     
  -7.5599054945441391E-002  0.20224077677783442     
  -6.2013856038791948E-002  0.19946131417052668     
  -5.0426378451390641E-002  0.20788173597004292     
   8.9426346034176152E-002  -8.5020807505557317E-004
  0.11407738849024918       -1.5506346889086720E-004
   8.0349809410570627E-002  -5.1013352026934482E-003
   8.9397167895970409E-003  -2.5845571095877728E-003
  0.13332131824769250        4.6924016013175840E-003
  -6.6455903897377322E-002   8.3818313049875796E-003
  -6.1714430134426901E-002   1.8072617873496892E-002
  -6.0609172204769579E-002   1.3313824791760968E-002
  -5.3190295916259678E-002   2.0056339037771636E-004
   9.4191736697777140E-002   3.5249432613144997E-002
