 cosx vtec
  0.90113816532354973        3.1388095203105523E-002
  0.82694847104701863        1.1266557126342261E-002
  0.86167396012551256        1.6147304182509994E-002
  0.88798475541317301        2.6590208887822465E-002
  0.85121953672213713        2.7965496839924199E-002
  0.95504640673474062        4.8858144319178523E-002
  -1.2296503832097905E-002  -1.2897270245265243E-003
  -2.9785634122555027E-002  -5.1007868414364495E-003
  0.20263463764166695       0.10729922832570163     
  0.22857327459474669       0.12261495911962182     
  0.27559194844537782       0.10407521999405821     
  0.16568371982845936        7.9455081797138630E-002
  0.24952079000587313       0.11227182130513493     
  0.46798810425809523       0.23299099210043162     
  0.44676851629108461       0.23848472930534723     
  0.57056443659509160       0.24579306243113461     
  0.54014938845755633       0.24387617783107565     
  0.46872942210706015       0.23595003965126718     
  0.23680632573263433       0.24536648206127828     
  0.40425093025094438       0.18116790074331321     
  0.36342995448296711       0.18711093450550123     
  0.46368618788334276       0.18987606643068172     
  0.27079613002088698       0.21150504713415480     
  0.42726813353504883       0.18739092016021178     
  0.43843852235684488       0.18751340178758585     
  0.35215970249148243       -2.7604670143527199E-003
  0.37975552312134803       -1.1527491207212459E-004
  0.43629292722340346       -1.3811317215394021E-003
  0.52765640223663079        4.4922859168688416E-003
  0.44284416221526418       -1.2436391499969313E-003
  0.39395344294880774        2.0479110461447654E-004
  0.66738533708456493       -4.5297425071958546E-003
  0.43793019419290385        3.3594982712548912E-003
  0.47387411285791020       -1.0845568661108529E-002
  0.55544640961095171        2.4618362171800252E-002
  0.62087607754564922       -3.8686800322529163E-002
  0.49638340781074275        4.1191537438215890E-004
  0.11230198961081489        2.3041674179984772E-003
   5.1424714977329700E-002  -2.7525199677435008E-004
   6.1698148963496124E-002  -1.2724938539822386E-003
  -9.7157259578238786E-002  -2.9124891541573404E-003
  -1.3666530112110387E-002   1.6272398366837053E-003
  0.11176525939786647       -1.8118724865727565E-004
  0.82110620699683168       0.16537621692818413     
  0.89490586677291606       0.15934392381651821     
  0.91567641715901593        2.5444023499378923E-002
  0.86259947461623820       0.16245428121964881     
  0.83754076522408116       0.15838180996555629     
  0.85116458982624987       0.16540010551223430     
  0.31087787564519453       0.18163321329719903     
  0.34463405162821037       0.18364688198242726     
  0.39435682983807363       0.17466758563093754     
  0.36320816204290163       0.17416515867053778     
   9.1116597101407182E-003  0.15282663361311893     
   5.5271670709518606E-002  0.18282056158905738     
   3.2819962336553543E-002  0.16106935157295429     
   8.5484832886785544E-002  0.15907872351079722     
  -5.8062166051753294E-002  0.19583999216562853     
  -3.3363367280471845E-002  0.15789407856856472     
   4.9474995247861198E-002  0.15939434382024795     
  0.95216247054431391       0.19077796878947312     
  0.96333337804732588       0.19748407119543368     
  0.93368590454981648       0.19677924073786038     
  0.92291047359905387       0.19784547479312053     
  0.67847867597032163        7.1904269094688437E-003
  0.54644324325235860       -4.0428397746459149E-004
  0.57845508213982444        8.0264766956408590E-004
  0.62841311412355882       -4.8977605447199585E-004
  0.58520781157875412       -4.6278575108834206E-003
  0.81505350475673044       -1.9673738106778019E-003
  0.72337421728652385        3.1601492638171458E-003
  0.75638743559214094       -3.5944424831929598E-003
  0.79105137513186474       -4.0640839485871225E-003
  0.75891386536580530        8.8320842817718771E-003
  0.52330511150900105        6.7539068959038440E-002
  0.57932268116611108        5.4977674025444352E-002
  0.54560232544740228        5.8772998018942098E-002
  0.84621324620923910        7.7012684142695968E-003
  0.76459719815002103        2.1670522914370286E-003
  0.79674555750447096        1.8489583781809297E-003
  0.82747393495937660        4.0539128396376491E-003
  0.78857184795536184        1.1603254861881261E-002
  0.74238386002171197       0.15621543594884907     
  0.67909092729257581       0.16669204073483934     
  0.83368829608790174       0.15831919765343447     
  0.78687343332517712       0.15216228660618406     
  0.75792728148437560       0.14958327736875440     
  0.77367345666059084       0.15520144799549179     
  0.68833380014469148       -2.0566632077150596E-002
  0.50337191769353773       -1.2701386721718732E-002
  0.53332439202383886       -4.1639714671229781E-003
  0.58171255693511736       -1.2944937963955926E-003
  0.63898692438204419       -5.6288340745692606E-003
  0.58592142380167322       -4.6381131940633384E-003
  -6.1107597074552267E-002  -2.3291142227196697E-004
  -4.2959245464237017E-002  -1.0360885492778609E-003
   2.5803683893429963E-002   2.9107282886670050E-005
  0.80033353768464832        1.7706911728363754E-002
  0.65908713373565264        8.3064049308213578E-004
  0.69662763790731630       -9.0239836387568228E-003
  0.74051455100719910        2.1763725522982606E-002
  0.77699656720111132       -7.8960665841218552E-003
  0.86377894448749715        8.2147199687336817E-002
  -2.6100734204662634E-002  0.25579646739042927     
  -8.3102867852403450E-002  0.25371490527562868     
  0.89731567412344893       0.17979436456887404     
  0.95602211703909779       0.16086609414302988     
  0.96628855257914825       0.16159190962225733     
  0.93601598112775219       0.16379153790527184     
  0.91631535510636541       0.16523917677199620     
  0.92630748870926594       0.16719070424129434     
  -2.6904511030259592E-003  0.13480062142992202     
  -4.2191436917395131E-002  0.13244874296649659     
  -3.0798866421137883E-002  0.12622566330818735     
  -8.7618413083208030E-002  0.13218300977472652     
   2.6303422929184667E-002  0.13403129489593524     
   7.3219476839927328E-002  0.16718654530471480     
  0.33235080496868313        4.4968026919053892E-003
  0.27861706181749807        4.2981282663374643E-003
  0.29070711547848932        1.4764253058574511E-003
  0.18471437290807763        7.5457911314361602E-003
  0.33572671389441100        8.4268154823119001E-004
  0.64691962600612629       -6.3980360992366920E-003
  0.42674692548016913       -2.4152062409891399E-004
  0.45498963736724501       -1.6801410417189593E-004
  0.50396642592914798        3.3360350109583664E-003
  0.57539181940961548        4.1850298004085691E-003
  0.72810170768335347       0.15366162381360923     
  0.59035271556605862        9.2524625267465410E-002
  0.71812321898807729       0.11551612918117631     
  0.64943834713513271       0.16378948154012907     
  0.62014251433552592       0.16060041294835464     
  0.92865075013440135        8.7806748522432240E-002
  0.97133435714915795        4.9557197440978550E-002
  0.95411154302804069        3.7410694713585532E-002
  0.96789944487673019        4.7976232722304335E-002
  0.97249722622585533        6.5191784758076146E-002
  0.93834006045713048        6.2451256859090268E-002
  0.97346398180246352        8.2339747719577638E-002
  -3.7756745740734676E-002   1.8039901042231622E-002
  -8.7890744619594452E-002   9.4478455624341824E-003
  -7.8596877344711491E-002   7.0401137222157381E-004
  -2.5369100134185030E-002   6.7728585436055448E-003
  -7.2390498398425721E-002  0.15193625256534618     
  -9.6762796093975589E-002  0.14808115052818685     
  -3.0066220780253811E-002  0.16013105653987095     
   6.9707587736980894E-002  0.24981006337795672     
  0.17761777394773190       0.23712981313967793     
  0.12853744032927958       0.27819200677065820     
  0.15595564815168611       0.24906902391523478     
   6.9715445486349087E-002  0.25112652606919900     
  0.25369797437683872       0.25379079357669648     
  0.21019070947235946       0.23963081729763375     
  0.85242189795397683       0.20000990441896402     
  0.91628269253564865       0.18849306004408550     
  0.93580906825753507       0.20000520977718561     
  0.88893118788948522       0.19102871679253400     
  0.87698995505691091       0.19544743668399317     
  0.91773604406037212       0.21606207179078721     
  0.92946772312324322       0.22397928138036893     
  0.90067224751427277       0.21680856679272215     
  0.88871514369452898       0.23013724365828847     
  -4.4912887828179204E-002  -4.1869643802628563E-004
   2.0435256886833453E-002   2.6979917087478181E-003
  0.45239071954389620       0.24713170551468802     
  0.50453082524295978       0.23721193722235798     
  0.58893365356400229        1.8930705919911962E-002
  0.52483258900965923        1.1916057871492762E-002
  0.72846644034971486        2.6299998063288428E-002
  0.54510836164890419        3.0246794274645942E-002
  0.74193794654717626        1.8192433725313806E-002
  0.67213942972341512        2.2596442649661611E-002
  0.59322709876390334        3.6811161512725413E-002
  0.66598777166228407        1.8706940296745276E-002
  0.80993448780130395        4.3737613825485785E-002
  0.70196913195092969        5.4220707082015401E-002
  0.87971025655738733        2.2100578287264510E-002
  0.75074930383258454        3.8172727753038857E-002
  0.87526339895898819        3.4166946097695702E-002
  0.87964138399048020        3.9101947776732475E-002
  0.86645533842805644        3.1988908536078074E-002
  0.81624376215624617        1.7970343024593889E-002
  0.86513335637147137        4.5846785742042269E-002
  0.61900719213897781        4.4944733756782226E-003
  0.44528334645287226        4.1619556586150374E-005
  0.47917195830170450        1.0181072196445450E-004
  0.54269022922507015        9.7886086240164469E-004
  0.49361451186864880        1.4547404301936036E-003
  0.72776219875865089       -6.6559077245274684E-002
  0.56257030358971682        1.2596067335274474E-002
  0.59416531967536179        7.0879289311199635E-003
  0.64488329052400106        6.6438648602652759E-003
  0.69259548991821585       -5.4175284405365660E-003
  0.63601971358028753        2.9433060817074527E-002
  0.97685438336322017       0.16996716393424466     
  0.98018718410552963       0.16878339842997775     
  0.96970658432775814       0.17779457800968479     
  0.96137806149914851       0.19331008144297543     
  0.18386647538300982        2.5771873650454365E-003
  0.21103553067177910       -1.3529777179666987E-003
  0.25587081698129194       -1.1808690353571833E-003
   1.9468940101010968E-002   7.4402037411422828E-004
  0.27457205501117576        7.6328347695225137E-004
  0.67772491742514129        2.6846181032148721E-003
  0.49585228304832307        1.0945867007753183E-002
  0.53521137044694544        2.3432810183311586E-003
  0.57061239679453235       -3.2395965922499021E-004
  0.62416297319531366       -4.8797874420135490E-003
  0.59536801618021917       -5.2858658594888007E-004
  0.85756517590531800       -6.5629287989389468E-002
  0.72494678438564863        3.7236779886469638E-002
  0.76727128996756400        2.3331244339242788E-002
  0.81357631791010121        5.3890500421188120E-002
  0.84248878867102939       -2.5957776823408510E-002
  0.88970044999023079        1.1119219847883991E-003
  0.80794200732298449        4.7128949035861690E-003
  0.97468174522230067        8.2660410074114427E-002
  0.90580405279227105        5.3228857593158180E-002
  0.94936611563098916        7.3020605151964693E-002
  0.96839115804322495        7.8166746204510071E-002
  0.93705281925271244        9.1071406014058096E-002
  0.99072664607411776        9.4915412526753465E-002
  0.99761919052601977       0.12187381817133008     
  0.79294201127631170        9.4451464532240188E-003
  0.70158120139500513        1.1453759532210719E-003
  0.73252660675725234        3.0972946582373577E-004
  0.76774853007539678        4.0459565148590155E-003
  0.72637933601398719       -2.9440414659286200E-003
   1.4517447227625879E-002  0.31946926041257023     
  -6.2240213288811519E-002  0.23657501750403848     
  -7.9951351478486143E-002  0.24673764574183799     
  0.14906845023722579       0.16105346369551943     
   3.8747260362397173E-002  0.27503329833987039     
  -4.7874200085164798E-002  0.28070750620823104     
  0.39492244864425979        9.1890626038973619E-002
  0.35364964089026563        8.9232693140954458E-002
  0.36096220600404960        7.9305013365230340E-002
  0.47369459890550347       0.10785865931896235     
  0.26873669648080656        9.8507271950027134E-002
  0.40784105629163525        8.8057338305888105E-002
  0.44813537288702354       0.10911163290952455     
  0.54262990236961006       -3.3425157168294802E-003
  0.45743525389726969       -3.8818913480724538E-003
  0.69455687213922090        8.9833006876898162E-003
  0.48580139347323403       -1.3661553311033220E-002
  0.67963973596533478       -8.8073565653271145E-004
  0.66497594919155734        4.9149835120062069E-003
  0.53609103654565038       -2.4785332552559099E-003
  0.90529278744593245       0.13246439172701949     
  0.96184383025718079       0.11013581044319495     
  0.97290276671906084       0.11128465476742398     
  0.96620715812012314       0.11089543821439511     
  0.94771212652012327       0.11116968048219136     
  0.91956939889237688       0.10889889671508828     
  0.94077835460666326       0.12766311865842941     
  -7.0179971399766561E-002   9.8087097748654267E-004
  -5.8390077467568358E-002   9.4037645013731136E-004
   8.6885308000542172E-003   1.8992592505824720E-003
  0.26208889734565022        5.5251441139887595E-003
  0.20843580497736797        4.3041167197905104E-003
  0.21958645751396011        1.1148198628110624E-003
  -2.1909568835021598E-002  -1.3085628101525500E-003
  0.43186336001533249        6.9246880664974152E-003
  0.12800263963325659        5.5167347462069475E-003
  0.26511251536785913        2.1253009273816455E-003
  0.78439968789830261        8.4135536254450499E-002
  0.70299418459790308        8.2703558476082906E-002
  0.86454557501521034        7.5380639790021020E-002
  0.87423015200369580        5.4533390711802091E-002
  0.83701083697939038        6.4489324284025470E-002
  0.79410145206414962        7.1651545479248444E-002
  0.82940513453245701        9.0258191014254516E-002
  0.88451525514734008       0.22177906897442204     
  0.94207848114236059       0.19590597892690828     
  0.95595101569153307       0.20224077677783442     
  0.92025161632878849       0.19946131417052668     
  0.91129509374428297       0.21899558070053621     
  0.90914870522290014       0.20788173597004292     
  0.70491098714490807        2.4799101011279450E-002
  0.53399108747167201        8.4751966823167141E-004
  0.56622001495783447       -1.8370760649632202E-002
  0.60815805283294033       -1.0370612665447969E-002
  0.65991368118559679       -6.4404368176136234E-003
  0.63192855295462091        2.5476774128805581E-002
  0.41284096021048233        1.9621664489074078E-003
  0.33381107475089522       -8.6461834010806492E-004
  0.35436107779633463       -6.8462720169913715E-004
  0.17300817506275917        3.7369930714168309E-003
  0.40356290088183966        8.6660225717047866E-004
  0.78262455016821963       -5.3442707312885435E-003
  0.63528332275019084        3.7478703672659777E-002
  0.67677171650190282       -2.1772687804446937E-003
  0.71526763881542221        1.0759656352642602E-003
  0.75443617015660736        4.2652573153633314E-002
  0.74163525849689871       -3.3462569972034603E-002
   9.5874611500091300E-002  -5.4098435224847240E-003
  0.11213606410779869        1.0679439633908623E-003
  -4.1036059947123560E-002  -1.1953104522261194E-003
  -1.6087925584620688E-002   8.8012785027625573E-004
  0.17085667468463966        8.7154376573935952E-004
