 cosx vtec
  0.33357285205792020        3.1388095203105523E-002
  0.25941062336269904        1.1266557126342261E-002
  0.30407908268145667        1.6147304182509994E-002
  0.32204987620608738        2.6590208887822465E-002
  0.38224841844129254        2.7965496839924199E-002
  0.36112922098419681        4.8858144319178523E-002
  0.79666361219938220       0.10729922832570163     
  0.82997764613448011       0.12261495911962182     
  0.78581410014448116       0.10407521999405821     
  0.74484990076530222        7.9455081797138630E-002
  0.81427030379280119       0.11227182130513493     
  0.93423955468782605       0.23299099210043162     
  0.95478199688662935       0.23848472930534723     
  0.89275269172713212       0.24579306243113461     
  0.89472776371421858       0.24387617783107565     
  0.95871861700068473       0.23595003965126718     
  -4.0036503229718509E-002  0.24536648206127828     
  -4.9123561085982287E-002  0.18116790074331321     
   1.7690357147515934E-003  0.18987606643068172     
  -8.9825841814809251E-002  0.18739092016021178     
   2.5900365076944598E-004  0.18751340178758585     
   8.3287924721442530E-002  0.16537621692818413     
  0.14602557102539276       0.15934392381651821     
  0.14703655592706327        2.5444023499378923E-002
  0.13241231550292965       0.16245428121964881     
   4.5384074086751380E-002  0.15838180996555629     
  0.13878439476531768       0.16540010551223430     
  0.95706164274508720       0.18163321329719903     
  0.97037463579204664       0.18364688198242726     
  0.94760385251445312       0.17466758563093754     
  0.96441653252754522       0.17416515867053778     
  0.87421425051458090       0.15282663361311893     
  0.92499000078718385       0.18282056158905738     
  0.89533112966279649       0.16106935157295429     
  0.88201343126478227       0.15907872351079722     
  0.89646583123217538       0.19583999216562853     
  0.82896132023038760       0.15789407856856472     
  0.89323649354961199       0.15939434382024795     
  -1.6331321492935702E-002   5.2849905566731969E-002
   8.4662258776971866E-003   6.3276848475789002E-002
  0.16287070468129611        7.0919116972806243E-002
  -1.3408681228303521E-003  0.10519336145341916     
  -3.2138311230584304E-002   5.0497807114577992E-002
  0.25279638603985899       0.10388572255787835     
   7.4867077372519797E-002   7.5890816554633062E-002
   6.8539000033412678E-002   6.5135368128468984E-002
  0.46415303727412194       0.19077796878947312     
  0.46063638607208968       0.19748407119543368     
  0.45790029015752809       0.19677924073786038     
  0.46369473530654493       0.19784547479312053     
  -2.6494314629123217E-002   7.1904269094688437E-003
  -8.6737521557566644E-002   8.0264766956408590E-004
  -5.9600873717768316E-002  -4.8977605447199585E-004
   2.3012886851092096E-002  -4.6278575108834206E-003
  0.74621548507036350        9.8655685494388690E-002
  0.82935410930421705       0.13308650335389738     
  0.59667626927198569        5.5964969898950119E-002
  0.77504485587574001       0.10687066290385225     
  0.76552539376831441       0.10745699758102502     
  0.77241169063908166       0.13555866064375602     
  0.70461827844523706        9.3728464902475037E-002
  0.77442940444599406       0.10544067617861003     
   5.4534463769772112E-002  -1.9673738106778019E-003
  -1.8202323680605814E-002   3.1601492638171458E-003
   1.5577347978888656E-002  -3.5944424831929598E-003
   3.6114953846567932E-002  -4.0640839485871225E-003
  0.12661773687093639        8.8320842817718771E-003
  -7.6592284481932116E-002   4.4498150413293282E-003
  -5.2655800163170008E-002   4.1352447010887541E-002
   8.7166287575653811E-002   2.9894771136291815E-002
  -6.3705127482519552E-002   4.3363388991551628E-002
  -8.4035959420974193E-002  -3.1374722056225199E-002
  0.22242950075395040        4.4487769866509388E-002
   2.7805307596790729E-002   3.6179897849154104E-002
  -8.3093335272812485E-003   1.7362169594392445E-002
  0.38583758502968579        3.9713315750270527E-003
  0.27586525127206141        1.5067994553094507E-004
  0.26846066823681602       -6.6718014027117778E-004
  0.39018724581775022        4.4953568808341338E-003
  0.32938379917692978       -1.1062818537919612E-003
  0.45124865415516957       -4.5443046438902509E-003
  0.97380827141478365        6.7539068959038440E-002
  0.94512291455691011        5.4977674025444352E-002
  0.96511186949887806        5.8772998018942098E-002
  0.27281745047603168        7.7012684142695968E-003
  0.20230958175201702        2.1670522914370286E-003
  0.23961316913087988        1.8489583781809297E-003
  0.25849204264737091        4.0539128396376491E-003
  0.31599603124025466        1.1603254861881261E-002
   7.3330199443905064E-004  0.15621543594884907     
  -8.4545603776092076E-002  0.16669204073483934     
   6.9656606663689447E-002  0.15831919765343447     
   4.8310294420090327E-002  0.15216228660618406     
  -3.4666059718741066E-002  0.14958327736875440     
   5.3621328195225582E-002  0.15520144799549179     
  0.51876263291370328       0.26215514191980205     
  0.60716722894423947       0.25579646739042927     
  0.57716969262549189       0.25371490527562868     
  0.19598352478799103       0.17979436456887404     
  0.25853477239982642       0.16086609414302988     
  0.25566270064578017       0.16159190962225733     
  0.25129123942381659       0.16379153790527184     
  0.15225760057637261       0.16523917677199620     
  0.25889903815709547       0.16719070424129434     
   7.7869457126889169E-002  0.13828575727672404     
  0.11497868970113720       0.13496985917050677     
  0.26718408078714279       0.17457448895407282     
  0.10436870507135806       0.13312764346030101     
  0.16960594119409805       0.13731931094613789     
   2.4344967635074322E-002  0.14286392655987321     
  0.81525700837068416       0.15366162381360923     
  0.89791366328539646        9.2524625267465410E-002
  0.80381273698622124       0.11551612918117631     
  0.83619120709127392       0.16378948154012907     
  0.87257929093517073       0.16060041294835464     
   3.5948980505435824E-002   8.7806748522432240E-002
  0.11199681672368278        4.9557197440978550E-002
   8.9323909286488035E-002   3.7410694713585532E-002
  0.10410501063541944        4.7976232722304335E-002
  0.11661561462335057        6.5191784758076146E-002
  -4.7017903283919082E-004   6.2451256859090268E-002
  0.13996267200214318        8.2339747719577638E-002
  -5.9162410303999546E-002  -1.3931294641972591E-003
  0.27279632294109396       0.24981006337795672     
  0.26379324697374951       0.23712981313967793     
  0.18801123161800090       0.27819200677065820     
  0.38836203088041910       0.24906902391523478     
  0.35559794263591321       0.25112652606919900     
  0.32358506534858000       0.25379079357669648     
  0.31687184275678038       0.23963081729763375     
  0.32643018777269961       0.20000990441896402     
  0.38936845909616707       0.18849306004408550     
  0.38837972424700895       0.20000520977718561     
  0.37922816679887850       0.19102871679253400     
  0.38386744317856603       0.19544743668399317     
  0.62363141426123092       0.21606207179078721     
  0.61912905962790221       0.22397928138036893     
  0.61814887827500065       0.21680856679272215     
  0.62325555530630861       0.23013724365828847     
  0.22397578449226890       0.12439328161424504     
  0.25628024846554742       0.12268714835724899     
  0.38155009992463806       0.13250280893800487     
  0.39837589565928261       0.14929554268333578     
  0.24648130041973890       0.12294461422415401     
  0.40742589989716516       0.13888483793408246     
  0.31084310597494297       0.16177407630208820     
   9.5574704547879474E-002  0.14745223535839036     
  0.72422610058566850       0.24713170551468802     
  0.67452120726055942       0.23721193722235798     
  -9.9860453017849682E-002   4.4944733756782226E-003
  -5.4155632887764149E-002   1.4547404301936036E-003
  0.52246983478352549       0.16996716393424466     
  0.51684463442312512       0.16878339842997775     
  0.52077963287364715       0.17779457800968479     
  0.52944076204911084       0.19331008144297543     
  -6.4211705022056753E-002  -5.2858658594888007E-004
  0.72559139890098057        9.8461162684642806E-002
  0.79703226141208439       0.13174878465105111     
  0.58350727038200734        7.6485740926834231E-002
  0.75294337705477532       0.10454917800673171     
  0.75929911388450844       0.11754210326410783     
  0.73724709194525662       0.11888509311478077     
  0.68417255966695567        9.7090992999645923E-002
  0.75670681438527265       0.10509869906497141     
  0.35106996474758806        8.2660410074114427E-002
  0.25921497290360934        5.3228857593158180E-002
  0.32524357400360149        7.3020605151964693E-002
  0.34251457275091257        7.8166746204510071E-002
  0.42458914800375674        9.1071406014058096E-002
  0.36093365402499250        9.4915412526753465E-002
  0.38779352345010987       0.12187381817133008     
  0.21408841616879803        9.4451464532240188E-003
  0.14281514101727369        1.1453759532210719E-003
  0.17608219660216629        3.0972946582373577E-004
  0.19635336680840940        4.0459565148590155E-003
  0.25327377552824853       -2.9440414659286200E-003
  0.59609779367186189       0.24900590984499346     
  0.76489222851984662       0.22365486852961142     
  0.55085806186032449       0.31946926041257023     
  0.68322499038225015       0.23657501750403848     
  0.56295350741968364       0.27576256098499924     
  0.71765591895803293       0.24673764574183799     
  0.65432041584975731       0.23544226493101264     
  0.67265985685126850       0.16105346369551943     
  0.65709880489071648       0.27503329833987039     
  0.76628747631280913       0.28070750620823104     
  0.34467589599443088       0.13561832585111258     
  0.38228781274569884       0.14488049082489490     
  0.48854425677245394       0.14099650179983431     
  0.50363519110959865       0.14005128467219471     
  0.37190036556585493       0.12712883641484735     
  0.50747163935773720       0.14563795754615758     
  0.43719223922172035       0.14434854905661090     
   6.8034705847624666E-002  0.13246439172701949     
  0.13226679177515849       0.11013581044319495     
  0.11637025453506683       0.11128465476742398     
  0.12752441286064331       0.11089543821439511     
  0.12811693399286889       0.11116968048219136     
   3.0550505525543448E-002  0.10889889671508828     
  0.14049546383151790       0.12766311865842941     
  0.35070708649263949       0.22177906897442204     
  0.41578533240168331       0.19590597892690828     
  0.41321328675461610       0.20224077677783442     
  0.40805107226414944       0.19946131417052668     
  0.29186735851713907       0.21899558070053621     
  0.41347061902693516       0.20788173597004292     
