 cosx vtec
   2.6993336435052195E-002   3.1388095203105523E-002
  -2.4925617130604427E-002   1.1266557126342261E-002
   9.9705192431323586E-003   1.6147304182509994E-002
   1.9518291567499346E-002   2.6590208887822465E-002
   9.6961686808308134E-002   2.7965496839924199E-002
   3.6697215837508734E-002   4.8858144319178523E-002
  0.77403872016366182       0.10729922832570163     
  0.80004988224671758       0.12261495911962182     
  0.73593862085074369       0.10407521999405821     
  0.73234875523366383        7.9455081797138630E-002
  0.77571020566825732       0.11227182130513493     
  0.82386321358547243       0.23299099210043162     
  0.85344732220923603       0.23848472930534723     
  0.74237908447399192       0.24579306243113461     
  0.75555108450997399       0.24387617783107565     
  0.84964346963250581       0.23595003965126718     
  0.90533341964933833       0.18163321329719903     
  0.90721456730339645       0.18364688198242726     
  0.86488479468491142       0.17466758563093754     
  0.89411366290596683       0.17416515867053778     
  0.92700298930065306       0.15282663361311893     
  0.96423654319525487       0.18282056158905738     
  0.94084598585166523       0.16106935157295429     
  0.90750514186519060       0.15907872351079722     
  0.97513190005883166       0.19583999216562853     
  0.89430547309424080       0.15789407856856472     
  0.93255498436896211       0.15939434382024795     
  0.31803803807723707        5.2849905566731969E-002
  0.23852492866952163        3.8106920053663500E-002
  0.33185371184089041        6.3276848475789002E-002
  0.48790169954139545        7.0919116972806243E-002
  0.32867927333943364       0.10519336145341916     
  0.30869534477332722        5.0497807114577992E-002
  0.56096317132052220       0.10388572255787835     
  0.16800395538508694        5.3512534605510184E-002
  0.39726282061990675        7.5890816554633062E-002
  0.40561957467786980        6.5135368128468984E-002
  0.20801162385593874        6.0586009130342254E-002
  0.14738253675810187       0.19077796878947312     
  0.13957431688262123       0.19748407119543368     
  0.14745342249175963       0.19677924073786038     
  0.15754167833047761       0.19784547479312053     
   2.7896557453848669E-003  -1.1004490245101013E-003
  -3.9115775650586715E-002  -8.3599036980587562E-005
  0.18621294081586381       -7.6881997226430749E-004
   2.5284443464120565E-002  -1.8436084074217239E-004
  -3.2666442795140083E-003   8.0550389157429145E-004
  -8.6512086402866006E-002   9.8471546486337408E-004
   4.5529678755168668E-002  -6.6271548454806327E-004
  0.86958649542781596        9.8655685494388690E-002
  0.93834161147380302       0.13308650335389738     
  0.76837931978928631        5.5964969898950119E-002
  0.89222002525782806       0.10687066290385225     
  0.85995837560656474       0.10745699758102502     
  0.91870713235484236       0.13555866064375602     
  0.83502957159733759        9.3728464902475037E-002
  0.88514084247209213       0.10544067617861003     
  0.26862046898564351        4.4498150413293282E-003
  0.20777556093917604        1.7487307358282290E-002
  0.28679855249653224        4.1352447010887541E-002
  0.42241222784054022        2.9894771136291815E-002
  0.27999437900869001        4.3363388991551628E-002
  0.26177724831032972       -3.1374722056225199E-002
  0.54221404820451213        4.4487769866509388E-002
  0.14324603077714909        9.1331953273705319E-003
  0.36532793879866726        3.6179897849154104E-002
  0.33245391106315314        1.7362169594392445E-002
  0.13497748319219466        2.1612762921603676E-002
  0.49630820731341818        3.9713315750270527E-003
  0.35301271183041244        1.5067994553094507E-004
  0.40055011818869485       -6.6718014027117778E-004
  0.46986879554888417        4.4953568808341338E-003
  0.43998406538894752       -1.1062818537919612E-003
  0.54553856645700549       -4.5443046438902509E-003
  0.84583761751443443        6.7539068959038440E-002
  0.79492257048552106        5.4977674025444352E-002
  0.82846757771272006        5.8772998018942098E-002
  -1.7670174722958676E-002   7.7012684142695968E-003
  -6.2997267918035282E-002   2.1670522914370286E-003
  -3.5000665940061904E-002   1.8489583781809297E-003
  -2.6094403524002330E-002   4.0539128396376491E-003
   4.9259264130990355E-002   1.1603254861881261E-002
  -7.8236293989968342E-002   5.3309663252945824E-003
  -9.5869578029054936E-002  -1.7674594537552189E-004
   9.7278397319555232E-002   7.1561491682741601E-004
  -1.2766162873072251E-002  -1.9313477136490538E-003
  0.58994685104474121       0.26215514191980205     
  0.65563375170185445       0.25579646739042927     
  0.64445812095183341       0.25371490527562868     
  -7.2836644087541202E-002  0.16086609414302988     
  -7.9629715973409954E-002  0.16159190962225733     
  -7.3263412700779740E-002  0.16379153790527184     
  -6.1633760181028285E-002  0.16719070424129434     
  0.35199684579465951       0.13828575727672404     
  0.36301214423341210       0.13496985917050677     
  0.49351669298717221       0.17457448895407282     
  0.36343758208077975       0.13312764346030101     
  0.41804270749628830       0.13731931094613789     
  0.27209564415727239       0.14286392655987321     
  0.60257102351932357       0.15366162381360923     
  0.74066893098683484        9.2524625267465410E-002
  0.59402415736052594       0.11551612918117631     
  0.65347985438342471       0.16378948154012907     
  0.70286605519364187       0.16060041294835464     
   8.3217254636891391E-002   7.8589178373334942E-004
   3.7403248065484396E-002   8.1466062100912489E-003
  0.11425933954879502       -1.6584863994053397E-002
  0.27890465628139838       -1.3931294641972591E-003
   9.6877555518754488E-002   5.5444735493517883E-003
   7.7991150064801174E-002   9.1762047814772235E-003
  -7.5734373247349218E-003  -1.2828109273727184E-002
  0.24096173465595078        3.2156347579018912E-003
  0.14275676320260189       -1.6253284049114482E-003
  -4.5814260314669009E-002   7.0115968919918338E-003
  0.26493229229288068       0.24981006337795672     
  0.21607532276604755       0.23712981313967793     
  0.15329356824962387       0.27819200677065820     
  0.35652302121706581       0.24906902391523478     
  0.35304507441983396       0.25112652606919900     
  0.25201351729953619       0.25379079357669648     
  0.26070480475029145       0.23963081729763375     
   3.7123543461400899E-002  0.20000990441896402     
   8.0857623316082317E-002  0.18849306004408550     
   7.2698414032162206E-002  0.20000520977718561     
   8.0021683476523164E-002  0.19102871679253400     
   8.9304951592778459E-002  0.19544743668399317     
  0.32962607332991944       0.21606207179078721     
  0.32056478562664653       0.22397928138036893     
  0.33000239458402353       0.21680856679272215     
  0.33978883664542020       0.23013724365828847     
  0.52236857025142214       0.12439328161424504     
  0.53571258750654871       0.12268714835724899     
  0.66193609552985766       0.13250280893800487     
  0.65330600427753882       0.14929554268333578     
  0.53514512722186125       0.12294461422415401     
  0.67344296571713791       0.13888483793408246     
  0.58747735230568232       0.16177407630208820     
  0.37969729547541986       0.14745223535839036     
  0.60604855042421613       0.24713170551468802     
  0.53417626166128551       0.23721193722235798     
  0.20045485423983561       0.16996716393424466     
  0.19325560084034438       0.16878339842997775     
  0.20125776508526744       0.17779457800968479     
  0.21350608057269649       0.19331008144297543     
  -3.0090160110085917E-002   3.1281954673396055E-002
  0.88382278444493023        9.8461162684642806E-002
  0.94037268150774689       0.13174878465105111     
  0.78484764480538094        7.6485740926834231E-002
  0.90474056841818962       0.10454917800673171     
  0.88411778144072828       0.11754210326410783     
  0.91066924727124321       0.11888509311478077     
  0.84989500754896230        9.7090992999645923E-002
  0.90207862869654520       0.10509869906497141     
   1.8845700223823592E-002   8.2660410074114427E-002
  -5.3834908969606132E-002   5.3228857593158180E-002
   5.7596535572113083E-004   7.3020605151964693E-002
   1.2030828860816356E-002   7.8166746204510071E-002
  0.11077898912387413        9.1071406014058096E-002
   2.3502552572153501E-002   9.4915412526753465E-002
   4.9577547177511505E-002  0.12187381817133008     
  -6.0779162722608859E-002   9.4451464532240188E-003
  -7.9235127049937237E-002   3.0972946582373577E-004
  -7.0482730426225493E-002   4.0459565148590155E-003
   5.1478580535866403E-003  -2.9440414659286200E-003
  0.68677903687993469       0.24900590984499346     
  0.86985245012607959       0.22365486852961142     
  0.58092697922302627       0.31946926041257023     
  0.74972642470370443       0.23657501750403848     
  0.68827881573081862       0.27576256098499924     
  0.79281338033464954       0.24673764574183799     
  0.73862903849559602       0.23544226493101264     
  0.66157317970899021       0.16105346369551943     
  0.68516708419916150       0.27503329833987039     
  0.83289087359775860       0.28070750620823104     
  0.62734612669573131       0.13561832585111258     
  0.64267918572085325       0.14488049082489490     
  0.74601413229400015       0.14099650179983431     
  0.73964531749680085       0.14005128467219471     
  0.64254622973623177       0.12712883641484735     
  0.75274714366015694       0.14563795754615758     
  0.69279573740692291       0.14434854905661090     
   5.1277452240866161E-002  0.22177906897442204     
   9.9580973001601736E-002  0.19590597892690828     
   9.1794669506067017E-002  0.20224077677783442     
   9.9294674591745180E-002  0.19946131417052668     
  -2.1085541901628646E-002  0.21899558070053621     
  0.10910316493632027       0.20788173597004292     
  -7.6296826883942348E-002  -8.5020807505557317E-004
  -5.4918362578620483E-002  -1.5506346889086720E-004
  -8.2165592579943769E-002  -5.1013352026934482E-003
  -2.4805768174578913E-002   4.6924016013175840E-003
  -5.3229503368885656E-002   3.5249432613144997E-002
