  0.949198127       2.70701461E-02
  0.873385072       4.47030701E-02
  0.914310813       2.86799949E-02
  0.937551379       2.41102763E-02
  0.929020762       4.33861502E-02
  0.982645094       5.09872809E-02
 -0.966688514      -3.03858202E-02
 -0.953995824      -3.71708386E-02
 -0.985695839      -5.24536297E-02
 -0.976577640      -3.43128517E-02
 -0.944112420      -4.29042876E-02
 -0.964025855      -3.57277505E-02
 -0.982416034      -5.20547070E-02
 -0.984114945       4.69563417E-02
 -0.984833896       3.13453674E-02
 -0.980572820       6.43007755E-02
 -0.985010624       6.11776002E-02
 -0.985205531       4.22847569E-02
 -0.978872180      -4.79087904E-02
 -0.970645845      -5.60657158E-02
 -0.985745549      -7.31196478E-02
 -0.985207021     -0.138923645    
 -0.980387866     -0.203890458    
 -0.984224319      -5.18113002E-02
 -0.960703552      -6.96256682E-02
 -0.977338672      -4.85796370E-02
 -0.985553384      -6.34714812E-02
  0.928801239      -6.65162057E-02
  0.854661822     -0.265893638    
  0.947593570      -7.46656880E-02
  0.928058207      -6.94662556E-02
  0.896301985      -8.69862884E-02
  0.940708339      -6.44826367E-02
  0.766280234     -0.116715349    
  0.798205554     -0.120985933    
  0.730732560     -0.135105222    
  0.814667523     -0.134717271    
 -0.525906026      -9.13321748E-02
 -0.368662208     -0.222892195    
 -0.464821458      -7.01221377E-02
 -0.533499300      -9.76051465E-02
 -0.391705871      -9.61549282E-02
 -0.286561131      0.160104647    
 -0.225806236       3.88030820E-02
 -0.285852790       5.17905727E-02
 -0.154432625       4.82647605E-02
 -0.358143270       9.54604745E-02
 -0.248660177       4.49018218E-02
 -0.168695033       4.54595499E-02
 -0.943866611     -0.147256419    
 -0.898223281     -0.152876824    
 -0.917948782     -0.136180013    
 -0.947983623     -0.210997626    
 -0.916951239     -0.159340844    
 -0.485094249       2.76553780E-02
 -0.233946890       3.01149115E-02
 -0.161319882       3.21221687E-02
  -8.67011547E-02   3.61414813E-02
 -0.538974047       3.53158861E-02
 -0.984065950       4.17055972E-02
 -0.442094058       3.14471908E-02
 -0.832139015       1.94739234E-02
 -0.439414829       3.69438641E-02
 -0.349087447       3.43454070E-02
 -0.437441468       2.99726967E-02
 -0.882350266       2.09585726E-02
 -0.919263840       4.72351275E-02
 -0.950512767       3.38495374E-02
 -0.970467567       2.64971014E-02
 -0.983340621       7.16292858E-02
 -0.954255700       4.92483228E-02
 -0.953098536       2.97559537E-02
  0.247317016       2.91377921E-02
   3.53924632E-02   4.84017320E-02
  0.450964093       2.58468743E-02
  0.512736976       3.27375829E-02
  0.361835003       2.11147908E-02
  0.260937721       2.44347174E-02
  0.340605587       2.46237163E-02
  0.985548973      -7.46415779E-02
  0.972315490      -9.03460011E-02
  0.981959105      -6.57027885E-02
  0.985920846      -8.53464529E-02
  0.983606577      -6.14167042E-02
  0.977493644      -3.06887701E-02
  0.985797405      -5.04193716E-02
  0.983302593      -3.10627017E-02
  0.974914074      -4.33353484E-02
  0.984790206      -5.47613464E-02
  0.957580566      -4.80380468E-02
  0.981576025      -2.96415444E-02
 -0.962384403      -1.68737080E-02
 -0.985731184      -3.30927409E-02
 -0.891356945      -2.24497449E-02
 -0.959902942      -3.02072186E-02
 -0.935119987      -1.61095150E-02
 -0.986105978      -2.74718814E-02
 -0.654259205      -3.33116651E-02
 -0.984831810      -3.86791900E-02
 -0.871692538      -2.09281929E-02
 -0.937301993      -3.45335305E-02
 -0.918795466      -4.11682166E-02
  0.585648954       5.23952432E-02
  0.752232730       2.84483247E-02
  0.695863783      0.101008229    
  0.781565309       3.55620421E-02
  0.701717734       2.76636370E-02
  0.616980076       4.68064882E-02
  0.682034016       3.28706838E-02
  0.612398744       4.36077490E-02
  0.459219813       2.91814469E-02
  0.500786185       2.62972619E-02
  0.551703334       3.21337506E-02
  0.584660053       5.63299172E-02
 -0.595971227      -2.56914813E-02
 -0.573701680      -2.63584722E-02
 -0.364987463      -4.61685508E-02
 -0.667980492      -3.86408083E-02
 -0.541853607      -2.34547239E-02
 -0.628179431      -3.75611112E-02
 -0.464775890      -3.26312371E-02
 -0.886693358     -0.108293086    
 -0.825861394      -8.67516771E-02
 -0.790850639     -0.283508301    
 -0.837023139     -0.139521345    
 -0.848455131      -8.82378444E-02
 -0.903095722     -0.147673279    
 -0.758591056     -0.112031788    
 -0.847734630      -8.80063474E-02
  0.926481843      -2.20183935E-02
  0.980206847      -4.67419140E-02
  0.793321788      -4.83914353E-02
  0.947755635      -2.57585123E-02
  0.923931599      -3.80196273E-02
  0.974314570      -4.24519666E-02
  0.890729785      -2.99186856E-02
  0.941904426      -2.51771528E-02
  0.787050128       2.77097393E-02
  0.654014826       2.94637643E-02
  0.705572605       2.26042029E-02
  0.751125515       2.23817714E-02
  0.764713705       4.70105633E-02
 -0.960461855      -1.58137381E-02
 -0.921037138      -2.68221200E-02
 -0.983665526      -2.73479111E-02
 -0.868258655      -2.90567074E-02
 -0.979009628      -1.71965901E-02
 -0.909137011      -2.21769568E-02
 -0.984767199      -3.21988016E-02
 -0.949897051      -3.40399221E-02
 -0.985790372      -2.42886152E-02
 -0.801457882      -3.04795783E-02
 -0.982307911      -4.63717356E-02
  0.570457697      -4.44208346E-02
  0.497193247      -8.61580074E-02
  0.445792347      -5.62794209E-02
  0.592903316      -5.90143241E-02
  0.519302785      -3.77258025E-02
  0.637244701      -6.27870113E-02
  0.971868992     -0.181315228    
  0.938768327     -0.225405291    
  0.956698895     -0.175658554    
  0.968152106      0.594343424    
  0.961830080     -0.185265556    
  0.893379092       3.07502411E-02
  0.804362416       3.94469947E-02
  0.844409466       2.74845175E-02
  0.874127269       2.58066189E-02
  0.868247271       4.35296372E-02
   6.39962554E-02   2.65682358E-02
  -7.88222849E-02   4.19428721E-02
  0.267603755       3.08705010E-02
 -0.241558075       4.53844778E-02
  0.352401435       3.93032245E-02
  0.165223688       2.24465579E-02
   5.84129393E-02   2.32562851E-02
  0.148928165       2.51474380E-02
  0.243526518       3.17175649E-02
 -0.358823061       2.68848147E-02
  -2.25579739E-02   2.74777636E-02
   5.91627657E-02   2.57230457E-02
  0.128097504       2.62179822E-02
 -0.335576862       2.88343746E-02
 -0.923384845      0.191421449    
 -0.974147141      0.131665125    
 -0.946872115       7.44308755E-02
 -0.940082848      0.105077125    
 -0.967683792      0.152016982    
 -0.336434484      0.131031707    
 -0.409368753       8.34101140E-02
 -0.214940727       5.70984259E-02
 -0.149149597       7.74690285E-02
 -0.286649615      0.217366710    
 -0.415903449      0.139295995    
 -0.929040432      -2.36669425E-02
 -0.909463406      -2.91945990E-02
 -0.977788389      -4.70025428E-02
 -0.948740721      -2.84682773E-02
 -0.896534264      -3.06996182E-02
 -0.926601887      -3.15844081E-02
 -0.982686281      -4.84852754E-02
 -0.800574362      -5.14251590E-02
 -0.971335053      -5.35816476E-02
  0.654001892       2.26670150E-02
  -7.81080425E-02   2.87083909E-02
  0.363221943       2.77889222E-02
  0.476161063       2.21284162E-02
  0.569657207       1.94582157E-02
  0.937342882       3.32477838E-02
  0.296229869       2.47225091E-02
   9.71888602E-02  -5.22654541E-02
   9.45852995E-02 -0.114032678    
  0.216737658      -4.39523011E-02
   3.90042663E-02  -6.80620894E-02
  0.172142833      -4.24136743E-02
  0.190161973      -9.02345255E-02
  0.472847015       3.61876972E-02
  0.673267961       2.26482991E-02
  0.712955415       2.76950542E-02
  0.603118598       2.15451531E-02
  0.518298149       2.90057007E-02
  0.577238023       2.63205040E-02
 -0.622517824      0.235334396    
 -0.604718864       8.05263519E-02
 -0.641974032       7.66288787E-02
 -0.717395604      0.113485724    
 -0.485673219      0.126712799    
 -0.659766495      0.108105704    
 -0.629460692       8.47304314E-02
 -0.524239838      0.127861574    
 -0.837396145       3.23186144E-02
 -0.884588659       2.78735887E-02
 -0.926823318       2.22509857E-02
 -0.896301925       4.89158928E-02
 -0.887220263       2.02777497E-02
 -0.980462253      -8.85486081E-02
 -0.973237634     -0.101648696    
 -0.984677792     -0.124697365    
 -0.985881865     -0.239635661    
 -0.985311985      -9.39301848E-02
 -0.959746242     -0.120478593    
 -0.979538679      -8.53316560E-02
 -0.985803246     -0.108207919    
 -0.629235506      -3.06649711E-02
 -0.532364130      -2.20754296E-02
 -0.322215974      -4.19051573E-02
 -0.566843569      -2.19436828E-02
 -0.477381438      -2.31440086E-02
 -0.613167584      -4.10843566E-02
  0.184021145       3.76484841E-02
 -0.369731575       2.91584581E-02
  -9.02669728E-02   2.77131200E-02
  -1.94948316E-02   2.79031396E-02
   5.23405075E-02   3.10697071E-02
  0.986122370      0.153327331    
  0.985836506      0.151783779    
  0.984951854      0.255753338    
  0.972272336      0.198004693    
  0.986173749       1.10270500    
  0.614640951       4.05685306E-02
  0.953091204       1.74407698E-02
  0.986105204       2.87455972E-02
  0.968073368       1.79685503E-02
  0.983621001       5.54712936E-02
  0.896045983       2.30912734E-02
  0.867686510       2.51523480E-02
  0.836962640       3.27002965E-02
 -0.851049483       5.91759086E-02
 -0.882923365       4.34221700E-02
 -0.912343323       4.65452485E-02
 -0.945403993      0.112276159    
 -0.879593432       4.74373475E-02
 -0.931378245     -0.134679481    
 -0.916731656     -0.146504775    
 -0.955853224     -0.148465768    
 -0.896325886     -0.161859468    
 -0.929834425     -0.142597064    
 -0.959611356     -0.248755559    
 -0.853416741      -1.85736697E-02
 -0.823420048      -2.45813858E-02
 -0.961666405      -4.02694382E-02
 -0.667727232      -3.85596305E-02
 -0.890924335      -2.32206006E-02
 -0.802079260      -2.23351512E-02
 -0.858714819      -3.10519189E-02
 -0.940176427      -3.74933854E-02
 -0.708361149      -3.39504257E-02
 -0.967243195      -5.55677488E-02
 -0.553100646      0.191446200    
 -0.592779517      0.199788392    
 -0.699993789      0.199056223    
 -0.610683858      0.368958503    
 -0.579129457      0.166660652    
  -9.64120626E-02 -0.226968229    
   3.43947709E-02 -0.258586973    
  -2.29302943E-02 -0.186683059    
   1.42462254E-02  0.852615654    
  0.458890349       4.24305759E-02
  0.619554520       3.05522755E-02
  0.577196300       9.93900076E-02
  0.662873626       3.98745351E-02
  0.557998240       2.59178113E-02
  0.471834689       4.05369252E-02
  0.539780736       2.95142643E-02
  0.810061574       3.91726531E-02
  0.764293671      0.109202445    
  0.833852649       4.87443432E-02
  0.906311214      0.108005002    
  0.768356323       3.98024172E-02
  0.656257987       6.81731477E-02
  0.751475215       4.66076359E-02
 -0.584327519      -2.06131581E-02
 -0.448691756      -2.03504544E-02
 -0.135739595      -2.79198885E-02
 -0.119064063      -3.01334057E-02
 -0.500252068      -1.70265380E-02
  -7.14941025E-02  -2.77272947E-02
 -0.344779849      -1.65199693E-02
 -0.650348246      -4.57781926E-02
 -0.301583409      0.143536747    
 -0.179967493       5.94735183E-02
 -0.117840171       8.02538842E-02
 -0.251912892      0.230538607    
 -0.387705535      0.157590672    
  0.377648145      0.467047274    
  0.558040380      0.267092079    
  0.434554189     -0.257865936    
  0.464031637      0.331219554    
  0.450183451      0.457310379    
 -0.785172820      -5.22256158E-02
 -0.836169720      -7.34072849E-02
 -0.744870603      -5.09012192E-02
 -0.787147343      -5.09052649E-02
 -0.648448646      -8.43106806E-02
 -0.646535218       2.68162526E-02
 -0.758909822       2.90424712E-02
 -0.391699821       2.92783435E-02
 -0.857132912       2.06752270E-02
 -0.438777387       2.99533401E-02
 -0.492145479       2.73275934E-02
 -0.742390633       1.55415563E-02
 -0.434425056       3.42855491E-02
   6.70879185E-02   2.94237565E-02
 -0.379358679       3.78484577E-02
  0.662593126       1.86704341E-02
 -0.414820462       2.50955094E-02
  0.986176014       3.07232775E-02
  0.757218361       1.95764024E-02
  0.438798189       2.07434595E-02
  0.172922581       1.61944330E-02
  0.362795413       2.84583215E-02
 -0.986011744      0.183442205    
 -0.979556561      0.120929830    
 -0.976260960      0.210086584    
 -0.984924316      0.228559688    
 -0.986143231      0.140287176    
  0.515478373       5.29390313E-02
  0.326426148       2.96890866E-02
  0.367682219       2.91911494E-02
  0.427442551       3.89036983E-02
  0.480315566       6.70610890E-02
  0.308811545       2.69156657E-02
 -0.408992887       2.44112741E-02
   1.72510743E-02   2.85200439E-02
  0.120003819       2.49772537E-02
  0.192350745       2.30313484E-02
 -0.354586720       2.38389615E-02
  0.692477107       6.58910125E-02
  0.890148044       2.69781612E-02
  0.823940754      0.113665208    
  0.958755374       5.67186624E-02
  0.906073570       3.11760940E-02
  0.950761735       7.24810958E-02
  0.852985203       3.20248455E-02
  0.771550596       5.33736944E-02
  0.831389785       4.07185033E-02
 -0.972089171      -3.69652174E-02
 -0.983855128      -5.61754107E-02
 -0.946155071      -4.16062213E-02
 -0.942878246      -8.58421773E-02
 -0.961066246      -3.37375030E-02
 -0.986183822      -6.36223927E-02
 -0.977360845      -4.62816991E-02
 -0.916906953      -5.97400069E-02
 -0.957531154      -4.26000915E-02
 -0.965691805       4.81133498E-02
 -0.869479954       2.12398712E-02
 -0.620973229       4.76572402E-02
 -0.867555380       6.08453490E-02
 -0.908448458       2.88020447E-02
  0.502445936       3.88303101E-02
  -2.82016993E-02   4.67381515E-02
  0.310004622       2.61768326E-02
  0.361076623       2.44304072E-02
  0.422674358       2.91033480E-02
  0.525361717       6.20271899E-02
 -0.984886587      0.345686138    
 -0.941929817      0.129375115    
 -0.971010923       8.38993117E-02
 -0.981399775       7.04054609E-02
 -0.984432220      0.121584207    
 -0.974245310       9.60933045E-02
  0.867429733       1.94432456E-02
   7.81359375E-02   2.81038545E-02
  0.553143382       3.05446852E-02
  0.701217294       2.23779846E-02
  0.806448340       1.76100470E-02
  0.984650910       2.89524775E-02
  0.781141520       2.19077114E-02
  0.866749108      -3.88444737E-02
  0.946344137      -1.88511461E-02
  0.985643029      -3.75639126E-02
  0.815487623      -4.04410325E-02
  0.965371728      -2.15642005E-02
  0.940340757      -3.94101441E-02
  0.981703162      -3.19213495E-02
  0.908271849      -2.65196189E-02
  0.960394025      -2.23854538E-02
  0.986073613       2.17322707E-02
  0.937348127       5.18958829E-02
  0.978626609       3.10130138E-02
  0.985863149       2.14247573E-02
  0.981500864       4.80132401E-02
  0.975695372       3.47871631E-02
  0.949311793       4.92609367E-02
  0.831164181       3.51451598E-02
  0.730982423       3.64093259E-02
  0.769849896       2.73250453E-02
  0.804252982       2.81063076E-02
  0.802596033       4.52833772E-02
  0.193623096      -4.55220006E-02
  0.504478991      -6.21392652E-02
  0.158126563     -0.116330162    
  0.320790261      -3.38592939E-02
  0.144690156      -5.66555485E-02
  0.379697978      -4.56440188E-02
  0.279444277      -3.29357758E-02
  0.326789588     -0.148389652    
  0.288592428      -8.35277587E-02
  0.457457423      -6.15928285E-02
 -0.273209155      -2.23944299E-02
 -0.161466330      -2.17811633E-02
  0.269491971      -2.47461293E-02
  0.155356705      -2.57137120E-02
 -0.189429730      -1.84364282E-02
  0.235350728      -2.32965425E-02
  -4.20501828E-03  -1.56004345E-02
  0.441139877      -3.22480872E-02
 -0.529826224       2.75854822E-02
 -0.584036589       2.97116078E-02
 -0.657280445       3.70731130E-02
 -0.439347535       3.84466350E-02
 -0.631591558       5.41398227E-02
 -0.561309040       2.39318348E-02
 -0.445009410       3.96661013E-02
 -0.870966852       3.38523388E-02
 -0.952028871       3.33383046E-02
 -0.943586767       2.88329851E-02
 -0.985342145       1.83775760E-02
 -0.950017273       2.83458475E-02
 -0.742719054       3.20785008E-02
 -0.978149116       1.67806651E-02
 -0.943456590       8.11228156E-02
 -0.970200241       5.17549776E-02
 -0.981227040       4.17120792E-02
 -0.985002995       8.05926025E-02
 -0.973038554       6.30374327E-02
 -0.970292687       5.44037297E-02
  0.469459951       3.40136923E-02
  0.744125485       1.90826859E-02
  0.938377380       3.87020558E-02
  0.784860134       2.17513926E-02
  0.656437993       2.02318244E-02
  0.567285419       2.30767801E-02
  0.615622878       2.63811331E-02
 -0.931077957      -5.85791990E-02
 -0.916573107      -5.83199933E-02
 -0.980493665     -0.101455845    
 -0.941389620     -0.243501544    
 -0.951112926      -7.13381395E-02
 -0.901235104      -7.21095726E-02
 -0.929409266      -5.48844673E-02
 -0.961106181      -9.50620994E-02
 -0.983187437       4.99787889E-02
 -0.965302587       2.77661067E-02
 -0.957106888       5.76590337E-02
 -0.982887626       6.68949485E-02
 -0.978995085       4.12588455E-02
 -0.863036036       3.54007259E-02
 -0.903799772       2.88737919E-02
 -0.938571095       2.34559271E-02
 -0.979812443       7.66068548E-02
 -0.733012438       4.90844063E-02
 -0.912258506       4.77484949E-02
 -0.906403661       2.25637984E-02
  -1.13483667E-02   2.61050090E-02
 -0.271190643       3.62903476E-02
  0.354763120       2.14641262E-02
  0.437826812       2.41736658E-02
  0.197806954       2.02291980E-02
  -8.48829746E-04   1.66235678E-02
  0.169278234       2.59069279E-02
  0.530063748       4.60564457E-02
  0.695217013       2.82314047E-02
  0.643101931       9.98409465E-02
  0.730293036       3.58928144E-02
  0.639073491       2.59410404E-02
  0.554957032       4.19465080E-02
  0.619487703       3.03925369E-02
 -0.698189497      -2.63931416E-02
 -0.755163312      -3.86106558E-02
 -0.649744511      -2.56242193E-02
 -0.714393020      -3.54311168E-02
 -0.571080625      -3.90036814E-02
  0.393941909       3.14185619E-02
 -0.176446229       3.21139321E-02
  0.150793433       2.59650201E-02
  0.223996013       2.37509161E-02
  0.296328545       2.50457563E-02
  -7.49849081E-02   3.27353477E-02
 -0.929694712       3.78389731E-02
 -0.973811388       3.28543894E-02
 -0.985163093       1.86671820E-02
 -0.968304515       5.74722514E-02
 -0.983704805       1.92070175E-02
 -0.970632493      -4.13334034E-02
 -0.983180225      -6.19477145E-02
 -0.944220126      -4.53591123E-02
 -0.942827821      -8.79695266E-02
 -0.959119439      -3.74082364E-02
 -0.986181617      -7.00180531E-02
 -0.975851536      -4.98983450E-02
 -0.911129475      -6.51205629E-02
 -0.955953240      -4.49155793E-02
  0.634574056       2.55944859E-02
   4.05115485E-02   3.53315584E-02
  0.417332768       2.63082348E-02
  0.495720923       2.15880107E-02
  0.567125320       2.08980758E-02
  0.381677091       3.18176560E-02
 -0.983073592       4.25720885E-02
 -0.956472754       2.20012944E-02
 -0.944400549       5.81065603E-02
 -0.984680057       6.42260686E-02
 -0.973809659       2.96873767E-02
