 cosx vtec
  0.11010153443662896        3.1388095203105523E-002
   2.7834512199071515E-002   1.1266557126342261E-002
   7.5760085141302058E-002   1.6147304182509994E-002
   9.6617145267124671E-002   2.6590208887822465E-002
  0.15756111411395796        2.7965496839924199E-002
  0.14929568955708178        4.8858144319178523E-002
  0.69774585450594995       0.10729922832570163     
  0.73417463829385943       0.12261495911962182     
  0.66986573948673211       0.10407521999405821     
  0.64188784014885825        7.9455081797138630E-002
  0.71015347098601878       0.11227182130513493     
  0.92843521152423913       0.23299099210043162     
  0.94604139360624750       0.23848472930534723     
  0.87068280946449284       0.24579306243113461     
  0.88142511553981040       0.24387617783107565     
  0.94194352853327656       0.23595003965126718     
   5.8393525201352409E-002  0.24536648206127828     
   6.6458626759149098E-003  0.18116790074331321     
  -3.7800061886803321E-002  0.18711093450550123     
   4.4783760368891423E-002  0.18987606643068172     
  -6.4227693766335942E-002  0.21150504713415480     
  -4.3560369288806494E-002  0.18739092016021178     
   5.0167944317047630E-002  0.18751340178758585     
   1.0528189716034364E-002  0.16537621692818413     
   4.3841981954774900E-002  0.15934392381651821     
   3.3202963443021427E-002   2.5444023499378923E-002
   4.5304395787623353E-002  0.16245428121964881     
  -3.9160484120123240E-002  0.15838180996555629     
   5.7671620506547006E-002  0.16540010551223430     
  0.89029472168884682       0.18163321329719903     
  0.90494265512243821       0.18364688198242726     
  0.86146708325307830       0.17466758563093754     
  0.89211773282987128       0.17416515867053778     
  0.84869650612686698       0.15282663361311893     
  0.91001785199873453       0.18282056158905738     
  0.87177583972889749       0.16106935157295429     
  0.83684757673123045       0.15907872351079722     
  0.90873325258513016       0.19583999216562853     
  0.79909122063040616       0.15789407856856472     
  0.86338070931949806       0.15939434382024795     
  0.19125871789080529        5.2849905566731969E-002
   9.5838300842329582E-002   3.8106920053663500E-002
  0.22522684252982036        6.3276848475789002E-002
  0.35118092845729132        7.0919116972806243E-002
  0.21016703155890057       0.10519336145341916     
  0.16496496136197680        5.0497807114577992E-002
  0.44508574781982296       0.10388572255787835     
   3.5639761688355920E-002   5.3512534605510184E-002
  0.28582844330798379        7.5890816554633062E-002
  0.24487770132274284        6.5135368128468984E-002
  0.10907276028093527        6.0586009130342254E-002
  0.34120501533287734       0.19077796878947312     
  0.32964104617471446       0.19748407119543368     
  0.34703773359599094       0.19677924073786038     
  0.35884796167102528       0.19784547479312053     
  -3.1322397563689264E-002  -7.6881997226430749E-004
  -8.3717066272226220E-002  0.10812904251234406     
  0.74596355559718186        9.8655685494388690E-002
  0.84271565449122710       0.13308650335389738     
  0.60951591536535399        5.5964969898950119E-002
  0.77713212909750484       0.10687066290385225     
  0.74323213953652156       0.10745699758102502     
  0.80765579618594407       0.13555866064375602     
  0.70038135166912596        9.3728464902475037E-002
  0.76980342358558218       0.10544067617861003     
  0.11037868595214828        4.4498150413293282E-003
   3.9963700777024713E-002   1.7487307358282290E-002
  0.15022419253032127        4.1352447010887541E-002
  0.25679297034686172        2.9894771136291815E-002
  0.12897525787196773        4.3363388991551628E-002
   9.2834626894888805E-002  -3.1374722056225199E-002
  0.39556883730479719        4.4487769866509388E-002
  -1.7603213304278220E-002   9.1331953273705319E-003
  0.22253278455326428        3.6179897849154104E-002
  0.15397537089649815        1.7362169594392445E-002
   8.5922461297234243E-003   2.1612762921603676E-002
  0.31920591498165973        3.9713315750270527E-003
  0.17857134567350474        1.5067994553094507E-004
  0.20893499787180891       -6.6718014027117778E-004
  0.30238041018575879        4.4953568808341338E-003
  0.25837411647944403       -1.1062818537919612E-003
  0.37899173440836131       -4.5443046438902509E-003
  0.89534440869264054        6.7539068959038440E-002
  0.84342919962224394        5.4977674025444352E-002
  0.87866189862409816        5.8772998018942098E-002
   4.2476214427249137E-002   7.7012684142695968E-003
  -3.1560077403153086E-002   2.1670522914370286E-003
   6.7725361350711166E-003   1.8489583781809297E-003
   2.6906506784969308E-002   4.0539128396376491E-003
   8.6099294546240601E-002   1.1603254861881261E-002
  -4.7733983187316475E-002  0.15621543594884907     
  -1.0248916505545769E-002  0.15831919765343447     
  -1.3252438115801513E-002  0.15216228660618406     
  -9.3555965938941499E-002  0.14958327736875440     
  -1.9562506091744813E-003  0.15520144799549179     
  -4.4815195186547974E-002   7.1561491682741601E-004
  0.67825372160701491       0.26215514191980205     
  0.74823737878439267       0.25579646739042927     
  0.72875239654107404       0.25371490527562868     
   9.7136907346596968E-002  0.17979436456887404     
  0.12965536934046928       0.16086609414302988     
  0.11882450512407094       0.16159190962225733     
  0.13497881620976049       0.16379153790527184     
   3.8639768536171182E-002  0.16523917677199620     
  0.14883813504550530       0.16719070424129434     
  0.30725752692290265       0.13828575727672404     
  0.34334851463040972       0.13496985917050677     
  0.48427223398590008       0.17457448895407282     
  0.33328129333411183       0.13312764346030101     
  0.39468688759592724       0.13731931094613789     
  0.25641271166297047       0.14286392655987321     
  0.65847909142135319       0.15366162381360923     
  0.77123397500214064        9.2524625267465410E-002
  0.64312022565991422       0.11551612918117631     
  0.68577251607116885       0.16378948154012907     
  0.73514795946989364       0.16060041294835464     
  -7.3968040108849886E-002   4.9557197440978550E-002
  -8.5980161387060439E-002   4.7976232722304335E-002
  -5.7749895439462073E-002   6.5191784758076146E-002
  -2.4186995893114571E-002   8.2339747719577638E-002
  -9.7947317443111304E-002   7.8589178373334942E-004
  -4.1383026948811463E-002  -1.6584863994053397E-002
   8.6623152646046364E-002  -1.3931294641972591E-003
  -7.7822329161299941E-002   5.5444735493517883E-003
   7.7643871588680635E-002   3.2156347579018912E-003
  -5.4475312194790348E-002  -1.6253284049114482E-003
  -8.4415394653158587E-002  0.15502508079457533     
  0.41438293698802919       0.24981006337795672     
  0.38433694497768572       0.23712981313967793     
  0.31799670208490827       0.27819200677065820     
  0.51180602828679345       0.24906902391523478     
  0.49594847372825135       0.25112652606919900     
  0.42799346962505386       0.25379079357669648     
  0.43053866848034056       0.23963081729763375     
  0.25542829284938068       0.20000990441896402     
  0.28916941232759352       0.18849306004408550     
  0.27732036842000024       0.20000520977718561     
  0.29266552656007139       0.19102871679253400     
  0.30292077777293419       0.19544743668399317     
  0.50622317582319332       0.21606207179078721     
  0.49345756747920305       0.22397928138036893     
  0.51295108504903775       0.21680856679272215     
  0.52429507586668722       0.23013724365828847     
  0.43196777484217247       0.12439328161424504     
  0.46852946218732622       0.12268714835724899     
  0.56814407149895618       0.13250280893800487     
  0.59580104552835034       0.14929554268333578     
  0.45635410479968369       0.12294461422415401     
  0.59791849631179472       0.13888483793408246     
  0.51581644258019099       0.16177407630208820     
  0.32243523713466710       0.14745223535839036     
  0.76385312798475469       0.24713170551468802     
  0.70602788445625020       0.23721193722235798     
  0.36798369597426717       0.16996716393424466     
  0.35681978508210455       0.16878339842997775     
  0.37717716052963546       0.17779457800968479     
  0.39304145735962986       0.19331008144297543     
  -9.4616644451198217E-002   3.1281954673396055E-002
  0.75769576583717901        9.8461162684642806E-002
  0.84062538502480377       0.13174878465105111     
  0.62660574405133462        7.6485740926834231E-002
  0.78721095300150412       0.10454917800673171     
  0.76439772239704729       0.11754210326410783     
  0.79658104795744245       0.11888509311478077     
  0.71192148056673421        9.7090992999645923E-002
  0.78423447564842075       0.10509869906497141     
  0.14587254489591056        8.2660410074114427E-002
   3.3955636596397498E-002   5.3228857593158180E-002
  0.11014198669703290        7.3020605151964693E-002
  0.13422887133017325        7.8166746204510071E-002
  0.21297278199852165        9.1071406014058096E-002
  0.16644319220085985        9.4915412526753465E-002
  0.20591345770717573       0.12187381817133008     
  -1.9427599666509920E-002   9.4451464532240188E-003
  -9.0894924075783423E-002   1.1453759532210719E-003
  -5.7902047622592823E-002   3.0972946582373577E-004
  -3.7650157872700207E-002   4.0459565148590155E-003
   2.1654231547876712E-002  -2.9440414659286200E-003
  0.75277110404999881       0.24900590984499346     
  0.89301583886701130       0.22365486852961142     
  0.69103075765883004       0.31946926041257023     
  0.81957354110525049       0.23657501750403848     
  0.73308483251551138       0.27576256098499924     
  0.85043244072547619       0.24673764574183799     
  0.80061417762266318       0.23544226493101264     
  0.77999856131059342       0.16105346369551943     
  0.78363523907790289       0.27503329833987039     
  0.88685049181988429       0.28070750620823104     
  0.53934384823913695       0.13561832585111258     
  0.58085567336765531       0.14488049082489490     
  0.66060144139190480       0.14099650179983431     
  0.68472460541926228       0.14005128467219471     
  0.56798834925223329       0.12712883641484735     
  0.68275921630280945       0.14563795754615758     
  0.62606681060422020       0.14434854905661090     
  -5.0202925605421500E-002  0.13246439172701949     
  -1.8654927515746600E-002  0.11013581044319495     
  -6.6876571852121258E-002  0.11128465476742398     
  -2.9732513653333792E-002  0.11089543821439511     
  -1.0455259729633848E-002  0.11116968048219136     
   9.3055422000153376E-003  0.12766311865842941     
  0.26582629331890884       0.22177906897442204     
  0.30085058823875782       0.19590597892690828     
  0.28931704512773282       0.20224077677783442     
  0.30572606170714023       0.19946131417052668     
  0.19182499931588387       0.21899558070053621     
  0.31697254983308476       0.20788173597004292     
