 cosx vtec
  0.45276826387271762       -9.6162401822252549E-004
  0.41267448132841322       -3.1685733285309186E-004
  0.46605551372892978        1.2930267714109428E-003
  0.46217767978145735        7.5567409252068395E-005
  0.45229694966474820        3.9073304018642291E-003
  0.38709132142984726       -7.3190681211835254E-004
  0.38241911039043808       -5.0381838196475351E-004
  0.30071280619598956       -1.4334823602417959E-004
  0.25471077118206775        9.1280395362138908E-005
  0.30926107600400399        2.6484931139093269E-003
  0.14578987950909886        2.4790802105653944E-003
   4.2919200832201188E-002   4.0766235908728171E-004
  0.30921283601869654       -1.5515789069554193E-003
  0.30861573645327156       -3.5281456368758475E-003
  0.22767048408871263       -1.1035258684171378E-003
  0.22549469683767825        4.7901094501673130E-004
  0.44270185029939835       0.10729922832570163     
  0.44721946654497308       0.12261495911962182     
  0.36601232778102422       0.10407521999405821     
  0.43283579821842882        7.9455081797138630E-002
  0.41436975010900839       0.11227182130513493     
  0.33748177690782044       0.23299099210043162     
  0.37221144644358906       0.23848472930534723     
  0.21006523540773905       0.24579306243113461     
  0.24031793743606941       0.24387617783107565     
  0.35434614244173912       0.23595003965126718     
  0.19633495856341304        1.5687779507678255E-003
   1.8298271226000196E-002   2.7623175054397550E-003
  0.14285323020031390        4.0197458449612528E-003
   9.1591227477334947E-002  -4.7835043372671920E-004
  0.17577315903647783       -3.4377783499088652E-003
  0.13403353198196560        1.7863194930720187E-002
   6.7645839530823315E-002   1.9575283317887330E-002
  -6.9786688691606924E-002   3.0287222014354839E-002
  -3.5072939612524459E-002   1.6668697761839574E-002
  0.10185304037532845        2.5127913673000962E-002
   4.6134659568272257E-003   1.0602088710713380E-002
   2.8398767051178581E-003   1.3917213258329682E-002
  0.48261526546626599       0.18163321329719903     
  0.46374853640211922       0.18364688198242726     
  0.39727090135359372       0.17466758563093754     
  0.44114216077684665       0.17416515867053778     
  0.69107383195935057       0.15282663361311893     
  0.69326138585225050       0.18282056158905738     
  0.68750745306184202       0.16106935157295429     
  0.62586098913321508       0.15907872351079722     
  0.77599437920747194       0.19583999216562853     
  0.69131761232549449       0.15789407856856472     
  0.66982449061607763       0.15939434382024795     
  0.84362853968056062        5.2849905566731969E-002
  0.80541468514495296        3.8106920053663500E-002
  0.83488699311392378        6.3276848475789002E-002
  0.93347931368900738        7.0919116972806243E-002
  0.84358222485799783       0.10519336145341916     
  0.84696752821698862        5.0497807114577992E-002
  0.95170897581468428       0.10388572255787835     
  0.75577961793609849        5.3512534605510184E-002
  0.87444864164041380        7.5890816554633062E-002
  0.89908395757982451        6.5135368128468984E-002
  0.75336195970215680        6.0586009130342254E-002
  0.58637022334456967       -1.1004490245101013E-003
  0.54203215053307940       -8.3599036980587562E-005
  0.68649575047674039       -7.6881997226430749E-004
  0.62300185061828539       -1.8436084074217239E-004
  0.56556582597752336        8.0550389157429145E-004
  0.51475814899247052        9.8471546486337408E-004
  0.58659394087294625       -6.6271548454806327E-004
  0.24269921734046512        5.8068373183961623E-002
  0.16867883602907768        6.6928927599418278E-002
   4.8019905600210216E-002   7.8420673010781289E-002
   7.5754543316429751E-002   6.1524758571879119E-002
  -6.0980529862160765E-002   3.4345231023820519E-002
  0.20194083145790998        6.3733997491919478E-002
  0.11483197358560752        4.5257741978062357E-002
  0.32742833889832418       0.10812904251234406     
  0.11446107658300320        6.0545584113714725E-002
  0.78452572870529269        9.8655685494388690E-002
  0.80630705911977896       0.13308650335389738     
  0.80746921242605607        5.5964969898950119E-002
  0.78866495702948192       0.10687066290385225     
  0.72232240642273859       0.10745699758102502     
  0.86437335839424123       0.13555866064375602     
  0.77381461590098299        9.3728464902475037E-002
  0.77121034929388832       0.10544067617861003     
  0.82670058146731573        4.4498150413293282E-003
  0.78895372825544263        1.7487307358282290E-002
  0.83144535095678351        4.1352447010887541E-002
  0.90537991284247976        2.9894771136291815E-002
  0.83253939313284231        4.3363388991551628E-002
  0.82129912439207553       -3.1374722056225199E-002
  0.95637701875132319        4.4487769866509388E-002
  0.74796787556715516        9.1331953273705319E-003
  0.87738441380012600        3.6179897849154104E-002
  0.85529443345026468        1.7362169594392445E-002
  0.73011016025588171        2.1612762921603676E-002
  0.50575894628384821        3.9713315750270527E-003
  0.34718681082293629        1.5067994553094507E-004
  0.48347445845466802       -6.6718014027117778E-004
  0.42951239892562609        4.4953568808341338E-003
  0.46852320877899800       -1.1062818537919612E-003
  0.50779896971944272       -4.5443046438902509E-003
  0.30585773057247434        6.7539068959038440E-002
  0.22854105434804295        5.4977674025444352E-002
  0.27752772535602327        5.8772998018942098E-002
  0.55684282777281291        1.2428388263224378E-003
  0.51853092374193721       -2.6804108066335843E-004
  0.57951709138284924        5.3309663252945824E-003
  0.56896124946262128       -1.7674594537552189E-004
  0.55039842792616456        1.4058700887975260E-003
  0.49296519171776776        3.4385848994467221E-003
  0.71281415524964731        7.1561491682741601E-004
  0.61795322054690638       -1.9313477136490538E-003
  0.48319093202066177        4.6256906650562378E-004
  0.54197146208628222       0.26215514191980205     
  0.54049588882848387       0.25579646739042927     
  0.56885968809532483       0.25371490527562868     
  0.14556598144220850        4.5253359407055623E-004
   8.7410882971000275E-002   9.6129781111855802E-004
  0.15396919033127113       -3.0777218663015225E-003
  -3.9561972180769955E-003   1.1174027867113141E-003
  -6.8346210792865708E-002   4.3087592295885479E-004
  0.15602638861028428       -2.2641791912794453E-003
  0.16244401601684474       -1.7650548315984085E-003
   5.7412333234752366E-002   8.1385757764911872E-004
   5.6296045874971223E-002  -4.3943034735775886E-004
  0.76278785845186103       0.13828575727672404     
  0.72327449775145658       0.13496985917050677     
  0.76714733528049606       0.17457448895407282     
  0.74331020936449521       0.13312764346030101     
  0.75908163390231531       0.13731931094613789     
  0.66445213237862399       0.14286392655987321     
  -1.8724218279437238E-002  0.15366162381360923     
  0.17574357438759824        9.2524625267465410E-002
  -1.9901933042834746E-002  0.11551612918117631     
   6.8996896174103275E-002  0.16378948154012907     
  0.12682823813790353       0.16060041294835464     
   4.9090745352750126E-002   1.3401480297468547E-003
  -2.2400017826518737E-002  -2.2287743463634928E-003
   8.9443467483972111E-002  -2.8915610890522516E-003
   3.9516943588006531E-002  -3.4230545147837048E-003
  -4.9018349046104845E-002  -3.1479813156236563E-003
  -4.8785870483065444E-002   1.0378312096303243E-003
  0.69940153338561428        7.8589178373334942E-004
  0.66159712186596398        8.1466062100912489E-003
  0.72803689641722369       -1.6584863994053397E-002
  0.81239899115443914       -1.3931294641972591E-003
  0.71291440241071258        5.5444735493517883E-003
  0.68910802882854394        9.1762047814772235E-003
  0.63181997993165440       -1.2828109273727184E-002
  0.81006992208017770        3.2156347579018912E-003
  0.72253335809945973       -1.6253284049114482E-003
  0.60857476684799527        7.0115968919918338E-003
  -1.8809742596167245E-002  0.15502508079457533     
  -7.9382965955697521E-002  0.15622842766649297     
  0.18648924321996732       0.24981006337795672     
   7.9565024918986815E-002  0.23712981313967793     
   6.3823781462053530E-002  0.27819200677065820     
  0.19965805847673665       0.24906902391523478     
  0.25293783459822977       0.25112652606919900     
   5.7199960192078791E-002  0.25379079357669648     
   9.2132773886814581E-002  0.23963081729763375     
  0.91238175356124673       0.12439328161424504     
  0.88814137557209893       0.12268714835724899     
  0.96669146025998387       0.13250280893800487     
  0.91792835196680655       0.14929554268333578     
  0.90373453890289279       0.12294461422415401     
  0.94936175343859230       0.13888483793408246     
  0.91532691130888166       0.16177407630208820     
  0.79807377562713178       0.14745223535839036     
  0.19120519475526010       0.24713170551468802     
  0.10341503329238821       0.23721193722235798     
  0.27067890680756801        1.2527483998860428E-003
  0.32035221634317912       -1.7301745083221845E-004
  0.24837730470128461       -3.1242440398636237E-003
  0.19511800329681586       -1.7347450135841900E-003
  0.31623444288924141        2.6230552523900720E-003
  -9.5355165662760658E-002  -1.9788785958775273E-003
  -6.7483370934638520E-002  -6.3503376515465252E-003
  0.44481178736205423        9.9820059252443555E-003
  0.40509021495477632       -3.7000416006854219E-004
  0.42890219749242126        1.8675346546876515E-002
  0.29896568344909097        1.4043305679535661E-002
  0.44111218434621607        1.3691458398637160E-002
  0.47427309824654751       -3.2657256707119119E-003
  0.37051487374945918        3.4037502207289396E-003
  0.54638412449584128        3.1281954673396055E-002
  0.37017104793884159        1.2257620280420930E-002
  0.86233661798282280        9.8461162684642806E-002
  0.87485966347931432       0.13174878465105111     
  0.87700892641354444        7.6485740926834231E-002
  0.86490156131755902       0.10454917800673171     
  0.79761605682361514       0.11754210326410783     
  0.91228604806964264       0.11888509311478077     
  0.85276261864155400        9.7090992999645923E-002
  0.85037939149659403       0.10509869906497141     
  0.63902754636467862       0.24900590984499346     
  0.77765563032644369       0.22365486852961142     
  0.45902546652193749       0.31946926041257023     
  0.63278706838659882       0.23657501750403848     
  0.70439016311671687       0.27576256098499924     
  0.67547415010850997       0.24673764574183799     
  0.65928105457785469       0.23544226493101264     
  0.43154570070311793       0.16105346369551943     
  0.52044420710218287       0.27503329833987039     
  0.68382794031072247       0.28070750620823104     
  0.94990786587713938       0.13561832585111258     
  0.92097892935110204       0.14488049082489490     
  0.97758844788763166       0.14099650179983431     
  0.93704940518941382       0.14005128467219471     
  0.93865524245155929       0.12712883641484735     
  0.96089578864060632       0.14563795754615758     
  0.94306589223536763       0.14434854905661090     
  0.22547831663050391        8.4916412160106983E-004
  0.17367148817120115       -5.4668864384596884E-005
  0.27639561609969887       -1.3352013552095448E-003
  -1.1618977071034875E-002  -4.2244938179285637E-004
  0.24963521347843104       -3.3303824079798957E-003
  0.21843710953083445        2.9710001599958600E-004
  0.14962423030980279        4.4567733278943306E-004
  0.14704739040340017       -2.3710797897497052E-003
  0.54312953728650815       -8.5020807505557317E-004
  0.57482524661548429       -1.5506346889086720E-004
  0.52485147221535655       -5.1013352026934482E-003
  0.47498736578934658       -2.5845571095877728E-003
  0.55394501032975618        4.6924016013175840E-003
  0.40817329540529201        8.3818313049875796E-003
  0.36727047322959538        2.6070822242617044E-003
  0.39023687209319491        1.8072617873496892E-002
  0.26652457505313926        1.3724598829335260E-002
  0.40348141052784875        1.3313824791760968E-002
  0.44315929775978191        2.0056339037771636E-004
  0.33181743434531802        4.3708906987681489E-003
  0.51955210062252399        3.5249432613144997E-002
  0.33151787974176661        1.1506305277751162E-002
