 cosx vtec
  -3.7545975518779307E-002   3.1388095203105523E-002
  -6.4055045386393394E-002   1.6147304182509994E-002
  -4.8416674804424464E-002   2.6590208887822465E-002
   2.1119998864665868E-002   2.7965496839924199E-002
  -9.9063629380560791E-003   4.8858144319178523E-002
  0.68583065389481446       0.10729922832570163     
  0.71742209349242747       0.12261495911962182     
  0.64505235604507050       0.10407521999405821     
  0.63672376206248393        7.9455081797138630E-002
  0.68981951457504598       0.11227182130513493     
  0.85555055438879735       0.23299099210043162     
  0.87819647232805975       0.23848472930534723     
  0.77820754967988992       0.24579306243113461     
  0.79407914562634985       0.24387617783107565     
  0.87070821957779942       0.23595003965126718     
  -1.3216500163955591E-003  0.24536648206127828     
  -8.1916101167459926E-002  0.18116790074331321     
  -5.3118282938980410E-002  0.18987606643068172     
  -4.3500354680547304E-002  0.18751340178758585     
  0.85644597453289284       0.18163321329719903     
  0.86446030980534427       0.18364688198242726     
  0.81291071680395932       0.17466758563093754     
  0.84857447284618648       0.17416515867053778     
  0.86879464818033225       0.15282663361311893     
  0.92074524524085022       0.18282056158905738     
  0.88735207607791589       0.16106935157295429     
  0.84406966441046738       0.15907872351079722     
  0.93842138552866250       0.19583999216562853     
  0.82722613182335869       0.15789407856856472     
  0.87629932303419034       0.15939434382024795     
  0.35172018602777499        5.2849905566731969E-002
  0.26299057142122845        3.8106920053663500E-002
  0.37824127921391903        6.3276848475789002E-002
  0.50627837138508114        7.0919116972806243E-002
  0.36757564637888374       0.10519336145341916     
  0.33041399181984044        5.0497807114577992E-002
  0.58920619984798561       0.10388572255787835     
  0.20122664290143866        5.3512534605510184E-002
  0.43805995794526226        7.5890816554633062E-002
  0.40928257815107905        6.5135368128468984E-002
  0.26229620647457857        6.0586009130342254E-002
  0.17455620810102379       0.19077796878947312     
  0.16160504286529764       0.19748407119543368     
  0.18256270241324235       0.19677924073786038     
  0.19596481654987630       0.19784547479312053     
  -4.1066042767807232E-002  -1.1004490245101013E-003
  -8.7753418706085717E-002  -8.3599036980587562E-005
  0.12933334178619066       -7.6881997226430749E-004
  -8.7773277944537265E-003  -1.8436084074217239E-004
  -5.4017223427142991E-002   8.0550389157429145E-004
  -1.1576470616962209E-002  -6.6271548454806327E-004
   3.9750196383830649E-003  0.10812904251234406     
  0.80377529238191325        9.8655685494388690E-002
  0.88989736990135815       0.13308650335389738     
  0.69448299303625149        5.5964969898950119E-002
  0.83086711787616152       0.10687066290385225     
  0.78738301363754581       0.10745699758102502     
  0.87364121718689081       0.13555866064375602     
  0.76309926959894614        9.3728464902475037E-002
  0.82076096538380461       0.10544067617861003     
  0.28001652424242596        4.4498150413293282E-003
  0.21237481896305893        1.7487307358282290E-002
  0.31452642614157933        4.1352447010887541E-002
  0.42070785322556237        2.9894771136291815E-002
  0.29694445208668185        4.3363388991551628E-002
  0.26407089979305565       -3.1374722056225199E-002
  0.54871473781734370        4.4487769866509388E-002
  0.15477970385082807        9.1331953273705319E-003
  0.38561407940771492        3.6179897849154104E-002
  0.32308018667696220        1.7362169594392445E-002
  0.17271228880856992        2.1612762921603676E-002
  0.38249181268888560        3.9713315750270527E-003
  0.22854001197541490        1.5067994553094507E-004
  0.28491204323204300       -6.6718014027117778E-004
  0.35108984854349568        4.4953568808341338E-003
  0.32300721636008101       -1.1062818537919612E-003
  0.43312050763213161       -4.5443046438902509E-003
  0.82061548448507282        6.7539068959038440E-002
  0.75952718382107942        5.4977674025444352E-002
  0.80019530553175089        5.8772998018942098E-002
  -9.4684088290070634E-002   7.7012684142695968E-003
  -3.8617147483597569E-002   1.1603254861881261E-002
  -4.9411338129578986E-002   5.3309663252945824E-003
  -8.0701012006723083E-002  -1.7674594537552189E-004
  0.12397743831056751        7.1561491682741601E-004
  -2.9928131127147373E-002  -1.9313477136490538E-003
  0.69197740660840701       0.26215514191980205     
  0.75036618239255692       0.25579646739042927     
  0.74044589229151336       0.25371490527562868     
  -6.7118890053421865E-002  0.17979436456887404     
  -4.1546540927684339E-002  0.16086609414302988     
  -5.3579470357729198E-002  0.16159190962225733     
  -3.3819721269897129E-002  0.16379153790527184     
  -1.8570297535470237E-002  0.16719070424129434     
  0.43072964932657642       0.13828575727672404     
  0.45205663211795238       0.13496985917050677     
  0.58025083832465407       0.17457448895407282     
  0.44815095755393941       0.13312764346030101     
  0.50325146091960760       0.13731931094613789     
  0.36577488389733287       0.14286392655987321     
  0.54828512855247724       0.15366162381360923     
  0.68697998014562489        9.2524625267465410E-002
  0.53513054365579982       0.11551612918117631     
  0.59107179362247309       0.16378948154012907     
  0.64561201112407474       0.16060041294835464     
   7.6353899433044048E-002   7.8589178373334942E-004
   2.5367989340616570E-002   8.1466062100912489E-003
  0.13030808472286609       -1.6584863994053397E-002
  0.25684135759787607       -1.3931294641972591E-003
   9.6303888475974542E-002   5.5444735493517883E-003
   6.3526992115486791E-002   9.1762047814772235E-003
  -1.4210223102168962E-002  -1.2828109273727184E-002
  0.24877888905264800        3.2156347579018912E-003
  0.11807480210775950       -1.6253284049114482E-003
  -2.4629686711571896E-002   7.0115968919918338E-003
  -7.5096749235409946E-002  0.15502508079457533     
  0.38998225031980122       0.24981006337795672     
  0.34053291670950092       0.23712981313967793     
  0.28129859298177046       0.27819200677065820     
  0.47471505861681262       0.24906902391523478     
  0.47348653521899620       0.25112652606919900     
  0.37209534191773891       0.25379079357669648     
  0.38214964339389978       0.23963081729763375     
   9.9791593451614480E-002  0.20000990441896402     
  0.12546502247358970       0.18849306004408550     
  0.11093304917221031       0.20000520977718561     
  0.13265098968768058       0.19102871679253400     
  0.14475296221967787       0.19544743668399317     
  0.34929998086930425       0.21606207179078721     
  0.33503826499764017       0.22397928138036893     
  0.35792068198963217       0.21680856679272215     
  0.37105299130962560       0.23013724365828847     
  0.56928415592392090       0.12439328161424504     
  0.59446820674405310       0.12268714835724899     
  0.69586064767107780       0.13250280893800487     
  0.70801390510582829       0.14929554268333578     
  0.58778655201224339       0.12294461422415401     
  0.71691603097505796       0.13888483793408246     
  0.64030915535905131       0.16177407630208820     
  0.45146392851363776       0.14745223535839036     
  0.68429157893918191       0.24713170551468802     
  0.61587002415134517       0.23721193722235798     
  0.20129094319863655       0.16996716393424466     
  0.18997607750386197       0.16878339842997775     
  0.21062443214023113       0.17779457800968479     
  0.22751513578075089       0.19331008144297543     
  -9.9046574822439837E-002   1.8675346546876515E-002
   4.4462435069767603E-002   3.1281954673396055E-002
  0.83125808245902089        9.8461162684642806E-002
  0.90368303949779727       0.13174878465105111     
  0.72458643555137892        7.6485740926834231E-002
  0.85660569064673719       0.10454917800673171     
  0.82221073149082569       0.11754210326410783     
  0.87520932509269245       0.11888509311478077     
  0.79067864698956436        9.7090992999645923E-002
  0.85081622092147802       0.10509869906497141     
  -1.8251134106283151E-002   8.2660410074114427E-002
  -4.8322886670477350E-002   7.3020605151964693E-002
  -2.8462672770156017E-002   7.8166746204510071E-002
   5.8731294901486819E-002   9.1071406014058096E-002
  -1.9196336656267521E-003   9.4915412526753465E-002
   3.5295877271793730E-002  0.12187381817133008     
  -9.1754690641744074E-002  -2.9440414659286200E-003
  0.77650574323750465       0.24900590984499346     
  0.92560948449732949       0.22365486852961142     
  0.68389628201055863       0.31946926041257023     
  0.83114504216423624       0.23657501750403848     
  0.77480350245729324       0.27576256098499924     
  0.86671510944730135       0.24673764574183799     
  0.82124194635575964       0.23544226493101264     
  0.75231997620557145       0.16105346369551943     
  0.77552316672481081       0.27503329833987039     
  0.89916713329046249       0.28070750620823104     
  0.66788985888507091       0.13561832585111258     
  0.69616475856108495       0.14488049082489490     
  0.77591173943781955       0.14099650179983431     
  0.78696402253046438       0.14005128467219471     
  0.68937468652136247       0.12712883641484735     
  0.79072040156303747       0.14563795754615758     
  0.73910811529998266       0.14434854905661090     
  0.10588384471380652       0.22177906897442204     
  0.13424855962254678       0.19590597892690828     
  0.12091216036160018       0.20224077677783442     
  0.14187689372335205       0.19946131417052668     
   2.6985846280937531E-002  0.21899558070053621     
  0.15479459386055322       0.20788173597004292     
  -7.9544539549046611E-002  -1.5506346889086720E-004
  -7.3293978774502277E-002   4.6924016013175840E-003
   2.4489557963525643E-002   3.5249432613144997E-002
