 cosx vtec
  0.51566846684877143        3.1388095203105523E-002
  0.40713020177951287        1.1266557126342261E-002
  0.46487770575904824        1.6147304182509994E-002
  0.49705468893627552        2.6590208887822465E-002
  0.52242605299376133        2.7965496839924199E-002
  0.58116705754666897        4.8858144319178523E-002
  0.60805165524537474       0.10729922832570163     
  0.65193493171855710       0.12261495911962182     
  0.62226520184690270       0.10407521999405821     
  0.54268158533879762        7.9455081797138630E-002
  0.64249504445307637       0.11227182130513493     
  0.97329769771840113       0.23299099210043162     
  0.97326358681044622       0.23848472930534723     
  0.98221788320737546       0.24579306243113461     
  0.97628187653907883       0.24387617783107565     
  0.97965622218330239       0.23595003965126718     
  0.21995888376344183       0.24536648206127828     
  0.26046877808855262       0.18116790074331321     
  0.20588978334586922       0.18711093450550123     
  0.31872253602469097       0.18987606643068172     
  0.14023622344689055       0.21150504713415480     
  0.23185918921188609       0.18739092016021178     
  0.31095926766631637       0.18751340178758585     
  0.45332983436539653       0.16537621692818413     
  0.50962851132365417       0.15934392381651821     
  0.50893624476926436        2.5444023499378923E-002
  0.49804135128578975       0.16245428121964881     
  0.42041219183102135       0.15838180996555629     
  0.50320332789884159       0.16540010551223430     
  0.82953607238887483       0.18163321329719903     
  0.86068147525436900       0.18364688198242726     
  0.84818055306284623       0.17466758563093754     
  0.85894933702268050       0.17416515867053778     
  0.63999677124240040       0.15282663361311893     
  0.71740214844186800       0.18282056158905738     
  0.67199477871548297       0.16106935157295429     
  0.66732874183982438       0.15907872351079722     
  0.66175057273172100       0.19583999216562853     
  0.57606632998652030       0.15789407856856472     
  0.67274394133666793       0.15939434382024795     
  -4.8992720040649092E-002  0.10388572255787835     
  0.76041253746876647       0.19077796878947312     
  0.75489797652741453       0.19748407119543368     
  0.75894953257905884       0.19677924073786038     
  0.76407720624643205       0.19784547479312053     
  0.10364381658146359        7.1904269094688437E-003
  -3.1453088075548988E-002  -4.0428397746459149E-004
   6.1835644815156684E-003   8.0264766956408590E-004
   5.2211064753809676E-002  -4.8977605447199585E-004
   9.1286896891139030E-002  -4.6278575108834206E-003
  0.44692944371122290        9.8655685494388690E-002
  0.55709478897308284       0.13308650335389738     
  0.25654044554118016        5.5964969898950119E-002
  0.48429729945804489       0.10687066290385225     
  0.48401833831881813       0.10745699758102502     
  0.47412261919779947       0.13555866064375602     
  0.39532127508928006        9.3728464902475037E-002
  0.48626838352987589       0.10544067617861003     
  0.24424955997441938       -1.9673738106778019E-003
  0.13528418190574079        3.1601492638171458E-003
  0.17930116913970698       -3.5944424831929598E-003
  0.21554521776295169       -4.0640839485871225E-003
  0.26330010540034499        8.8320842817718771E-003
   8.0252499460980314E-002   3.9713315750270527E-003
   2.9567958774456599E-003   1.5067994553094507E-004
  -4.6963890579252300E-002  -6.6718014027117778E-004
  0.10838844733027930        4.4953568808341338E-003
   2.6352549513759725E-002  -1.1062818537919612E-003
  0.15578013560820123       -4.5443046438902509E-003
  0.95139811258681639        6.7539068959038440E-002
  0.93512208381047546        5.4977674025444352E-002
  0.94844258908389156        5.8772998018942098E-002
  0.42986473718875062        7.7012684142695968E-003
  0.32509967414493762        2.1670522914370286E-003
  0.37319089114271337        1.8489583781809297E-003
  0.40672478600991702        4.0539128396376491E-003
  0.42990450112551121        1.1603254861881261E-002
  0.37320746890681655       0.15621543594884907     
  0.28876636232312519       0.16669204073483934     
  0.44198619897524771       0.15831919765343447     
  0.41991977386630069       0.15216228660618406     
  0.34325109871194809       0.14958327736875440     
  0.42324498652246767       0.15520144799549179     
   6.4613758396426774E-002   1.7706911728363754E-002
  -6.3971623596348753E-002  -9.0239836387568228E-003
  -7.8287411659211485E-003   2.1763725522982606E-002
   3.3513951992890360E-002  -7.8960665841218552E-003
  0.15715453410090058        8.2147199687336817E-002
  0.51819941482392284       0.26215514191980205     
  0.60913178108338328       0.25579646739042927     
  0.56556921585223874       0.25371490527562868     
  0.55282955715688675       0.17979436456887404     
  0.59956940746575293       0.16086609414302988     
  0.59412460175868120       0.16159190962225733     
  0.59702654089188933       0.16379153790527184     
  0.51352106604044057       0.16523917677199620     
  0.60442014878814210       0.16719070424129434     
  -3.4130267133324010E-002  0.16718654530471480     
  -3.0683567023602382E-002  0.13496985917050677     
  0.12184851085506200       0.17457448895407282     
  -5.6703119131882349E-002  0.13312764346030101     
   1.1944323786806741E-002  0.13731931094613789     
  0.85874575653068641       0.15366162381360923     
  0.87677080110399830        9.2524625267465410E-002
  0.83976947829934945       0.11551612918117631     
  0.83657761504146511       0.16378948154012907     
  0.86230673280271486       0.16060041294835464     
  0.39967633765340771        8.7806748522432240E-002
  0.43115822909239115        4.9557197440978550E-002
  0.38567122073607563        3.7410694713585532E-002
  0.41842139612072154        4.7976232722304335E-002
  0.44873260668044584        6.5191784758076146E-002
  0.34470420244453565        6.2451256859090268E-002
  0.47882538878818459        8.2339747719577638E-002
  -9.6245150424444037E-002  0.15502508079457533     
  -7.0041780643526272E-002  0.15193625256534618     
  0.41099821858517011       0.24981006337795672     
  0.44216166366494525       0.23712981313967793     
  0.36715065953419257       0.27819200677065820     
  0.52764759510376136       0.24906902391523478     
  0.47248561196867311       0.25112652606919900     
  0.51288316848783233       0.25379079357669648     
  0.49335443809249996       0.23963081729763375     
  0.65817186227219560       0.20000990441896402     
  0.70914653462325639       0.18849306004408550     
  0.70712847749321250       0.20000520977718561     
  0.70139681495433159       0.19102871679253400     
  0.70451209171757234       0.19544743668399317     
  0.86810006139968754       0.21606207179078721     
  0.86191101333334408       0.22397928138036893     
  0.86818221671193818       0.21680856679272215     
  0.87236090764243446       0.23013724365828847     
  -4.0187839376857853E-002  0.12439328161424504     
   2.2636742355288998E-002  0.12268714835724899     
   9.9428887027937007E-002  0.13250280893800487     
  0.16681186566495371       0.14929554268333578     
  -3.1933097649141100E-003  0.12294461422415401     
  0.14901731207897348       0.13888483793408246     
   6.5683613381261705E-002  0.16177407630208820     
  0.85719031119333999       0.24713170551468802     
  0.84015257069549021       0.23721193722235798     
  -8.3479312141362505E-002   1.8930705919911962E-002
   2.6500520929230824E-002   2.6299998063288428E-002
   1.5499596691722508E-002   1.8192433725313806E-002
   2.6527318394024310E-003   2.2596442649661611E-002
   3.1951640257560324E-002   1.8706940296745276E-002
  0.17734541998981659        4.3737613825485785E-002
   4.2475997136036461E-002   5.4220707082015401E-002
  0.22795447872787031        2.2100578287264510E-002
   1.5678431659393675E-002   3.8172727753038857E-002
  0.18061713101173302        3.4166946097695702E-002
  0.21499483443480927        3.9101947776732475E-002
  0.23561626001382244        3.1988908536078074E-002
  0.13447309637483487        1.7970343024593889E-002
  0.26490988571035834        4.5846785742042269E-002
   1.8076006450882434E-002   4.4944733756782226E-003
  -5.6963348788562622E-002   9.7886086240164469E-004
  -1.1834176510781577E-002   1.4547404301936036E-003
  -5.9823018389093090E-002  -6.6559077245274684E-002
  0.78255867558636594       0.16996716393424466     
  0.77381346010710461       0.16878339842997775     
  0.78971510323794258       0.17779457800968479     
  0.79980459347442256       0.19331008144297543     
   5.2613010541855236E-003   2.6846181032148721E-003
  -5.1383482813066220E-002  -4.8797874420135490E-003
   3.1409702104956243E-002  -5.2858658594888007E-004
  0.15410951571545872       -6.5629287989389468E-002
  -7.4084566144290459E-002   3.7236779886469638E-002
   2.8831032818996395E-002   2.3331244339242788E-002
   9.3611235811624602E-002   5.3890500421188120E-002
  0.13075851037043501       -2.5957776823408510E-002
  0.20983378273784120        1.1119219847883991E-003
   5.5299459864577079E-002   4.7128949035861690E-003
  0.41122463098725115        9.8461162684642806E-002
  0.50966305544730006       0.13174878465105111     
  0.23312188051678132        7.6485740926834231E-002
  0.44749447581656676       0.10454917800673171     
  0.46208384650415230       0.11754210326410783     
  0.42861241017813462       0.11888509311478077     
  0.35862732924943636        9.7090992999645923E-002
  0.45314666355884420       0.10509869906497141     
  0.59252352921414508        8.2660410074114427E-002
  0.45980282803167627        5.3228857593158180E-002
  0.54684908646608232        7.3020605151964693E-002
  0.57882548885331764        7.8166746204510071E-002
  0.61924414600632893        9.1071406014058096E-002
  0.62164451982422853        9.4915412526753465E-002
  0.66059247869238069       0.12187381817133008     
  0.35082211363846827        9.4451464532240188E-003
  0.24369958032671210        1.1453759532210719E-003
  0.28652462505671666        3.0972946582373577E-004
  0.32223917023103515        4.0459565148590155E-003
  0.34435384058464624       -2.9440414659286200E-003
  0.55064825355603220       0.24900590984499346     
  0.64046035075104335       0.22365486852961142     
  0.58876440940542762       0.31946926041257023     
  0.64060099280696170       0.23657501750403848     
  0.48267765266544504       0.27576256098499924     
  0.65241041496380026       0.24673764574183799     
  0.59893458383552134       0.23544226493101264     
  0.72107535494687303       0.16105346369551943     
  0.66772619828809132       0.27503329833987039     
  0.69377600901712699       0.28070750620823104     
   7.3358747471008012E-002  0.13561832585111258     
  0.14560734284398749       0.14488049082489490     
  0.21117728542803402       0.14099650179983431     
  0.26864940794401515       0.14005128467219471     
  0.11752803600429980       0.12712883641484735     
  0.25055813096730883       0.14563795754615758     
  0.18931341848461847       0.14434854905661090     
  -3.2261184599415661E-002   9.1890626038973619E-002
  -8.3580343060623744E-002   8.9232693140954458E-002
   4.6591446565072525E-002  0.10785865931896235     
  -5.9173861852245185E-002   8.8057338305888105E-002
   4.3613079057629872E-002  0.10911163290952455     
  -8.6990014989669517E-002   8.9833006876898162E-003
  -7.7502768038178238E-002   4.9149835120062069E-003
  0.43783269451589019       0.13246439172701949     
  0.48154371388116946       0.11013581044319495     
  0.43852506760747206       0.11128465476742398     
  0.47314449934865971       0.11089543821439511     
  0.48449183848890076       0.11116968048219136     
  0.39774956387196675       0.10889889671508828     
  0.49841776896141204       0.12766311865842941     
  0.20940360131946961        8.4135536254450499E-002
  0.10644217381375899        8.2703558476082906E-002
  0.27007299669262058        7.5380639790021020E-002
  0.26287522103310357        5.4533390711802091E-002
  0.26408439975531511        6.4489324284025470E-002
  0.17454590328316955        7.1651545479248444E-002
  0.28031199566623566        9.0258191014254516E-002
  0.67911985183810974       0.22177906897442204     
  0.72709516262972518       0.19590597892690828     
  0.72280246592583552       0.20224077677783442     
  0.72317762587424128       0.19946131417052668     
  0.63236948762077372       0.21899558070053621     
  0.72761333688916496       0.20788173597004292     
  -5.1172853212447481E-002   2.4799101011279450E-002
   7.7246883502751995E-002  -5.3442707312885435E-003
  -4.6675971919868303E-002  -2.1772687804446937E-003
   1.3911827695248578E-003   1.0759656352642602E-003
   4.2755728592909568E-002   4.2652573153633314E-002
  -3.8267194750342022E-002  -3.3462569972034603E-002
