 cosx vtec
  0.80874537770986099        3.1388095203105523E-002
  0.74957816053094117        1.1266557126342261E-002
  0.77324792263578179        1.6147304182509994E-002
  0.79742575501772195        2.6590208887822465E-002
  0.73286039124495217        2.7965496839924199E-002
  0.86409149746887870        4.8858144319178523E-002
  0.32292114413856288       -1.2897270245265243E-003
  0.23244568079391101       -1.5853890733796313E-003
  0.24909819421931334        2.7911010227498938E-003
  0.12147470686030759        2.5617719413499748E-004
  0.15925245424357803        1.3981685127904576E-003
  0.31930979416761629       -5.1007868414364495E-003
  -9.5735855168296163E-002  0.12261495911962182     
  -3.3312619442560865E-002  0.10407521999405821     
  -6.9183776130055524E-002  0.11227182130513493     
  0.17213476075694523       0.23299099210043162     
  0.13897877704623937       0.23848472930534723     
  0.29824310651910141       0.24579306243113461     
  0.26636252489782886       0.24387617783107565     
  0.15927127741642483       0.23595003965126718     
  0.32349048544950382       0.24536648206127828     
  0.50053319074794200       0.18116790074331321     
  0.47656457362984694       0.18711093450550123     
  0.54359489063813082       0.18987606643068172     
  0.39692000908318692       0.21150504713415480     
  0.53854015295589264       0.18739092016021178     
  0.51818528169896549       0.18751340178758585     
  0.60509160963974773       -2.7604670143527199E-003
  0.59116014559576968       -1.1527491207212459E-004
  0.63433048450362317       -1.3811317215394021E-003
  0.71493013253547921        4.4922859168688416E-003
  0.69344496061088223       -1.2436391499969313E-003
  0.69146331927689841        2.0479110461447654E-004
  0.87202739803677010       -4.5297425071958546E-003
  0.71424253656026648        3.3594982712548912E-003
  0.71112862647853647       -1.0845568661108529E-002
  0.77313340416083576        2.4618362171800252E-002
  0.83451701195762740       -3.8686800322529163E-002
  0.76250483929449586        4.1191537438215890E-004
  0.43070828193084887        2.3041674179984772E-003
  0.38200588348291581       -2.7525199677435008E-004
  0.39895540562382298       -1.2724938539822386E-003
  0.25192507978616369       -2.9124891541573404E-003
  0.32002837837517484        1.6272398366837053E-003
  0.44027994190108988       -1.8118724865727565E-004
  0.87309891681116225       0.16537621692818413     
  0.92137621149980231       0.15934392381651821     
  0.94000752672467436        2.5444023499378923E-002
  0.89580552325067153       0.16245428121964881     
  0.90164797892494353       0.15838180996555629     
  0.88272985276883442       0.16540010551223430     
  -3.9339683311574225E-002  0.18163321329719903     
  -5.5243265203252512E-003  0.18364688198242726     
   5.1561011213086677E-002  0.17466758563093754     
   1.5166996646207964E-002  0.17416515867053778     
  0.85646461223123516       0.19077796878947312     
  0.86733620054965788       0.19748407119543368     
  0.84262113073153311       0.19677924073786038     
  0.83052470789693433       0.19784547479312053     
  0.69003988928455007        7.1904269094688437E-003
  0.57726459936915142       -4.0428397746459149E-004
  0.60143867617237345        8.0264766956408590E-004
  0.64668310028505882       -4.8977605447199585E-004
  0.56634501676179472       -4.6278575108834206E-003
  0.81438394636668665       -1.9673738106778019E-003
  0.73771955040159032        3.1601492638171458E-003
  0.76208336902478047       -3.5944424831929598E-003
  0.79385169244707077       -4.0640839485871225E-003
  0.72181137787821847        8.8320842817718771E-003
  0.19119136543776297        6.7539068959038440E-002
  0.25670252435197805        5.4977674025444352E-002
  0.21672298352665653        5.8772998018942098E-002
  0.76683905375652017        7.7012684142695968E-003
  0.69963488048748657        2.1670522914370286E-003
  0.72231433676028101        1.8489583781809297E-003
  0.75052372702867765        4.0539128396376491E-003
  0.68493280150729574        1.1603254861881261E-002
  0.82478573524672472       0.15621543594884907     
  0.79124549935538158       0.16669204073483934     
  0.88980450370037845       0.15831919765343447     
  0.85198690622677731       0.15216228660618406     
  0.85190036301629957       0.14958327736875440     
  0.83730640860090755       0.15520144799549179     
  0.84038358860072870       -2.0566632077150596E-002
  0.72801688979158830       -1.2701386721718732E-002
  0.71114637886978027       -4.1639714671229781E-003
  0.74798108599776525       -1.2944937963955926E-003
  0.79975253298105808       -5.6288340745692606E-003
  0.79996432318830868       -4.6381131940633384E-003
  -6.3778618929792530E-002  -6.4994435822044718E-003
  -5.7356306491183950E-002  -1.5193500429710259E-003
  -1.6647595554833083E-002   5.2825112062993246E-004
  0.17008132091534858       -2.3291142227196697E-004
  0.12774974933803357       -1.0360885492778609E-003
  0.18246390117518149        2.9107282886670050E-005
  -7.5763133422879381E-002  -2.7870839953360914E-003
  -3.7570992600335362E-003   1.0504469837238101E-003
  0.90953351957269957        1.7706911728363754E-002
  0.84545036562770814        8.3064049308213578E-004
  0.82306255616772961       -9.0239836387568228E-003
  0.85625397931166214        2.1763725522982606E-002
  0.89031828273401503       -7.8960665841218552E-003
  0.96861494136412840        8.2147199687336817E-002
  0.90630396342960806       0.17979436456887404     
  0.93724877747173463       0.16086609414302988     
  0.94687997018622427       0.16159190962225733     
  0.92223550085564165       0.16379153790527184     
  0.93882001036556217       0.16523917677199620     
  0.91075106617823676       0.16719070424129434     
   6.4927385288138018E-002  0.14616974875789149     
  0.18507087604891911       0.13480062142992202     
  0.15650775633435721       0.13244874296649659     
  0.20479507983788117       0.12622566330818735     
  0.11202053774041769       0.13218300977472652     
  0.23025813522207753       0.13403129489593524     
  0.23661852162970148       0.16718654530471480     
  0.61684124578813793        4.4968026919053892E-003
  0.57721133468685537        4.2981282663374643E-003
  0.59650250052307463        1.4764253058574511E-003
  0.49288013007616055        7.5457911314361602E-003
  0.62903716932270637        8.4268154823119001E-004
  0.80095503762649112       -6.3980360992366920E-003
  0.65850590813798571       -2.4152062409891399E-004
  0.64084450571844798       -1.6801410417189593E-004
  0.67820642913390994        3.3360350109583664E-003
  0.74180746247752261        4.1850298004085691E-003
  0.45386303024212837       0.15366162381360923     
  0.27745557493933443        9.2524625267465410E-002
  0.44535228492243528       0.11551612918117631     
  0.35890545768201404       0.16378948154012907     
  0.31678644684196561       0.16060041294835464     
  0.98623604104182994        8.7806748522432240E-002
  0.98823034600680992        4.9557197440978550E-002
  0.97106258661537881        3.7410694713585532E-002
  0.98571908629597327        4.7976232722304335E-002
  0.99236497009769820        6.5191784758076146E-002
  0.99994922244248063        6.2451256859090268E-002
  0.98855856109268825        8.2339747719577638E-002
  0.25455085039358516        1.8039901042231622E-002
  0.21466212433869725        9.4478455624341824E-003
  0.23718340409437730        7.0401137222157381E-004
  0.27911905225889710        6.7728585436055448E-003
  -3.0916889416216599E-002  0.15502508079457533     
   7.7416369684874670E-002  0.15193625256534618     
   4.8069606078807996E-002  0.14234849483706394     
  0.12163917072184328       0.14808115052818685     
   3.5748680780831599E-003  0.15622842766649297     
  0.14115620059550393       0.16013105653987095     
   3.0723270794563093E-002  0.24981006337795672     
  0.14857126659644154       0.23712981313967793     
  0.12550730654313555       0.27819200677065820     
   7.7382166167693653E-002  0.24906902391523478     
  -1.4632738644553556E-003  0.25112652606919900     
  0.20581800733150862       0.25379079357669648     
  0.16257050932803963       0.23963081729763375     
  0.81629730405660184       0.20000990441896402     
  0.85328524457434785       0.18849306004408550     
  0.87157936605355180       0.20000520977718561     
  0.83145073165616989       0.19102871679253400     
  0.81831306133705140       0.19544743668399317     
  0.75843493057401656       0.21606207179078721     
  0.77023638155983598       0.22397928138036893     
  0.74595241180241112       0.21680856679272215     
  0.73286309732681731       0.23013724365828847     
  -2.9606307659294923E-002  -9.8763709137592026E-004
  0.11288760800139383       -4.1869643802628563E-004
  0.16501315765744110        2.6979917087478181E-003
  -8.1037502278831552E-002  -2.0610140261236542E-002
  -2.1724406972686128E-002   1.2452667861203354E-003
  0.25276099447565620       0.24713170551468802     
  0.32787910561765821       0.23721193722235798     
  0.81725706623562999        1.8930705919911962E-002
  0.77453637125036279        1.1916057871492762E-002
  0.91712223612281030        2.6299998063288428E-002
  0.79939861415324176        3.0246794274645942E-002
  0.92869170649312338        1.8192433725313806E-002
  0.87398207257717486        2.2596442649661611E-002
  0.82921627165260303        3.6811161512725413E-002
  0.86120139662690054        1.8706940296745276E-002
  0.95225572550461812        4.3737613825485785E-002
  0.89148263869213429        5.4220707082015401E-002
  0.99025035913817516        2.2100578287264510E-002
  0.93448452547707572        3.8172727753038857E-002
  0.98048369310941264        3.4166946097695702E-002
  0.99061224101598455        3.9101947776732475E-002
  0.98191137999487288        3.1988908536078074E-002
  0.96483570875156521        1.7970343024593889E-002
  0.97492643249238342        4.5846785742042269E-002
   6.4249748701545317E-003   9.8326762151727080E-003
  0.65204790638938726        4.4944733756782226E-003
  0.50301733754945177        4.1619556586150374E-005
  0.52892613134591548        1.0181072196445450E-004
  0.58604650086781662        9.7886086240164469E-004
  0.49460895511515024        1.4547404301936036E-003
  0.88088839450047962       -6.6559077245274684E-002
  0.78474284743669975        1.2596067335274474E-002
  0.76949659505898305        7.0879289311199635E-003
  0.80807120119797293        6.6438648602652759E-003
  0.85211473917696867       -5.4175284405365660E-003
  0.84343466593371219        2.9433060817074527E-002
  0.84975653125300310       0.16996716393424466     
  0.85351310892281074       0.16878339842997775     
  0.84657388026482439       0.17779457800968479     
  0.83663117106407059       0.19331008144297543     
  0.51634657320191002        2.5771873650454365E-003
  0.52927495422553616       -1.3529777179666987E-003
  0.53685344003951885       -1.1808690353571833E-003
  0.35552237076050236        7.4402037411422828E-004
  0.58796923281448898        7.6328347695225137E-004
  0.74534652603959128        2.6846181032148721E-003
  0.66968565354475862        1.0945867007753183E-002
  0.62474088215565404        2.3432810183311586E-003
  0.65164839491508675       -3.2395965922499021E-004
  0.69982046772703832       -4.8797874420135490E-003
  0.61148016648133718       -5.2858658594888007E-004
   7.0058731752640935E-002   1.0429660983790989E-003
  -7.7418193827091808E-003  -3.9392958123306140E-003
   1.1606154443811412E-002  -2.6960714250803385E-003
  -8.6727759197314319E-002  -1.8727780249503010E-003
  -5.4903864421458365E-002  -1.1094276968550666E-003
  0.95052681560245944       -6.5629287989389468E-002
  0.89901400755813432        3.7236779886469638E-002
  0.87556212879967377        2.3331244339242788E-002
  0.91039582978984956        5.3890500421188120E-002
  0.93820975134450413       -2.5957776823408510E-002
  0.98204786642676345        1.1119219847883991E-003
  0.94812872566924367        4.7128949035861690E-003
  0.89289278687603746        8.2660410074114427E-002
  0.84181902772739781        5.3228857593158180E-002
  0.87008318213952363        7.3020605151964693E-002
  0.88779586306679570        7.8166746204510071E-002
  0.81941493256700348        9.1071406014058096E-002
  0.91158976913650924        9.4915412526753465E-002
  0.91412243673894444       0.12187381817133008     
  0.72749659514560783        9.4451464532240188E-003
  0.65082103264354230        1.1453759532210719E-003
  0.67316357765333490        3.0972946582373577E-004
  0.70544639502128792        4.0459565148590155E-003
  0.63754799838426257       -2.9440414659286200E-003
  -4.5676613608525624E-002  0.16105346369551943     
  0.60212346877785961        9.1890626038973619E-002
  0.57450642029835486        8.9232693140954458E-002
  0.60270967271959164        7.9305013365230340E-002
  0.66028624755140053       0.10785865931896235     
  0.49962287470510452        9.8507271950027134E-002
  0.62518598904840328        8.8057338305888105E-002
  0.63364770006871807       0.10911163290952455     
  0.79865984156857428       -3.3425157168294802E-003
  0.73822929200075282       -3.8818913480724538E-003
  0.90238388522266655        8.9833006876898162E-003
  0.76146572908863042       -1.3661553311033220E-002
  0.89072401716809324       -8.8073565653271145E-004
  0.88245601014177277        4.9149835120062069E-003
  0.79830921999026694       -2.4785332552559099E-003
  0.21394677634382300        5.4750847723127635E-004
  0.14882796726970940       -4.2505274616567703E-004
  0.16575246706487273       -1.3171948025796579E-003
   5.9681461224021848E-002  -1.8023279581236178E-003
   9.8106589998928601E-002   8.3129325865411764E-004
  0.22444587531639973        1.6411836388117915E-003
  0.95671267126749504       0.13246439172701949     
  0.98351572863521552       0.11013581044319495     
  0.98941258427470580       0.11128465476742398     
  0.98779155764416515       0.11089543821439511     
  0.97391206595523072       0.11116968048219136     
  0.98051343966762738       0.10889889671508828     
  0.96420263459208488       0.12766311865842941     
  0.28397055015014222        9.8087097748654267E-004
  0.29527461114633585        9.4037645013731136E-004
  0.18503975410880502        1.0679193046887114E-003
  0.20634091213492589       -1.1549248023281166E-003
  0.35917928143774025        1.8992592505824720E-003
  0.55749860745982172        5.5251441139887595E-003
  0.51700398441301076        4.3041167197905104E-003
  0.53556690870896206        1.1148198628110624E-003
  0.32307142538944095       -1.3085628101525500E-003
  0.68761356013582520        6.9246880664974152E-003
  0.44337864241145997        5.5167347462069475E-003
  0.56968500573740122        2.1253009273816455E-003
  0.92195636878124287        8.4135536254450499E-002
  0.87587778011546502        8.2703558476082906E-002
  0.97326451428788396        7.5380639790021020E-002
  0.98186538269874757        5.4533390711802091E-002
  0.95265126691186530        6.4489324284025470E-002
  0.93985345397961007        7.1651545479248444E-002
  0.94140212624552300        9.0258191014254516E-002
  0.83801493935813709       0.22177906897442204     
  0.86668371008356726       0.19590597892690828     
  0.87990471880579268       0.20224077677783442     
  0.84980477644105878       0.19946131417052668     
  0.88501163821336581       0.21899558070053621     
  0.83740493780944902       0.20788173597004292     
  0.82742563853009654        2.4799101011279450E-002
  0.73482699316064393        8.4751966823167141E-004
  0.71138756900037170       -1.8370760649632202E-002
  0.74327365084429553       -1.0370612665447969E-002
  0.79003210253265732       -6.4404368176136234E-003
  0.82026438304960725        2.5476774128805581E-002
  0.70086865635277773        1.9621664489074078E-003
  0.64117275168663190       -8.6461834010806492E-004
  0.66007503839414738       -6.8462720169913715E-004
  0.50074113350309157        3.7369930714168309E-003
  0.69882973583949415        8.6660225717047866E-004
  0.86584080791988849       -5.3442707312885435E-003
  0.80821798461469063        3.7478703672659777E-002
  0.77735673231623026       -2.1772687804446937E-003
  0.80638853580415737        1.0759656352642602E-003
  0.84231222856021937        4.2652573153633314E-002
  0.88778183236561470       -3.3462569972034603E-002
  0.43911297509517921       -5.4098435224847240E-003
  0.45217232915310779        1.0679439633908623E-003
  0.30966806162323524       -1.1953104522261194E-003
  0.33523281949167599        8.8012785027625573E-004
  0.50553663240497571        8.7154376573935952E-004
