 cosx vtec
  0.73493133034000468        3.1388095203105523E-002
  0.68989307198949024        1.1266557126342261E-002
  0.70523300190574223        1.6147304182509994E-002
  0.72583641192704862        2.6590208887822465E-002
  0.65155662055216357        2.7965496839924199E-002
  0.78455111070483918        4.8858144319178523E-002
  0.46766386910082780       -1.2897270245265243E-003
  0.39219442887625133       -1.5853890733796313E-003
  0.41329975654860984        2.7911010227498938E-003
  0.29301643516439246        2.5617719413499748E-004
  0.32261645646327047        1.3981685127904576E-003
  0.47556389483175820       -5.1007868414364495E-003
   2.5885030750991134E-003  0.23299099210043162     
  -3.3725592898787488E-002  0.23848472930534723     
  0.13399464352073201       0.24579306243113461     
  0.10232365667715670       0.24387617783107565     
  -1.4509064858696463E-002  0.23595003965126718     
  0.32611029791631596       0.24536648206127828     
  0.50169111460706228       0.18116790074331321     
  0.48732816481580166       0.18711093450550123     
  0.53490287648488588       0.18987606643068172     
  0.41736805987011738       0.21150504713415480     
  0.54629963155868377       0.18739092016021178     
  0.51021029773723747       0.18751340178758585     
  -8.3709562360737705E-002   3.0287222014354839E-002
  -8.7052774712558595E-002   1.3116161486377044E-002
   2.4753697602136623E-002   1.0555076789434181E-002
  0.71719911405611403       -2.7604670143527199E-003
  0.68650658451435265       -1.1527491207212459E-004
  0.72066966499248752       -1.3811317215394021E-003
  0.79037593710223597        4.4922859168688416E-003
  0.79754015646362419       -1.2436391499969313E-003
  0.80842283908566681        2.0479110461447654E-004
  0.93966923802087754       -4.5297425071958546E-003
  0.82542956783393084        3.3594982712548912E-003
  0.80836145681661342       -1.0845568661108529E-002
  0.85679708728483406        2.4618362171800252E-002
  0.91025243941734602       -3.8686800322529163E-002
  0.86476082036290070        4.1191537438215890E-004
  0.56035405190200294        2.3041674179984772E-003
  0.52154461065092661       -2.7525199677435008E-004
  0.54316413525988350       -1.2724938539822386E-003
  0.41014719912324293       -2.9124891541573404E-003
  0.46376160932923738        1.6272398366837053E-003
  0.57690299206270423       -1.8118724865727565E-004
  0.84388654378217876       0.16537621692818413     
  0.88001176121850444       0.15934392381651821     
  0.89809307264003868        2.5444023499378923E-002
  0.85737261461872250       0.16245428121964881     
  0.87867372043830239       0.15838180996555629     
  0.84340510106685229       0.16540010551223430     
  0.75921303284959496       0.19077796878947312     
  0.77048890657078717       0.19748407119543368     
  0.74678184623294230       0.19677924073786038     
  0.73388124794650300       0.19784547479312053     
  0.68233595976886530        7.1904269094688437E-003
  0.58737343018502519       -4.0428397746459149E-004
  0.60593106367886318        8.0264766956408590E-004
  0.64559296740429661       -4.8977605447199585E-004
  0.55179211350606661       -4.6278575108834206E-003
  0.79023872820276775       -1.9673738106778019E-003
  0.72777386201516425        3.1601492638171458E-003
  0.74571626282694647       -3.5944424831929598E-003
  0.77331650580851519       -4.0640839485871225E-003
  0.68625300649482435        8.8320842817718771E-003
   1.3822124046770745E-002   6.7539068959038440E-002
   8.3265982898610383E-002   5.4977674025444352E-002
   4.0449870642174562E-002   5.8772998018942098E-002
  0.70449390734861961        7.7012684142695968E-003
  0.65092293376381860        2.1670522914370286E-003
  0.66658902236360185        1.8489583781809297E-003
  0.69098751563498162        4.0539128396376491E-003
  0.61618540795370880        1.1603254861881261E-002
  0.81123131984913910       0.15621543594884907     
  0.79353968067378755       0.16669204073483934     
  0.86271486048751367       0.15831919765343447     
  0.82942456122872510       0.15216228660618406     
  0.84416835704123927       0.14958327736875440     
  0.81406709221572215       0.15520144799549179     
  0.88913968438907276       -2.0566632077150596E-002
  0.81860571342607735       -1.2701386721718732E-002
  0.78263018041217036       -4.1639714671229781E-003
  0.81128335128222073       -1.2944937963955926E-003
  0.85618201159701324       -5.6288340745692606E-003
  0.87954476265653048       -4.6381131940633384E-003
  -1.4027993855651594E-002  -1.8425442309917390E-003
  0.11247664727992496       -6.4994435822044718E-003
  0.12161613062078389       -1.5193500429710259E-003
   3.3327713117262125E-002  -1.0268789279195456E-003
   4.3087695709455198E-002  -2.8028151825057441E-004
  0.10281799545285106        5.2825112062993246E-004
  0.29900339869976622       -2.3291142227196697E-004
  0.23150653594712509       -1.0360885492778609E-003
  0.27693732069649768        2.9107282886670050E-005
   3.5023248617722325E-002  -2.7870839953360914E-003
  0.12662620335102412        1.0504469837238101E-003
  0.93136785126849331        1.7706911728363754E-002
  0.90886646058189713        8.3064049308213578E-004
  0.86151489144252436       -9.0239836387568228E-003
  0.88660281712011002        2.1763725522982606E-002
  0.91615599410130832       -7.8960665841218552E-003
  0.98066750745576126        8.2147199687336817E-002
  0.85628218192853478       0.17979436456887404     
  0.87538005846174993       0.16086609414302988     
  0.88532075805314370       0.16159190962225733     
  0.86197757419218568       0.16379153790527184     
  0.89599378760507942       0.16523917677199620     
  0.84935700746916865       0.16719070424129434     
  0.12694432178944498       0.14616974875789149     
  0.24743817472682647       0.13480062142992202     
  0.22620904019483856       0.13244874296649659     
  0.29299950904867400       0.12622566330818735     
  0.18433003875837228       0.13218300977472652     
  0.29956081908672699       0.13403129489593524     
  0.28343958210657189       0.16718654530471480     
  0.72031661168559602        4.4968026919053892E-003
  0.69051872035099415        4.2981282663374643E-003
  0.71478066524792272        1.4764253058574511E-003
  0.61408221009541264        7.5457911314361602E-003
  0.73836803345512791        8.4268154823119001E-004
  0.85420221866805990       -6.3980360992366920E-003
  0.75774180723293716       -2.4152062409891399E-004
  0.72122891967124059       -1.6801410417189593E-004
  0.75056748415703889        3.3360350109583664E-003
  0.80567518092255475        4.1850298004085691E-003
  0.30012688918714786       0.15366162381360923     
  0.11195933970482536        9.2524625267465410E-002
  0.29376985115733489       0.11551612918117631     
  0.20298268034456790       0.16378948154012907     
  0.15511953347415983       0.16060041294835464     
  0.96324061710582787        8.7806748522432240E-002
  0.95135072088617412        4.9557197440978550E-002
  0.93840374206893395        3.7410694713585532E-002
  0.95026229497093773        4.7976232722304335E-002
  0.95466793834094543        6.5191784758076146E-002
  0.98305792937081038        6.2451256859090268E-002
  0.94681854616372163        8.2339747719577638E-002
  0.37390469057276088        1.8039901042231622E-002
  0.34209230242877603        9.4478455624341824E-003
  0.37203738858616353        7.0401137222157381E-004
  0.40499878284151269        6.7728585436055448E-003
   1.5651696328080875E-002  0.15502508079457533     
  0.12416436516472515       0.15193625256534618     
  0.10249710962588869       0.14234849483706394     
  0.20396637667579978       0.14808115052818685     
   6.0190230007484392E-002  0.15622842766649297     
  0.19648845414666868       0.16013105653987095     
  -1.7573086294199583E-002  0.24981006337795672     
   9.9875377592707718E-002  0.23712981313967793     
   9.0765489453088946E-002  0.27819200677065820     
   7.5999620172097215E-003  0.24906902391523478     
  -6.4036416524534859E-002  0.25112652606919900     
  0.14543671000870428       0.25379079357669648     
  0.10413364875554658       0.23963081729763375     
  0.74459594911609062       0.20000990441896402     
  0.76957699138245517       0.18849306004408550     
  0.78768840461404166       0.20000520977718561     
  0.74998559007195287       0.19102871679253400     
  0.73626400497676348       0.19544743668399317     
  0.63430880508044041       0.21606207179078721     
  0.64667435328386613       0.22397928138036893     
  0.62308022780764372       0.21680856679272215     
  0.60932669643957804       0.23013724365828847     
   8.4587557461278551E-002  -9.8763709137592026E-004
  0.21139191010847999       -4.1869643802628563E-004
  0.25471931035786366        2.6979917087478181E-003
   2.4306336919863836E-002  -2.0610140261236542E-002
  0.10462082891048974        1.2452667861203354E-003
  0.11970734451380981       0.24713170551468802     
  0.20245247454707335       0.23721193722235798     
  0.88503521316264633        1.8930705919911962E-002
  0.85540308049470248        1.1916057871492762E-002
  0.96390355147302476        2.6299998063288428E-002
  0.88448872795503042        3.0246794274645942E-002
  0.97594633590262170        1.8192433725313806E-002
  0.92659609376185348        2.2596442649661611E-002
  0.90253655486269646        3.6811161512725413E-002
  0.90936105976481052        1.8706940296745276E-002
  0.97261376980102976        4.3737613825485785E-002
  0.93707902511581276        5.4220707082015401E-002
  0.99730715881920995        2.2100578287264510E-002
  0.98089622471457050        3.8172727753038857E-002
  0.99046487410644768        3.4166946097695702E-002
  0.99897366975343949        3.9101947776732475E-002
  0.98960923602143125        3.1988908536078074E-002
  0.99079695984229688        1.7970343024593889E-002
  0.97842031763129378        4.5846785742042269E-002
   2.0062781566638765E-002   3.0912012073850120E-003
   4.0019779280183632E-002  -1.0990283110258188E-003
  -5.1428599703077324E-002  -6.4708599269172379E-004
  -3.6090299588395353E-002  -7.8571204327096563E-004
  0.17513876986795848        9.8326762151727080E-003
  0.65806945542780249        4.4944733756782226E-003
  0.53146192642936574        4.1619556586150374E-005
  0.55173413963575091        1.0181072196445450E-004
  0.60186521997062514        9.7886086240164469E-004
  0.49501814457126564        1.4547404301936036E-003
  0.92606023509163904       -6.6559077245274684E-002
  0.86912158865386568        1.2596067335274474E-002
  0.83512611577410256        7.0879289311199635E-003
  0.86486257577129400        6.6438648602652759E-003
  0.90311216365724023       -5.4175284405365660E-003
  0.91571411865556518        2.9433060817074527E-002
  0.74200336075765672       0.16996716393424466     
  0.74666955240909438       0.16878339842997775     
  0.73924142050552588       0.17779457800968479     
  0.72795600371414426       0.19331008144297543     
  0.66067271785418624        2.5771873650454365E-003
  0.67075255494570762       -1.3529777179666987E-003
  0.66513760598223171       -1.1808690353571833E-003
  0.51502797324500316        7.4402037411422828E-004
  0.72253787131783098        7.6328347695225137E-004
  0.76170742349910248        2.6846181032148721E-003
  0.74249285417943989        1.0945867007753183E-002
  0.66076436461175314        2.3432810183311586E-003
  0.68161880251176865       -3.2395965922499021E-004
  0.72363599074295315       -4.8797874420135490E-003
  0.61178274068245930       -5.2858658594888007E-004
  -1.9518028012473751E-002  -3.0756226850504678E-003
  0.21554820547773218        1.0429660983790989E-003
  0.14898168405778883       -3.9392958123306140E-003
  0.17441658045861957       -2.6960714250803385E-003
   7.8363723463571330E-002  -1.8727780249503010E-003
  0.10312995858009091       -1.1094276968550666E-003
  0.95968546442413549       -6.5629287989389468E-002
  0.95111679294197005        3.7236779886469638E-002
  0.90049857759592100        2.3331244339242788E-002
  0.92622364041845895        5.3890500421188120E-002
  0.95027964870721848       -2.5957776823408510E-002
  0.98586805427763591        1.1119219847883991E-003
  0.97911484616794442        4.7128949035861690E-003
  0.81473165810964288        8.2660410074114427E-002
  0.78074136045295517        5.3228857593158180E-002
  0.79683293683233880        7.3020605151964693E-002
  0.81122363589017155        7.8166746204510071E-002
  0.72925825596549732        9.1071406014058096E-002
  0.83143772931874271        9.4915412526753465E-002
  0.82921455145824130       0.12187381817133008     
  0.67624105228905607        9.4451464532240188E-003
  0.61350692044562838        1.1453759532210719E-003
  0.62955383470167481        3.0972946582373577E-004
  0.65770441783894307        4.0459565148590155E-003
  0.58074008394333076       -2.9440414659286200E-003
  0.65990764478937813        9.1890626038973619E-002
  0.64074061257123627        8.9232693140954458E-002
  0.68026718189155377        7.9305013365230340E-002
  0.70515753319519792       0.10785865931896235     
  0.57376881991519291        9.8507271950027134E-002
  0.68813549976225652        8.8057338305888105E-002
  0.67855155617703788       0.10911163290952455     
  0.88509098131159503       -3.3425157168294802E-003
  0.84101343841699161       -3.8818913480724538E-003
  0.96478437038766296        8.9833006876898162E-003
  0.86448535939416371       -1.3661553311033220E-002
  0.95719258352217695       -8.8073565653271145E-004
  0.94663194704232356        4.9149835120062069E-003
  0.89158032787603414       -2.4785332552559099E-003
  0.35829988222241416        5.4750847723127635E-004
  0.30387512390827404       -4.2505274616567703E-004
  0.32594528156910657       -1.3171948025796579E-003
  0.22530004188685082       -1.8023279581236178E-003
  0.25532178343499112        8.3129325865411764E-004
  0.37754613768644735        1.6411836388117915E-003
  0.92860752066953545       0.13246439172701949     
  0.94331281688876789       0.11013581044319495     
  0.95175052264187399       0.11128465476742398     
  0.94832740415378636       0.11089543821439511     
  0.93468028083522470       0.11116968048219136     
  0.95861308003103918       0.10889889671508828     
  0.92296196040687595       0.12766311865842941     
  0.44696115611121506        9.8087097748654267E-004
  0.46043508216630064        9.4037645013731136E-004
  0.35713098994356685        1.0679193046887114E-003
  0.37365604195019309       -1.1549248023281166E-003
  0.51806044242844751        1.8992592505824720E-003
  0.66897000821259367        5.5251441139887595E-003
  0.63799369904080994        4.3041167197905104E-003
  0.66156379351278594        1.1148198628110624E-003
  0.47545234814487636       -1.3085628101525500E-003
  0.77211866495720693        6.9246880664974152E-003
  0.57062840881409704        5.5167347462069475E-003
  0.68718840864953179        2.1253009273816455E-003
  0.93814407009085876        8.4135536254450499E-002
  0.91114300923524283        8.2703558476082906E-002
  0.97599772090357440        7.5380639790021020E-002
  0.98494973489635074        5.4533390711802091E-002
  0.95784310458181476        6.4489324284025470E-002
  0.96141884925284216        7.1651545479248444E-002
  0.94414242690227435        9.0258191014254516E-002
  0.76154727216517659       0.22177906897442204     
  0.77795407880685641       0.19590597892690828     
  0.79136763812851574       0.20224077677783442     
  0.76280348132968545       0.19946131417052668     
  0.81820472488365037       0.21899558070053621     
  0.74967003052983605       0.20788173597004292     
  0.86363638799210329        2.4799101011279450E-002
  0.81466664804355782        8.4751966823167141E-004
  0.76779463737812537       -1.8370760649632202E-002
  0.79248360127740491       -1.0370612665447969E-002
  0.83307732904567111       -6.4404368176136234E-003
  0.88705729437331993        2.5476774128805581E-002
  0.80743542338896312        1.9621664489074078E-003
  0.76187123611932261       -8.6461834010806492E-004
  0.78230540349833388       -6.8462720169913715E-004
  0.63607994252816080        3.7369930714168309E-003
  0.81273097067221678        8.6660225717047866E-004
  0.87958017013849232       -5.3442707312885435E-003
  0.86937835704431354        3.7478703672659777E-002
  0.80732634391902536       -2.1772687804446937E-003
  0.82933614091769770        1.0759656352642602E-003
  0.86051970242456532        4.2652573153633314E-002
  0.92907737570679050       -3.3462569972034603E-002
  0.58996602587326807       -5.4098435224847240E-003
  0.60411377796902510        1.0679439633908623E-003
  0.47454071855569396       -1.1953104522261194E-003
  0.49405847807274489        8.8012785027625573E-004
  0.65075688600559833        8.7154376573935952E-004
