 cosx vtec
  0.79067625218993542        3.1388095203105523E-002
  0.70720041878680928        1.1266557126342261E-002
  0.74315578136576210        1.6147304182509994E-002
  0.77487077343245625        2.6590208887822465E-002
  0.71450925685522804        2.7965496839924199E-002
  0.86449881006542018        4.8858144319178523E-002
  0.24151575266862704       -1.2897270245265243E-003
  0.12906062288681169       -1.5853890733796313E-003
  0.12983370935960681        2.7911010227498938E-003
  -2.3721046793627742E-003   2.5617719413499748E-004
   5.5733229955751307E-002   1.3981685127904576E-003
  0.21123131242042731       -5.1007868414364495E-003
  -5.9239376157766727E-002  0.10729922832570163     
  -3.1593747504802039E-002  0.12261495911962182     
   1.5513486057782438E-002  0.10407521999405821     
  -9.7078531412252977E-002   7.9455081797138630E-002
  -1.0853934751435868E-002  0.11227182130513493     
  0.34439426497721920       0.23299099210043162     
  0.30930317755514425       0.23848472930534723     
  0.46483213852648342       0.24579306243113461     
  0.43620612304267864       0.24387617783107565     
  0.32668421859196650       0.23595003965126718     
  0.41863877359191809       0.24536648206127828     
  0.58215914362379839       0.18116790074331321     
  0.55191473593199514       0.18711093450550123     
  0.62929140906156922       0.18987606643068172     
  0.47034350665436181       0.21150504713415480     
  0.61043117406956637       0.18739092016021178     
  0.60588569405172621       0.18751340178758585     
  0.44568697114306405       -2.7604670143527199E-003
  0.43002957889351417       -1.1527491207212459E-004
  0.47943355386418396       -1.3811317215394021E-003
  0.57240207151109435        4.4922859168688416E-003
  0.54819767060918168       -1.2436391499969313E-003
  0.58221671591541335        2.0479110461447654E-004
  0.76829428360043328       -4.5297425071958546E-003
  0.58345926658503378        3.3594982712548912E-003
  0.56747641965436335       -1.0845568661108529E-002
  0.64077587937011882        2.4618362171800252E-002
  0.71852720657030611       -3.8686800322529163E-002
  0.64310472000221486        4.1191537438215890E-004
  0.36335319045947834        2.3041674179984772E-003
  0.30281092821196443       -2.7525199677435008E-004
  0.30688352855147172       -1.2724938539822386E-003
  0.14971159977526655       -2.9124891541573404E-003
  0.24105993487708921        1.6272398366837053E-003
  0.35761620495733309       -1.8118724865727565E-004
  0.92482452182680575       0.16537621692818413     
  0.96801218919815579       0.15934392381651821     
  0.98052734828688592        2.5444023499378923E-002
  0.94811544584279095       0.16245428121964881     
  0.94155272338260254       0.15838180996555629     
  0.93900499915774427       0.16540010551223430     
   7.2524894728582756E-002  0.18163321329719903     
  0.11297471928801012       0.18364688198242726     
  0.15744688120533645       0.17466758563093754     
  0.12993243923993625       0.17416515867053778     
  0.93602459775278535       0.19077796878947312     
  0.94175181760505766       0.19748407119543368     
  0.92819785055086435       0.19677924073786038     
  0.92008234915376663       0.19784547479312053     
  0.59267029566795648        7.1904269094688437E-003
  0.45876750502026931       -4.0428397746459149E-004
  0.48851372519441183        8.0264766956408590E-004
  0.54087862189833535       -4.8977605447199585E-004
  0.46719287657099146       -4.6278575108834206E-003
  0.74353382499048415       -1.9673738106778019E-003
  0.64624833974565576        3.1601492638171458E-003
  0.67839930878464960       -3.5944424831929598E-003
  0.71726665321783245       -4.0640839485871225E-003
  0.65180990261913385        8.8320842817718771E-003
  0.32109773129544866        6.7539068959038440E-002
  0.37207260355490890        5.4977674025444352E-002
  0.34213570340249677        5.8772998018942098E-002
  0.72936062014926129        7.7012684142695968E-003
  0.64086638008377539        2.1670522914370286E-003
  0.67291416799728332        1.8489583781809297E-003
  0.70807918138941961        4.0539128396376491E-003
  0.64679216158060526        1.1603254861881261E-002
  0.87462476191275507       0.15621543594884907     
  0.83345049648804115       0.16669204073483934     
  0.93589119586597391       0.15831919765343447     
  0.90348306952833957       0.15216228660618406     
  0.89115518498130297       0.14958327736875440     
  0.89241741503955940       0.15520144799549179     
  0.72615305276671593       -2.0566632077150596E-002
  0.58662165982482040       -1.2701386721718732E-002
  0.56909346011095996       -4.1639714671229781E-003
  0.61338271455877169       -1.2944937963955926E-003
  0.67546400674962315       -5.6288340745692606E-003
  0.67385051906602500       -4.6381131940633384E-003
  -1.7461522107899086E-002  -2.3291142227196697E-004
  -5.3478615152667996E-002  -1.0360885492778609E-003
   4.7194366921973208E-003   2.9107282886670050E-005
  0.82168586757718010        1.7706911728363754E-002
  0.73013850069996200        8.3064049308213578E-004
  0.70961676925418371       -9.0239836387568228E-003
  0.75253244162431743        2.1763725522982606E-002
  0.79586573686448125       -7.8960665841218552E-003
  0.90614343361751193        8.2147199687336817E-002
  -7.9647993201697964E-002  0.26215514191980205     
  -2.5143493698857600E-002  0.25579646739042927     
  -7.7038464373653970E-002  0.25371490527562868     
  0.96224736504476860       0.17979436456887404     
  0.98588345649249920       0.16086609414302988     
  0.99041609714182077       0.16159190962225733     
  0.97693775155866613       0.16379153790527184     
  0.98025853040734057       0.16523917677199620     
  0.96997023506420343       0.16719070424129434     
  0.11712866218784905       0.14616974875789149     
  0.23080840174306411       0.13480062142992202     
  0.19575819096207928       0.13244874296649659     
  0.21944010964887817       0.12622566330818735     
  0.15068590469732127       0.13218300977472652     
  0.26549146242676486       0.13403129489593524     
  0.29570701390487925       0.16718654530471480     
  0.56393098491022542        4.4968026919053892E-003
  0.51473295367724159        4.2981282663374643E-003
  0.52022901969916113        1.4764253058574511E-003
  0.43117747594227773        7.5457911314361602E-003
  0.56302647825185614        8.4268154823119001E-004
  0.67788447274291197       -6.3980360992366920E-003
  0.50555416498469929       -2.4152062409891399E-004
  0.48810679368067178       -1.6801410417189593E-004
  0.53189099910647908        3.3360350109583664E-003
  0.60615893638792673        4.1850298004085691E-003
  0.52849335926147856       0.15366162381360923     
  0.36936204864041411        9.2524625267465410E-002
  0.51442395697447552       0.11551612918117631     
  0.43191889644081144       0.16378948154012907     
  0.40082951702166414       0.16060041294835464     
  0.99288988861904948        8.7806748522432240E-002
  0.97704297109016292        4.9557197440978550E-002
  0.94313882277933303        3.7410694713585532E-002
  0.97004182731106259        4.7976232722304335E-002
  0.99052700505729063        6.5191784758076146E-002
  0.98179994350606026        6.2451256859090268E-002
  0.99747685179847134        8.2339747719577638E-002
  0.22368218950366539        1.8039901042231622E-002
  0.17480373005354913        9.4478455624341824E-003
  0.18339830337760588        7.0401137222157381E-004
  0.23607072793885589        6.7728585436055448E-003
   4.0873367464531005E-002  0.15502508079457533     
  0.14503906533932803       0.15193625256534618     
  0.10901856260742976       0.14234849483706394     
  0.14825106382093478       0.14808115052818685     
   6.3913124618976663E-002  0.15622842766649297     
  0.19686564538823403       0.16013105653987095     
  0.17964069591127721       0.24981006337795672     
  0.29314868784577208       0.23712981313967793     
  0.26148636031364053       0.27819200677065820     
  0.23794934473716756       0.24906902391523478     
  0.15739771247672402       0.25112652606919900     
  0.35504587672370697       0.25379079357669648     
  0.31276633271182047       0.23963081729763375     
  0.90483346783262464       0.20000990441896402     
  0.93577880517587764       0.18849306004408550     
  0.94813696957792515       0.20000520977718561     
  0.91957758224846520       0.19102871679253400     
  0.90983797015033152       0.19544743668399317     
  0.85904866597212759       0.21606207179078721     
  0.86548093945111537       0.22397928138036893     
  0.85293978456164754       0.21680856679272215     
  0.84376917389485628       0.23013724365828847     
  -6.6229178861398230E-002  -4.1869643802628563E-004
  -1.0670643460412466E-002   2.6979917087478181E-003
  0.42939502420836778       0.24713170551468802     
  0.49798695110990898       0.23721193722235798     
  0.77552457852379075        1.8930705919911962E-002
  0.72324199214163787        1.1916057871492762E-002
  0.87213990963609667        2.6299998063288428E-002
  0.73118770549651080        3.0246794274645942E-002
  0.87467951297984736        1.8192433725313806E-002
  0.83804402075870899        2.2596442649661611E-002
  0.77354792776198522        3.6811161512725413E-002
  0.83621012776068349        1.8706940296745276E-002
  0.93171735798562649        4.3737613825485785E-002
  0.86009542318035126        5.4220707082015401E-002
  0.95946227858004274        2.2100578287264510E-002
  0.87691848234559711        3.8172727753038857E-002
  0.92629657421313016        3.4166946097695702E-002
  0.95421176469676017        3.9101947776732475E-002
  0.96026825877536837        3.1988908536078074E-002
  0.92697148369942373        1.7970343024593889E-002
  0.96369170606662036        4.5846785742042269E-002
  -9.7646647228259109E-002   9.8326762151727080E-003
  0.54108770193676969        4.4944733756782226E-003
  0.36804412465726921        4.1619556586150374E-005
  0.39892285440259634        1.0181072196445450E-004
  0.46380006865855794        9.7886086240164469E-004
  0.38015345881768731        1.4547404301936036E-003
  0.77723756679247702       -6.6559077245274684E-002
  0.65563716414355211        1.2596067335274474E-002
  0.63756274296158100        7.0879289311199635E-003
  0.68518387129616065        6.6438648602652759E-003
  0.73987513401483451       -5.4175284405365660E-003
  0.72929111858926465        2.9433060817074527E-002
  0.91640775280164566       0.16996716393424466     
  0.91570036741908234       0.16878339842997775     
  0.92025627717728509       0.17779457800968479     
  0.91583431077174460       0.19331008144297543     
  0.38642692292932934        2.5771873650454365E-003
  0.38035670884399325       -1.3529777179666987E-003
  0.37263800779449280       -1.1808690353571833E-003
  0.19548213592758157        7.4402037411422828E-004
  0.44933089464426901        7.6328347695225137E-004
  0.63475884704810159        2.6846181032148721E-003
  0.52228340259495476        1.0945867007753183E-002
  0.49130000515464484        2.3432810183311586E-003
  0.52391705244723119       -3.2395965922499021E-004
  0.57995250672088217       -4.8797874420135490E-003
  0.50239993238439307       -5.2858658594888007E-004
   1.0661307217586402E-002   1.0429660983790989E-003
  -8.3852605199706637E-002  -3.9392958123306140E-003
  -7.8379449766433129E-002  -2.6960714250803385E-003
  0.88145822200786539       -6.5629287989389468E-002
  0.80116954663775597        3.7236779886469638E-002
  0.77835411339192229        2.3331244339242788E-002
  0.82585403511531219        5.3890500421188120E-002
  0.86345217819532261       -2.5957776823408510E-002
  0.93072689348796500        1.1119219847883991E-003
  0.87159425182510974        4.7128949035861690E-003
  0.89917336946516802        8.2660410074114427E-002
  0.81320887260417973        5.3228857593158180E-002
  0.86270230565437445        7.3020605151964693E-002
  0.88993581043007808        7.8166746204510071E-002
  0.82622915619575643        9.1071406014058096E-002
  0.92896361505402070        9.4915412526753465E-002
  0.94517477450555121       0.12187381817133008     
  0.67380819688610027        9.4451464532240188E-003
  0.57709189860359655        1.1453759532210719E-003
  0.60716718216831811        3.0972946582373577E-004
  0.64616118656732824        4.0459565148590155E-003
  0.58272128169099202       -2.9440414659286200E-003
   3.8892199855651011E-002  0.31946926041257023     
  -9.4930990519576319E-002  0.23657501750403848     
  0.13942955468954304       0.16105346369551943     
   2.6987806598454844E-002  0.27503329833987039     
  0.61493745249420584        9.1890626038973619E-002
  0.58084434549420116        8.9232693140954458E-002
  0.59073918966219430        7.9305013365230340E-002
  0.67984689267712839       0.10785865931896235     
  0.50543121068649732        9.8507271950027134E-002
  0.62858359527005880        8.8057338305888105E-002
  0.65693785462824539       0.10911163290952455     
  0.72767490097066756       -3.3425157168294802E-003
  0.65281746881290559       -3.8818913480724538E-003
  0.82420876019363820        8.9833006876898162E-003
  0.65868250437698084       -1.3661553311033220E-002
  0.80205029258628702       -8.8073565653271145E-004
  0.82051141872563538        4.9149835120062069E-003
  0.70671566079918124       -2.4785332552559099E-003
  0.14559224626716427        5.4750847723127635E-004
   6.5513797662818340E-002  -4.2505274616567703E-004
   6.9387877706808154E-002  -1.3171948025796579E-003
  -4.0146688473265357E-002  -1.8023279581236178E-003
   1.4454780557720592E-002   8.3129325865411764E-004
  0.13765888938713250        1.6411836388117915E-003
  0.98240305076864387       0.13246439172701949     
  0.99990110739030535       0.11013581044319495     
  0.98099730807373098       0.11128465476742398     
  0.99935656706196530       0.11089543821439511     
  0.99728764608270182       0.11116968048219136     
  0.99017885159257002       0.10889889671508828     
  0.99388050085282942       0.12766311865842941     
  0.16150421400376302        9.8087097748654267E-004
  0.15845750694887828        9.4037645013731136E-004
   4.4016001138945549E-002   1.0679193046887114E-003
   8.4193135698677368E-002  -1.1549248023281166E-003
  0.23185012603307542        1.8992592505824720E-003
  0.50192255555091869        5.5251441139887595E-003
  0.45161246714858638        4.3041167197905104E-003
  0.45681509908720180        1.1148198628110624E-003
  0.22454930295200398       -1.3085628101525500E-003
  0.65125716997006788        6.9246880664974152E-003
  0.37851616335996463        5.5167347462069475E-003
  0.50086330494756148        2.1253009273816455E-003
  0.91895581835642426        8.4135536254450499E-002
  0.86397991861265588        8.2703558476082906E-002
  0.96390087080209030        7.5380639790021020E-002
  0.96648961441244452        5.4533390711802091E-002
  0.95053942353259480        6.4489324284025470E-002
  0.92347136989837431        7.1651545479248444E-002
  0.94630159238994360        9.0258191014254516E-002
  0.92313946085153709       0.22177906897442204     
  0.94468323864344517       0.19590597892690828     
  0.95251717604222419       0.20224077677783442     
  0.93362902313870011       0.19946131417052668     
  0.95425755684843194       0.21899558070053621     
  0.92498296034435690       0.20788173597004292     
  0.71575546350855657        2.4799101011279450E-002
  0.59463842127174815        8.4751966823167141E-004
  0.57474535736022359       -1.8370760649632202E-002
  0.61354376037386604       -1.0370612665447969E-002
  0.66934645947031424       -6.4404368176136234E-003
  0.69828540920312521        2.5476774128805581E-002
  0.62071232445179114        1.9621664489074078E-003
  0.54591799762711612       -8.6461834010806492E-004
  0.54940556567853904       -6.8462720169913715E-004
  0.40876363923419612        3.7369930714168309E-003
  0.59823394307489963        8.6660225717047866E-004
  0.77320647590283342       -5.3442707312885435E-003
  0.68431208482579797        3.7478703672659777E-002
  0.66178636279047298       -2.1772687804446937E-003
  0.69876822777096492        1.0759656352642602E-003
  0.74291437463830068        4.2652573153633314E-002
  0.78692925580146378       -3.3462569972034603E-002
  0.31758028057663001       -5.4098435224847240E-003
  0.31548515895505674        1.0679439633908623E-003
  0.16468854521084442       -1.1953104522261194E-003
  0.21547485791560156        8.8012785027625573E-004
  0.37835189464051378        8.7154376573935952E-004
