 cosx vtec
  0.62084344010861070        3.1388095203105523E-002
  0.49411944991473011        1.1266557126342261E-002
  0.55633198521413585        1.6147304182509994E-002
  0.59791541877805099        2.6590208887822465E-002
  0.58467503816736555        2.7965496839924199E-002
  0.71451403403704294        4.8858144319178523E-002
  0.32873854743122638       0.10729922832570163     
  0.37664513626485863       0.12261495911962182     
  0.36589496269637328       0.10407521999405821     
  0.25956316655146672        7.9455081797138630E-002
  0.37488082233589648       0.11227182130513493     
  0.86717208777167365       0.23299099210043162     
  0.84656651197369626       0.23848472930534723     
  0.92516872572762865       0.24579306243113461     
  0.91220709582814452       0.24387617783107565     
  0.85446159331507066       0.23595003965126718     
  0.44714369664311626       0.24536648206127828     
  0.53120780976533444       0.18116790074331321     
  0.48161979770112806       0.18711093450550123     
  0.58813319918728901       0.18987606643068172     
  0.40655618491660833       0.21150504713415480     
  0.51895851503146251       0.18739092016021178     
  0.57527471683158582       0.18751340178758585     
  -3.6047956794816871E-002   4.4922859168688416E-003
  -4.5113486145226478E-002   2.0479110461447654E-004
  0.17938890602466026       -4.5297425071958546E-003
  -7.3929432339026824E-002   3.3594982712548912E-003
  -8.2321865189398380E-002  -1.0845568661108529E-002
   1.2249671547073016E-002   2.4618362171800252E-002
  0.10865974157337810       -3.8686800322529163E-002
   3.1795806094389589E-003   4.1191537438215890E-004
  0.75574996000222405       0.16537621692818413     
  0.79721177123877052       0.15934392381651821     
  0.79491951645052117        2.5444023499378923E-002
  0.78937912686423239       0.16245428121964881     
  0.73272874665828869       0.15838180996555629     
  0.79256100502992988       0.16540010551223430     
  0.57827121804813053       0.18163321329719903     
  0.62260316905324808       0.18364688198242726     
  0.62223683114985129       0.17466758563093754     
  0.62535537346046544       0.17416515867053778     
  0.31031298874136842       0.15282663361311893     
  0.40280167647469312       0.18282056158905738     
  0.34841908251566167       0.16106935157295429     
  0.35310072519129959       0.15907872351079722     
  0.32832406492975263       0.19583999216562853     
  0.23724133914020420       0.15789407856856472     
  0.35190029364187830       0.15939434382024795     
  0.94324369373584671       0.19077796878947312     
  0.93655381274727489       0.19748407119543368     
  0.94678866290590624       0.19677924073786038     
  0.95048468615601589       0.19784547479312053     
  0.21832172601256597        7.1904269094688437E-003
   5.7739137292778797E-002  -4.0428397746459149E-004
   9.8182267676882123E-002   8.0264766956408590E-004
  0.15623484309137264       -4.8977605447199585E-004
  0.14594392795406919       -4.6278575108834206E-003
   8.0976344466133388E-002   9.8655685494388690E-002
  0.20173539307738950       0.13308650335389738     
  0.12130863977162040       0.10687066290385225     
  0.13031179135537502       0.10745699758102502     
  0.10511016950551821       0.13555866064375602     
   2.7055441863718499E-002   9.3728464902475037E-002
  0.12557223894032282       0.10544067617861003     
  0.39753071837846499       -1.9673738106778019E-003
  0.26859077204218751        3.1601492638171458E-003
  0.31627919945981547       -3.5944424831929598E-003
  0.36282328022597360       -4.0640839485871225E-003
  0.36070682625181005        8.8320842817718771E-003
  0.78707089294110122        6.7539068959038440E-002
  0.78563203621104805        5.4977674025444352E-002
  0.79029711398612601        5.8772998018942098E-002
  0.52279045455638185        7.7012684142695968E-003
  0.39939567177661073        2.1670522914370286E-003
  0.45110090297701894        1.8489583781809297E-003
  0.49428767368469728        4.0539128396376491E-003
  0.47968547020443675        1.1603254861881261E-002
  0.69001145278879272       0.15621543594884907     
  0.61900395938401698       0.16669204073483934     
  0.74838610165348574       0.15831919765343447     
  0.72889114283284506       0.15216228660618406     
  0.66996657153153905       0.14958327736875440     
  0.72973452286811413       0.15520144799549179     
  0.16764806185378389       -2.0566632077150596E-002
  -5.3097320422217098E-002  -1.2701386721718732E-002
  -2.9868394110695418E-002  -4.1639714671229781E-003
   2.8425587483217496E-002  -1.2944937963955926E-003
  0.10123905666883173       -5.6288340745692606E-003
   5.3245953088869591E-002  -4.6381131940633384E-003
  0.33018264478920600        1.7706911728363754E-002
  0.14066535826318960        8.3064049308213578E-004
  0.17769435054668578       -9.0239836387568228E-003
  0.23921076943529346        2.1763725522982606E-002
  0.29339271917106396       -7.8960665841218552E-003
  0.45138366108394745        8.2147199687336817E-002
  0.44033802166279201       0.26215514191980205     
  0.52023406339208811       0.25579646739042927     
  0.46960455994001971       0.25371490527562868     
  0.82721174516144624       0.17979436456887404     
  0.85116816186504241       0.16086609414302988     
  0.84396280672838331       0.16159190962225733     
  0.85370527309350541       0.16379153790527184     
  0.79818421099062287       0.16523917677199620     
  0.85978180894286504       0.16719070424129434     
   5.8002896831514453E-002  0.14616974875789149     
  0.11939573100050599       0.13480062142992202     
   7.0543204686767030E-002  0.13244874296649659     
   4.9829062091703152E-003  0.12622566330818735     
   3.5122947637322238E-002  0.13218300977472652     
  0.10925779441684022       0.13403129489593524     
  0.21606427050075150       0.16718654530471480     
   7.4170960937330693E-002   4.4968026919053892E-003
   5.5988910624554244E-003   4.2981282663374643E-003
  -2.6082122392584783E-002   1.4764253058574511E-003
  -6.2317354624023297E-002   7.5457911314361602E-003
   3.7955094159632385E-002   8.4268154823119001E-004
  -4.1662817780756894E-002  0.17457448895407282     
  0.11108868524839191       -6.3980360992366920E-003
  -6.3810173297849548E-002   3.3360350109583664E-003
   2.0674251809501221E-002   4.1850298004085691E-003
  0.77413810409432138       0.15366162381360923     
  0.72484279918211403        9.2524625267465410E-002
  0.75046045068987843       0.11551612918117631     
  0.71217437426111774       0.16378948154012907     
  0.72340659445572575       0.16060041294835464     
  0.70378523396173009        8.7806748522432240E-002
  0.68600512600152230        4.9557197440978550E-002
  0.62448917053910846        3.7410694713585532E-002
  0.67032317941677144        4.7976232722304335E-002
  0.71391356870903477        6.5191784758076146E-002
  0.63846014340236357        6.2451256859090268E-002
  0.74626322999088957        8.2339747719577638E-002
   7.4079431498676102E-002  0.15502508079457533     
  0.13389912719896307       0.15193625256534618     
   8.3413133595525990E-002  0.14234849483706394     
  -7.9465293747792848E-003  0.14808115052818685     
   4.8713081373263065E-002  0.15622842766649297     
  0.12920380829590616       0.16013105653987095     
  0.48789280405985058       0.24981006337795672     
  0.55457421720753863       0.23712981313967793     
  0.49152337960321513       0.27819200677065820     
  0.58822562895259300       0.24906902391523478     
  0.51889409026441036       0.25112652606919900     
  0.62567610428259401       0.25379079357669648     
  0.59624490530731156       0.23963081729763375     
  0.89173611244125373       0.20000990441896402     
  0.92314345444762158       0.18849306004408550     
  0.92039710226458848       0.20000520977718561     
  0.91894030868877941       0.19102871679253400     
  0.92006688980977325       0.19544743668399317     
  0.98307695573806886       0.21606207179078721     
  0.97612441505150949       0.22397928138036893     
  0.98871154749955181       0.21680856679272215     
  0.99133893016044472       0.23013724365828847     
  -8.9634965095426733E-002  0.14929554268333578     
  0.86229014208803545       0.24713170551468802     
  0.88046102052132014       0.23721193722235798     
  0.30037503490694867        1.8930705919911962E-002
  0.22368107290623346        1.1916057871492762E-002
  0.39678964811985196        2.6299998063288428E-002
  0.18913718880165298        3.0246794274645942E-002
  0.38058711821419211        1.8192433725313806E-002
  0.38057091285361699        2.2596442649661611E-002
  0.26247821634788282        3.6811161512725413E-002
  0.40831860123808117        1.8706940296745276E-002
  0.53127518574950583        4.3737613825485785E-002
  0.41670555689529171        5.4220707082015401E-002
  0.55511939942216215        2.2100578287264510E-002
  0.37695363965820722        3.8172727753038857E-002
  0.48400017768110454        3.4166946097695702E-002
  0.53869261565876148        3.9101947776732475E-002
  0.57162757534290021        3.1988908536078074E-002
  0.48508499144502415        1.7970343024593889E-002
  0.60132433611343017        4.5846785742042269E-002
  0.13331612495268017        4.4944733756782226E-003
  -6.6901268959506377E-002   4.1619556586150374E-005
  -2.6812879500800219E-002   1.0181072196445450E-004
   4.3246379874158580E-002   9.7886086240164469E-004
   3.2252546714420960E-002   1.4547404301936036E-003
  0.22761065294564528       -6.6559077245274684E-002
   2.6717279285137285E-002   1.2596067335274474E-002
   4.4841828521095917E-002   7.0879289311199635E-003
  0.10953649328011955        6.6438648602652759E-003
  0.17613391970356573       -5.4175284405365660E-003
  0.12565032398197717        2.9433060817074527E-002
  0.92591570276947688       0.16996716393424466     
  0.91535496842861552       0.16878339842997775     
  0.94085125820293802       0.17779457800968479     
  0.95086409201031397       0.19331008144297543     
  0.17572412113974001        2.6846181032148721E-003
  -7.2962121050785866E-002   1.0945867007753183E-002
   2.1844799729491549E-003   2.3432810183311586E-003
   4.5580219437789227E-002  -3.2395965922499021E-004
  0.10850048586504873       -4.8797874420135490E-003
  0.12234582286769799       -5.2858658594888007E-004
  0.42831185360149460       -6.5629287989389468E-002
  0.24111762767782635        3.7236779886469638E-002
  0.27847804983090257        2.3331244339242788E-002
  0.35040476930129427        5.3890500421188120E-002
  0.40039610180916740       -2.5957776823408510E-002
  0.50385733508264130        1.1119219847883991E-003
  0.36682011140083104        4.7128949035861690E-003
   3.5516779679004962E-002   9.8461162684642806E-002
  0.14626901626121419       0.13174878465105111     
   7.5294232632353741E-002  0.10454917800673171     
   9.5940986689409591E-002  0.11754210326410783     
   5.6042964742936408E-002  0.11888509311478077     
  -2.0413210673812576E-002   9.7090992999645923E-002
   8.1992051737758587E-002  0.10509869906497141     
  0.74559222448772555        8.2660410074114427E-002
  0.59180334306872606        5.3228857593158180E-002
  0.68688284254665732        7.3020605151964693E-002
  0.72879482931278905        7.8166746204510071E-002
  0.72152844454338672        9.1071406014058096E-002
  0.78962662995351418        9.4915412526753465E-002
  0.83485293387453230       0.12187381817133008     
  0.43522478103906398        9.4451464532240188E-003
  0.30823212056789406        1.1453759532210719E-003
  0.35422707736248538        3.0972946582373577E-004
  0.40005757125447305        4.0459565148590155E-003
  0.38406772749696355       -2.9440414659286200E-003
  0.42306024726580471       0.24900590984499346     
  0.42049301905774228       0.22365486852961142     
  0.53884662382320037       0.31946926041257023     
  0.50242056217452935       0.23657501750403848     
  0.33040229225479889       0.27576256098499924     
  0.48984690359323801       0.24673764574183799     
  0.45420756579672106       0.23544226493101264     
  0.66193031277197478       0.16105346369551943     
  0.57875097713496948       0.27503329833987039     
  0.51777615892670437       0.28070750620823104     
  -9.7690336656516941E-002  0.14099650179983431     
  -6.4099615167731439E-003  0.14005128467219471     
  -4.3730344895134721E-002  0.14563795754615758     
  -8.6804688802724100E-002  0.14434854905661090     
  0.31685558980104905        9.1890626038973619E-002
  0.26655105066865070        8.9232693140954458E-002
  0.21732002460242164        7.9305013365230340E-002
  0.39617008812702059       0.10785865931896235     
  0.20146409030353993        9.8507271950027134E-002
  0.29835782207329031        8.8057338305888105E-002
  0.38816524842994488       0.10911163290952455     
  0.17911058952395909       -3.3425157168294802E-003
   7.2403602682552415E-002  -3.8818913480724538E-003
  0.27376832044626842        8.9833006876898162E-003
   4.3141612185379374E-002  -1.3661553311033220E-002
  0.23192900357675300       -8.8073565653271145E-004
  0.29852171971223418        4.9149835120062069E-003
  0.11384394882767535       -2.4785332552559099E-003
  0.74232055873303104       0.13246439172701949     
  0.75899027640882677       0.11013581044319495     
  0.69526647711473433       0.11128465476742398     
  0.74818711064379828       0.11089543821439511     
  0.76859662094150927       0.11116968048219136     
  0.70561757215694720       0.10889889671508828     
  0.78199266484743035       0.12766311865842941     
   1.3660156083060954E-002   5.5251441139887595E-003
  -5.5513040279634496E-002   4.3041167197905104E-003
  -8.6636801435089783E-002   1.1148198628110624E-003
  0.19793260736634216        6.9246880664974152E-003
  -2.3261353356160086E-002   2.1253009273816455E-003
  0.56374367808951331        8.4135536254450499E-002
  0.47528520980983890        8.2703558476082906E-002
  0.60640695233054176        7.5380639790021020E-002
  0.59613759827009827        5.4533390711802091E-002
  0.60669409838998800        6.4489324284025470E-002
  0.53143517954811759        7.1651545479248444E-002
  0.62171238469719503        9.0258191014254516E-002
  0.90623044720786006       0.22177906897442204     
  0.92994649682958941       0.19590597892690828     
  0.92457347711991955       0.20224077677783442     
  0.93043005007894841       0.19946131417052668     
  0.87854305137761057       0.21899558070053621     
  0.93322026430049521       0.20788173597004292     
  0.18925096059965263        2.4799101011279450E-002
  -2.5395146739730590E-002   8.4751966823167141E-004
   1.2324412489478964E-002  -1.8370760649632202E-002
   6.4165342377145829E-002  -1.0370612665447969E-002
  0.12917148258932037       -6.4404368176136234E-003
  0.10099832504574224        2.5476774128805581E-002
   5.4216549918386259E-002   1.9621664489074078E-003
  -4.9536671123992293E-002  -8.6461834010806492E-004
  -7.9109511368235574E-002  -6.8462720169913715E-004
  -1.2653082560262485E-002   8.6660225717047866E-004
  0.30475752039664666       -5.3442707312885435E-003
   9.8842159820440395E-002   3.7478703672659777E-002
  0.15842466722807536       -2.1772687804446937E-003
  0.21070114811084867        1.0759656352642602E-003
  0.26387718979284380        4.2652573153633314E-002
  0.24648050120830797       -3.3462569972034603E-002
