 cosx vtec
  0.52629230869370947        3.1388095203105523E-002
  0.39781941878322291        1.1266557126342261E-002
  0.46224813984981816        1.6147304182509994E-002
  0.50323758507354044        2.6590208887822465E-002
  0.50376489367801880        2.7965496839924199E-002
  0.61798151391968592        4.8858144319178523E-002
  0.40777877888561886       0.10729922832570163     
  0.45740319996204742       0.12261495911962182     
  0.43186568842095208       0.10407521999405821     
  0.33556096557731641        7.9455081797138630E-002
  0.44969774094510240       0.11227182130513493     
  0.94041781661186907       0.23299099210043162     
  0.92534085613924477       0.23848472930534723     
  0.97699939409144720       0.24579306243113461     
  0.96928560339056180       0.24387617783107565     
  0.93005438361213455       0.23595003965126718     
  0.41979042317837401       0.24536648206127828     
  0.47579933126800256       0.18116790074331321     
  0.42487312456302107       0.18711093450550123     
  0.53090765250147398       0.18987606643068172     
  0.35745214869944369       0.21150504713415480     
  0.45356354061337906       0.18739092016021178     
  0.52190653134621579       0.18751340178758585     
   6.2337408663299676E-003  -4.5297425071958546E-003
  -6.4613488118249046E-002  -3.8686800322529163E-002
  0.65082766959663607       0.16537621692818413     
  0.68857284370386029       0.15934392381651821     
  0.68246008801725411        2.5444023499378923E-002
  0.68461333919149348       0.16245428121964881     
  0.61887295558836430       0.15838180996555629     
  0.69086652841249707       0.16540010551223430     
  0.66956430028462111       0.18163321329719903     
  0.71146959818920164       0.18364688198242726     
  0.69901892101125562       0.17466758563093754     
  0.71016844321865968       0.17416515867053778     
  0.43403303078406652       0.15282663361311893     
  0.52885045931929642       0.18282056158905738     
  0.47225679116140873       0.16106935157295429     
  0.46574769630291057       0.15907872351079722     
  0.46813477258892661       0.19583999216562853     
  0.35958202003193962       0.15789407856856472     
  0.47256263772882617       0.15939434382024795     
  0.87124831481390708       0.19077796878947312     
  0.86172842465921895       0.19748407119543368     
  0.87758742941327506       0.19677924073786038     
  0.88418456979879445       0.19784547479312053     
  0.10007664481765112        7.1904269094688437E-003
  -5.5124579075014030E-002  -4.0428397746459149E-004
  -1.4962233271138048E-002   8.0264766956408590E-004
   4.0075827858477006E-002  -4.8977605447199585E-004
   4.7717694385829131E-002  -4.6278575108834206E-003
  0.21751231949268038        9.8655685494388690E-002
  0.34456657619269243       0.13308650335389738     
   1.5443663780226297E-002   5.5964969898950119E-002
  0.25934009713404704       0.10687066290385225     
  0.25633585203633114       0.10745699758102502     
  0.25690163171586328       0.13555866064375602     
  0.16067437355393349        9.3728464902475037E-002
  0.26046892885586331       0.10544067617861003     
  0.27289403215597563       -1.9673738106778019E-003
  0.14551092679039218        3.1601492638171458E-003
  0.19365824177936630       -3.5944424831929598E-003
  0.23862735807099258       -4.0640839485871225E-003
  0.25378811655326988        8.8320842817718771E-003
  -8.0538631016793039E-002  -4.5443046438902509E-003
  0.85125045632747387        6.7539068959038440E-002
  0.83576490283674709        5.4977674025444352E-002
  0.84941193794367575        5.8772998018942098E-002
  0.42600164390735518        7.7012684142695968E-003
  0.30285206445970764        2.1670522914370286E-003
  0.35581429401175996        1.8489583781809297E-003
  0.39778250357043476        4.0539128396376491E-003
  0.39693687829246121        1.1603254861881261E-002
  0.58604496296725173       0.15621543594884907     
  0.51254469835354599       0.16669204073483934     
  0.63906211838420435       0.15831919765343447     
  0.62458394147655549       0.15216228660618406     
  0.55769073298934668       0.14958327736875440     
  0.62857841382492852       0.15520144799549179     
   3.6259425619678820E-003  -2.0566632077150596E-002
  -6.1823652471605178E-002  -5.6288340745692606E-003
  0.17151905815465460        1.7706911728363754E-002
  -2.9607454504876646E-002   8.3064049308213578E-004
   2.0065897154284973E-002  -9.0239836387568228E-003
   8.1784700983724562E-002   2.1763725522982606E-002
  0.13464980463747261       -7.8960665841218552E-003
  0.29314471039127732        8.2147199687336817E-002
  0.54629121236291400       0.26215514191980205     
  0.62678329215640893       0.25579646739042927     
  0.58046475381859164       0.25371490527562868     
  0.72588277952898794       0.17979436456887404     
  0.74804766790284372       0.16086609414302988     
  0.73823617349161608       0.16159190962225733     
  0.75348794905726413       0.16379153790527184     
  0.68642342022948910       0.16523917677199620     
  0.76261194735305549       0.16719070424129434     
   3.7483015362084579E-002  0.14616974875789149     
   7.9937722364192401E-002  0.13480062142992202     
   3.1186314460301720E-002  0.13244874296649659     
  -5.3343043949013139E-002  0.12622566330818735     
   1.1503114123572952E-003  0.13218300977472652     
   5.8486219464402481E-002  0.13403129489593524     
  0.17761053150429021       0.16718654530471480     
  -6.3951662043667284E-002   4.4968026919053892E-003
  -4.3298191621790189E-002  0.13496985917050677     
   9.6316653940951846E-002  0.17457448895407282     
  -7.8041364449190478E-002  0.13312764346030101     
  -1.2533136318845117E-002  0.13731931094613789     
  -9.9273262263323475E-002  0.14286392655987321     
  -5.0739207779207623E-002  -6.3980360992366920E-003
  0.77981011845979353       0.15366162381360923     
  0.76405136405643015        9.2524625267465410E-002
  0.75539301948187976       0.11551612918117631     
  0.73205407778993470       0.16378948154012907     
  0.75383886911712583       0.16060041294835464     
  0.57051075668380768        8.7806748522432240E-002
  0.55360227192653089        4.9557197440978550E-002
  0.48944956970026970        3.7410694713585532E-002
  0.53680460504820871        4.7976232722304335E-002
  0.58321956567906730        6.5191784758076146E-002
  0.49565527878177928        6.2451256859090268E-002
  0.61989489919628438        8.2339747719577638E-002
   7.7242545028472637E-002  0.15502508079457533     
  0.12039266373688695       0.15193625256534618     
   6.9956688348063581E-002  0.14234849483706394     
  -4.9520123530396191E-002  0.14808115052818685     
   4.0787947879965758E-002  0.15622842766649297     
  0.10079612208879279       0.16013105653987095     
  0.53291831636361142       0.24981006337795672     
  0.58172210372658484       0.23712981313967793     
  0.51513457543431040       0.27819200677065820     
  0.63673832019879784       0.24906902391523478     
  0.57587312149798298       0.25112652606919900     
  0.64973659339711121       0.25379079357669648     
  0.62608361637149534       0.23963081729763375     
  0.81829021028152016       0.20000990441896402     
  0.84736018301932736       0.18849306004408550     
  0.84074866702877871       0.20000520977718561     
  0.84672780680758852       0.19102871679253400     
  0.85070155655948831       0.19544743668399317     
  0.93951468864994625       0.21606207179078721     
  0.92949130360112286       0.22397928138036893     
  0.94788003941945043       0.21680856679272215     
  0.95348865984832043       0.23013724365828847     
  -5.8759927424446634E-002  0.12268714835724899     
  -2.8853687908773934E-002  0.13250280893800487     
   7.2869298365199592E-002  0.14929554268333578     
  -9.4825292282219392E-002  0.12294461422415401     
   3.5346916329403316E-002  0.13888483793408246     
  -2.8746130920389967E-002  0.16177407630208820     
  0.91163690347818238       0.24713170551468802     
  0.91476209945282694       0.23721193722235798     
  0.14846614010179343        1.8930705919911962E-002
   7.1189903579867736E-002   1.1916057871492762E-002
  0.23726810418136440        2.6299998063288428E-002
   2.7875582302607810E-002   3.0246794274645942E-002
  0.21727261070087983        1.8192433725313806E-002
  0.22715032515586869        2.2596442649661611E-002
  0.10383646001463478        3.6811161512725413E-002
  0.26071415602432202        1.8706940296745276E-002
  0.38144696157862829        4.3737613825485785E-002
  0.26425676120660113        5.4220707082015401E-002
  0.40236813711037722        2.2100578287264510E-002
  0.21233754513116979        3.8172727753038857E-002
  0.32657121822363855        3.4166946097695702E-002
  0.38420987762030739        3.9101947776732475E-002
  0.42182408058809884        3.1988908536078074E-002
  0.32768172306179377        1.7970343024593889E-002
  0.45629046230395182        4.5846785742042269E-002
   1.2705880573367065E-002   4.4944733756782226E-003
  -7.3755914812254783E-002   9.7886086240164469E-004
  -6.4260839671595210E-002   1.4547404301936036E-003
   6.1286165329758238E-002  -6.6559077245274684E-002
  -5.4560960491973093E-002   6.6438648602652759E-003
   1.0031992955329916E-002  -5.4175284405365660E-003
  -4.7272756404546923E-002   2.9433060817074527E-002
  0.85589708275473708       0.16996716393424466     
  0.84350238887541318       0.16878339842997775     
  0.87265691104502108       0.17779457800968479     
  0.88578432974594645       0.19331008144297543     
   3.7940632719024023E-002   2.6846181032148721E-003
  -8.7215072663654719E-002  -3.2395965922499021E-004
  -2.7367519318555023E-002  -4.8797874420135490E-003
   1.0083430805302454E-002  -5.2858658594888007E-004
  0.27231747658390804       -6.5629287989389468E-002
   7.0917959889221754E-002   3.7236779886469638E-002
  0.12160593463504960        2.3331244339242788E-002
  0.19449282296378256        5.3890500421188120E-002
  0.24391308687145724       -2.5957776823408510E-002
  0.34903921224186363        1.1119219847883991E-003
  0.20169920992567686        4.7128949035861690E-003
  0.18563430811343443        9.8461162684642806E-002
  0.30084617459728380       0.13174878465105111     
  -2.3681777425771378E-003   7.6485740926834231E-002
  0.22662097864698141       0.10454917800673171     
  0.23515794425904005       0.11754210326410783     
  0.21595207816999770       0.11888509311478077     
  0.12693641856136384        9.7090992999645923E-002
  0.23073120596040256       0.10509869906497141     
  0.64565177495958848        8.2660410074114427E-002
  0.48559651275852467        5.3228857593158180E-002
  0.58553726545188489        7.3020605151964693E-002
  0.62812893269007064        7.8166746204510071E-002
  0.63667945656466496        9.1071406014058096E-002
  0.69008214232764675        9.4915412526753465E-002
  0.73960133018484842       0.12187381817133008     
  0.33665234804782873        9.4451464532240188E-003
  0.21143616253540620        1.1453759532210719E-003
  0.25812602137394475        3.0972946582373577E-004
  0.30221050093346791        4.0459565148590155E-003
  0.30029274928007033       -2.9440414659286200E-003
  0.54533853303907720       0.24900590984499346     
  0.56573424756853130       0.22365486852961142     
  0.63166572433678114       0.31946926041257023     
  0.62440698331157285       0.23657501750403848     
  0.46271162288812911       0.27576256098499924     
  0.61885480282809890       0.24673764574183799     
  0.58020832782972953       0.23544226493101264     
  0.75119112589595005       0.16105346369551943     
  0.68243783589976392       0.27503329833987039     
  0.64834463625911232       0.28070750620823104     
  -4.3077052814276304E-002  0.13561832585111258     
   4.9862868579172132E-002  0.14488049082489490     
   7.4176400455849389E-002  0.14099650179983431     
  0.16035965011492934       0.14005128467219471     
   1.0515572739585644E-002  0.12712883641484735     
  0.12631159307739148       0.14563795754615758     
   7.9819159255365452E-002  0.14434854905661090     
  0.21148928921808074        9.1890626038973619E-002
  0.16074887957107495        8.9232693140954458E-002
   9.9404549167376802E-002   7.9305013365230340E-002
  0.28847743232528028       0.10785865931896235     
  0.10355401438425586        9.8507271950027134E-002
  0.18575802165008132        8.8057338305888105E-002
  0.28512648063959034       0.10911163290952455     
   1.6875325880281233E-002  -3.3425157168294802E-003
  -9.0070477543568145E-002  -3.8818913480724538E-003
  0.10360552870163348        8.9833006876898162E-003
   5.9729451843575102E-002  -8.8073565653271145E-004
  0.13410431277725532        4.9149835120062069E-003
  -5.5244317858980679E-002  -2.4785332552559099E-003
  0.61926837294898962       0.13246439172701949     
  0.63440749317066958       0.11013581044319495     
  0.56357126172300265       0.11128465476742398     
  0.62167988840661093       0.11089543821439511     
  0.64656191168348565       0.11116968048219136     
  0.57342683518551030       0.10889889671508828     
  0.66344713063400218       0.12766311865842941     
   5.9950676909370088E-002   6.9246880664974152E-003
  0.42358891603890808        8.4135536254450499E-002
  0.33301988179021558        8.2703558476082906E-002
  0.46229118286138793        7.5380639790021020E-002
  0.44935329781565314        5.4533390711802091E-002
  0.46624296659810460        6.4489324284025470E-002
  0.38386527697129919        7.1651545479248444E-002
  0.48528590739662814        9.0258191014254516E-002
  0.83061854721948769       0.22177906897442204     
  0.85306221288381190       0.19590597892690828     
  0.84454257007078970       0.20224077677783442     
  0.85662477014293370       0.19946131417052668     
  0.78921548352266147       0.21899558070053621     
  0.86228573979073753       0.20788173597004292     
   3.2180168952996538E-002   2.4799101011279450E-002
  -8.9278716139743780E-002  -1.0370612665447969E-002
  -2.6882436737390686E-002  -6.4404368176136234E-003
  -6.8275715368275008E-002   2.5476774128805581E-002
  0.15431521511195048       -5.3442707312885435E-003
  -6.7070458875540029E-002   3.7478703672659777E-002
   1.0022500653395966E-002  -2.1772687804446937E-003
   6.2332585010050498E-002   1.0759656352642602E-003
  0.11377930339408109        4.2652573153633314E-002
   8.1156178424595576E-002  -3.3462569972034603E-002
