 cosx vtec
  0.46252007091518632       -9.6162401822252549E-004
  0.42142071260397301       -3.1685733285309186E-004
  0.47937968063925762        1.2930267714109428E-003
  0.47317097496033900        7.5567409252068395E-005
  0.45991469244167615        3.9073304018642291E-003
  0.39704347476983054       -7.3190681211835254E-004
  0.39530694305994274       -5.0381838196475351E-004
  0.31341718652791317       -1.4334823602417959E-004
  0.26633360545115070        9.1280395362138908E-005
  0.32547177930315452        2.6484931139093269E-003
  0.16343449177680724        2.4790802105653944E-003
   5.7199190536040223E-002   4.0766235908728171E-004
  0.32325695212238859       -1.5515789069554193E-003
  0.31866828331320685       -3.5281456368758475E-003
  0.24054070890130622       -1.1035258684171378E-003
  0.24078496887759818        4.7901094501673130E-004
  0.41949850014153867       0.10729922832570163     
  0.42504952491505343       0.12261495911962182     
  0.34212688575299127       0.10407521999405821     
  0.40829607386025013        7.9455081797138630E-002
  0.39150997555561706       0.11227182130513493     
  0.33952938830337431       0.23299099210043162     
  0.37268647799242438       0.23848472930534723     
  0.21300449852227063       0.24579306243113461     
  0.24390046876221888       0.24387617783107565     
  0.35395225955206344       0.23595003965126718     
  0.18533552392247679        1.5687779507678255E-003
   2.0016730644184244E-003   2.7623175054397550E-003
  0.12977745471542529        4.0197458449612528E-003
   8.0522723313179889E-002  -4.7835043372671920E-004
  0.16071321648246259       -3.4377783499088652E-003
  0.15704771074698518        1.7863194930720187E-002
   9.3332027081072522E-002   1.9575283317887330E-002
  -4.2667258645230077E-002   3.0287222014354839E-002
  -9.4856255271686535E-003   1.6668697761839574E-002
  -9.8568761816777761E-002   1.3116161486377044E-002
  0.12651573005100744        2.5127913673000962E-002
   2.7971927725876033E-002   1.0602088710713380E-002
   2.7974611718803929E-002   1.3917213258329682E-002
  0.46715657613504491       0.18163321329719903     
  0.44951579782915507       0.18364688198242726     
  0.38101415710442321       0.17466758563093754     
  0.42628726849936449       0.17416515867053778     
  0.67450231684040318       0.15282663361311893     
  0.67961754578578648       0.18282056158905738     
  0.67183578430753288       0.16106935157295429     
  0.60796036939682219       0.15907872351079722     
  0.76418124710587287       0.19583999216562853     
  0.67307251564283821       0.15789407856856472     
  0.65352283099523811       0.15939434382024795     
  0.85287164965719242        5.2849905566731969E-002
  0.81308421593667646        3.8106920053663500E-002
  0.84674967846781068        6.3276848475789002E-002
  0.93847763595769640        7.0919116972806243E-002
  0.85387888951162383       0.10519336145341916     
  0.85368858173555229        5.0497807114577992E-002
  0.95836964525153590       0.10388572255787835     
  0.76567160051408778        5.3512534605510184E-002
  0.88476926352702479        7.5890816554633062E-002
  0.90134956307815206        6.5135368128468984E-002
  0.76752186583726700        6.0586009130342254E-002
  0.57985472116624337       -1.1004490245101013E-003
  0.53457613592448627       -8.3599036980587562E-005
  0.67617880914709561       -7.6881997226430749E-004
  0.61863871741537946       -1.8436084074217239E-004
  0.55748230565120083        8.0550389157429145E-004
  0.50867716084941905        9.8471546486337408E-004
  0.57683760370553894       -6.6271548454806327E-004
  0.26757553895487957        5.8068373183961623E-002
  0.19590233619618236        6.6928927599418278E-002
   7.6568752239401461E-002   7.8420673010781289E-002
  0.10326405838053115        6.1524758571879119E-002
  -3.4779549205429375E-002   3.4345231023820519E-002
  0.22835588688949834        6.3733997491919478E-002
  0.14007914920881492        4.5257741978062357E-002
  0.35430817262468811       0.10812904251234406     
  0.14151130904382703        6.0545584113714725E-002
  0.76724944903966463        9.8655685494388690E-002
  0.79238629358929868       0.13308650335389738     
  0.78936471693407839        5.5964969898950119E-002
  0.77220213004156968       0.10687066290385225     
  0.70331712788473111       0.10745699758102502     
  0.85165617581808473       0.13555866064375602     
  0.75542354499033970        9.3728464902475037E-002
  0.75405096426337259       0.10544067617861003     
  0.83138215537638649        4.4498150413293282E-003
  0.79244222339444237        1.7487307358282290E-002
  0.83957511610658064        4.1352447010887541E-002
  0.90636969391073741        2.9894771136291815E-002
  0.83837392820798740        4.3363388991551628E-002
  0.82401775050852766       -3.1374722056225199E-002
  0.95846104843539226        4.4487769866509388E-002
  0.75327760192296378        9.1331953273705319E-003
  0.88349501367842942        3.6179897849154104E-002
  0.85507063823477780        1.7362169594392445E-002
  0.74112001860904053        2.1612762921603676E-002
  0.47953544032937212        3.9713315750270527E-003
  0.31895554552681599        1.5067994553094507E-004
  0.45750923171184177       -6.6718014027117778E-004
  0.40201552270073460        4.4953568808341338E-003
  0.44186767363566104       -1.1062818537919612E-003
  0.48149394093726228       -4.5443046438902509E-003
  0.29512056102793305        6.7539068959038440E-002
  0.21558367165866099        5.4977674025444352E-002
  0.26611473950492204        5.8772998018942098E-002
  0.56266231311178183        1.2428388263224378E-003
  0.52340099330722134       -2.6804108066335843E-004
  0.58950825430152676        5.3309663252945824E-003
  0.57605399987436412       -1.7674594537552189E-004
  0.55439525735876516        1.4058700887975260E-003
  0.49904098641970507        3.4385848994467221E-003
  0.72162510621311937        7.1561491682741601E-004
  0.61756529840463037       -1.9313477136490538E-003
  0.49321462393680038        4.6256906650562378E-004
  0.56236577711074587       0.26215514191980205     
  0.55875607522619952       0.25579646739042927     
  0.58763428234983739       0.25371490527562868     
  0.15948547756036013        4.5253359407055623E-004
  0.10015976906780955        9.6129781111855802E-004
  0.17184949767005248       -3.0777218663015225E-003
   1.3841834820553733E-002   1.1174027867113141E-003
  -5.3392865376405113E-002   4.3087592295885479E-004
  0.17154093654418565       -2.2641791912794453E-003
  0.17303694011773926       -1.7650548315984085E-003
   7.1477296736682516E-002   8.1385757764911872E-004
   7.2617630004276845E-002  -4.3943034735775886E-004
  0.78117790557213063       0.13828575727672404     
  0.74362113332009583       0.13496985917050677     
  0.78616546736975956       0.17457448895407282     
  0.76281234630633266       0.13312764346030101     
  0.77833386548309902       0.13731931094613789     
  0.68623649070323012       0.14286392655987321     
  -3.5560753054675487E-002  0.15366162381360923     
  0.15894725189146208        9.2524625267465410E-002
  -3.7682829795966127E-002  0.11551612918117631     
   5.0436180057061478E-002  0.16378948154012907     
  0.10930009025882856       0.16060041294835464     
   5.7142999709506481E-002   1.3401480297468547E-003
  -1.5446037412192581E-002  -2.2287743463634928E-003
   9.9792508998836876E-002  -2.8915610890522516E-003
   4.4842985174801009E-002  -3.4230545147837048E-003
  -4.0929896208256170E-002  -3.1479813156236563E-003
  -3.7658793489083478E-002   1.0378312096303243E-003
  0.70091871130804795        7.8589178373334942E-004
  0.66215461156383570        8.1466062100912489E-003
  0.73446276563926427       -1.6584863994053397E-002
  0.80960782795904307       -1.3931294641972591E-003
  0.71576736513215811        5.5444735493517883E-003
  0.68895162219492634        9.1762047814772235E-003
  0.63376402876089233       -1.2828109273727184E-002
  0.81410499162972183        3.2156347579018912E-003
  0.71979617909600080       -1.6253284049114482E-003
  0.61678698494000850        7.0115968919918338E-003
   1.1457793731212060E-002  0.15502508079457533     
  -8.8313619780438640E-002  0.15193625256534618     
  -8.3612997961997823E-002  0.14234849483706394     
  -4.9207508509763041E-002  0.15622842766649297     
  0.21266724823549848       0.24981006337795672     
  0.10544432700948557       0.23712981313967793     
   9.0902994560059583E-002  0.27819200677065820     
  0.22366603267058147       0.24906902391523478     
  0.27774675784615999       0.25112652606919900     
   8.1714214515166417E-002  0.25379079357669648     
  0.11705903604757113       0.23963081729763375     
  0.92322869079691272       0.12439328161424504     
  0.90134075421812998       0.12268714835724899     
  0.97385692254325651       0.13250280893800487     
  0.92944948913574599       0.14929554268333578     
  0.91568422727937526       0.12294461422415401     
  0.95843004848097191       0.13888483793408246     
  0.92695634573614183       0.16177407630208820     
  0.81490328824363667       0.14745223535839036     
  0.20441872871892658       0.24713170551468802     
  0.11750067970059994       0.23721193722235798     
  0.26962653220654387        1.2527483998860428E-003
  0.32169297727687285       -1.7301745083221845E-004
  0.24554632341665875       -3.1242440398636237E-003
  0.19415466999604764       -1.7347450135841900E-003
  0.30975381935386853        2.6230552523900720E-003
  -8.1769924549495707E-002  -1.9788785958775273E-003
  -5.1049915272152219E-002  -6.3503376515465252E-003
  0.46240059033899977        9.9820059252443555E-003
  0.42120571513844901       -3.7000416006854219E-004
  0.44886246804182511        1.8675346546876515E-002
  0.32070378572678571        1.4043305679535661E-002
  0.45981782078534245        1.3691458398637160E-002
  0.48822817005051511       -3.2657256707119119E-003
  0.38833012139642575        3.4037502207289396E-003
  0.56580724275853456        3.1281954673396055E-002
  0.39009860966557824        1.2257620280420930E-002
  0.84825146184875744        9.8461162684642806E-002
  0.86385370864568034       0.13174878465105111     
  0.86211882179317678        7.6485740926834231E-002
  0.85162919724625719       0.10454917800673171     
  0.78114481880695252       0.11754210326410783     
  0.90198648835160378       0.11888509311478077     
  0.83744716869693447        9.7090992999645923E-002
  0.83636825193844455       0.10509869906497141     
  0.65646159884778699       0.24900590984499346     
  0.78691551730101805       0.22365486852961142     
  0.47926026241238018       0.31946926041257023     
  0.64786322075081482       0.23657501750403848     
  0.72145700406614166       0.27576256098499924     
  0.68878405356123973       0.24673764574183799     
  0.67484777131290064       0.23544226493101264     
  0.44831177943008804       0.16105346369551943     
  0.53740319959495142       0.27503329833987039     
  0.69519103692280793       0.28070750620823104     
  0.95871132571846551       0.13561832585111258     
  0.93233486685579869       0.14488049082489490     
  0.98325146789016649       0.14099650179983431     
  0.94635823162268229       0.14005128467219471     
  0.94865028691753339       0.12712883641484735     
  0.96818162802384056       0.14563795754615758     
  0.95256519630320835       0.14434854905661090     
  0.23306295867628624        8.4916412160106983E-004
  0.18027659109958719       -5.4668864384596884E-005
  0.28963255495194906       -1.3352013552095448E-003
  -2.5334092771916450E-003  -4.2244938179285637E-004
  0.25892653100772850       -3.3303824079798957E-003
  0.22381701226215536        2.9710001599958600E-004
  0.15731897211414317        4.4567733278943306E-004
  0.15786883553518083       -2.3710797897497052E-003
  0.53929753083959076       -8.5020807505557317E-004
  0.57291885417610855       -1.5506346889086720E-004
  0.51944855455294292       -5.1013352026934482E-003
  0.47147837657478131       -2.5845571095877728E-003
  0.54646883938524982        4.6924016013175840E-003
  0.42640286679706763        8.3818313049875796E-003
  0.38398779741093619        2.6070822242617044E-003
  0.41084440065480021        1.8072617873496892E-002
  0.28859369513867394        1.3724598829335260E-002
  0.42285390603904988        1.3313824791760968E-002
  0.45748494921281724        2.0056339037771636E-004
  0.35027028925736414        4.3708906987681489E-003
  0.53971288015454799        3.5249432613144997E-002
  0.35201597162555504        1.1506305277751162E-002
