 cosx vtec
  0.71538709827044678        3.1388095203105523E-002
  0.66792786784120528        1.1266557126342261E-002
  0.68413157196447671        1.6147304182509994E-002
  0.70573927195011532        2.6590208887822465E-002
  0.62945796910392038        2.7965496839924199E-002
  0.76826837582590313        4.8858144319178523E-002
  0.48909846880246444       -1.2897270245265243E-003
  0.41182296915083333       -1.5853890733796313E-003
  0.43038347342465938        2.7911010227498938E-003
  0.31021300066400948        2.5617719413499748E-004
  0.34275351277853883        1.3981685127904576E-003
  0.49362756388630119       -5.1007868414364495E-003
  -5.6142532264610856E-004  0.23299099210043162     
  -3.8400139121367527E-002  0.23848472930534723     
  0.13166220967214287       0.24579306243113461     
  0.10064626528450105       0.24387617783107565     
  -2.0059852886757878E-002  0.23595003965126718     
  0.35184264242666807       0.24536648206127828     
  0.52480907447049396       0.18116790074331321     
  0.51138434071610051       0.18711093450550123     
  0.55659600225729600       0.18987606643068172     
  0.44310477880492916       0.21150504713415480     
  0.56907402077106994       0.18739092016021178     
  0.53243148463447265       0.18751340178758585     
  -5.4670184329522697E-002   3.0287222014354839E-002
  -6.0157980339662041E-002   1.3116161486377044E-002
   5.3062584444928521E-002   1.0555076789434181E-002
  0.71255713404939280       -2.7604670143527199E-003
  0.67681786939685429       -1.1527491207212459E-004
  0.71030996429512949       -1.3811317215394021E-003
  0.78054672266916714        4.4922859168688416E-003
  0.79469018550103598       -1.2436391499969313E-003
  0.81778198159400539        2.0479110461447654E-004
  0.93807757865009678       -4.5297425071958546E-003
  0.82813589734041959        3.3594982712548912E-003
  0.80414391093023396       -1.0845568661108529E-002
  0.85201239472002743        2.4618362171800252E-002
  0.90765692290499855       -3.8686800322529163E-002
  0.86809654998729868        4.1191537438215890E-004
  0.58175041465497446        2.3041674179984772E-003
  0.54245894740162093       -2.7525199677435008E-004
  0.56232266671260100       -1.2724938539822386E-003
  0.42976289674081691       -2.9124891541573404E-003
  0.48549630214131201        1.6272398366837053E-003
  0.59653497259337818       -1.8118724865727565E-004
  0.85375223610082696       0.16537621692818413     
  0.88563764302958425       0.15934392381651821     
  0.90219795590822971        2.5444023499378923E-002
  0.86501630024243870       0.16245428121964881     
  0.88753454958639744       0.15838180996555629     
  0.85169041248119581       0.16540010551223430     
  0.75728335264984592       0.19077796878947312     
  0.76748614602475718       0.19748407119543368     
  0.74661156846078591       0.19677924073786038     
  0.73438604883156433       0.19784547479312053     
  0.66076736747319342        7.1904269094688437E-003
  0.56483269879871811       -4.0428397746459149E-004
  0.58336426657886131        8.0264766956408590E-004
  0.62351131641444180       -4.8977605447199585E-004
  0.52719197480537361       -4.6278575108834206E-003
  -8.3301678421501602E-002   3.4345231023820519E-002
  0.77139152425607660       -1.9673738106778019E-003
  0.70731436120196067        3.1601492638171458E-003
  0.72555089746700230       -3.5944424831929598E-003
  0.75393372852982277       -4.0640839485871225E-003
  0.66396176468088952        8.8320842817718771E-003
  -1.6085793350526512E-003   6.7539068959038440E-002
   6.5768402192934713E-002   5.4977674025444352E-002
   2.4379479257452569E-002   5.8772998018942098E-002
  0.68309951492712351        7.7012684142695968E-003
  0.62765717327177195        2.1670522914370286E-003
  0.64383035820453971        1.8489583781809297E-003
  0.66905214490351739        4.0539128396376491E-003
  0.59240309099121491        1.1603254861881261E-002
  0.82459487420596522       0.15621543594884907     
  0.80914720182071576       0.16669204073483934     
  0.87188843526375259       0.15831919765343447     
  0.84091096519820541       0.15216228660618406     
  0.85670571919836247       0.14958327736875440     
  0.82615875638932579       0.15520144799549179     
  0.87969115475366733       -2.0566632077150596E-002
  0.81323558699956400       -1.2701386721718732E-002
  0.77181929594822152       -4.1639714671229781E-003
  0.80028351766019035       -1.2944937963955926E-003
  0.84613033190868414       -5.6288340745692606E-003
  0.87532855711819890       -4.6381131940633384E-003
  -1.6269490577234258E-003  -1.8425442309917390E-003
  0.12970807441091786       -6.4994435822044718E-003
  0.13563056683143640       -1.5193500429710259E-003
   4.7036938590179989E-002  -1.0268789279195456E-003
   5.9680178673127193E-002  -2.8028151825057441E-004
   9.0455153456883625E-002   5.2825112062993246E-004
  0.28948460484103294       -2.3291142227196697E-004
  0.21644239603630189       -1.0360885492778609E-003
  0.26052956230357355        2.9107282886670050E-005
   2.1017510003142392E-002  -2.7870839953360914E-003
  0.11666041005155423        1.0504469837238101E-003
  0.92143481918692061        1.7706911728363754E-002
  0.90316082540494991        8.3064049308213578E-004
  0.84935911695835709       -9.0239836387568228E-003
  0.87480797852557013        2.1763725522982606E-002
  0.90559090090897976       -7.8960665841218552E-003
  0.97459256001718764        8.2147199687336817E-002
  0.86172814697369438       0.17979436456887404     
  0.87602664411414422       0.16086609414302988     
  0.88487223774405288       0.16159190962225733     
  0.86444269492739034       0.16379153790527184     
  0.90006719405307500       0.16523917677199620     
  0.85254089683715939       0.16719070424129434     
  0.15681170536036926       0.14616974875789149     
  0.27655342009928013       0.13480062142992202     
  0.25556775062899140       0.13244874296649659     
  0.32169595193806755       0.12622566330818735     
  0.21398707760249441       0.13218300977472652     
  0.32827947796864670       0.13403129489593524     
  0.31188769994748794       0.16718654530471480     
  0.73923813593431476        4.4968026919053892E-003
  0.70954721114087060        4.2981282663374643E-003
  0.73192621857398210        1.4764253058574511E-003
  0.63493340847108215        7.5457911314361602E-003
  0.75577243912363401        8.4268154823119001E-004
  0.84359038294593391       -6.3980360992366920E-003
  0.75149574184049217       -2.4152062409891399E-004
  0.70981755538757496       -1.6801410417189593E-004
  0.73876281352422235        3.3360350109583664E-003
  0.79453687198008860        4.1850298004085691E-003
  0.27927100010404993       0.15366162381360923     
   9.1047337130060746E-002   9.2524625267465410E-002
  0.27209841690933539       0.11551612918117631     
  0.18057196209521179       0.16378948154012907     
  0.13357425713990850       0.16060041294835464     
  0.96453720641085938        8.7806748522432240E-002
  0.94456688306637138        4.9557197440978550E-002
  0.92860136886369404        3.7410694713585532E-002
  0.94276000807754801        4.7976232722304335E-002
  0.94995526695815391        6.5191784758076146E-002
  0.98007506967362168        6.2451256859090268E-002
  0.94359611036121782        8.2339747719577638E-002
  0.40030454840823754        1.8039901042231622E-002
  0.36826185670946449        9.4478455624341824E-003
  0.39697655620939304        7.0401137222157381E-004
  0.43036087962514830        6.7728585436055448E-003
   4.5507378563902835E-002  0.15502508079457533     
  0.15370770933725508       0.15193625256534618     
  0.13232762242077972       0.14234849483706394     
  0.23347331464594728       0.14808115052818685     
   9.0198835226564855E-002  0.15622842766649297     
  0.22585177969518547       0.16013105653987095     
   5.6409998627050401E-003  0.24981006337795672     
  0.12263541184626735       0.23712981313967793     
  0.11508474991885435       0.27819200677065820     
   2.8094485904835598E-002  0.24906902391523478     
  -4.2474233746046697E-002  0.25112652606919900     
  0.16650003119134588       0.25379079357669648     
  0.12569949683033232       0.23963081729763375     
  0.75153021452533419       0.20000990441896402     
  0.77201190081406235       0.18849306004408550     
  0.78874359096111246       0.20000520977718561     
  0.75426420202784561       0.19102871679253400     
  0.74112977680868719       0.19544743668399317     
  0.62961162190029074       0.21606207179078721     
  0.64089846472675260       0.22397928138036893     
  0.62019425564427522       0.21680856679272215     
  0.60713270023959620       0.23013724365828847     
   7.1169135038328002E-002  -9.8763709137592026E-004
  0.19532670683923253       -4.1869643802628563E-004
  0.23741416481117517        2.6979917087478181E-003
   9.3127626303768640E-003  -2.0610140261236542E-002
   9.3729352595408016E-002   1.2452667861203354E-003
  0.12799667484438060       0.24713170551468802     
  0.21167731334158987       0.23721193722235798     
  0.89819203979596884        1.8930705919911962E-002
  0.86953279514712833        1.1916057871492762E-002
  0.97117828460993350        2.6299998063288428E-002
  0.89580909531887531        3.0246794274645942E-002
  0.98122834554784522        1.8192433725313806E-002
  0.93738739241181279        2.2596442649661611E-002
  0.91388722191818628        3.6811161512725413E-002
  0.92152343045752483        1.8706940296745276E-002
  0.97886471799542529        4.3737613825485785E-002
  0.94717655985301663        5.4220707082015401E-002
  0.99769328866367046        2.2100578287264510E-002
  0.98512235006183058        3.8172727753038857E-002
  0.98590914919191641        3.4166946097695702E-002
  0.99835424041494747        3.9101947776732475E-002
  0.99233753324243679        3.1988908536078074E-002
  0.99443968295625240        1.7970343024593889E-002
  0.98249174625055102        4.5846785742042269E-002
   4.0826657069826258E-002   3.0912012073850120E-003
   5.8496871657700941E-002  -1.0990283110258188E-003
  -3.3319971246547328E-002  -6.4708599269172379E-004
  -1.5873413053436078E-002  -7.8571204327096563E-004
  0.19567538089733205        9.8326762151727080E-003
  0.63669752277247060        4.4944733756782226E-003
  0.50945035622853230        4.1619556586150374E-005
  0.52955536816131910        1.0181072196445450E-004
  0.58001579953509719        9.7886086240164469E-004
  0.47033201262782265        1.4547404301936036E-003
  0.91844935240773840       -6.6559077245274684E-002
  0.86538926041334308        1.2596067335274474E-002
  0.82553272809577349        7.0879289311199635E-003
  0.85529883188455669        6.6438648602652759E-003
  0.89482467788872111       -5.4175284405365660E-003
  0.91268294587208454        2.9433060817074527E-002
  0.73405469435330761       0.16996716393424466     
  0.73790718055521398       0.16878339842997775     
  0.73309335315931690       0.17779457800968479     
  0.72272345411447481       0.19331008144297543     
  0.67138628539903955        2.5771873650454365E-003
  0.67616266901645861       -1.3529777179666987E-003
  0.66330522017322324       -1.1808690353571833E-003
  0.52158559250713588        7.4402037411422828E-004
  0.72892060478307519        7.6328347695225137E-004
  0.74378897388643872        2.6846181032148721E-003
  0.73049438288950785        1.0945867007753183E-002
  0.64190972189870321        2.3432810183311586E-003
  0.66266943776247522       -3.2395965922499021E-004
  0.70521436629382950       -4.8797874420135490E-003
  0.58907284983327923       -5.2858658594888007E-004
   5.9026507101593573E-004  -3.0756226850504678E-003
  0.24100683141480272        1.0429660983790989E-003
  0.17296509127865958       -3.9392958123306140E-003
  0.19680067577976557       -2.6960714250803385E-003
  0.10055869079168635       -1.8727780249503010E-003
  0.12703545565019853       -1.1094276968550666E-003
  0.95111703040859841       -6.5629287989389468E-002
  0.94690237849487724        3.7236779886469638E-002
  0.88893216423665455        2.3331244339242788E-002
  0.91546915500512904        5.3890500421188120E-002
  0.94104661245437338       -2.5957776823408510E-002
  0.98034653930039040        1.1119219847883991E-003
  0.97463908597267290        4.7128949035861690E-003
  0.80042043043484723        8.2660410074114427E-002
  0.76229176595309256        5.3228857593158180E-002
  0.78040235082486398        7.3020605151964693E-002
  0.79630819281058773        7.8166746204510071E-002
  0.71138323628219413        9.1071406014058096E-002
  0.81938989015898867        9.4915412526753465E-002
  0.81921057897802296       0.12187381817133008     
  0.65368514093097130        9.4451464532240188E-003
  0.58940944859305744        1.1453759532210719E-003
  0.60575927660416284        3.0972946582373577E-004
  0.63461117283421820        4.0459565148590155E-003
  0.55586292833491502       -2.9440414659286200E-003
  0.68229591446466642        9.1890626038973619E-002
  0.66368329232186696        8.9232693140954458E-002
  0.70200793508772719        7.9305013365230340E-002
  0.72603027603328008       0.10785865931896235     
  0.59827887301279803        9.8507271950027134E-002
  0.70977840280755333        8.8057338305888105E-002
  0.70017800801354824       0.10911163290952455     
  0.89609758585614174       -3.3425157168294802E-003
  0.85259161904143610       -3.8818913480724538E-003
  0.96815361479598017        8.9833006876898162E-003
  0.87205283968148628       -1.3661553311033220E-002
  0.95904810370320537       -8.8073565653271145E-004
  0.95430022066176901        4.9149835120062069E-003
  0.89944011760009324       -2.4785332552559099E-003
  0.38214089441222698        5.4750847723127635E-004
  0.32659601924097481       -4.2505274616567703E-004
  0.34699709993551309       -1.3171948025796579E-003
  0.24634635604535296       -1.8023279581236178E-003
  0.27824427685816167        8.3129325865411764E-004
  0.39935042779324775        1.6411836388117915E-003
  0.93295945149718451       0.13246439172701949     
  0.94228825358498214       0.11013581044319495     
  0.94543409122888045       0.11128465476742398     
  0.94635946906849233       0.11089543821439511     
  0.93555708744734778       0.11116968048219136     
  0.96090278886900560       0.10889889671508828     
  0.92476464808098646       0.12766311865842941     
  0.46314906665921446        9.8087097748654267E-004
  0.47379792012619282        9.4037645013731136E-004
  0.37069113648245133        1.0679193046887114E-003
  0.39062797924987946       -1.1549248023281166E-003
  0.53240576709222354        1.8992592505824720E-003
  0.68905680011240278        5.5251441139887595E-003
  0.65803721227857837        4.3041167197905104E-003
  0.67983534255866185        1.1148198628110624E-003
  0.49480662840120887       -1.3085628101525500E-003
  0.79033700543685248        6.9246880664974152E-003
  0.59205581683727859        5.5167347462069475E-003
  0.70577065356181878        2.1253009273816455E-003
  0.94733684248672612        8.4135536254450499E-002
  0.92307354071957459        8.2703558476082906E-002
  0.98030682173354966        7.5380639790021020E-002
  0.98794722259295997        5.4533390711802091E-002
  0.96445428877242978        6.4489324284025470E-002
  0.96893097085147695        7.1651545479248444E-002
  0.95172223304832759        9.0258191014254516E-002
  0.76649194030242906       0.22177906897442204     
  0.77801775355051905       0.19590597892690828     
  0.79025604558749074       0.20224077677783442     
  0.76464745584663263       0.19946131417052668     
  0.82219887343992115       0.21899558070053621     
  0.75215129415157422       0.20788173597004292     
  0.85132975337370564        2.4799101011279450E-002
  0.80671564310159749        8.4751966823167141E-004
  0.75420993827512994       -1.8370760649632202E-002
  0.77881563622149996       -1.0370612665447969E-002
  0.82021241003792600       -6.4404368176136234E-003
  0.88049880038904405        2.5476774128805581E-002
  0.82108991603793424        1.9621664489074078E-003
  0.77533654626800796       -8.6461834010806492E-004
  0.79256015748945530       -6.8462720169913715E-004
  0.65346714758750435        3.7369930714168309E-003
  0.82340362824767810        8.6660225717047866E-004
  0.86602902122832837       -5.3442707312885435E-003
  0.86075298638974584        3.7478703672659777E-002
  0.79208101434175338       -2.1772687804446937E-003
  0.81428963405691324        1.0759656352642602E-003
  0.84639813675605480        4.2652573153633314E-002
  0.92113566353254117       -3.3462569972034603E-002
  0.60402036974767559       -5.4098435224847240E-003
  0.61486539602759827        1.0679439633908623E-003
  0.48593183757162317       -1.1953104522261194E-003
  0.51008170233067929        8.8012785027625573E-004
  0.66231145372660960        8.7154376573935952E-004
