 cosx vtec
  0.71041069593871231        3.1388095203105523E-002
  0.60228208216541068        1.1266557126342261E-002
  0.65025442370735298        1.6147304182509994E-002
  0.68987556193500488        2.6590208887822465E-002
  0.63193683764674835        2.7965496839924199E-002
  0.80521240939849492        4.8858144319178523E-002
  0.19497699126212351       -1.2897270245265243E-003
   6.2209998267939326E-002  -1.5853890733796313E-003
   4.3204630535480848E-002   2.7911010227498938E-003
  -8.8580168760754585E-002   2.5617719413499748E-004
  -7.7794591457633344E-003   1.3981685127904576E-003
  0.13421509050468478       -5.1007868414364495E-003
  -5.2428833577645689E-002  0.10729922832570163     
  -1.5130424672207016E-002  0.12261495911962182     
   1.3030563394085787E-002  0.10407521999405821     
  -1.7659168364957678E-003  0.11227182130513493     
  0.49049652940812838       0.23299099210043162     
  0.45199031378844168       0.23848472930534723     
  0.60287436803683914       0.24579306243113461     
  0.57953046358605831       0.24387617783107565     
  0.46439965349989465       0.23595003965126718     
  0.54169097674287325       0.24536648206127828     
  0.68191946669444803       0.18116790074331321     
  0.64847032470498056       0.18711093450550123     
  0.72868591433237695       0.18987606643068172     
  0.57096165226036644       0.21150504713415480     
  0.69933028836104350       0.18739092016021178     
  0.70896050536506428       0.18751340178758585     
  -8.9209834693446233E-002   1.0555076789434181E-002
  0.27023616487926594       -2.7604670143527199E-003
  0.24424826146099843       -1.1527491207212459E-004
  0.29664322531967807       -1.3811317215394021E-003
  0.39912698723089712        4.4922859168688416E-003
  0.38593998624670828       -1.2436391499969313E-003
  0.47534129328106328        2.0479110461447654E-004
  0.64019673313529057       -4.5297425071958546E-003
  0.44389673985915562        3.3594982712548912E-003
  0.40356720667254370       -1.0845568661108529E-002
  0.48403304569252531        2.4618362171800252E-002
  0.57866148904506498       -3.8686800322529163E-002
  0.51345338870279367        4.1191537438215890E-004
  0.32588982973174563        2.3041674179984772E-003
  0.25530273346244270       -2.7525199677435008E-004
  0.24378054995982340       -1.2724938539822386E-003
   8.3237307190530241E-002  -2.9124891541573404E-003
  0.19740270421226555        1.6272398366837053E-003
  0.30256964540371878       -1.8118724865727565E-004
  0.96007008174120601       0.16537621692818413     
  0.98917060727192352       0.15934392381651821     
  0.99265619329914190        2.5444023499378923E-002
  0.97904694823261096       0.16245428121964881     
  0.96314349502371288       0.15838180996555629     
  0.97519494371636317       0.16540010551223430     
  0.14094780371605098       0.18163321329719903     
  0.18818027746717261       0.18364688198242726     
  0.21565411705271750       0.17466758563093754     
  0.19991534600098443       0.17416515867053778     
  -9.4708620258708132E-002  0.18282056158905738     
  0.97577082408762217       0.19077796878947312     
  0.97444636211863389       0.19748407119543368     
  0.97715308595449912       0.19677924073786038     
  0.97433773843757054       0.19784547479312053     
  0.44015521489294301        7.1904269094688437E-003
  0.28901763559636851       -4.0428397746459149E-004
  0.32298525619745477        8.0264766956408590E-004
  0.38119658686404967       -4.8977605447199585E-004
  0.31177657258051483       -4.6278575108834206E-003
  0.61599294217854106       -1.9673738106778019E-003
  0.49951713507339052        3.1601492638171458E-003
  0.53849790324491076       -3.5944424831929598E-003
  0.58420202937194332       -4.0640839485871225E-003
  0.52194779164656246        8.8320842817718771E-003
  0.40527647700281799        6.7539068959038440E-002
  0.43688829198583490        5.4977674025444352E-002
  0.42014476141660084        5.8772998018942098E-002
  0.62937804579326451        7.7012684142695968E-003
  0.52027963638628782        2.1670522914370286E-003
  0.56105358810865924        1.8489583781809297E-003
  0.60312151691895866        4.0539128396376491E-003
  0.54466713341383410        1.1603254861881261E-002
  0.91621035465407963       0.15621543594884907     
  0.87330630401697296       0.16669204073483934     
  0.96412710123299594       0.15831919765343447     
  0.94221284156770402       0.15216228660618406     
  0.92059535599651743       0.14958327736875440     
  0.93607360005629570       0.15520144799549179     
  0.57516138434308905       -2.0566632077150596E-002
  0.42208806058785364       -1.2701386721718732E-002
  0.39458892911241744       -4.1639714671229781E-003
  0.44408846454771223       -1.2944937963955926E-003
  0.51555934492166322       -5.6288340745692606E-003
  0.52293998636375616       -4.6381131940633384E-003
  0.69158774733606587        1.7706911728363754E-002
  0.58482712165577400        8.3064049308213578E-004
  0.55499111111738286       -9.0239836387568228E-003
  0.60632821766602996        2.1763725522982606E-002
  0.65922482402438765       -7.8960665841218552E-003
  0.80430770201029578        8.2147199687336817E-002
  0.12007987402902787       0.26215514191980205     
  0.17462487205592342       0.25579646739042927     
  0.12327738106471542       0.25371490527562868     
  0.99212482937235791       0.17979436456887404     
  0.99921653294653945       0.16086609414302988     
  0.99674206719370728       0.16159190962225733     
  0.99967501818829807       0.16379153790527184     
  0.99321252608903288       0.16523917677199620     
  0.99855746231456111       0.16719070424129434     
  0.21733843615722087       0.14616974875789149     
  0.31956659963811040       0.13480062142992202     
  0.28000616013313662       0.13244874296649659     
  0.27826490540670867       0.12622566330818735     
  0.23648172449966126       0.13218300977472652     
  0.34233845104504146       0.13403129489593524     
  0.39369414584394224       0.16718654530471480     
  0.52873880010056518        4.4968026919053892E-003
  0.47234083055621184        4.2981282663374643E-003
  0.46108742177644124        1.4764253058574511E-003
  0.39574578391504911        7.5457911314361602E-003
  0.51263568498014034        8.4268154823119001E-004
  0.51802948557367934       -6.3980360992366920E-003
  0.33123429236674867       -2.4152062409891399E-004
  0.30514580421295195       -1.6801410417189593E-004
  0.35280256163915952        3.3360350109583664E-003
  0.43586276055117545        4.1850298004085691E-003
  0.54302563143311811       0.15366162381360923     
  0.40571867391098460        9.2524625267465410E-002
  0.52266621746066300       0.11551612918117631     
  0.44540915958588012       0.16378948154012907     
  0.42746386182775808       0.16060041294835464     
  0.96725737382806876        8.7806748522432240E-002
  0.92021633817101167        4.9557197440978550E-002
  0.86605152976689681        3.7410694713585532E-002
  0.90787449976949453        4.7976232722304335E-002
  0.94591125012024801        6.5191784758076146E-002
  0.92514235031408620        6.2451256859090268E-002
  0.96557284310479852        8.2339747719577638E-002
  0.23488858089802600        1.8039901042231622E-002
  0.17873211928951280        9.4478455624341824E-003
  0.17153854450534356        7.0401137222157381E-004
  0.23337108220889444        6.7728585436055448E-003
  0.16232208559729333       0.15502508079457533     
  0.25835265088492787       0.15193625256534618     
  0.21775795533848394       0.14234849483706394     
  0.22239697176639561       0.14808115052818685     
  0.17395722099031474       0.15622842766649297     
  0.29673177081951552       0.16013105653987095     
  0.35747003511772063       0.24981006337795672     
  0.46209672112682804       0.23712981313967793     
  0.42620644259296053       0.27819200677065820     
  0.41986397143971416       0.24906902391523478     
  0.34242822350246488       0.25112652606919900     
  0.52317159605046593       0.25379079357669648     
  0.48419333874749487       0.23963081729763375     
  0.97040510575932659       0.20000990441896402     
  0.98630583722891174       0.18849306004408550     
  0.99006958399431222       0.20000520977718561     
  0.97939282179040998       0.19102871679253400     
  0.97429456314412377       0.19544743668399317     
  0.91641070417244741       0.21606207179078721     
  0.91554289742520711       0.22397928138036893     
  0.91988551519544526       0.21680856679272215     
  0.91602329479406408       0.23013724365828847     
  0.59764085872284756       0.24713170551468802     
  0.65936768469660922       0.23721193722235798     
  0.73309912284511214        1.8930705919911962E-002
  0.67531303044642921        1.1916057871492762E-002
  0.81252523142589350        2.6299998063288428E-002
  0.66176244781216376        3.0246794274645942E-002
  0.80274720240189756        1.8192433725313806E-002
  0.79463902383260099        2.2596442649661611E-002
  0.71463798734525508        3.6811161512725413E-002
  0.80578375988978712        1.8706940296745276E-002
  0.89140962941086488        4.3737613825485785E-002
  0.81898561076564924        5.4220707082015401E-002
  0.89772322294914464        2.2100578287264510E-002
  0.79959870013896317        3.8172727753038857E-002
  0.83441902504336174        3.4166946097695702E-002
  0.88547913011987067        3.9101947776732475E-002
  0.91147974874220705        3.1988908536078074E-002
  0.86558499705767855        1.7970343024593889E-002
  0.92713708181585264        4.5846785742042269E-002
  0.37779490339930655        4.4944733756782226E-003
  0.18673471938333974        4.1619556586150374E-005
  0.22096500643309863        1.0181072196445450E-004
  0.29157607988172662        9.7886086240164469E-004
  0.21304003759105772        1.4547404301936036E-003
  0.63789924992731528       -6.6559077245274684E-002
  0.50339697954227458        1.2596067335274474E-002
  0.47253820699138699        7.0879289311199635E-003
  0.52716777419364880        6.6438648602652759E-003
  0.59242550922608261       -5.4175284405365660E-003
  0.59001165400797329        2.9433060817074527E-002
  0.93355021211566314       0.16996716393424466     
  0.92713492965027555       0.16878339842997775     
  0.94724387033036483       0.17779457800968479     
  0.94989808604635750       0.19331008144297543     
  0.26914409763634850        2.5771873650454365E-003
  0.23552075207685191       -1.3529777179666987E-003
  0.20027822738777623       -1.1808690353571833E-003
   4.8563331967660162E-002   7.4402037411422828E-004
  0.31366248484136688        7.6328347695225137E-004
  0.47489822517783375        2.6846181032148721E-003
  0.34213940676423776        1.0945867007753183E-002
  0.31296008795450725        2.3432810183311586E-003
  0.34970431602580621       -3.2395965922499021E-004
  0.41224350309599156       -4.8797874420135490E-003
  0.33978487331805807       -5.2858658594888007E-004
   3.8845242805310431E-004   1.0429660983790989E-003
  0.76964314231108144       -6.5629287989389468E-002
  0.67273651049598671        3.7236779886469638E-002
  0.63786746804272421        2.3331244339242788E-002
  0.69725223821250359        5.3890500421188120E-002
  0.74563538889708891       -2.5957776823408510E-002
  0.83965455189754989        1.1119219847883991E-003
  0.76050814268715416        4.7128949035861690E-003
  0.84787802168858972        8.2660410074114427E-002
  0.72414480518713042        5.3228857593158180E-002
  0.79580315345309471        7.3020605151964693E-002
  0.83391807915312399        7.8166746204510071E-002
  0.77144472823984711        9.1071406014058096E-002
  0.89132486316698234        9.4915412526753465E-002
  0.92371844366817624       0.12187381817133008     
  0.55821063023657735        9.4451464532240188E-003
  0.44296547105470785        1.1453759532210719E-003
  0.47990664816580469        3.0972946582373577E-004
  0.52521567081066578        4.0459565148590155E-003
  0.46494510781673465       -2.9440414659286200E-003
   4.7607742831546562E-002  0.24900590984499346     
  -5.1715162242453594E-002  0.22365486852961142     
  0.23694900319336470       0.31946926041257023     
  0.10348481040332280       0.23657501750403848     
  -5.7456856020037195E-002  0.27576256098499924     
   6.6358131986220203E-002  0.24673764574183799     
   5.4855850515785287E-002  0.23544226493101264     
  0.33337003641954344       0.16105346369551943     
  0.22516945647456554       0.27503329833987039     
   7.7034955099790303E-002  0.28070750620823104     
  0.64680844070920762        9.1890626038973619E-002
  0.60875125144417663        8.9232693140954458E-002
  0.59869924879277647        7.9305013365230340E-002
  0.71311574781077147       0.10785865931896235     
  0.53830898842706709        9.8507271950027134E-002
  0.64966701017302575        8.8057338305888105E-002
  0.69592316303903512       0.10911163290952455     
  0.65515985363091978       -3.3425157168294802E-003
  0.57022014839147472       -3.8818913480724538E-003
  0.72755055638975308        8.9833006876898162E-003
  0.55203097299371939       -1.3661553311033220E-002
  0.69340819204915305       -8.8073565653271145E-004
  0.74727520630457733        4.9149835120062069E-003
  0.60957630611039049       -2.4785332552559099E-003
  0.11917949554364243        5.4750847723127635E-004
   2.5598509881279374E-002  -4.2505274616567703E-004
   1.3878356130847869E-002  -1.3171948025796579E-003
  -9.5171914255026469E-002  -1.8023279581236178E-003
  -2.3647353419748607E-002   8.3129325865411764E-004
   9.0270856718525305E-002   1.6411836388117915E-003
  0.98082018338234522       0.13246439172701949     
  0.97903256523175586       0.11013581044319495     
  0.92752439030950828       0.11128465476742398     
  0.97219847963520301       0.11089543821439511     
  0.98663303213867648       0.11116968048219136     
  0.96931976281304821       0.10889889671508828     
  0.99102896964181530       0.12766311865842941     
   6.9097493673271282E-002   9.8087097748654267E-004
   4.7345136351313877E-002   9.4037645013731136E-004
  -6.6777919645287009E-002   1.0679193046887114E-003
  -3.8035537713047574E-003  -1.1549248023281166E-003
  0.12901764394610626        1.8992592505824720E-003
  0.46847132758470422        5.5251441139887595E-003
  0.41048977992271796        4.3041167197905104E-003
  0.39956944697940328        1.1148198628110624E-003
  0.15851873679649570       -1.3085628101525500E-003
  0.62749759806684080        6.9246880664974152E-003
  0.34295510467676094        5.5167347462069475E-003
  0.45210375050973578        2.1253009273816455E-003
  0.90114388541881729        8.4135536254450499E-002
  0.84461756716363312        8.2703558476082906E-002
  0.92955262818151763        7.5380639790021020E-002
  0.92393690645084270        5.4533390711802091E-002
  0.92775838538736577        6.4489324284025470E-002
  0.88970705542759532        7.1651545479248444E-002
  0.93210462303900754        9.0258191014254516E-002
  0.98119543830770550       0.22177906897442204     
  0.98629256808654575       0.19590597892690828     
  0.98658432768507409       0.20224077677783442     
  0.98441462304246929       0.19946131417052668     
  0.99440280160443917       0.21899558070053621     
  0.98080198463223711       0.20788173597004292     
  0.56232973572896161        2.4799101011279450E-002
  0.42625414478823953        8.4751966823167141E-004
  0.40011591455457773       -1.8370760649632202E-002
  0.44399224687326416       -1.0370612665447969E-002
  0.50793296866477844       -6.4404368176136234E-003
  0.54617682174818949        2.5476774128805581E-002
  0.54801938806449413        1.9621664489074078E-003
  0.46111065083316960       -8.6461834010806492E-004
  0.44395002569880448       -6.8462720169913715E-004
  0.33898785547656807        3.7369930714168309E-003
  0.50143181254568348        8.6660225717047866E-004
  0.63361584916105218       -5.3442707312885435E-003
  0.52707413064345721        3.7478703672659777E-002
  0.50114347720847441       -2.1772687804446937E-003
  0.54476865559409282        1.0759656352642602E-003
  0.59689751992249696        4.2652573153633314E-002
  0.64931108833959561       -3.3462569972034603E-002
  0.21676220979490934       -5.4098435224847240E-003
  0.19429075366132481        1.0679439633908623E-003
   4.1994038600426054E-002  -1.1953104522261194E-003
  0.12347574576974851        8.8012785027625573E-004
  0.26548669842337480        8.7154376573935952E-004
