 cosx vtec
   5.1159161248110263E-002  -9.6162401822252549E-004
  -5.1796055293381604E-003  -3.1685733285309186E-004
  0.11507792592050142        1.2930267714109428E-003
   7.7587056832003176E-002   7.5567409252068395E-005
   2.6183726187606393E-002   3.9073304018642291E-003
  -1.8861486148027906E-002  -7.3190681211835254E-004
   1.4709976910074751E-002  -5.0381838196475351E-004
  -7.4598148341191439E-002  -1.4334823602417959E-004
  -1.2178782580354153E-002   2.6484931139093269E-003
  -4.6560372244402848E-002  -1.5515789069554193E-003
  0.47202871847355210       0.10729922832570163     
  0.50450028712865724       0.12261495911962182     
  0.41434062735150212       0.10407521999405821     
  0.42269844733477524        7.9455081797138630E-002
  0.46930987958025550       0.11227182130513493     
  0.75259001464965347       0.23299099210043162     
  0.76812278916891763       0.23848472930534723     
  0.66433312585945026       0.24579306243113461     
  0.68965767502143849       0.24387617783107565     
  0.75101168820769759       0.23595003965126718     
  0.13692395954938247       0.24536648206127828     
   1.1089098673793818E-002  0.18116790074331321     
  -1.3716393140943139E-002  0.18711093450550123     
   2.0131424002889309E-002  0.18987606643068172     
   2.0179198469511550E-003  0.21150504713415480     
  -4.9420898697005444E-002  0.18739092016021178     
   3.7505153508132438E-002  0.18751340178758585     
  -5.1263441478139826E-002   1.7863194930720187E-002
  -3.9891535443760451E-002   1.9575283317887330E-002
  -3.8278847647047087E-002   2.5127913673000962E-002
  0.66766591309750090       0.18163321329719903     
  0.67713308103810699       0.18364688198242726     
  0.60456318445035506       0.17466758563093754     
  0.65416680653152093       0.17416515867053778     
  0.72917465964688377       0.15282663361311893     
  0.79000949921630959       0.18282056158905738     
  0.74858203236023346       0.16106935157295429     
  0.68210074634882978       0.15907872351079722     
  0.84054365396160180       0.19583999216562853     
  0.68595271186215601       0.15789407856856472     
  0.73059968159404076       0.15939434382024795     
  0.57483727933236628        5.2849905566731969E-002
  0.48593042486773158        3.8106920053663500E-002
  0.61124015351668393        6.3276848475789002E-002
  0.68551713935843550        7.0919116972806243E-002
  0.59436410096205972       0.10519336145341916     
  0.54148081879988141        5.0497807114577992E-002
  0.76494279795517484       0.10388572255787835     
  0.44156010286313119        5.3512534605510184E-002
  0.65619810204472206        7.5890816554633062E-002
  0.58308271681522628        6.5135368128468984E-002
  0.51765290360673311        6.0586009130342254E-002
   3.4105347512125017E-003  0.19077796878947312     
  -1.8714237909747078E-002  0.19748407119543368     
   2.6547593534934522E-002  0.19677924073786038     
   4.6313803447741608E-002  0.19784547479312053     
   9.1640850614139124E-002  -1.1004490245101013E-003
   3.7020569109852852E-002  -8.3599036980587562E-005
  0.22037773855801046       -7.6881997226430749E-004
  0.14209489053302787       -1.8436084074217239E-004
   6.4495350092786841E-002   8.0550389157429145E-004
   7.5815869048685425E-003   9.8471546486337408E-004
   9.0133582297951098E-002  -6.6271548454806327E-004
  0.11267250985765492        5.8068373183961623E-002
  0.11645214721082478        6.6928927599418278E-002
   5.4266090848711278E-002   7.8420673010781289E-002
   3.3202325325703899E-002   6.1524758571879119E-002
  0.12069002311167418        6.3733997491919478E-002
  -8.4355637427514785E-003   4.5257741978062357E-002
  0.29379943723687818       0.10812904251234406     
   5.2990624755716240E-002   6.0545584113714725E-002
  0.70247689361261745        9.8655685494388690E-002
  0.79766514543346168       0.13308650335389738     
  0.62134076530375049        5.5964969898950119E-002
  0.72986974660452497       0.10687066290385225     
  0.65959155835511218       0.10745699758102502     
  0.81110229996924654       0.13555866064375602     
  0.66082313229113188        9.3728464902475037E-002
  0.71217621297630851       0.10544067617861003     
  0.48304610727811026        4.4498150413293282E-003
  0.41282117944962082        1.7487307358282290E-002
  0.53537215392824744        4.1352447010887541E-002
  0.58415007614535130        2.9894771136291815E-002
  0.50580462789854663        4.3363388991551628E-002
  0.45524348260390513       -3.1374722056225199E-002
  0.70264224576950363        4.4487769866509388E-002
  0.37114913154073464        9.1331953273705319E-003
  0.58712753097112347        3.6179897849154104E-002
  0.48777378737908628        1.7362169594392445E-002
  0.42094746843267283        2.1612762921603676E-002
  0.24139656540072207        3.9713315750270527E-003
   6.5676632438196714E-002   1.5067994553094507E-004
  0.16384056836344571       -6.6718014027117778E-004
  0.18653879249618791        4.4953568808341338E-003
  0.18296942393527255       -1.1062818537919612E-003
  0.27926032351137958       -4.5443046438902509E-003
  0.62408782039748234        6.7539068959038440E-002
  0.53981318393751898        5.4977674025444352E-002
  0.59568087047839857        5.8772998018942098E-002
  0.12842866892782567        1.2428388263224378E-003
   7.4335175928839314E-002  -2.6804108066335843E-004
  0.20376166425824871        5.3309663252945824E-003
  0.15616916413532744       -1.7674594537552189E-004
  0.10392220077927178        1.4058700887975260E-003
   5.6316838556299653E-002   3.4385848994467221E-003
  0.36345454794768961        7.1561491682741601E-004
  0.15379560548823867       -1.9313477136490538E-003
   8.9177222116144261E-002   4.6256906650562378E-004
  0.82324698111812111       0.26215514191980205     
  0.85093114759883082       0.25579646739042927     
  0.85547825944589428       0.25371490527562868     
   2.4123020579888299E-002  0.14616974875789149     
  -5.5099488636973420E-002  0.13480062142992202     
  -7.4375895000649853E-002  0.13244874296649659     
  -5.9161258323032748E-002  0.13218300977472652     
  -1.1124450944846570E-002  0.16718654530471480     
  0.67720270685937123       0.13828575727672404     
  0.69597299756517383       0.13496985917050677     
  0.79487757047128160       0.17457448895407282     
  0.69269860185031917       0.13312764346030101     
  0.73665705024034578       0.13731931094613789     
  0.62488212030865264       0.14286392655987321     
  0.28190699619221304       0.15366162381360923     
  0.44226878168693728        9.2524625267465410E-002
  0.26484179735550717       0.11551612918117631     
  0.32674904538020066       0.16378948154012907     
  0.39182266157390255       0.16060041294835464     
  0.27077180079133067        7.8589178373334942E-004
  0.21468933676508895        8.1466062100912489E-003
  0.35520990091275850       -1.6584863994053397E-002
  0.40708693402145946       -1.3931294641972591E-003
  0.29934659680276521        5.5444735493517883E-003
  0.24599436814038722        9.1762047814772235E-003
  0.18657063234568544       -1.2828109273727184E-002
  0.45015112827416448        3.2156347579018912E-003
  0.27765938105077109       -1.6253284049114482E-003
  0.21774419911199328        7.0115968919918338E-003
  0.15905980845442852       0.15502508079457533     
   9.3074116718184427E-002  0.15193625256534618     
   7.2989988983384463E-002  0.14234849483706394     
   8.8860885631365863E-002  0.15622842766649297     
   9.7782603926631906E-003  0.16013105653987095     
  0.53656522470618573       0.24981006337795672     
  0.46642859483455040       0.23712981313967793     
  0.42631340258002187       0.27819200677065820     
  0.58793354085874650       0.24906902391523478     
  0.60828834109264096       0.25112652606919900     
  0.47360429310688368       0.25379079357669648     
  0.49424750537428491       0.23963081729763375     
   6.5212476520729590E-003  0.20000990441896402     
  -9.4584658260299936E-003  0.18849306004408550     
  -3.6647066928897520E-002  0.20000520977718561     
   1.4906322422710006E-002  0.19102871679253400     
   3.2965104322472849E-002  0.19544743668399317     
  0.16392977392245117       0.21606207179078721     
  0.14036947705994929       0.22397928138036893     
  0.18780208283296546       0.21680856679272215     
  0.20761105953092374       0.23013724365828847     
  0.76917153380298020       0.12439328161424504     
  0.79813705329951790       0.12268714835724899     
  0.85273431339426697       0.13250280893800487     
  0.87945516082412545       0.14929554268333578     
  0.78854528316795491       0.12294461422415401     
  0.87733568622028835       0.13888483793408246     
  0.82885213250550449       0.16177407630208820     
  0.69155464653818410       0.14745223535839036     
  0.66353461902121869       0.24713170551468802     
  0.59328691811421419       0.23721193722235798     
  -1.5523666543132364E-002  0.16996716393424466     
  -3.2940365045201203E-002  0.16878339842997775     
   7.3497058368440227E-003  0.17779457800968479     
   3.1840913183187491E-002  0.19331008144297543     
  0.16404398826520350        9.9820059252443555E-003
   9.0839454977164447E-002  -3.7000416006854219E-004
  0.19569087921984821        1.8675346546876515E-002
   8.8113495220370458E-002   1.4043305679535661E-002
  0.18249839845052335        1.3691458398637160E-002
  0.13444901466912096       -3.2657256707119119E-003
   8.3050679284808471E-002   3.4037502207289396E-003
  0.33314265869076914        3.1281954673396055E-002
  0.12603301234311615        1.2257620280420930E-002
  0.76883859287046652        9.8461162684642806E-002
  0.84908574100287859       0.13174878465105111     
  0.68743620276433226        7.6485740926834231E-002
  0.79446602330298521       0.10454917800673171     
  0.72592692282043325       0.11754210326410783     
  0.84378101920036985       0.11888509311478077     
  0.72674435817705063        9.7090992999645923E-002
  0.78054277049967291       0.10509869906497141     
  0.89300130803159761       0.24900590984499346     
  0.98508281119143892       0.22365486852961142     
  0.79201201581423519       0.31946926041257023     
  0.91486931296833740       0.23657501750403848     
  0.90798505020531128       0.27576256098499924     
  0.94096164729232845       0.24673764574183799     
  0.91871379925907348       0.23544226493101264     
  0.80993851172077902       0.16105346369551943     
  0.85445165562487546       0.27503329833987039     
  0.95345980572375388       0.28070750620823104     
  0.83889441958762512       0.13561832585111258     
  0.87027196328954104       0.14488049082489490     
  0.90481018449348205       0.14099650179983431     
  0.92791436044789588       0.14005128467219471     
  0.86039178526095417       0.12712883641484735     
  0.92288239174076381       0.14563795754615758     
  0.89525265781915619       0.14434854905661090     
  -9.2155332122465072E-002  -1.3352013552095448E-003
  -6.4158511561824838E-003  0.22177906897442204     
  -2.1308015606777531E-002  0.19590597892690828     
  -4.4965742951900312E-002  0.20224077677783442     
   2.1491506748889111E-003  0.19946131417052668     
  -9.5902233807466541E-002  0.21899558070053621     
   2.1226900957946271E-002  0.20788173597004292     
   4.7302908709998925E-002  -8.5020807505557317E-004
   9.3121316639187601E-002  -1.5506346889086720E-004
   2.0958086908785534E-002  -5.1013352026934482E-003
  -2.9632944634252423E-002  -2.5845571095877728E-003
   5.1139301445742524E-002   4.6924016013175840E-003
  0.13393316605990097        8.3818313049875796E-003
   5.9210765709548197E-002   2.6070822242617044E-003
  0.16481440007390169        1.8072617873496892E-002
   6.0908150501416403E-002   1.3724598829335260E-002
  0.15234352288670983        1.3313824791760968E-002
  0.10428482566015979        2.0056339037771636E-004
   5.2662448201030609E-002   4.3708906987681489E-003
  0.31580966578736014        3.5249432613144997E-002
   9.5163737883860289E-002   1.1506305277751162E-002
