 cosx vtec
  -9.9543253384884345E-002  -9.6162401822252549E-004
  -2.4325762123490025E-002   1.2930267714109428E-003
  -6.9647539708564576E-002   7.5567409252068395E-005
  0.47006590815650984       0.10729922832570163     
  0.50961511944595095       0.12261495911962182     
  0.42303014298442831       0.10407521999405821     
  0.41086892717921020        7.9455081797138630E-002
  0.47623836623259863       0.11227182130513493     
  0.85068771046070357       0.23299099210043162     
  0.85967041821516577       0.23848472930534723     
  0.78088456183284727       0.24579306243113461     
  0.80248362286778041       0.24387617783107565     
  0.84448345227459598       0.23595003965126718     
  0.23455097137686456       0.24536648206127828     
  0.13150097098187619       0.18116790074331321     
  0.10041482782931205       0.18711093450550123     
  0.14892897564121255       0.18987606643068172     
  0.10272499740941754       0.21150504713415480     
   7.3127506567212119E-002  0.18739092016021178     
  0.16309260114758795       0.18751340178758585     
  -9.3397292322469419E-002   1.9575283317887330E-002
  -4.4614366627821533E-002  0.16537621692818413     
  -5.7981593097864770E-002  0.15934392381651821     
  -8.5065006281509759E-002   2.5444023499378923E-002
  -3.4273599346454964E-002  0.16245428121964881     
  -1.4293691636822203E-002  0.16540010551223430     
  0.70281864337835542       0.18163321329719903     
  0.72076021751541486       0.18364688198242726     
  0.65191519202485737       0.17466758563093754     
  0.69950886028352910       0.17416515867053778     
  0.70990976717302079       0.15282663361311893     
  0.78549699035641285       0.18282056158905738     
  0.73554109721779803       0.16106935157295429     
  0.67300013802207281       0.15907872351079722     
  0.82037532572343475       0.19583999216562853     
  0.65528768875542154       0.15789407856856472     
  0.71899697306379129       0.15939434382024795     
  0.43912633404196433        5.2849905566731969E-002
  0.33899873205027881        3.8106920053663500E-002
  0.48725945284142475        6.3276848475789002E-002
  0.55338164381645494        7.0919116972806243E-002
  0.46356954081217439       0.10519336145341916     
  0.39674373105328575        5.0497807114577992E-002
  0.64822050290391264       0.10388572255787835     
  0.29759273201002823        5.3512534605510184E-002
  0.53246693705966319        7.5890816554633062E-002
  0.43529987814871185        6.5135368128468984E-002
  0.39351184069375578        6.0586009130342254E-002
  0.17551787726418311       0.19077796878947312     
  0.15281825574143815       0.19748407119543368     
  0.19925559274547466       0.19677924073786038     
  0.21883030673371573       0.19784547479312053     
  -8.2565928914173192E-002  -1.1004490245101013E-003
   5.1057041088054589E-002  -7.6881997226430749E-004
  -3.1874279729988853E-002  -1.8436084074217239E-004
  -8.2282090816482134E-002  -6.6271548454806327E-004
   4.2577552638914690E-002   5.8068373183961623E-002
   7.1704077253018333E-002   6.6928927599418278E-002
   3.2839644900970487E-002   7.8420673010781289E-002
  -3.2922022978044696E-003   6.1524758571879119E-002
   6.6094339693268070E-002   6.3733997491919478E-002
  -6.9053230805910221E-002   4.5257741978062357E-002
  0.24501089392116093       0.10812904251234406     
   8.9925072212712343E-003   6.0545584113714725E-002
  0.64326058665795260        9.8655685494388690E-002
  0.75597422853970586       0.13308650335389738     
  0.53120346512921557        5.5964969898950119E-002
  0.67655065945256943       0.10687066290385225     
  0.61098191656621126       0.10745699758102502     
  0.75210714906866916       0.13555866064375602     
  0.59409946872434460        9.3728464902475037E-002
  0.66034629838456571       0.10544067617861003     
  0.32995088791558158        4.4498150413293282E-003
  0.25347618907523156        1.7487307358282290E-002
  0.39330160299264805        4.1352447010887541E-002
  0.43537874054421616        2.9894771136291815E-002
  0.35642903268931292        4.3363388991551628E-002
  0.29739229612850521       -3.1374722056225199E-002
  0.56951563866722665        4.4487769866509388E-002
  0.21280548837198021        9.1331953273705319E-003
  0.44537914758625996        3.6179897849154104E-002
  0.32952210765965922        1.7362169594392445E-002
  0.27921086245171883        2.1612762921603676E-002
  0.15277019269752798        3.9713315750270527E-003
  -1.6827722425793112E-002   1.5067994553094507E-004
   6.0395660589962930E-002  -6.6718014027117778E-004
  0.10964914060126985        4.4953568808341338E-003
   9.0786302223225118E-002  -1.1062818537919612E-003
  0.20093257144123872       -4.5443046438902509E-003
  0.70517656653485261        6.7539068959038440E-002
  0.62517587332549529        5.4977674025444352E-002
  0.67895307317114417        5.8772998018942098E-002
  -6.2266915557386338E-002  0.15621543594884907     
  -7.3859800564985367E-002  0.15831919765343447     
  -4.9861470912871186E-002  0.15216228660618406     
  -3.0990531631242491E-002  0.15520144799549179     
  -3.3568561856721857E-002   1.2428388263224378E-003
  -8.9219991628369133E-002  -2.6804108066335843E-004
   5.2651783246725370E-002   5.3309663252945824E-003
  -2.9518194789147079E-003  -1.7674594537552189E-004
  -6.1611873536442652E-002   1.4058700887975260E-003
  0.21270524398619917        7.1561491682741601E-004
  -1.7848092147303485E-002  -1.9313477136490538E-003
  -6.1373403031062868E-002   4.6256906650562378E-004
  0.85712022233681950       0.26215514191980205     
  0.89484921711206122       0.25579646739042927     
  0.89041252714797481       0.25371490527562868     
  -5.0457397193982012E-003  0.17979436456887404     
  -2.1359543099207567E-002  0.16086609414302988     
  -4.3336630065671955E-002  0.16159190962225733     
   2.6024743761010605E-003  0.16379153790527184     
  -7.9839886077482047E-002  0.16523917677199620     
   2.4470406516210574E-002  0.16719070424129434     
   6.2817788888926668E-002  0.14616974875789149     
   3.9872814167238313E-004  0.13480062142992202     
  -2.6150621134443899E-002  0.13244874296649659     
  -1.8375806628916996E-002  0.13218300977472652     
  -6.3611383689623824E-002  0.13403129489593524     
   5.8122838937105209E-002  0.16718654530471480     
  0.59291353661996549       0.13828575727672404     
  0.62956089631475920       0.13496985917050677     
  0.74266153849297090       0.17457448895407282     
  0.61892307732297669       0.13312764346030101     
  0.67025434638505588       0.13731931094613789     
  0.55747911734762590       0.14286392655987321     
  0.38200594195708987       0.15366162381360923     
  0.52063064574809392        9.2524625267465410E-002
  0.36108757064839581       0.11551612918117631     
  0.41032733405426114       0.16378948154012907     
  0.47324057594900587       0.16060041294835464     
  0.10309286898825687        7.8589178373334942E-004
   4.4706577540503833E-002   8.1466062100912489E-003
  0.19844069800458031       -1.6584863994053397E-002
  0.24233934482838687       -1.3931294641972591E-003
  0.13425246453358919        5.5444735493517883E-003
   7.5942163004145524E-002   9.1762047814772235E-003
   1.7894350097440670E-002  -1.2828109273727184E-002
  0.29382269780458087        3.2156347579018912E-003
  0.10689866542845283       -1.6253284049114482E-003
   6.1768955439187589E-002   7.0115968919918338E-003
  0.19013532805841438       0.15502508079457533     
  0.14006448033624080       0.15193625256534618     
  0.11251258202621604       0.14234849483706394     
  -8.1743785641793992E-002  0.14808115052818685     
  0.12090506145577828       0.15622842766649297     
   6.2250925023822998E-002  0.16013105653987095     
  0.60787422710710615       0.24981006337795672     
  0.55510413436922146       0.23712981313967793     
  0.50804167558504731       0.27819200677065820     
  0.67103671758630246       0.24906902391523478     
  0.67805151147472265       0.25112652606919900     
  0.57315967809749890       0.25379079357669648     
  0.58724842669645783       0.23963081729763375     
  0.17773045700638068       0.20000990441896402     
  0.16430795862377201       0.18849306004408550     
  0.13736357941479976       0.20000520977718561     
  0.18782966203250356       0.19102871679253400     
  0.20526806932237202       0.19544743668399317     
  0.32804659473711351       0.21606207179078721     
  0.30396982436501613       0.22397928138036893     
  0.35289987565794184       0.21680856679272215     
  0.37233342423673571       0.23013724365828847     
  0.66446762020579508       0.12439328161424504     
  0.70862952478002839       0.12268714835724899     
  0.75580640756494077       0.13250280893800487     
  0.80423733268213105       0.14929554268333578     
  0.69169064128325042       0.12294461422415401     
  0.79224111880232662       0.13888483793408246     
  0.73982741644974559       0.16177407630208820     
  0.60017038405724332       0.14745223535839036     
  0.77915092780342343       0.24713170551468802     
  0.71870364751346349       0.23721193722235798     
  0.14884695192895997       0.16996716393424466     
  0.13003038519895410       0.16878339842997775     
  0.17448774464110500       0.17779457800968479     
  0.19982477841101798       0.19331008144297543     
   4.3213593515846527E-002   9.9820059252443555E-003
  -3.6211864609699940E-002  -3.7000416006854219E-004
   8.7901556048997076E-002   1.8675346546876515E-002
  -6.5599620320717089E-003   1.4043305679535661E-002
   6.7508532715944758E-002   1.3691458398637160E-002
  -2.6768207989948389E-003  -3.2657256707119119E-003
  -3.5354528211862801E-002   3.4037502207289396E-003
  0.22436016004156917        3.1281954673396055E-002
   1.8681528292725957E-002   1.2257620280420930E-002
  0.69930182137264796        9.8461162684642806E-002
  0.79619043985544713       0.13174878465105111     
  0.58978154694706475        7.6485740926834231E-002
  0.73086749400053963       0.10454917800673171     
  0.66833822792362096       0.11754210326410783     
  0.77574105334113519       0.11888509311478077     
  0.64925672233807386        9.7090992999645923E-002
  0.71852731123850588       0.10509869906497141     
  -8.6585050797909180E-002   9.1071406014058096E-002
  -9.4959880814970254E-002   9.4915412526753465E-002
  -3.8493934498875670E-002  0.12187381817133008     
  0.91517183024454507       0.24900590984499346     
  0.99116053121696235       0.22365486852961142     
  0.84601058850197175       0.31946926041257023     
  0.94722981956785945       0.23657501750403848     
  0.91186099675988930       0.27576256098499924     
  0.96717823508815637       0.24673764574183799     
  0.94255901530835784       0.23544226493101264     
  0.88121525993868832       0.16105346369551943     
  0.90733640896319268       0.27503329833987039     
  0.98175180991882605       0.28070750620823104     
  0.74267483678087809       0.13561832585111258     
  0.79144633498144790       0.14488049082489490     
  0.82020187255185251       0.14099650179983431     
  0.86159452432065498       0.14005128467219471     
  0.77348515673550966       0.12712883641484735     
  0.84819444200659821       0.14563795754615758     
  0.81724027450901171       0.14434854905661090     
  0.16649640931117826       0.22177906897442204     
  0.15227327062659790       0.19590597892690828     
  0.12830202958885434       0.20224077677783442     
  0.17576116932089941       0.19946131417052668     
   7.7958368764822705E-002  0.21899558070053621     
  0.19449621917285781       0.20788173597004292     
  -7.9892836809444034E-002  -1.5506346889086720E-004
   1.6766387053092413E-002   8.3818313049875796E-003
  -6.4174702720572296E-002   2.6070822242617044E-003
   6.1172379012445488E-002   1.8072617873496892E-002
  -3.0510685405776145E-002   1.3724598829335260E-002
   4.1333478991146866E-002   1.3313824791760968E-002
  -3.0935456321895261E-002   2.0056339037771636E-004
  -6.1436080537313364E-002   4.3708906987681489E-003
  0.21088446314511447        3.5249432613144997E-002
  -7.9880324664052260E-003   1.1506305277751162E-002
