 cosx vtec
  0.73440086925084092        3.1388095203105523E-002
  0.64395412338974012        1.1266557126342261E-002
  0.68239662509495480        1.6147304182509994E-002
  0.71700335535445880        2.6590208887822465E-002
  0.65087871520685536        2.7965496839924199E-002
  0.81761453559780695        4.8858144319178523E-002
  0.30323423319335674       -1.2897270245265243E-003
  0.18557876166843590       -1.5853890733796313E-003
  0.17902431996027751        2.7911010227498938E-003
   4.7143440637740341E-002   2.5617719413499748E-004
  0.11371558256877351        1.3981685127904576E-003
  0.26324358334064663       -5.1007868414364495E-003
  -6.0625815704079211E-002  0.10407521999405821     
  -8.4437015286094291E-002  0.11227182130513493     
  0.33532440609594100       0.23299099210043162     
  0.29584335586422517       0.23848472930534723     
  0.45811616178499209       0.24579306243113461     
  0.43137626620182229       0.24387617783107565     
  0.31070135874967819       0.23595003965126718     
  0.49273211919316739       0.24536648206127828     
  0.64872466737807422       0.18116790074331321     
  0.62118174555516548       0.18711093450550123     
  0.69175428586550491       0.18987606643068172     
  0.54444944791098060       0.21150504713415480     
  0.67600742539372560       0.18739092016021178     
  0.66986906252343448       0.18751340178758585     
  -4.2594678759537263E-002   1.0555076789434181E-002
  0.43232092014939283       -2.7604670143527199E-003
  0.40213203083511428       -1.1527491207212459E-004
  0.44960397950161263       -1.3811317215394021E-003
  0.54409997172826385        4.4922859168688416E-003
  0.53999150488652015       -1.2436391499969313E-003
  0.60916529730576063        2.0479110461447654E-004
  0.76371128232002994       -4.5297425071958546E-003
  0.59125183314866203        3.3594982712548912E-003
  0.55533247821043741       -1.0845568661108529E-002
  0.62699890387310087        2.4618362171800252E-002
  0.71105371336078738       -3.8686800322529163E-002
  0.65270957228426851        4.1191537438215890E-004
  0.42496157205983526        2.3041674179984772E-003
  0.36303137101952521       -2.7525199677435008E-004
  0.36204833063810360       -1.2724938539822386E-003
  0.20619275959355723       -2.9124891541573404E-003
  0.30364249922190351        1.6272398366837053E-003
  0.41414424956325835       -1.8118724865727565E-004
  0.95323165551286038       0.16537621692818413     
  0.98421127300773326       0.15934392381651821     
  0.99234689059561365        2.5444023499378923E-002
  0.97012456515787948       0.16245428121964881     
  0.96706646839403398       0.15838180996555629     
  0.96286160661883158       0.16540010551223430     
   1.6763308666284893E-002  0.18163321329719903     
   6.0162692872795187E-002  0.18364688198242726     
   9.9173956417101861E-002  0.17466758563093754     
   7.5409738805963522E-002  0.17416515867053778     
  0.93046830412076220       0.19077796878947312     
  0.93310571173602974       0.19748407119543368     
  0.92770755516345738       0.19677924073786038     
  0.92153586561907042       0.19784547479312053     
  0.53056599877993882        7.1904269094688437E-003
  0.39386404470639502       -4.0428397746459149E-004
  0.42353521163646346        8.0264766956408590E-004
  0.47729703112726207       -4.8977605447199585E-004
  0.39635958822232037       -4.6278575108834206E-003
  0.68926545488228719       -1.9673738106778019E-003
  0.58733754504632740        3.1601492638171458E-003
  0.62033544351233771       -3.5944424831929598E-003
  0.66145616089971337       -4.0640839485871225E-003
  0.58762481901991315        8.8320842817718771E-003
  0.27666678416275131        6.7539068959038440E-002
  0.32169031934874892        5.4977674025444352E-002
  0.29586284776213612        5.8772998018942098E-002
  0.66775791189323963        7.7012684142695968E-003
  0.57387528130847298        2.1670522914370286E-003
  0.60738319516728045        1.8489583781809297E-003
  0.64491878790704293        4.0539128396376491E-003
  0.57831369747518280        1.1603254861881261E-002
  0.91310358963959004       0.15621543594884907     
  0.87839057017052036       0.16669204073483934     
  0.96230545617642971       0.15831919765343447     
  0.93655685721542281       0.15216228660618406     
  0.92725508667747536       0.14958327736875440     
  0.92723398032177207       0.15520144799549179     
  0.69894709135818189       -2.0566632077150596E-002
  0.57115899442011997       -1.2701386721718732E-002
  0.53796475364893159       -4.1639714671229781E-003
  0.58170995058713060       -1.2944937963955926E-003
  0.64652134368521397       -5.6288340745692606E-003
  0.66171043700114263       -4.6381131940633384E-003
  -4.4869801318463798E-002  -2.3291142227196697E-004
  -9.6854084657561679E-002  -1.0360885492778609E-003
  -4.2524828697598549E-002   2.9107282886670050E-005
  0.79308483673864993        1.7706911728363754E-002
  0.71370977618672837        8.3064049308213578E-004
  0.67461560565854184       -9.0239836387568228E-003
  0.71857055167897554        2.1763725522982606E-002
  0.76544475828269354       -7.8960665841218552E-003
  0.88865131664796870        8.2147199687336817E-002
  -3.0581778838110529E-002  0.26215514191980205     
   1.6582986278406209E-002  0.25579646739042927     
  -3.3213997366048853E-002  0.25371490527562868     
  0.97792839908583706       0.17979436456887404     
  0.98774522599369563       0.16086609414302988     
  0.98912463416388374       0.16159190962225733     
  0.98403578502813271       0.16379153790527184     
  0.99198743880914908       0.16523917677199620     
  0.97913788067860841       0.16719070424129434     
  0.20312838025610724       0.14616974875789149     
  0.31464242381511154       0.13480062142992202     
  0.28029324285871382       0.13244874296649659     
  0.30206823782720948       0.12622566330818735     
  0.23607995916069169       0.13218300977472652     
  0.34818355901696996       0.13403129489593524     
  0.37762011848204247       0.16718654530471480     
  0.61841335183558399        4.4968026919053892E-003
  0.56952331853487492        4.2981282663374643E-003
  0.56959768129162891        1.4764253058574511E-003
  0.49121611901373052        7.5457911314361602E-003
  0.61314047558553020        8.4268154823119001E-004
  0.64732890438780744       -6.3980360992366920E-003
  0.48756933342050801       -2.4152062409891399E-004
  0.45524907419416161       -1.6801410417189593E-004
  0.49790079893041961        3.3360350109583664E-003
  0.57408744855456495        4.1850298004085691E-003
  0.46844120983398929       0.15366162381360923     
  0.30914832682571847        9.2524625267465410E-002
  0.45202353843640553       0.11551612918117631     
  0.36738979409828071       0.16378948154012907     
  0.33879235578025879       0.16060041294835464     
  0.99662326936257006        8.7806748522432240E-002
  0.95750968527225910        4.9557197440978550E-002
  0.91491400924490818        3.7410694713585532E-002
  0.94843984948241877        4.7976232722304335E-002
  0.97695740632407713        6.5191784758076146E-002
  0.97321113985721575        6.2451256859090268E-002
  0.98819821613055947        8.2339747719577638E-002
  0.29969756344834841        1.8039901042231622E-002
  0.25015597122883937        9.4478455624341824E-003
  0.25520778676813238        7.0401137222157381E-004
  0.30909798751896378        6.7728585436055448E-003
  0.12683939287546514       0.15502508079457533     
  0.23010574898765629       0.15193625256534618     
  0.19491211548929704       0.14234849483706394     
  0.23321291996961319       0.14808115052818685     
  0.15031947428580547       0.15622842766649297     
  0.28141398597931372       0.16013105653987095     
  0.24648300434332684       0.24981006337795672     
  0.35868360570632091       0.23712981313967793     
  0.33151089188058958       0.27819200677065820     
  0.29696098437723345       0.24906902391523478     
  0.21948355389242225       0.25112652606919900     
  0.41569530317871700       0.25379079357669648     
  0.37486272792937675       0.23963081729763375     
  0.92479989270507201       0.20000990441896402     
  0.94278984864885906       0.18849306004408550     
  0.95117525808893832       0.20000520977718561     
  0.93189735646157890       0.19102871679253400     
  0.92384840413214442       0.19544743668399317     
  0.84552366374859544       0.21606207179078721     
  0.84884992835749573       0.22397928138036893     
  0.84462995749516989       0.21680856679272215     
  0.83745181254336021       0.23013724365828847     
  -6.0498832615694720E-002   2.6979917087478181E-003
  0.45326320367949269       0.24713170551468802     
  0.52454882030309324       0.23721193722235798     
  0.81340815739342354        1.8930705919911962E-002
  0.76392689089107169        1.1916057871492762E-002
  0.89308667242535589        2.6299998063288428E-002
  0.76378340975054915        3.0246794274645942E-002
  0.88988845618186418        1.8192433725313806E-002
  0.86911633210741135        2.2596442649661611E-002
  0.80623087651579162        3.6811161512725413E-002
  0.87123028438509287        1.8706940296745276E-002
  0.94971624902008034        4.3737613825485785E-002
  0.88917012061817258        5.4220707082015401E-002
  0.96057409534438998        2.2100578287264510E-002
  0.88908712736676010        3.8172727753038857E-002
  0.91317888490111310        3.4166946097695702E-002
  0.95242818869831292        3.9101947776732475E-002
  0.96812407886271290        3.1988908536078074E-002
  0.93746028865473519        1.7970343024593889E-002
  0.97541491953658166        4.5846785742042269E-002
  -3.8513822472797832E-002   9.8326762151727080E-003
  0.47954966401095661        4.4944733756782226E-003
  0.30466432351010209        4.1619556586150374E-005
  0.33506161629407039        1.0181072196445450E-004
  0.40088715923185203        9.7886086240164469E-004
  0.30907256275290279        1.4547404301936036E-003
  0.75532289979421907       -6.6559077245274684E-002
  0.64489035146540308        1.2596067335274474E-002
  0.60993967937127169        7.0879289311199635E-003
  0.65764616361636530        6.6438648602652759E-003
  0.71601226574936061       -5.4175284405365660E-003
  0.72056320292914366        2.9433060817074527E-002
  0.89352047617865660       0.16996716393424466     
  0.89047011893569872       0.16878339842997775     
  0.90255361978906445       0.17779457800968479     
  0.90076778211913699       0.19331008144297543     
  0.41727541644315574        2.5771873650454365E-003
  0.39593451410091679       -1.3529777179666987E-003
  0.36736186224284789       -1.1808690353571833E-003
  0.21436405125850472        7.4402037411422828E-004
  0.46770924630712452        7.6328347695225137E-004
  0.58316471891665334        2.6846181032148721E-003
  0.48773517557219148        1.0945867007753183E-002
  0.43701021596874018        2.3432810183311586E-003
  0.46935452198178151       -3.2395965922499021E-004
  0.52690954414527091       -4.8797874420135490E-003
  0.43700939672690481       -5.2858658594888007E-004
   8.3966511464694138E-002   1.0429660983790989E-003
  -1.4795124673725568E-002  -3.9392958123306140E-003
  -1.3927005103500811E-002  -2.6960714250803385E-003
  -6.2800734877979630E-002  -1.1094276968550666E-003
  0.85678639536885515       -6.5629287989389468E-002
  0.78903462181542894        3.7236779886469638E-002
  0.74504994780956446        2.3331244339242788E-002
  0.79488772327486246        5.3890500421188120E-002
  0.83686670535759877       -2.5957776823408510E-002
  0.91482832205049081        1.1119219847883991E-003
  0.85870681178469055        4.7128949035861690E-003
  0.85796582470918159        8.2660410074114427E-002
  0.76008537346358285        5.3228857593158180E-002
  0.81539231075697494        7.3020605151964693E-002
  0.84698849645925944        7.8166746204510071E-002
  0.77476007958319582        9.1071406014058096E-002
  0.89427323889133548        9.4915412526753465E-002
  0.91636947889542864       0.12187381817133008     
  0.60886102757809635        9.4451464532240188E-003
  0.50770598200471706        1.1453759532210719E-003
  0.53865347111339668        3.0972946582373577E-004
  0.57966682642454936        4.0459565148590155E-003
  0.51109035481105392       -2.9440414659286200E-003
   8.6441012388170757E-002  0.31946926041257023     
  -6.2572093798945239E-002  0.23657501750403848     
  0.17528396544083130       0.16105346369551943     
   6.4191306291530026E-002  0.27503329833987039     
  -9.4614797023843344E-002  0.28070750620823104     
  0.67940191673289052        9.1890626038973619E-002
  0.64690517019279792        8.9232693140954458E-002
  0.65333920419050540        7.9305013365230340E-002
  0.73994757056622840       0.10785865931896235     
  0.57600510783509318        9.8507271950027134E-002
  0.69090186147018628        8.8057338305888105E-002
  0.71920875145253982       0.10911163290952455     
  0.75936716103998625       -3.3425157168294802E-003
  0.68615551689070653       -3.8818913480724538E-003
  0.83391011446627739        8.9833006876898162E-003
  0.68047219913385237       -1.3661553311033220E-002
  0.80739305091861568       -8.8073565653271145E-004
  0.84259133636477412        4.9149835120062069E-003
  0.72934702717714872       -2.4785332552559099E-003
  0.21423971657259078        5.4750847723127635E-004
  0.13093601947313013       -4.2505274616567703E-004
  0.13000418311688772       -1.3171948025796579E-003
   2.0453768199115485E-002  -1.8023279581236178E-003
   8.0457481033072875E-002   8.3129325865411764E-004
  0.20044185118927724        1.6411836388117915E-003
  0.99493393829488608       0.13246439172701949     
  0.99695099443315860       0.11013581044319495     
  0.96280986559404402       0.11128465476742398     
  0.99369012285837333       0.11089543821439511     
  0.99981231053025588       0.11116968048219136     
  0.99677180654812925       0.10889889671508828     
  0.99907113401861991       0.12766311865842941     
  0.20811545264595138        9.8087097748654267E-004
  0.19693427189260398        9.4037645013731136E-004
   8.3060893589571694E-002   1.0679193046887114E-003
  0.13306188978218125       -1.1549248023281166E-003
  0.27315584917259267        1.8992592505824720E-003
  0.55976017752330409        5.5251441139887595E-003
  0.50932547315904697        4.3041167197905104E-003
  0.50942593668816860        1.1148198628110624E-003
  0.28027774135057182       -1.3085628101525500E-003
  0.70371479958467842        6.9246880664974152E-003
  0.44021393626837091        5.5167347462069475E-003
  0.55436875579286826        2.1253009273816455E-003
  0.94542535601890254        8.4135536254450499E-002
  0.89833252072862535        8.2703558476082906E-002
  0.97630843424418345        7.5380639790021020E-002
  0.97512053771408991        5.4533390711802091E-002
  0.96957557295425711        6.4489324284025470E-002
  0.94510166563696663        7.1651545479248444E-002
  0.96812677804856329        9.0258191014254516E-002
  0.93737706772912044       0.22177906897442204     
  0.94486658279175484       0.19590597892690828     
  0.94931647234121486       0.20224077677783442     
  0.93893853705062136       0.19946131417052668     
  0.96575825120776060       0.21899558070053621     
  0.93212747541096097       0.20788173597004292     
  0.68031991539507597        2.4799101011279450E-002
  0.57174441109693097        8.4751966823167141E-004
  0.53562976860684364       -1.8370760649632202E-002
  0.57418841682382316       -1.0370612665447969E-002
  0.63230339525245927       -6.4404368176136234E-003
  0.67940097520974507        2.5476774128805581E-002
  0.66002887574555014        1.9621664489074078E-003
  0.58468981952904886       -8.6461834010806492E-004
  0.57893295799268585       -6.8462720169913715E-004
  0.45882810937928786        3.7369930714168309E-003
  0.62896464100661431        8.6660225717047866E-004
  0.73418749109595560       -5.3442707312885435E-003
  0.65947631564080733        3.7478703672659777E-002
  0.61788917834545176       -2.1772687804446937E-003
  0.65544353061874205        1.0759656352642602E-003
  0.70225293995687244        4.2652573153633314E-002
  0.76406200308939232       -3.3462569972034603E-002
  0.35804815778332411       -5.4098435224847240E-003
  0.34644321457513516        1.0679439633908623E-003
  0.19748797076231972       -1.1953104522261194E-003
  0.26161190120413047        8.8012785027625573E-004
  0.41162195206110819        8.7154376573935952E-004
