 cosx vtec
  0.30319927934915331        3.1388095203105523E-002
  0.16293924806863141        1.1266557126342261E-002
  0.23260079921023144        1.6147304182509994E-002
  0.27753428915069145        2.6590208887822465E-002
  0.28028701724180649        2.7965496839924199E-002
  0.40890338350517003        4.8858144319178523E-002
  0.32639077878619199       0.10729922832570163     
  0.38066218860207013       0.12261495911962182     
  0.33243578179922301       0.10407521999405821     
  0.24784903274504233        7.9455081797138630E-002
  0.36368465199787953       0.11227182130513493     
  0.96694970570430117       0.23299099210043162     
  0.94907954033467579       0.23848472930534723     
  0.98571247444244381       0.24579306243113461     
  0.98725314257191688       0.24387617783107565     
  0.94542221922659464       0.23595003965126718     
  0.52786872810348628       0.24536648206127828     
  0.53906498428176464       0.18116790074331321     
  0.49375092205323090       0.18711093450550123     
  0.58247650446444477       0.18987606643068172     
  0.44569899921464678       0.21150504713415480     
  0.50553977603098610       0.18739092016021178     
  0.58064722252536416       0.18751340178758585     
  0.58294457892698603       0.16537621692818413     
  0.59141014684063120       0.15934392381651821     
  0.57290353981051112        2.5444023499378923E-002
  0.60306416133564544       0.16245428121964881     
  0.53724051448222832       0.15838180996555629     
  0.61589363808968955       0.16540010551223430     
  0.62898983118988772       0.18163321329719903     
  0.67309432424343574       0.18364688198242726     
  0.63801581804034579       0.17466758563093754     
  0.66435799662248962       0.17416515867053778     
  0.43258728602969376       0.15282663361311893     
  0.54084808776817028       0.18282056158905738     
  0.47381961708027859       0.16106935157295429     
  0.44401333146943361       0.15907872351079722     
  0.50765238327300211       0.19583999216562853     
  0.35161662943034150       0.15789407856856472     
  0.46740030370881747       0.15939434382024795     
  -9.6326904006016373E-002   7.0919116972806243E-002
   2.8044982599246680E-002  0.10388572255787835     
  -8.0062298798501727E-002   7.5890816554633062E-002
  0.76166790742474511       0.19077796878947312     
  0.74342764037913445       0.19748407119543368     
  0.78074055365400397       0.19677924073786038     
  0.79392598429314931       0.19784547479312053     
  -5.6003716774142238E-002   7.8420673010781289E-002
  -6.6882631784959384E-003  0.10812904251234406     
  0.23739237339838587        9.8655685494388690E-002
  0.38227054117941994       0.13308650335389738     
   4.3394156138013562E-002   5.5964969898950119E-002
  0.28285146648409160       0.10687066290385225     
  0.25374305660187141       0.10745699758102502     
  0.31547115818782190       0.13555866064375602     
  0.17470769953555540        9.3728464902475037E-002
  0.27686190449963483       0.10544067617861003     
   3.1428852702534052E-002  -1.9673738106778019E-003
  -9.9811789930821709E-002   3.1601492638171458E-003
  -5.0974660314409170E-002  -3.5944424831929598E-003
  -4.4401262803598161E-003  -4.0640839485871225E-003
   1.0788009250421627E-002   8.8320842817718771E-003
  -8.8543632893918339E-002   4.4487769866509388E-002
  0.80070330516542776        6.7539068959038440E-002
  0.75973890089919960        5.4977674025444352E-002
  0.79017209260540267        5.8772998018942098E-002
  0.19306356542621525        7.7012684142695968E-003
   6.3124245590733472E-002   2.1670522914370286E-003
  0.11865449489833217        1.8489583781809297E-003
  0.16287011936126758        4.0539128396376491E-003
  0.16517062440023558        1.1603254861881261E-002
  0.54122945184849347       0.15621543594884907     
  0.48039217706072634       0.16669204073483934     
  0.56314907823826765       0.15831919765343447     
  0.56744665077257483       0.15216228660618406     
  0.50066954982623857       0.14958327736875440     
  0.57795640077249688       0.15520144799549179     
  -4.9558113122658259E-002   1.7706911728363754E-002
  -8.9026336535547063E-002  -7.8960665841218552E-003
   9.1014469812419688E-002   8.2147199687336817E-002
  0.73377805377088900       0.26215514191980205     
  0.79774099086567218       0.25579646739042927     
  0.76133675734178596       0.25371490527562868     
  0.63386030139565641       0.17979436456887404     
  0.62592166201036081       0.16086609414302988     
  0.60749568035736679       0.16159190962225733     
  0.64457234135672625       0.16379153790527184     
  0.57726381802148052       0.16523917677199620     
  0.66060579851110579       0.16719070424129434     
  0.18782367619291576       0.14616974875789149     
  0.20571889895634601       0.13480062142992202     
  0.15995195612423357       0.13244874296649659     
   5.5208072078023820E-002  0.12622566330818735     
  0.13793084110229942       0.13218300977472652     
  0.17132177175828259       0.13403129489593524     
  0.29758640350697074       0.16718654530471480     
  -9.1166406676143952E-002   4.4968026919053892E-003
  0.10884427163329286       0.13828575727672404     
  0.20103179712376310       0.13496985917050677     
  0.33386062617644219       0.17457448895407282     
  0.16622405446337496       0.13312764346030101     
  0.22995111136674840       0.13731931094613789     
  0.14619960079148042       0.14286392655987321     
  0.64168369074640408       0.15366162381360923     
  0.65961716386597447        9.2524625267465410E-002
  0.61257250897478843       0.11551612918117631     
  0.60063247616845539       0.16378948154012907     
  0.63729180118444906       0.16060041294835464     
  0.42736835965802278        8.7806748522432240E-002
  0.36531191841388932        4.9557197440978550E-002
  0.28308866061587529        3.7410694713585532E-002
  0.34377153564808888        4.7976232722304335E-002
  0.40766553144929318        6.5191784758076146E-002
  0.32061257032832985        6.2451256859090268E-002
  0.45613410225346762        8.2339747719577638E-002
  0.24999074228379581       0.15502508079457533     
  0.27336150578961455       0.15193625256534618     
  0.22616175884138054       0.14234849483706394     
   8.0334647166607695E-002  0.14808115052818685     
  0.20443620121736511       0.15622842766649297     
  0.23842248626436416       0.16013105653987095     
  0.69543599800707934       0.24981006337795672     
  0.72226449984492347       0.23712981313967793     
  0.66314273719527461       0.27819200677065820     
  0.78392732395406450       0.24906902391523478     
  0.73952622746812613       0.25112652606919900     
  0.77535402284029631       0.25379079357669648     
  0.76109188921334325       0.23963081729763375     
  0.75991382453740053       0.20000990441896402     
  0.75985238743935046       0.18849306004408550     
  0.74163108489524765       0.20000520977718561     
  0.77342745722314310       0.19102871679253400     
  0.78350895493191441       0.19544743668399317     
  0.84035573576745992       0.21606207179078721     
  0.82135404380219290       0.22397928138036893     
  0.86162801942138112       0.21680856679272215     
  0.87403239414623268       0.23013724365828847     
   8.4065350746103787E-002  0.12439328161424504     
  0.17166376150858478       0.12268714835724899     
  0.17768252023359415       0.13250280893800487     
  0.29242263147523073       0.14929554268333578     
  0.13244384797196959       0.12294461422415401     
  0.24734723240120213       0.13888483793408246     
  0.19559547894847573       0.16177407630208820     
   8.7731574712384741E-002  0.14745223535839036     
  0.98102039868064173       0.24713170551468802     
  0.97439233440914941       0.23721193722235798     
   6.7813338070215390E-002   1.8930705919911962E-002
  -2.0945334571312634E-003   1.1916057871492762E-002
  0.11243081625360066        2.6299998063288428E-002
  -6.9041597907476507E-002   3.0246794274645942E-002
   7.7774272429514207E-002   1.8192433725313806E-002
  0.12897251522278827        2.2596442649661611E-002
   7.4055860193423138E-003   3.6811161512725413E-002
  0.17522835945173457        1.8706940296745276E-002
  0.25602644774409639        4.3737613825485785E-002
  0.16192805491393464        5.4220707082015401E-002
  0.23961475552282741        2.2100578287264510E-002
   6.5606972655858228E-002   3.8172727753038857E-002
  0.13298417705438384        3.4166946097695702E-002
  0.21448596404492934        3.9101947776732475E-002
  0.27491531485410942        3.1988908536078074E-002
  0.18129962175500219        1.7970343024593889E-002
  0.32083886104517917        4.5846785742042269E-002
  0.71409790598524336       0.16996716393424466     
  0.69555991513256343       0.16878339842997775     
  0.74254200719527186       0.17779457800968479     
  0.76365739853050651       0.19331008144297543     
   5.8705214611707433E-002  -6.5629287989389468E-002
  -2.9261316516288525E-002   5.3890500421188120E-002
   2.6847947444538316E-002  -2.5957776823408510E-002
  0.15181856449087275        1.1119219847883991E-003
   4.6748982996501296E-003   4.7128949035861690E-003
  0.23896796308403712        9.8461162684642806E-002
  0.36934143003745701       0.13174878465105111     
   5.7146593426435362E-002   7.6485740926834231E-002
  0.28335491469141583       0.10454917800673171     
  0.26121755544530900       0.11754210326410783     
  0.29876580105968265       0.11888509311478077     
  0.17401411492852140        9.7090992999645923E-002
  0.28045575374576476       0.10509869906497141     
  0.44367842820405290        8.2660410074114427E-002
  0.25838807366890543        5.3228857593158180E-002
  0.37178043928424370        7.3020605151964693E-002
  0.42248302295959478        7.8166746204510071E-002
  0.42954712597887590        9.1071406014058096E-002
  0.50018910101430203        9.4915412526753465E-002
  0.56426671895824476       0.12187381817133008     
   9.7956558075379244E-002   9.4451464532240188E-003
  -3.0556016862569063E-002   1.1453759532210719E-003
   1.7154507382524525E-002   3.0972946582373577E-004
   6.2192189959763167E-002   4.0459565148590155E-003
   6.4131666334431445E-002  -2.9440414659286200E-003
  0.73166397726902144       0.24900590984499346     
  0.72603116635713938       0.22365486852961142     
  0.80038961025415833       0.31946926041257023     
  0.79213890988045088       0.23657501750403848     
  0.66159350770225489       0.27576256098499924     
  0.78355571362233245       0.24673764574183799     
  0.75730277254829714       0.23544226493101264     
  0.88933620063552810       0.16105346369551943     
  0.83979616834158244       0.27503329833987039     
  0.80158264963234405       0.28070750620823104     
  0.17098360434017251       0.13561832585111258     
  0.26998860926979196       0.14488049082489490     
  0.26899394898308365       0.14099650179983431     
  0.36607261057559293       0.14005128467219471     
  0.22732645872088408       0.12712883641484735     
  0.32558516353275896       0.14563795754615758     
  0.29130771031000763       0.14434854905661090     
  0.22862592822910674        9.1890626038973619E-002
  0.18218409090529045        8.9232693140954458E-002
  0.10366875201525343        7.9305013365230340E-002
  0.29222089707756105       0.10785865931896235     
  0.14364530338552020        9.8507271950027134E-002
  0.19215059611490620        8.8057338305888105E-002
  0.29796608846968137       0.10911163290952455     
  -8.2488162691526201E-002  -3.3425157168294802E-003
  -5.0302555255828441E-002   8.9833006876898162E-003
   9.7720514395768319E-003   4.9149835120062069E-003
  0.50246180629069648       0.13246439172701949     
  0.48464833199601309       0.11013581044319495     
  0.37837733097868503       0.11128465476742398     
  0.46495034731757362       0.11089543821439511     
  0.50993107397444681       0.11116968048219136     
  0.43699872360436831       0.10889889671508828     
  0.53512435681319381       0.12766311865842941     
   2.5062439894559616E-002   6.9246880664974152E-003
  0.32350269640328383        8.4135536254450499E-002
  0.24934112031660041        8.2703558476082906E-002
  0.32894405708853824        7.5380639790021020E-002
  0.30617747150742775        5.4533390711802091E-002
  0.34969757817499403        6.4489324284025470E-002
  0.26789241521212465        7.1651545479248444E-002
  0.37776463606820293        9.0258191014254516E-002
  0.75824393677847801       0.22177906897442204     
  0.75062475214608726       0.19590597892690828     
  0.73244925523956184       0.20224077677783442     
  0.76741040695408091       0.19946131417052668     
  0.69890939111158612       0.21899558070053621     
  0.77944012881503699       0.20788173597004292     
  -7.8853853709558136E-002  -5.3442707312885435E-003
