 cosx vtec
  0.18173456516030190        3.1388095203105523E-002
   4.7679140771397704E-002   1.1266557126342261E-002
  0.11555818285772318        1.6147304182509994E-002
  0.15737482341820960        2.6590208887822465E-002
  0.17362046885177485        2.7965496839924199E-002
  0.27974492857018934        4.8858144319178523E-002
  0.38087460731522815       0.10729922832570163     
  0.43377443449113812       0.12261495911962182     
  0.37287013841629146       0.10407521999405821     
  0.30378799227946757        7.9455081797138630E-002
  0.41155157191271058       0.11227182130513493     
  0.98196545123444645       0.23299099210043162     
  0.97049159617973457       0.23848472930534723     
  0.97770307097390075       0.24579306243113461     
  0.98473645432279877       0.24387617783107565     
  0.96354396765982353       0.23595003965126718     
  0.47397259831890343       0.24536648206127828     
  0.45484292536060611       0.18116790074331321     
  0.41119696381505833       0.18711093450550123     
  0.49331924479588107       0.18987606643068172     
  0.37444329219179817       0.21150504713415480     
  0.41299543247306603       0.18739092016021178     
  0.49572259976790267       0.18751340178758585     
  0.44139787746164527       0.16537621692818413     
  0.44437178269824196       0.15934392381651821     
  0.42265965152298879        2.5444023499378923E-002
  0.45984167825776145       0.16245428121964881     
  0.38903202100952922       0.15838180996555629     
  0.47521878388395844       0.16540010551223430     
  0.67913271329592539       0.18163321329719903     
  0.71828681001547634       0.18364688198242726     
  0.67240218815281050       0.17466758563093754     
  0.70575012889310673       0.17416515867053778     
  0.52827431062369801       0.15282663361311893     
  0.63290604836550468       0.18282056158905738     
  0.56727163876679709       0.16106935157295429     
  0.52719111124912488       0.15907872351079722     
  0.61650670786766948       0.19583999216562853     
  0.45053424213096643       0.15789407856856472     
  0.55780892725242559       0.15939434382024795     
  -2.9678823599509491E-002   5.2849905566731969E-002
   4.3676021610886101E-002   6.3276848475789002E-002
   7.4566251121531854E-002   7.0919116972806243E-002
   4.5765292149958225E-003  0.10519336145341916     
  -9.0518976729404205E-002   5.0497807114577992E-002
  0.19693099084555138       0.10388572255787835     
   8.1567789144637595E-002   7.5890816554633062E-002
  -6.7584877361468704E-002   6.5135368128468984E-002
  -3.3872609163710793E-002   6.0586009130342254E-002
  0.63988836744294830       0.19077796878947312     
  0.61956768721600830       0.19748407119543368     
  0.66113696337430383       0.19677924073786038     
  0.67668148945115825       0.19784547479312053     
  -6.9886027105348220E-002   6.6928927599418278E-002
  -3.4691574000595485E-002   7.8420673010781289E-002
   6.0986806898330137E-002  0.10812904251234406     
  0.35843443869061209        9.8655685494388690E-002
  0.50157908126282580       0.13308650335389738     
  0.17725853842291106        5.5964969898950119E-002
  0.40278860274287670       0.10687066290385225     
  0.36243297462455093       0.10745699758102502     
  0.44857369914599365       0.13555866064375602     
  0.29639361062468211        9.3728464902475037E-002
  0.39375196499035880       0.10544067617861003     
  -8.5671386726079796E-002   4.1352447010887541E-002
  -7.0366293785426720E-002   2.9894771136291815E-002
   8.4979137555439233E-002   4.4487769866509388E-002
  -4.1921363541242346E-002   3.6179897849154104E-002
  -6.0312724478579452E-002  -4.5443046438902509E-003
  0.81333907466276578        6.7539068959038440E-002
  0.75986234874784864        5.4977674025444352E-002
  0.79806300524623830        5.8772998018942098E-002
   7.5593003293218802E-002   7.7012684142695968E-003
  -4.6574858184308496E-002   2.1670522914370286E-003
   6.9602654143173653E-003   1.8489583781809297E-003
   4.7410705258796579E-002   4.0539128396376491E-003
   6.3261995810330457E-002   1.1603254861881261E-002
  0.40418045729288604       0.15621543594884907     
  0.34512851138904410       0.16669204073483934     
  0.41809909809833024       0.15831919765343447     
  0.42792513146595268       0.15216228660618406     
  0.35733284522350450       0.14958327736875440     
  0.44119822371890371       0.15520144799549179     
  -7.9428453003810254E-002   8.2147199687336817E-002
  0.80232783765941995       0.26215514191980205     
  0.86227460584547644       0.25579646739042927     
  0.83275857341969073       0.25371490527562868     
  0.49169268835379681       0.17979436456887404     
  0.48111037183341454       0.16086609414302988     
  0.46084042299142031       0.16159190962225733     
  0.50209133066876088       0.16379153790527184     
  0.42746290483560190       0.16523917677199620     
  0.52047073779798558       0.16719070424129434     
  0.16307102272373461       0.14616974875789149     
  0.16012861255717348       0.13480062142992202     
  0.11735598099159839       0.13244874296649659     
  -6.6393189031425243E-004  0.12622566330818735     
  0.10232694961043307       0.13218300977472652     
  0.11608015467034072       0.13403129489593524     
  0.24718293379623923       0.16718654530471480     
  0.24484058055679464       0.13828575727672404     
  0.32644997891178373       0.13496985917050677     
  0.46032644737730011       0.17457448895407282     
  0.29650056954740212       0.13312764346030101     
  0.35993849098943431       0.13731931094613789     
  0.26432530936757387       0.14286392655987321     
  0.60233967826611656       0.15366162381360923     
  0.65373871486738555        9.2524625267465410E-002
  0.57404412975907082       0.11551612918117631     
  0.57805848655008063       0.16378948154012907     
  0.62357030407653824       0.16060041294835464     
  0.26388726559480497        8.7806748522432240E-002
  0.20439481104027468        4.9557197440978550E-002
  0.12371827850131073        3.7410694713585532E-002
  0.18284073411741780        4.7976232722304335E-002
  0.24645167904909204        6.5191784758076146E-002
  0.15274485230676690        6.2451256859090268E-002
  0.29678924625232639        8.2339747719577638E-002
  0.24582307187272523       0.15502508079457533     
  0.25047572888231384       0.15193625256534618     
  0.20631773633644118       0.14234849483706394     
   4.0406292531141814E-002  0.14808115052818685     
  0.19168546911868328       0.15622842766649297     
  0.20227677254077148       0.16013105653987095     
  0.70516955390715186       0.24981006337795672     
  0.71178265659197248       0.23712981313967793     
  0.65308023131478643       0.27819200677065820     
  0.79106684509704317       0.24906902391523478     
  0.75842395996319656       0.25112652606919900     
  0.75795665463536466       0.25379079357669648     
  0.75066873989154670       0.23963081729763375     
  0.63912165850797398       0.20000990441896402     
  0.63544779966624154       0.18849306004408550     
  0.61399515581967079       0.20000520977718561     
  0.65236168489472601       0.19102871679253400     
  0.66491465947590278       0.19544743668399317     
  0.74230205309696284       0.21606207179078721     
  0.72101705457826182       0.22397928138036893     
  0.76556303165926054       0.21680856679272215     
  0.78046186844790522       0.23013724365828847     
  0.24489623782821698       0.12439328161424504     
  0.32496598245649894       0.12268714835724899     
  0.34239251489047795       0.13250280893800487     
  0.44472802459130867       0.14929554268333578     
  0.28988228959561263       0.12294461422415401     
  0.40642482785689349       0.13888483793408246     
  0.35200962104289268       0.16177407630208820     
  0.23037824493653447       0.14745223535839036     
  0.97358494511526039       0.24713170551468802     
  0.95209947767950598       0.23721193722235798     
  -8.9516026105373306E-002   1.8930705919911962E-002
  -5.7079696160733481E-002   2.6299998063288428E-002
  -9.4042969732385434E-002   1.8192433725313806E-002
  -3.4324568816659073E-002   2.2596442649661611E-002
   1.5442090618219773E-002   1.8706940296745276E-002
   8.7375802786962053E-002   4.3737613825485785E-002
  -2.5867314087528459E-003   5.4220707082015401E-002
   6.7390948787891036E-002   2.2100578287264510E-002
  -3.8806715711630635E-002   3.4166946097695702E-002
   4.1757961742413224E-002   3.9101947776732475E-002
  0.10418044010412866        3.1988908536078074E-002
   8.7499089727274548E-003   1.7970343024593889E-002
  0.15254850862812736        4.5846785742042269E-002
  0.59568036165286353       0.16996716393424466     
  0.57617709526486294       0.16878339842997775     
  0.62473276916849285       0.17779457800968479     
  0.64800239233044254       0.19331008144297543     
  -1.8700939393751698E-002   1.1119219847883991E-003
  0.37479949148736436        9.8461162684642806E-002
  0.50238637164310385       0.13174878465105111     
  0.20378082293057942        7.6485740926834231E-002
  0.41785383321025371       0.10454917800673171     
  0.38374183032082210       0.11754210326410783     
  0.44196390441541689       0.11888509311478077     
  0.31075475289602073        9.7090992999645923E-002
  0.41226500312108350       0.10509869906497141     
  0.30938715931494354        8.2660410074114427E-002
  0.12796151610887510        5.3228857593158180E-002
  0.23990975613513438        7.3020605151964693E-002
  0.28858987938671632        7.8166746204510071E-002
  0.31073751901377555        9.1071406014058096E-002
  0.36342477232086112        9.4915412526753465E-002
  0.42852250776141432       0.12187381817133008     
  -1.5794634422495152E-002   9.4451464532240188E-003
  -8.9392563299376393E-002   3.0972946582373577E-004
  -4.8747470041337379E-002   4.0459565148590155E-003
  -3.2892633654878475E-002  -2.9440414659286200E-003
  0.81636593917066036       0.24900590984499346     
  0.83251263193024816       0.22365486852961142     
  0.85114117842669512       0.31946926041257023     
  0.87206750727696769       0.23657501750403848     
  0.76096637246546972       0.27576256098499924     
  0.87078000249641996       0.24673764574183799     
  0.84370799150669085       0.23544226493101264     
  0.92983983656549218       0.16105346369551943     
  0.89836112423954284       0.27503329833987039     
  0.88873950042758643       0.28070750620823104     
  0.33363420776783637       0.13561832585111258     
  0.42382198288388978       0.14488049082489490     
  0.43081654299475697       0.14099650179983431     
  0.51751250389639969       0.14005128467219471     
  0.38578453344442043       0.12712883641484735     
  0.48239884721085957       0.14563795754615758     
  0.44737349652179481       0.14434854905661090     
  0.11184566906358349        9.1890626038973619E-002
   6.7969299396619082E-002   8.9232693140954458E-002
  -1.8514933292809968E-002   7.9305013365230340E-002
  0.16871014428374831       0.10785865931896235     
   4.0368553247746033E-002   9.8507271950027134E-002
   6.9961742119070511E-002   8.8057338305888105E-002
  0.17910241693243067       0.10911163290952455     
  0.34570715945813457       0.13246439172701949     
  0.32597396419328817       0.11013581044319495     
  0.21750886636283601       0.11128465476742398     
  0.30525424133844203       0.11089543821439511     
  0.35283361927000045       0.11116968048219136     
  0.27430703924612287       0.10889889671508828     
  0.38031854721729291       0.12766311865842941     
  0.16145219608794187        8.4135536254450499E-002
   9.0424833497212975E-002   8.2703558476082906E-002
  0.16116400147985008        7.5380639790021020E-002
  0.13669899593457843        5.4533390711802091E-002
  0.18503290826844940        6.4489324284025470E-002
  0.10117640952447912        7.1651545479248444E-002
  0.21577795056579416        9.0258191014254516E-002
  0.63478785406326343       0.22177906897442204     
  0.62501881938736759       0.19590597892690828     
  0.60440499514211532       0.20224077677783442     
  0.64442096413464289       0.19946131417052668     
  0.56471534227380493       0.21899558070053621     
  0.65883967426988321       0.20788173597004292     
