 cosx vtec
  0.47599751702517346       -9.6162401822252549E-004
  0.43411573115075447       -3.1685733285309186E-004
  0.49602332023398804        1.2930267714109428E-003
  0.48774349087037783        7.5567409252068395E-005
  0.47142072417570774        3.9073304018642291E-003
  0.41093559267666169       -7.3190681211835254E-004
  0.41187475344683178       -5.0381838196475351E-004
  0.33007098598108164       -1.4334823602417959E-004
  0.28212867933571606        9.1280395362138908E-005
  0.34519890278895915        2.6484931139093269E-003
  0.18479988506198078        2.4790802105653944E-003
   7.5773902067459833E-002   4.0766235908728171E-004
  0.34108378098117770       -1.5515789069554193E-003
  0.33288798678668147       -3.5281456368758475E-003
  0.25752860706246072       -1.1035258684171378E-003
  0.25993258022513865        4.7901094501673130E-004
  0.39379196315974169       0.10729922832570163     
  0.40011345943214216       0.12261495911962182     
  0.31568398824559563       0.10407521999405821     
  0.38163867402518942        7.9455081797138630E-002
  0.36595484421304092       0.11227182130513493     
  0.33637945990562912       0.23299099210043162     
  0.36801193176984431       0.23848472930534723     
  0.21067206467368149       0.24579306243113461     
  0.24222307736956322       0.24387617783107565     
  0.34840147152400203       0.23595003965126718     
  0.17905031454203968        1.5687779507678255E-003
  -9.6943762643137699E-003   2.7623175054397550E-003
  0.12139162266904308        4.0197458449612528E-003
   7.4341806516576514E-002  -4.7835043372671920E-004
  0.15013440135598774       -3.4377783499088652E-003
  0.18285697319981414        1.7863194930720187E-002
  0.12126163219435115        1.9575283317887330E-002
  -1.3627880614015070E-002   3.0287222014354839E-002
   1.8496495503127382E-002   1.6668697761839574E-002
  -7.1673967443881215E-002   1.3116161486377044E-002
  0.15364243666065913        2.5127913673000962E-002
   5.4252051445099481E-002   1.0602088710713380E-002
   5.5596900615225583E-002   1.3917213258329682E-002
  0.44779078381786686       0.18163321329719903     
  0.43117437665322678       0.18364688198242726     
  0.36077618614888568       0.17466758563093754     
  0.40735173657248580       0.17416515867053778     
  0.65505756075770272       0.15282663361311893     
  0.66260310171228032       0.18282056158905738     
  0.65309470496806943       0.16106935157295429     
  0.58708268362245764       0.15907872351079722     
  0.74923551532264843       0.19583999216562853     
  0.65234233943443221       0.15789407856856472     
  0.63416695000382950       0.15939434382024795     
  0.86344190084879890        5.2849905566731969E-002
  0.82264433285843375        3.8106920053663500E-002
  0.85959940176088567        6.3276848475789002E-002
  0.94415675652446129        7.0919116972806243E-002
  0.86534226970111072       0.10519336145341916     
  0.86200325636066533        5.0497807114577992E-002
  0.96508642954195678       0.10388572255787835     
  0.77762403244535194        5.3512534605510184E-002
  0.89584896205828990        7.5890816554633062E-002
  0.90498159948702561        6.5135368128468984E-002
  0.78310612313654071        6.0586009130342254E-002
  0.57696296480109477       -1.1004490245101013E-003
  0.53091591029863650       -8.3599036980587562E-005
  0.66875195725530689       -7.6881997226430749E-004
  0.61776619773823960       -1.8436084074217239E-004
  0.55306509866443976        8.0550389157429145E-004
  0.50654741171074946        9.8471546486337408E-004
  0.57056628124641806       -6.6271548454806327E-004
  0.29447885596851697        5.8068373183961623E-002
  0.22460332725630189        6.6928927599418278E-002
  0.10631697093474222        7.8420673010781289E-002
  0.13238344733803789        6.1524758571879119E-002
  -6.3527827940198442E-003   3.4345231023820519E-002
  0.25644312515213086        6.3733997491919478E-002
  0.16760521120099114        4.5257741978062357E-002
  0.38206672464312857       0.10812904251234406     
  0.17026071721511185        6.0545584113714725E-002
  0.74814000630958633        9.8655685494388690E-002
  0.77594915376794160       0.13308650335389738     
  0.77045675585061746        5.5964969898950119E-002
  0.75368426294313795       0.10687066290385225     
  0.68233553220216980       0.10745699758102502     
  0.83682382737634664       0.13555866064375602     
  0.73550547897911289        9.3728464902475037E-002
  0.73484730383142705       0.10544067617861003     
  0.83801978045548964        4.4498150413293282E-003
  0.79827065056632751        1.7487307358282290E-002
  0.84930223019814632        4.1352447010887541E-002
  0.90870553232929008        2.9894771136291815E-002
  0.84602345010363778        4.3363388991551628E-002
  0.82885247018323305       -3.1374722056225199E-002
  0.96109219921090072        4.4487769866509388E-002
  0.76112125038011813        9.1331953273705319E-003
  0.89093205212956783        3.6179897849154104E-002
  0.85675469808779003        1.7362169594392445E-002
  0.75425142207137075        2.1612762921603676E-002
  0.45368529324627638        3.9713315750270527E-003
  0.29156647230928529        1.5067994553094507E-004
  0.43258073669093394       -6.6718014027117778E-004
  0.37478224485914247        4.4953568808341338E-003
  0.41588301186899296       -1.1062818537919612E-003
  0.45516624830136587       -4.5443046438902509E-003
  0.27968985764610965        6.7539068959038440E-002
  0.19808609095298529        5.4977674025444352E-002
  0.25004434812020004        5.8772998018942098E-002
  0.57205689674985283        1.2428388263224378E-003
  0.53206274199739467       -2.6804108066335843E-004
  0.60265291800065390        5.3309663252945824E-003
  0.58658555698664450       -1.7674594537552189E-004
  0.56208962712666311        1.4058700887975260E-003
  0.50894664236533438        3.4385848994467221E-003
  0.73292711182601034        7.1561491682741601E-004
  0.62069154251477521       -1.9313477136490538E-003
  0.50682198810226853        4.6256906650562378E-004
  0.57940629163437851       0.26215514191980205     
  0.57324752718138239       0.25579646739042927     
  0.60285435743041571       0.25371490527562868     
  -9.1581241547038159E-002  0.14616974875789149     
  0.17758346827403182        4.5253359407055623E-004
  0.11729978865884627        9.6129781111855802E-004
  0.19340107466046474       -3.0777218663015225E-003
   3.5552280019629290E-002   1.1174027867113141E-003
  -3.4121339738626674E-002   4.3087592295885479E-004
  0.19103433338150164       -2.2641791912794453E-003
  0.18808749394029151       -1.7650548315984085E-003
   8.9841858103182098E-002   8.1385757764911872E-004
   9.2979621942041110E-002  -4.3943034735775886E-004
  0.79955195351404251       0.13828575727672404     
  0.76351143960665402       0.13496985917050677     
  0.80396284463687373       0.17457448895407282     
  0.78202109828160316       0.13312764346030101     
  0.79693810694272083       0.13731931094613789     
  0.70790794528339029       0.14286392655987321     
  -5.6416642137773407E-002  0.15366162381360923     
  0.13803524931669747        9.2524625267465410E-002
  -5.9354264043965640E-002  0.11551612918117631     
   2.8025461807705376E-002  0.16378948154012907     
   8.7754813924577235E-002  0.16060041294835464     
   7.0007363620435081E-002   1.3401480297468547E-003
  -3.5430438766627104E-003  -2.2287743463634928E-003
  -9.6491002595731984E-002   4.6502114942599477E-003
  0.11473843639878945       -2.8915610890522516E-003
   5.5141173089296752E-002  -3.4230545147837048E-003
  -2.7940241094029275E-002  -3.1479813156236563E-003
  -2.1852263181485990E-002   1.0378312096303243E-003
  0.70546276446718492        7.8589178373334942E-004
  0.66598082302650474        8.1466062100912489E-003
  0.74348130284578939       -1.6584863994053397E-002
  0.80911165241229888       -1.3931294641972591E-003
  0.72151664447642883        5.5444735493517883E-003
  0.69192231901717527        9.1762047814772235E-003
  0.63909749436751240       -1.2828109273727184E-002
  0.82028052249526762        3.2156347579018912E-003
  0.71999993410671326       -1.6253284049114482E-003
  0.62815974502482175        7.0115968919918338E-003
   4.1313475967034018E-002  0.15502508079457533     
  -5.8770275607908699E-002  0.15193625256534618     
  -5.3782485167106785E-002  0.14234849483706394     
  -1.9198903290682572E-002  0.15622842766649297     
  0.23588133439240311       0.24981006337795672     
  0.12820436126304521       0.23712981313967793     
  0.11522225502582499       0.27819200677065820     
  0.24416055655820734       0.24906902391523478     
  0.29930894062464813       0.25112652606919900     
  0.10277753569780801       0.25379079357669648     
  0.13862488412235685       0.23963081729763375     
  0.93395808884094267       0.12439328161424504     
  0.91401964016879178       0.12268714835724899     
  0.98028005806764362       0.13250280893800487     
  0.93974042773870314       0.14929554268333578     
  0.92728767897776632       0.12294461422415401     
  0.96643656115015808       0.13888483793408246     
  0.93788586505095550       0.16177407630208820     
  0.83178278556148688       0.14745223535839036     
  0.21270805904949736       0.24713170551468802     
  0.12672551849511646       0.23721193722235798     
  0.27332554345512278        1.2527483998860428E-003
  0.32761885411664360       -1.7301745083221845E-004
  0.24752681424756270       -3.1242440398636237E-003
  0.19810413154640069       -1.7347450135841900E-003
  0.30787713815655865        2.6230552523900720E-003
  -6.3707138143104067E-002  -1.9788785958775273E-003
  -3.0475591938335531E-002  -6.3503376515465252E-003
  0.48280751952421935        9.9820059252443555E-003
  0.44052525724370306       -3.7000416006854219E-004
  0.47127988968955981        1.8675346546876515E-002
  0.34505541341455936        1.4043305679535661E-002
  0.48116509852821399        1.3691458398637160E-002
  0.50539298459590021       -3.2657256707119119E-003
  0.40922520700050047        3.4037502207289396E-003
  0.58716361975093545        3.1281954673396055E-002
  0.41274083741030254        1.2257620280420930E-002
  0.83242456810172960        9.8461162684642806E-002
  0.85049307430893961       0.13174878465105111     
  0.84645114522945875        7.6485740926834231E-002
  0.83639903192580911       0.10454917800673171     
  0.76273599911253598       0.11754210326410783     
  0.88973842598848041       0.11888509311478077     
  0.82070487746558451        9.7090992999645923E-002
  0.82039193631580209       0.10509869906497141     
  0.67046058999006330       0.24900590984499346     
  0.79251484324360943       0.22365486852961142     
  0.49577378890003165       0.31946926041257023     
  0.65910134573536328       0.23657501750403848     
  0.73545856845349300       0.27576256098499924     
  0.69824728721196894       0.24673764574183799     
  0.68678139588839593       0.23544226493101264     
  0.46076388349126923       0.16105346369551943     
  0.55032383724904121       0.27503329833987039     
  0.70254836286880495       0.28070750620823104     
  0.96686024063191978       0.13561832585111258     
  0.94257750484248815       0.14488049082489490     
  0.98762820394043493       0.14099650179983431     
  0.95396676306103456       0.14005128467219471     
  0.95772153426563977       0.12712883641484735     
  0.97392409325049867       0.14563795754615758     
  0.96077701124053727       0.14434854905661090     
  0.24519297221835978        8.4916412160106983E-004
  0.19158872878361269       -5.4668864384596884E-005
  0.30683001669733373       -1.3352013552095448E-003
   1.1358586897194017E-002  -4.2244938179285637E-004
  0.27259323146798908       -3.3303824079798957E-003
  0.23387821417240665        2.9710001599958600E-004
  0.16970058860000609        4.4567733278943306E-004
  0.17315708250355097       -2.3710797897497052E-003
  0.53933486225256255       -8.5020807505557317E-004
  0.57474629405241018       -1.5506346889086720E-004
  0.51796998752726409       -5.1013352026934482E-003
  0.47211300309559467       -2.5845571095877728E-003
  0.54273503994692718        4.6924016013175840E-003
  0.44749899957570044        8.3818313049875796E-003
  0.40396218733596095        2.6070822242617044E-003
  0.43394906515541370        1.8072617873496892E-002
  0.31331366500906960        1.3724598829335260E-002
  0.44490987517189445        1.3313824791760968E-002
  0.47510272063878484        2.0056339037771636E-004
  0.37183695283190549        4.3708906987681489E-003
  0.56180438676242817        3.5249432613144997E-002
  0.37526502399309647        1.1506305277751162E-002
