 cosx vtec
  0.40066020988317752        3.1388095203105523E-002
  0.25173887498365649        1.1266557126342261E-002
  0.32131101323998307        1.6147304182509994E-002
  0.37248088259748946        2.6590208887822465E-002
  0.33749964607307703        2.7965496839924199E-002
  0.52661175409526240        4.8858144319178523E-002
  -2.4965171973874795E-002  -1.2897270245265243E-003
   4.1198829852225574E-002  0.10729922832570163     
   9.5894631684264431E-002  0.12261495911962182     
   7.0213054075907069E-002  0.10407521999405821     
  -3.6025162010000999E-002   7.9455081797138630E-002
   8.7914942626203280E-002  0.11227182130513493     
  0.80547213691662367       0.23299099210043162     
  0.76887592821625184       0.23848472930534723     
  0.87178076180422892       0.24579306243113461     
  0.86586463475835884       0.24387617783107565     
  0.76739191192903156       0.23595003965126718     
  0.71057183670032975       0.24536648206127828     
  0.76602091746146750       0.18116790074331321     
  0.72788098223201958       0.18711093450550123     
  0.80628590843099501       0.18987606643068172     
  0.67237778634079670       0.21150504713415480     
  0.75101038918078444       0.18739092016021178     
  0.79919483535995794       0.18751340178758585     
  -2.9162737309100073E-002   3.0287222014354839E-002
  -4.7047659472708545E-002   1.0555076789434181E-002
   6.5221786089862899E-002   2.0479110461447654E-004
  0.16719552671714621       -4.5297425071958546E-003
  -3.3375965700963961E-002   3.3594982712548912E-003
  -2.9484492793416472E-002   2.4618362171800252E-002
   8.7731469493485092E-002  -3.8686800322529163E-002
   4.8381434181775040E-002   4.1191537438215890E-004
  0.10561455024123158        2.3041674179984772E-003
   2.2287911031640906E-002  -2.7525199677435008E-004
  -2.5517418407631054E-002  -1.2724938539822386E-003
  -1.5831589123168677E-002   1.6272398366837053E-003
   4.2848526960840544E-002  -1.8118724865727565E-004
  0.84588157672204800       0.16537621692818413     
  0.84121441864698299       0.15934392381651821     
  0.82298887400324694        2.5444023499378923E-002
  0.85488761883450992       0.16245428121964881     
  0.81328972531162336       0.15838180996555629     
  0.86464747291035415       0.16540010551223430     
  0.35071723250957343       0.18163321329719903     
  0.40487662648472139       0.18364688198242726     
  0.38498558853686399       0.17466758563093754     
  0.40144823996196027       0.17416515867053778     
   8.7512084680145374E-002  0.15282663361311893     
  0.20321284748729998       0.18282056158905738     
  0.13205676801361940       0.16106935157295429     
  0.11446505642570332       0.15907872351079722     
  0.15207261348852677       0.19583999216562853     
   2.8402777270282731E-003  0.15789407856856472     
  0.12906729601975842       0.15939434382024795     
  0.90061165246212560       0.19077796878947312     
  0.88282867357158890       0.19748407119543368     
  0.92265398335516735       0.19677924073786038     
  0.93327987801200230       0.19784547479312053     
  -1.0962100971649069E-002   7.1904269094688437E-003
  -7.6915899334079274E-002  -4.8977605447199585E-004
  -3.4159275162796744E-002   6.6928927599418278E-002
   6.9653560515392843E-002   7.8420673010781289E-002
  -2.1900988438385317E-002   6.1524758571879119E-002
  -9.4742027636464970E-002   3.4345231023820519E-002
  -8.7818356067297820E-002   6.3733997491919478E-002
   1.1027035839497323E-002  0.10812904251234406     
  -5.5569682680660475E-002   6.0545584113714725E-002
   1.2922419282457659E-002  0.13308650335389738     
  -8.7185320563324786E-002  0.10687066290385225     
  -6.4426964715642382E-002  0.13555866064375602     
  -9.0173014276160424E-002  0.10544067617861003     
  0.19265100175952582       -1.9673738106778019E-003
   5.0008440230010665E-002   3.1601492638171458E-003
   9.9485879191174825E-002  -3.5944424831929598E-003
  0.15317121407285397       -4.0640839485871225E-003
  0.11914179706612636        8.8320842817718771E-003
  0.59720340264451732        6.7539068959038440E-002
  0.57456445394167133        5.4977674025444352E-002
  0.59380700012274767        5.8772998018942098E-002
  0.28572763463983408        7.7012684142695968E-003
  0.14578916634228067        2.1670522914370286E-003
  0.20139717163693346        1.8489583781809297E-003
  0.25223195811898685        4.0539128396376491E-003
  0.21757466259697120        1.1603254861881261E-002
  0.81919131146796098       0.15621543594884907     
  0.77420719090306456       0.16669204073483934     
  0.83159216724407414       0.15831919765343447     
  0.83700613987161954       0.15216228660618406     
  0.79136266266656397       0.14958327736875440     
  0.84410014590906202       0.15520144799549179     
   7.1523457464669510E-002  -2.0566632077150596E-002
  -9.9380294893675225E-002  -1.2701386721718732E-002
  -8.0591238110097552E-002  -1.2944937963955926E-003
   4.7031109860923292E-004  -5.6288340745692606E-003
   1.6496450487622438E-002  -4.6381131940633384E-003
  0.22409291676051596        1.7706911728363754E-002
   8.5533012314528811E-002   8.3064049308213578E-004
   5.2076822312706772E-002  -9.0239836387568228E-003
  0.11572585009428246        2.1763725522982606E-002
  0.18158912508244593       -7.8960665841218552E-003
  0.38303615205208191        8.2147199687336817E-002
  0.60381577430255429       0.26215514191980205     
  0.65429716247415159       0.25579646739042927     
  0.61259292793167097       0.25371490527562868     
  0.86805512182501443       0.17979436456887404     
  0.84029475715577040       0.16086609414302988     
  0.82176322451129913       0.16159190962225733     
  0.86198126794845598       0.16379153790527184     
  0.82578840143366383       0.16523917677199620     
  0.87537921255320028       0.16719070424129434     
  0.37589335603385471       0.14616974875789149     
  0.42863488969076402       0.13480062142992202     
  0.38372411541273388       0.13244874296649659     
  0.31398678442515182       0.12622566330818735     
  0.35216140078326519       0.13218300977472652     
  0.41518682685336017       0.13403129489593524     
  0.51546013195742590       0.16718654530471480     
  0.28156067430783027        4.4968026919053892E-003
  0.21601912008895119        4.2981282663374643E-003
  0.16557097604239623        1.4764253058574511E-003
  0.16887346483240656        7.5457911314361602E-003
  0.23055397509662243        8.4268154823119001E-004
  -7.2514239321545410E-002  0.13828575727672404     
   3.7763072522889019E-002  0.13496985917050677     
  0.14142489983364570       0.17457448895407282     
  -6.1673873757184250E-003  0.13312764346030101     
   4.7288211551588744E-002  0.13731931094613789     
   1.3445981939140095E-002  0.14286392655987321     
   4.0073778316601083E-003  -6.3980360992366920E-003
  -8.9630082644866160E-002   4.1850298004085691E-003
  0.53009443869262274       0.15366162381360923     
  0.47967978216054885        9.2524625267465410E-002
  0.49842136522759894       0.11551612918117631     
  0.45247496741774762       0.16378948154012907     
  0.47202712249858753       0.16060041294835464     
  0.70561589769205746        8.7806748522432240E-002
  0.60215356697804134        4.9557197440978550E-002
  0.51031579769706759        3.7410694713585532E-002
  0.57931090442641375        4.7976232722304335E-002
  0.65126885770958465        6.5191784758076146E-002
  0.59702264248243520        6.2451256859090268E-002
  0.69836338624814376        8.2339747719577638E-002
  0.15369829642808819        1.8039901042231622E-002
   8.8985226263101208E-002   9.4478455624341824E-003
   4.2813330655880361E-002   7.0401137222157381E-004
  0.11679789530257434        6.7728585436055448E-003
  0.39006824829571185       0.15502508079457533     
  0.44584024051022425       0.15193625256534618     
  0.39980990996739840       0.14234849483706394     
  0.30911188092423902       0.14808115052818685     
  0.36765765325008365       0.15622842766649297     
  0.44019417083128681       0.16013105653987095     
  0.71928156320948622       0.24981006337795672     
  0.78028278533773399       0.23712981313967793     
  0.73579542567281708       0.27819200677065820     
  0.78765408803045089       0.24906902391523478     
  0.73114551271499473       0.25112652606919900     
  0.83150541402002687       0.25379079357669648     
  0.80792025244427967       0.23963081729763375     
  0.94508819936058630       0.20000990441896402     
  0.92780098803638511       0.18849306004408550     
  0.91064221726662731       0.20000520977718561     
  0.94316454705968356       0.19102871679253400     
  0.95035808272238131       0.19544743668399317     
  0.90824566475350066       0.21606207179078721     
  0.89016088700574647       0.22397928138036893     
  0.93287553580203653       0.21680856679272215     
  0.94263796935547162       0.23013724365828847     
  -8.2061817527142894E-002  0.12268714835724899     
   1.3394078857113079E-002  0.14929554268333578     
  -5.2027907376617499E-002  0.13888483793408246     
  -7.6568708340913810E-002  0.16177407630208820     
  0.92399497573630507       0.24713170551468802     
  0.95248006112567163       0.23721193722235798     
  0.44083450736364060        1.8930705919911962E-002
  0.37666607991325002        1.1916057871492762E-002
  0.47231359114128635        2.6299998063288428E-002
  0.31362824723878674        3.0246794274645942E-002
  0.43553342994988881        1.8192433725313806E-002
  0.49368217069652642        2.2596442649661611E-002
  0.38511448026119854        3.6811161512725413E-002
  0.53494820321743319        1.8706940296745276E-002
  0.59161880005402423        4.3737613825485785E-002
  0.52136729276884441        5.4220707082015401E-002
  0.55245696248613363        2.2100578287264510E-002
  0.42081956958803657        3.8172727753038857E-002
  0.43089681627932536        3.4166946097695702E-002
  0.52586454077986799        3.9101947776732475E-002
  0.59330639561039056        3.1988908536078074E-002
  0.51933352132591493        1.7970343024593889E-002
  0.63622858810434946        4.5846785742042269E-002
  -9.1385249966844134E-002   4.4944733756782226E-003
  0.14954209609012578       -6.6559077245274684E-002
  -4.1309982782311572E-003   1.2596067335274474E-002
  -4.9448509870639590E-002   7.0879289311199635E-003
   1.3796903760164847E-002   6.6438648602652759E-003
   9.2266365403774891E-002  -5.4175284405365660E-003
   9.9588530590087376E-002   2.9433060817074527E-002
  0.81949869391220609       0.16996716393424466     
  0.80066056400018659       0.16878339842997775     
  0.85310990557505739       0.17779457800968479     
  0.87242845425391158       0.19331008144297543     
  -1.2376496871545239E-002   2.6846181032148721E-003
  -8.3209898584131969E-002  -4.8797874420135490E-003
  -9.2044448588203431E-002   1.0429660983790989E-003
  0.33389995916124598       -6.5629287989389468E-002
  0.19909440728245598        3.7236779886469638E-002
  0.15630955744342287        2.3331244339242788E-002
  0.23484497655345182        5.3890500421188120E-002
  0.29970084162453192       -2.5957776823408510E-002
  0.43976351448523565        1.1119219847883991E-003
  0.31824570180039063        4.7128949035861690E-003
  -8.8779375495873225E-003  0.13174878465105111     
  -9.7631468261192650E-002  0.10454917800673171     
  -8.5047596109582707E-002  0.11888509311478077     
  -9.8926419924891873E-002  0.10509869906497141     
  0.57803456955242272        8.2660410074114427E-002
  0.38474677459743345        5.3228857593158180E-002
  0.49844031464980859        7.3020605151964693E-002
  0.55530295393718609        7.8166746204510071E-002
  0.51580352290340636        9.1071406014058096E-002
  0.64495201950555714        9.4915412526753465E-002
  0.71046944186194860       0.12187381817133008     
  0.18830640252598174        9.4451464532240188E-003
   4.8298811097636257E-002   1.1453759532210719E-003
   9.6209953496253664E-002   3.0972946582373577E-004
  0.14834480455032256        4.0459565148590155E-003
  0.11299240835349239       -2.9440414659286200E-003
  0.55368010388820299       0.24900590984499346     
  0.46036454265156079       0.22365486852961142     
  0.69471891207498926       0.31946926041257023     
  0.60143301525997439       0.23657501750403848     
  0.46305065707282933       0.27576256098499924     
  0.56989486360834019       0.24673764574183799     
  0.56174202099691495       0.23544226493101264     
  0.77130641600617500       0.16105346369551943     
  0.69461246757605644       0.27503329833987039     
  0.57451727724864743       0.28070750620823104     
  -9.6460890148058476E-003  0.14488049082489490     
  -5.8001477019963277E-002  0.14099650179983431     
   6.5484661641865116E-002  0.14005128467219471     
  -6.2688563340320469E-002  0.12712883641484735     
   9.1239369141962179E-003  0.14563795754615758     
  -6.2460642539617361E-003  0.14434854905661090     
  0.55263497934261885        9.1890626038973619E-002
  0.50965680441434869        8.9232693140954458E-002
  0.44965916335036082        7.9305013365230340E-002
  0.61373123653691031       0.10785865931896235     
  0.46263381114441438        9.8507271950027134E-002
  0.52711159222675785        8.8057338305888105E-002
  0.61371971489808907       0.10911163290952455     
  0.30058973594461180       -3.3425157168294802E-003
  0.20294247208878241       -3.8818913480724538E-003
  0.31166972914111435        8.9833006876898162E-003
  0.13214708603606715       -1.3661553311033220E-002
  0.25496918675511959       -8.8073565653271145E-004
  0.38123605384438758        4.9149835120062069E-003
  0.20397495584827552       -2.4785332552559099E-003
  -3.6686660463537829E-002   5.4750847723127635E-004
  0.77507495826988693       0.13246439172701949     
  0.73406375740252150       0.11013581044319495     
  0.61610058975676218       0.11128465476742398     
  0.71361294400434550       0.11089543821439511     
  0.76352665958184918       0.11116968048219136     
  0.71792175255225343       0.10889889671508828     
  0.78622414770045101       0.12766311865842941     
  0.23485559417439533        5.5251441139887595E-003
  0.16711775067360757        4.3041167197905104E-003
  0.11838377601991462        1.1148198628110624E-003
  0.39439322148675859        6.9246880664974152E-003
  0.12452618115994950        5.5167347462069475E-003
  0.18330204078415815        2.1253009273816455E-003
  0.65399992273489382        8.4135536254450499E-002
  0.59728955354807578        8.2703558476082906E-002
  0.64365209866101147        7.5380639790021020E-002
  0.61983725396422740        5.4533390711802091E-002
  0.66826202289067638        6.4489324284025470E-002
  0.60508961318089116        7.1651545479248444E-002
  0.69296228371583490        9.0258191014254516E-002
  0.93809689991339940       0.22177906897442204     
  0.90920374276325111       0.19590597892690828     
  0.89162981164244970       0.20224077677783442     
  0.92847612705206917       0.19946131417052668     
  0.90181620267775042       0.21899558070053621     
  0.93782021611787147       0.20788173597004292     
   6.1674185239447649E-002   2.4799101011279450E-002
  -7.4662225139619010E-002  -1.0370612665447969E-002
  -2.7496936877515754E-003  -6.4404368176136234E-003
   3.7817757813133734E-002   2.5476774128805581E-002
  0.20709771675051170        1.9621664489074078E-003
  0.10418298674018073       -8.6461834010806492E-004
   4.1580946935640739E-002  -6.8462720169913715E-004
   3.7289417217619358E-002   3.7369930714168309E-003
  0.11067697065041809        8.6660225717047866E-004
  0.16034554717121458       -5.3442707312885435E-003
   1.3502391991890350E-002   3.7478703672659777E-002
  -1.0834609603699308E-004  -2.1772687804446937E-003
   5.2838151450387366E-002   1.0759656352642602E-003
  0.11449779933018811        4.2652573153633314E-002
  0.16430714066813124       -3.3462569972034603E-002
