 cosx vtec
  0.69424312278601596        3.1388095203105523E-002
  0.64510296181736937        1.1266557126342261E-002
  0.66180289109560519        1.6147304182509994E-002
  0.68417780246546245        2.6590208887822465E-002
  0.60588046417334207        2.7965496839924199E-002
  0.74982818036036591        4.8858144319178523E-002
  0.51246053505273736       -1.2897270245265243E-003
  0.43413403866689865       -1.5853890733796313E-003
  0.45049726150412950        2.7911010227498938E-003
  0.33083774614623346        2.5617719413499748E-004
  0.36574210472788948        1.3981685127904576E-003
  0.51428675517211686       -5.1007868414364495E-003
  -8.8131845279524335E-003  0.23299099210043162     
  -4.8082229385939451E-002  0.23848472930534723     
  0.12412894868658822       0.24579306243113461     
   9.3759917864534470E-002  0.24387617783107565     
  -3.0598888158443860E-002  0.23595003965126718     
  0.37478984007415928       0.24536648206127828     
  0.54508281365950795       0.18116790074331321     
  0.53283538250184048       0.18711093450550123     
  0.57521585900896355       0.18987606643068172     
  0.46648989571568711       0.21150504713415480     
  0.58918107538623032       0.18739092016021178     
  0.55158905418870752       0.18751340178758585     
  -2.4593205169296188E-002   3.0287222014354839E-002
  -9.0639031412631507E-002   1.6668697761839574E-002
  -3.1260362343972108E-002   1.3116161486377044E-002
   8.2727487445207457E-002   1.0555076789434181E-002
  0.71086687512073576       -2.7604670143527199E-003
  0.67006204164048777       -1.1527491207212459E-004
  0.70260939439978998       -1.3811317215394021E-003
  0.77287938438463233        4.4922859168688416E-003
  0.79425346185462997       -1.2436391499969313E-003
  0.82881196886921471        2.0479110461447654E-004
  0.93741599308691637       -4.5297425071958546E-003
  0.83292354394607093        3.3594982712548912E-003
  0.80223284876346357       -1.0845568661108529E-002
  0.84908492710333650        2.4618362171800252E-002
  0.90638505189077923       -3.8686800322529163E-002
  0.87311378347500135        4.1191537438215890E-004
  0.60446274725190607        2.3041674179984772E-003
  0.56510518519550168       -2.7525199677435008E-004
  0.58349340981950637       -1.2724938539822386E-003
  0.45198762519047336       -2.9124891541573404E-003
  0.50910413467095750        1.6272398366837053E-003
  0.61784478163408429       -1.8118724865727565E-004
  0.86054218973903951       0.16537621692818413     
  0.88814312003650908       0.15934392381651821     
  0.90328007913841324        2.5444023499378923E-002
  0.86947809202091375       0.16245428121964881     
  0.89356078434795294       0.15838180996555629     
  0.85672613902214811       0.16540010551223430     
  0.75133495175314002       0.19077796878947312     
  0.76056090428192469       0.19748407119543368     
  0.74232193868319818       0.19677924073786038     
  0.73070192859519068       0.19784547479312053     
  0.63996603027171428        7.1904269094688437E-003
  0.54385436058529857       -4.0428397746459149E-004
  0.56215666973481238        8.0264766956408590E-004
  0.60250846097090172       -4.8977605447199585E-004
  0.50361344249221118       -4.6278575108834206E-003
  -9.5723147240088541E-002   7.8420673010781289E-002
  -5.3512859216135925E-002   3.4345231023820519E-002
  0.75237849504668763       -1.9673738106778019E-003
  0.68738148846653901        3.1601492638171458E-003
  0.70565448517758811       -3.5944424831929598E-003
  0.73457437829486705       -4.0640839485871225E-003
  0.64161360305238591        8.8320842817718771E-003
  -2.1263962414186155E-002   6.7539068959038440E-002
   4.4262278636018532E-002   5.4977674025444352E-002
   4.1399730764310610E-003   5.8772998018942098E-002
  0.66068647837129613        7.7012684142695968E-003
  0.60405835593203305        2.1670522914370286E-003
  0.62044564787786749        1.8489583781809297E-003
  0.64625743703415806        4.0539128396376491E-003
  0.56774929894051540        1.1603254861881261E-002
  0.83510278770048951       0.15621543594884907     
  0.82222007241221040       0.16669204073483934     
  0.87809071660078097       0.15831919765343447     
  0.84940340082840138       0.15216228660618406     
  0.86660144310000797       0.14958327736875440     
  0.83520100056363322       0.15520144799549179     
  0.87137657931324597       -2.0566632077150596E-002
  0.81005296729013154       -1.2701386721718732E-002
  0.76314689837905536       -4.1639714671229781E-003
  0.79113786053764257       -1.2944937963955926E-003
  0.83756070410452876       -5.6288340745692606E-003
  0.87275373053380945       -4.6381131940633384E-003
   1.5315098917086711E-002  -1.8425442309917390E-003
  0.15077729804825679       -6.4994435822044718E-003
  0.15385510324895046       -1.5193500429710259E-003
   6.5112116045756618E-002  -1.0268789279195456E-003
   8.0295438686111401E-002  -2.8028151825057441E-004
   8.2891068804994417E-002   5.2825112062993246E-004
  0.28451495064728627       -2.3291142227196697E-004
  0.20574132182580471       -1.0360885492778609E-003
  0.24824848357513429        2.9107282886670050E-005
   1.1786119508290699E-002  -2.7870839953360914E-003
  0.11158288841967903        1.0504469837238101E-003
  0.91176326617380643        1.7706911728363754E-002
  0.89867841704833329        8.3064049308213578E-004
  0.83830171550732646       -9.0239836387568228E-003
  0.86378373129422570        2.1763725522982606E-002
  0.89549552946509581       -7.8960665841218552E-003
  0.96803740101922919        8.2147199687336817E-002
  0.86382973123640683       0.17979436456887404     
  0.87337073492164019       0.16086609414302988     
  0.88121844195969845       0.16159190962225733     
  0.86350691589558970       0.16379153790527184     
  0.90109483471459961       0.16523917677199620     
  0.85223929053291914       0.16719070424129434     
  0.18568809155889918       0.14616974875789149     
  0.30458324912566986       0.13480062142992202     
  0.28408252077062407       0.13244874296649659     
  0.35010110538263045       0.12622566330818735     
  0.24291636420645626       0.13218300977472652     
  0.35609420701015576       0.13403129489593524     
  0.33876568909156823       0.16718654530471480     
  0.75864067339339081        4.4968026919053892E-003
  0.72940279859538226        4.2981282663374643E-003
  0.75019671868443361        1.4764253058574511E-003
  0.65680453748151246        7.5457911314361602E-003
  0.77395886039597550        8.4268154823119001E-004
  0.83441439714839361       -6.3980360992366920E-003
  0.74788226353389375       -2.4152062409891399E-004
  0.70097298174694678       -1.6801410417189593E-004
  0.72926366200332216        3.3360350109583664E-003
  0.78529176820856750        4.1850298004085691E-003
  0.25502945238447217       0.15366162381360923     
   6.6655055128191615E-002   9.2524625267465410E-002
  0.24719492076637295       0.11551612918117631     
  0.15499218008497898       0.16378948154012907     
  0.10866649470580292       0.16060041294835464     
  0.96357891001644080        8.7806748522432240E-002
  0.93585558243362355        4.9557197440978550E-002
  0.91730536011414288        3.7410694713585532E-002
  0.93344390997868865        4.7976232722304335E-002
  0.94309166615756623        6.5191784758076146E-002
  0.97540059036173854        6.2451256859090268E-002
  0.93796701472777599        8.2339747719577638E-002
  0.42749933057698358        1.8039901042231622E-002
  0.39555089820101375        9.4478455624341824E-003
  0.42334208628865877        7.0401137222157381E-004
  0.45677663484354625        6.7728585436055448E-003
   7.4044056860776766E-002  0.15502508079457533     
  0.18180874048811344       0.15193625256534618     
  0.16096485802457963       0.14234849483706394     
  0.26255639005591058       0.14808115052818685     
  0.11912879188367911       0.15622842766649297     
  0.25395713786601637       0.16013105653987095     
   2.5185818860843270E-002  0.24981006337795672     
  0.14158462610083578       0.23712981313967793     
  0.13590512928824561       0.27819200677065820     
   4.4452843714077123E-002  0.24906902391523478     
  -2.4813947486104215E-002  0.25112652606919900     
  0.18347242084243293       0.25379079357669648     
  0.14324966340186415       0.23963081729763375     
  0.75445501414928906       0.20000990441896402     
  0.77043766861548169       0.18849306004408550     
  0.78588577511743574       0.20000520977718561     
  0.75446204741915190       0.19102871679253400     
  0.74186158996552132       0.19544743668399317     
  0.62048054442682177       0.21606207179078721     
  0.63078893881511644       0.22397928138036893     
  0.61276215212763208       0.21680856679272215     
  0.60032712458625104       0.23013724365828847     
   6.2506582681018885E-002  -9.8763709137592026E-004
  0.18357996766149551       -4.1869643802628563E-004
  0.22419994647848834        2.6979917087478181E-003
  -9.7202792565043161E-004  -2.0610140261236542E-002
   8.7715903906712134E-002   1.2452667861203354E-003
  0.13110993442038271       0.24713170551468802     
  0.21576105244807334       0.23721193722235798     
  0.91099106893962956        1.8930705919911962E-002
  0.88367356100031047        1.1916057871492762E-002
  0.97785980902181957        2.6299998063288428E-002
  0.90749374073061617        3.0246794274645942E-002
  0.98610000171059087        1.8192433725313806E-002
  0.94749820484039926        2.2596442649661611E-002
  0.92519881553823424        3.6811161512725413E-002
  0.93276125932832710        1.8706940296745276E-002
  0.98376481659449477        4.3737613825485785E-002
  0.95641972798325547        5.4220707082015401E-002
  0.99681516046610374        2.2100578287264510E-002
  0.98900231916920367        3.8172727753038857E-002
  0.98065177168117279        3.4166946097695702E-002
  0.99660313784391974        3.9101947776732475E-002
  0.99361531921707769        3.1988908536078074E-002
  0.99712583098650676        1.7970343024593889E-002
  0.98487036129751293        4.5846785742042269E-002
   6.5010887969863776E-002   3.0912012073850120E-003
   8.0740957214128620E-002  -1.0990283110258188E-003
  -1.1305479028632770E-002  -6.4708599269172379E-004
   7.9104598244435637E-003  -7.8571204327096563E-004
  0.21941129421315830        9.8326762151727080E-003
  0.61654632866182890        4.4944733756782226E-003
  0.48961642416221818        4.1619556586150374E-005
  0.50936103137816691        1.0181072196445450E-004
  0.55982491912917665        9.7886086240164469E-004
  0.44723393313819604        1.4547404301936036E-003
  0.91163375201422425       -6.6559077245274684E-002
  0.86342105860488649        1.2596067335274474E-002
  0.81770196928078975        7.0879289311199635E-003
  0.84717061855214859        6.6438648602652759E-003
  0.88761406939773868       -5.4175284405365660E-003
  0.91089809493898743        2.9433060817074527E-002
  0.72233829662345306       0.16996716393424466     
  0.72547488772964974       0.16878339842997775     
  0.72302747740397466       0.17779457800968479     
  0.71346168684271649       0.19331008144297543     
  0.68473011322466149        2.5771873650454365E-003
  0.68459107126661878       -1.3529777179666987E-003
  0.66475343184668689       -1.1808690353571833E-003
  0.53185483844941484        7.4402037411422828E-004
  0.73793604451064665        7.6328347695225137E-004
  0.72694784176873761        2.6846181032148721E-003
  0.72084540447107659        1.0945867007753183E-002
  0.62499172153504967        2.3432810183311586E-003
  0.64544267915572529       -3.2395965922499021E-004
  0.68820935128118810       -4.8797874420135490E-003
  0.56759372186295387       -5.2858658594888007E-004
   2.4270798135044333E-002  -3.0756226850504678E-003
  0.26840962921741596        1.0429660983790989E-003
  0.19948405480493447       -3.9392958123306140E-003
  0.22202557820869467       -2.6960714250803385E-003
  0.12582450230222988       -1.8727780249503010E-003
  0.15359220960361614       -1.1094276968550666E-003
  0.94223885528584161       -6.5629287989389468E-002
  0.94335121737209937        3.7236779886469638E-002
  0.87792275758578531        2.3331244339242788E-002
  0.90486905847592813        5.3890500421188120E-002
  0.93167192076217686       -2.5957776823408510E-002
  0.97402399752215407        1.1119219847883991E-003
  0.97013866002692151        4.7128949035861690E-003
  0.78376826169527003        8.2660410074114427E-002
  0.74247886142089459        5.3228857593158180E-002
  0.76201017272257865        7.3020605151964693E-002
  0.77916364009945716        7.8166746204510071E-002
  0.69124183526831062        9.1071406014058096E-002
  0.80470294769313011        9.4915412526753465E-002
  0.80622941615017862       0.12187381817133008     
  0.63061239009008474        9.4451464532240188E-003
  0.56547319673700347        1.1453759532210719E-003
  0.58187420770372467        3.0972946582373577E-004
  0.61118978870410279        4.0459565148590155E-003
  0.53064740051425807       -2.9440414659286200E-003
  0.70347790547089295        9.1890626038973619E-002
  0.68566473034281417        8.9232693140954458E-002
  0.72320171005980816        7.9305013365230340E-002
  0.74536119971931269       0.10785865931896235     
  0.62203102316069381        9.8507271950027134E-002
  0.73040747873736822        8.8057338305888105E-002
  0.72023232785519342       0.10911163290952455     
  0.90753941536347205       -3.3425157168294802E-003
  0.86513604124567056       -3.8818913480724538E-003
  0.97178826610663083        8.9833006876898162E-003
  0.88093290260519785       -1.3661553311033220E-002
  0.96145023636105786       -8.8073565653271145E-004
  0.96191693487456342        4.9149835120062069E-003
  0.90823586116505650       -2.4785332552559099E-003
  0.40783246398370493        5.4750847723127635E-004
  0.35169097167038382       -4.2505274616567703E-004
  0.37070968716523911       -1.3171948025796579E-003
  0.27037307834422752       -1.8023279581236178E-003
  0.30366173833786092        8.3129325865411764E-004
  0.42344481235600784        1.6411836388117915E-003
  0.93466028774583532       0.13246439172701949     
  0.93870658335368617       0.11013581044319495     
  0.93712126112763905       0.11128465476742398     
  0.94193835778185364       0.11089543821439511     
  0.93374339004712359       0.11116968048219136     
  0.96088680017400085       0.10889889671508828     
  0.92374390666322148       0.12766311865842941     
  0.48236283175348443        9.8087097748654267E-004
  0.49049874679069050        9.4037645013731136E-004
  0.38794177423135867        1.0679193046887114E-003
  0.41079713335491375       -1.1549248023281166E-003
  0.54971409483836275        1.8992592505824720E-003
  0.70984526417936744        5.5251441139887595E-003
  0.67913419743816628        4.3041167197905104E-003
  0.69945005669362403        1.1148198628110624E-003
  0.51651339590879852       -1.3085628101525500E-003
  0.80842311119196952        6.9246880664974152E-003
  0.61470515554044580        5.5167347462069475E-003
  0.72535977276855446        2.1253009273816455E-003
  0.95482274635251085        8.4135536254450499E-002
  0.93368849580761737        8.2703558476082906E-002
  0.98288034426558635        7.5380639790021020E-002
  0.98932925330405830        5.4533390711802091E-002
  0.96922039470598764        6.4489324284025470E-002
  0.97502963550506239        7.1651545479248444E-002
  0.95730887321384395        9.0258191014254516E-002
  0.76743595333478631       0.22177906897442204     
  0.77412097361610965       0.19590597892690828     
  0.78527989612761906       0.20224077677783442     
  0.76244241102664378       0.19946131417052668     
  0.82250542848203945       0.21899558070053621     
  0.75052006708390107       0.20788173597004292     
  0.84006115790028402        2.4799101011279450E-002
  0.80085614570597385        8.4751966823167141E-004
  0.74256394160888650       -1.8370760649632202E-002
  0.76682930927908066       -1.0370612665447969E-002
  0.80869928628722765       -6.4404368176136234E-003
  0.87538199998188460        2.5476774128805581E-002
  0.83568671501000391        1.9621664489074078E-003
  0.79027747458672037       -8.6461834010806492E-004
  0.80460809390861798       -6.8462720169913715E-004
  0.67261393753747856        3.7369930714168309E-003
  0.83552143840013093        8.6660225717047866E-004
  0.85289392189941671       -5.3442707312885435E-003
  0.85360820877978805        3.7478703672659777E-002
  0.77803063350689949       -2.1772687804446937E-003
  0.80016424455375046        1.0759656352642602E-003
  0.83291551278119447        4.2652573153633314E-002
  0.91389235573208927       -3.3462569972034603E-002
  0.62070477133038260       -5.4098435224847240E-003
  0.62856826469199645        1.0679439633908623E-003
  0.50081464050420121       -1.1953104522261194E-003
  0.52894506231547522        8.8012785027625573E-004
  0.67646093228184601        8.7154376573935952E-004
