 cosx vtec
  -9.1854755250350639E-002   4.8858144319178523E-002
  -6.5951531810225617E-002   1.2930267714109428E-003
  0.31702708252382406       0.10729922832570163     
  0.36486669784889170       0.12261495911962182     
  0.27824132606248841       0.10407521999405821     
  0.24708660587030098        7.9455081797138630E-002
  0.33167704572979234       0.11227182130513493     
  0.88178416427231365       0.23299099210043162     
  0.87681046224063564       0.23848472930534723     
  0.83613901419587322       0.24579306243113461     
  0.85658262541375974       0.24387617783107565     
  0.85973528698471369       0.23595003965126718     
  0.43949451166014331       0.24536648206127828     
  0.34902730814910837       0.18116790074331321     
  0.31847654409217768       0.18711093450550123     
  0.36606313807636059       0.18987606643068172     
  0.31693807876261348       0.21150504713415480     
  0.29373272856106702       0.18739092016021178     
  0.37926800915624670       0.18751340178758585     
  -6.4875874527674959E-002   1.7863194930720187E-002
   2.1826556369791417E-003   1.9575283317887330E-002
  -9.8894556609684624E-003   3.0287222014354839E-002
  -7.1067411790105200E-002   1.6668697761839574E-002
  -2.0278738055629852E-002   2.5127913673000962E-002
  -6.8793919538155113E-002   1.3917213258329682E-002
  0.15664099623559319       0.16537621692818413     
  0.12716237691686333       0.15934392381651821     
   9.3997076555274006E-002   2.5444023499378923E-002
  0.15850885448773178       0.16245428121964881     
   9.2070104986256840E-002  0.15838180996555629     
  0.18037868094771076       0.16540010551223430     
  0.60348360144041591       0.18163321329719903     
  0.63330266909666522       0.18364688198242726     
  0.56173882911063500       0.17466758563093754     
  0.61167885196721783       0.17416515867053778     
  0.56071591727743009       0.15282663361311893     
  0.65803065285904738       0.18282056158905738     
  0.59421683919948021       0.16106935157295429     
  0.52764502270875768       0.15907872351079722     
  0.68738408155860742       0.19583999216562853     
  0.49207331173719160       0.15789407856856472     
  0.57671637771779594       0.15939434382024795     
  0.34780617724173502        5.2849905566731969E-002
  0.23742547678260761        3.8106920053663500E-002
  0.41553372345718037        6.3276848475789002E-002
  0.43528979966185039        7.0919116972806243E-002
  0.37994190367007169       0.10519336145341916     
  0.28810689661935951        5.0497807114577992E-002
  0.54456261895686708       0.10388572255787835     
  0.21265758444266558        5.3512534605510184E-002
  0.44992091604137363        7.5890816554633062E-002
  0.29866886122731751        6.5135368128468984E-002
  0.33987861738391062        6.0586009130342254E-002
  0.31262607930244629       0.19077796878947312     
  0.28516958319817853       0.19748407119543368     
  0.34451588694052221       0.19677924073786038     
  0.36632416016451064       0.19784547479312053     
  0.11139459403264718        5.8068373183961623E-002
  0.17093552516915939        6.6928927599418278E-002
  0.16025063367538234        7.8420673010781289E-002
  0.10915498817150709        6.1524758571879119E-002
  -5.5466216378638120E-002   3.4345231023820519E-002
  0.15365166996790142        6.3733997491919478E-002
   1.6900599883341666E-002   4.5257741978062357E-002
  0.32739244427546182       0.10812904251234406     
  0.11221909395066872        6.0545584113714725E-002
  0.46294902218842759        9.8655685494388690E-002
  0.59927844269887887       0.13308650335389738     
  0.32948536401265838        5.5964969898950119E-002
  0.50287894491967000       0.10687066290385225     
  0.43249065972745104       0.10745699758102502     
  0.58798585432064376       0.13555866064375602     
  0.40539095146769538        9.3728464902475037E-002
  0.48539350783577950       0.10544067617861003     
  0.20868319389825207        4.4498150413293282E-003
  0.12628383160750828        1.7487307358282290E-002
  0.29428462877240469        4.1352447010887541E-002
  0.29138718795344737        2.9894771136291815E-002
  0.24226615288534908        4.3363388991551628E-002
  0.16443775798699456       -3.1374722056225199E-002
  0.43453668788928984        4.4487769866509388E-002
   9.8562733535697167E-002   9.1331953273705319E-003
  0.33267675876131197        3.6179897849154104E-002
  0.17891662220690235        1.7362169594392445E-002
  0.20307086470523530        2.1612762921603676E-002
  -6.3639750305830911E-002   3.9713315750270527E-003
  -1.0926472643759483E-002  -4.5443046438902509E-003
  0.66681271473058745        6.7539068959038440E-002
  0.58428665375384714        5.4977674025444352E-002
  0.64065630193108958        5.8772998018942098E-002
  0.15018283492202045       0.15621543594884907     
  0.11276763673188434       0.16669204073483934     
  0.12561349568824592       0.15831919765343447     
  0.15686342061879832       0.15216228660618406     
   9.2124786304545681E-002  0.14958327736875440     
  0.17712362851474023       0.15520144799549179     
  -2.0766870266490045E-002   5.3309663252945824E-003
  -9.3905418078387093E-002  -1.7674594537552189E-004
  0.12256968831300180        7.1561491682741601E-004
  0.93062702914256201       0.26215514191980205     
  0.96285857791836849       0.25579646739042927     
  0.95416464472746765       0.25371490527562868     
  0.17779270029602895       0.17979436456887404     
  0.13923142759114315       0.16086609414302988     
  0.11218183281830729       0.16159190962225733     
  0.17148772986698935       0.16379153790527184     
   9.8967703868849954E-002  0.16523917677199620     
  0.19599215081848770       0.16719070424129434     
  0.24361741345789228       0.14616974875789149     
  0.19567638687701958       0.13480062142992202     
  0.16507930225995221       0.13244874296649659     
   3.1013000622129000E-002  0.12622566330818735     
  0.16724535493094494       0.13218300977472652     
  0.13552026684463650       0.13403129489593524     
  0.25965114786379379       0.16718654530471480     
  0.57938072164721965       0.13828575727672404     
  0.63792778795411753       0.13496985917050677     
  0.74785482476568022       0.17457448895407282     
  0.61776661582281200       0.13312764346030101     
  0.67021929272625203       0.13731931094613789     
  0.57737113483243108       0.14286392655987321     
  0.34959935060153807       0.15366162381360923     
  0.46152318254537800        9.2524625267465410E-002
  0.32216210361367553       0.11551612918117631     
  0.35386545534284236       0.16378948154012907     
  0.41605826046453542       0.16060041294835464     
  -8.6697507598842316E-002   8.7806748522432240E-002
  -7.1911891797576344E-002   8.2339747719577638E-002
  -3.0649013521694690E-002   7.8589178373334942E-004
  -9.1830219713660344E-002   8.1466062100912489E-003
   9.2183248927813377E-002  -1.6584863994053397E-002
   7.9274697077030165E-002  -1.3931294641972591E-003
   7.3256070730871037E-003   5.5444735493517883E-003
  -6.6456461302147829E-002   9.1762047814772235E-003
  0.16910467508520621        3.2156347579018912E-003
  -5.1457661177907676E-002  -1.6253284049114482E-003
  -2.5325373200866030E-002   7.0115968919918338E-003
  0.35775301899040179       0.15502508079457533     
  0.32294571473691180       0.15193625256534618     
  0.29143737807099807       0.14234849483706394     
  0.10316126784956670       0.14808115052818685     
  0.29355630993138965       0.15622842766649297     
  0.25300036596975384       0.16013105653987095     
  0.75818803141215430       0.24981006337795672     
  0.72141744311799216       0.23712981313967793     
  0.67816964123248336       0.27819200677065820     
  0.81533388084742331       0.24906902391523478     
  0.81528856043433306       0.25112652606919900     
  0.73994531985672318       0.25379079357669648     
  0.74993303893169494       0.23963081729763375     
  0.35812610131244899       0.20000990441896402     
  0.32523089075020706       0.18849306004408550     
  0.29294788178570791       0.20000520977718561     
  0.35603259505276497       0.19102871679253400     
  0.37498379730399717       0.19544743668399317     
  0.43665698674887343       0.21606207179078721     
  0.40791554366919064       0.22397928138036893     
  0.47020928055042682       0.21680856679272215     
  0.49180156888120685       0.23013724365828847     
  0.59087222977995801       0.12439328161424504     
  0.65630620911576321       0.12268714835724899     
  0.66327194776058718       0.13250280893800487     
  0.74821183155665105       0.14929554268333578     
  0.62820346298019414       0.12294461422415401     
  0.71649649355157741       0.13888483793408246     
  0.67768473214549707       0.16177407630208820     
  0.57242384878928410       0.14745223535839036     
  0.88661970935056900       0.24713170551468802     
  0.84264952665054194       0.23721193722235798     
  0.25026241307637020       0.16996716393424466     
  0.22704736749733556       0.16878339842997775     
  0.28612309705272432       0.17779457800968479     
  0.31554638832982002       0.19331008144297543     
   3.3806799964536144E-002   9.9820059252443555E-003
  -5.2759911347099397E-002  -3.7000416006854219E-004
   9.8099896390671876E-002   1.8675346546876515E-002
   2.9757541558830480E-002   1.4043305679535661E-002
   6.6871156470038384E-002   1.3691458398637160E-002
  -4.0709530176349706E-002  -3.2657256707119119E-003
  -3.6283080004003931E-002   3.4037502207289396E-003
  0.22167541885906736        3.1281954673396055E-002
   3.3792309345853366E-002   1.2257620280420930E-002
  0.52329641613376376        9.8461162684642806E-002
  0.64275181297625994       0.13174878465105111     
  0.39456443154877052        7.6485740926834231E-002
  0.56164926641603941       0.10454917800673171     
  0.49175955131000132       0.11754210326410783     
  0.61518488147454475       0.11888509311478077     
  0.46396491752285773        9.7090992999645923E-002
  0.54762215914081891       0.10509869906497141     
  -6.6079497876827042E-002   8.2660410074114427E-002
  -8.6671718152162514E-002   7.8166746204510071E-002
  -5.1759707943722477E-002   9.1071406014058096E-002
  -1.1987630013259865E-002   9.4915412526753465E-002
   5.7752695317878189E-002  0.12187381817133008     
  0.96009886353973695       0.24900590984499346     
  0.97594293629365292       0.22365486852961142     
  0.93559927071544446       0.31946926041257023     
  0.98601234017525363       0.23657501750403848     
  0.94045070226123983       0.27576256098499924     
  0.99058475673119650       0.24673764574183799     
  0.97735345980973687       0.23544226493101264     
  0.96441662470526657       0.16105346369551943     
  0.97499237537262617       0.27503329833987039     
  0.99581390844872431       0.28070750620823104     
  0.66003085018864127       0.13561832585111258     
  0.73255111795092209       0.14488049082489490     
  0.72542174665231474       0.14099650179983431     
  0.79740842385221833       0.14005128467219471     
  0.70233527249446914       0.12712883641484735     
  0.76780623414078031       0.14563795754615758     
  0.74768537404192426       0.14434854905661090     
  -2.2618677154621958E-002   9.1890626038973619E-002
  -5.3496049092730313E-002   8.9232693140954458E-002
   6.6266947682371846E-003  0.10785865931896235     
  -4.8231665675350116E-002   9.8507271950027134E-002
  -7.4133779939152378E-002   8.8057338305888105E-002
   2.8841985265581238E-002  0.10911163290952455     
   1.4250009522595031E-002  0.13246439172701949     
  -3.3828907702633193E-002  0.11013581044319495     
  -5.8878011918783890E-002  0.11089543821439511     
   2.5304153486434000E-003  0.11116968048219136     
  -7.0963562245709211E-002  0.10889889671508828     
   3.6003694426456567E-002  0.12766311865842941     
  -9.4881309540045700E-002   9.0258191014254516E-002
  0.33905778235249384       0.22177906897442204     
  0.30179362347647359       0.19590597892690828     
  0.27285414514773243       0.20224077677783442     
  0.33303568004101380       0.19946131417052668     
  0.25097910998175837       0.21899558070053621     
  0.35372054275414677       0.20788173597004292     
   1.5401139410370551E-002   8.3818313049875796E-003
  -7.2776166234047368E-002   2.6070822242617044E-003
   7.9852893709951078E-002   1.8072617873496892E-002
   1.1756511035546702E-002   1.3724598829335260E-002
   4.9106892747229403E-002   1.3313824791760968E-002
  -6.3602785494338288E-002   2.0056339037771636E-004
  -5.3848503819691168E-002   4.3708906987681489E-003
  0.21600871622239345        3.5249432613144997E-002
   1.5248239270349628E-002   1.1506305277751162E-002
