 cosx vtec
   6.1821095080141539E-002   3.1388095203105523E-002
  -8.1767362209420380E-002   1.1266557126342261E-002
  -1.1074086805587843E-002   1.6147304182509994E-002
   3.5093626685077123E-002   2.6590208887822465E-002
   3.9905764436819591E-002   2.7965496839924199E-002
  0.17516536032119917        4.8858144319178523E-002
  0.22531900513416836       0.10729922832570163     
  0.28096443701694268       0.12261495911962182     
  0.21295754331575703       0.10407521999405821     
  0.14518997348374818        7.9455081797138630E-002
  0.25573869362002044       0.11227182130513493     
  0.93516738900141017       0.23299099210043162     
  0.91558172163371743       0.23848472930534723     
  0.93497981552638498       0.24579306243113461     
  0.94568202882397068       0.24387617783107565     
  0.90377411540778885       0.23595003965126718     
  0.60411265171388306       0.24536648206127828     
  0.56982103907649295       0.18116790074331321     
  0.53285189380949927       0.18711093450550123     
  0.59891772305424040       0.18987606643068172     
  0.50706690968814216       0.21150504713415480     
  0.52702823078814987       0.18739092016021178     
  0.60437059953700434       0.18751340178758585     
  -6.4555562326547078E-002   1.9575283317887330E-002
  -1.9475334160704086E-002   3.0287222014354839E-002
  0.47990562653849289       0.16537621692818413     
  0.45858105201600330       0.15934392381651821     
  0.42879667867198479        2.5444023499378923E-002
  0.48514576240816343       0.16245428121964881     
  0.42320850415518513       0.15838180996555629     
  0.50377781453290083       0.16540010551223430     
  0.55048263173410994       0.18163321329719903     
  0.59412649340247325       0.18364688198242726     
  0.53853565106663281       0.17466758563093754     
  0.57848185818292230       0.17416515867053778     
  0.40505333433636570       0.15282663361311893     
  0.52022858369395442       0.18282056158905738     
  0.44680762209866004       0.16106935157295429     
  0.39550168480378917       0.15907872351079722     
  0.51655480748354166       0.19583999216562853     
  0.32244616025154493       0.15789407856856472     
  0.43405028077543367       0.15939434382024795     
   3.5973200552184462E-002   5.2849905566731969E-002
  -8.1027921513430745E-002   3.8106920053663500E-002
  0.11993395881386121        6.3276848475789002E-002
  0.10965653046433516        7.0919116972806243E-002
   7.4230018126311317E-002  0.10519336145341916     
  -3.5759003994701943E-002   5.0497807114577992E-002
  0.23418458899772968       0.10388572255787835     
  -9.2421269812554385E-002   5.3512534605510184E-002
  0.14679959089411848        7.5890816554633062E-002
  -3.9863023461383401E-002   6.5135368128468984E-002
   5.9902559152128401E-002   6.0586009130342254E-002
  0.60615330217685548       0.19077796878947312     
  0.58029268100260745       0.19748407119543368     
  0.63680925866387683       0.19677924073786038     
  0.65578780074718668       0.19784547479312053     
  -7.3836335235836145E-003   5.8068373183961623E-002
   9.6318958256156023E-002   6.6928927599418278E-002
  0.13569478776562982        7.8420673010781289E-002
   6.1467602202476504E-002   6.1524758571879119E-002
  -7.8503004544942662E-002   3.4345231023820519E-002
   6.1080253057502192E-002   6.3733997491919478E-002
  -6.7033746189023830E-002   4.5257741978062357E-002
  0.21861354499685198       0.10812904251234406     
   4.8435305061421387E-002   6.0545584113714725E-002
  0.24295591463034244        9.8655685494388690E-002
  0.39692077040686174       0.13308650335389738     
   6.8727660521743672E-002   5.5964969898950119E-002
  0.28930480424391192       0.10687066290385225     
  0.23584768158697939       0.10745699758102502     
  0.35501544484376130       0.13555866064375602     
  0.17820486144924072        9.3728464902475037E-002
  0.27655806335900390       0.10544067617861003     
  -2.3123318620268396E-002   4.1352447010887541E-002
  -4.9887730183667128E-002   2.9894771136291815E-002
  -8.4667290177887766E-002   4.3363388991551628E-002
  0.10255061949911382        4.4487769866509388E-002
   6.4972516989453277E-003   3.6179897849154104E-002
  -9.4283488287698475E-002   2.1612762921603676E-002
  0.70186783348064830        6.7539068959038440E-002
  0.63789503443737583        5.4977674025444352E-002
  0.68327903660882494        5.8772998018942098E-002
  -5.1517671348915370E-002   7.7012684142695968E-003
  -8.1864535439960737E-002   4.0539128396376491E-003
  -7.6556637521462939E-002   1.1603254861881261E-002
  0.46377380913716743       0.15621543594884907     
  0.41926846097843395       0.16669204073483934     
  0.45327399120602119       0.15831919765343447     
  0.47608813783148007       0.15216228660618406     
  0.41345429659745569       0.14958327736875440     
  0.49247934996934439       0.15520144799549179     
  0.87701266139332223       0.26215514191980205     
  0.92058901847386998       0.25579646739042927     
  0.89629453380098245       0.25371490527562868     
  0.50361136759144887       0.17979436456887404     
  0.46604795900922913       0.16086609414302988     
  0.44011871283862375       0.16159190962225733     
  0.49678426289363553       0.16379153790527184     
  0.43329094591565465       0.16523917677199620     
  0.51876024307261392       0.16719070424129434     
  0.32683718273419626       0.14616974875789149     
  0.31909370721418151       0.13480062142992202     
  0.27907131398274287       0.13244874296649659     
  0.16042973378315645       0.12622566330818735     
  0.26639312279432387       0.13218300977472652     
  0.27382535642592976       0.13403129489593524     
  0.39961561843573856       0.16718654530471480     
  0.34578807264832512       0.13828575727672404     
  0.43323808437820277       0.13496985917050677     
  0.55127033791528313       0.17457448895407282     
  0.40046493573667385       0.13312764346030101     
  0.45856760941448771       0.13731931094613789     
  0.38285554859469006       0.14286392655987321     
  0.46485899922783275       0.15366162381360923     
  0.51540317904670963        9.2524625267465410E-002
  0.43280935383770114       0.11551612918117631     
  0.43298830204292860       0.16378948154012907     
  0.48231133281046046       0.16060041294835464     
  0.25845249548240784        8.7806748522432240E-002
  0.15499055929237243        4.9557197440978550E-002
   5.9655415384015642E-002   3.7410694713585532E-002
  0.13000650474253039        4.7976232722304335E-002
  0.20752625606752095        6.5191784758076146E-002
  0.12623455695012650        6.2451256859090268E-002
  0.26486505151817508        8.2339747719577638E-002
  -6.9341353015747453E-002   1.8039901042231622E-002
  0.40766265221366293       0.15502508079457533     
  0.40984463094197393       0.15193625256534618     
  0.36872760562915557       0.14234849483706394     
  0.20534464556601159       0.14808115052818685     
  0.35575544236366957       0.15622842766649297     
  0.36167021435552171       0.16013105653987095     
  0.81601375488918360       0.24981006337795672     
  0.81924901447868625       0.23712981313967793     
  0.77115849622799881       0.27819200677065820     
  0.88383972270293343       0.24906902391523478     
  0.85858044234268260       0.25112652606919900     
  0.85421188062695119       0.25379079357669648     
  0.85020070234708611       0.23963081729763375     
  0.65570902508224083       0.20000990441896402     
  0.62651988325890740       0.18849306004408550     
  0.59778767322408832       0.20000520977718561     
  0.65348372211182260       0.19102871679253400     
  0.66906497903860340       0.19544743668399317     
  0.69051712806142707       0.21606207179078721     
  0.66368307148590366       0.22397928138036893     
  0.72341346885202651       0.21680856679272215     
  0.74186552250120363       0.23013724365828847     
  0.30323021326674882       0.12439328161424504     
  0.39173485830868854       0.12268714835724899     
  0.37350316065821154       0.13250280893800487     
  0.49434072108659799       0.14929554268333578     
  0.35172564642192627       0.12294461422415401     
  0.44443068430927335       0.13888483793408246     
  0.40814123744601438       0.16177407630208820     
  0.32348147022641877       0.14745223535839036     
  0.99124112142390186       0.24713170551468802     
  0.97525951811376921       0.23721193722235798     
  -1.6929108881430316E-002   1.8930705919911962E-002
  -7.5252654663696072E-002   1.1916057871492762E-002
  -1.9186879918843464E-002   2.6299998063288428E-002
  -6.6414428640744760E-002   1.8192433725313806E-002
   2.3016710477491431E-002   2.2596442649661611E-002
  -8.9471899484924663E-002   3.6811161512725413E-002
   7.9174999174473626E-002   1.8706940296745276E-002
  0.11516564898603748        4.3737613825485785E-002
   4.9833891470205810E-002   5.4220707082015401E-002
   6.2410835212607763E-002   2.2100578287264510E-002
  -8.5080184616462273E-002   3.8172727753038857E-002
  -6.8622791751771564E-002   3.4166946097695702E-002
   3.1826963387215246E-002   3.9101947776732475E-002
  0.11142712606211122        3.1988908536078074E-002
   2.3983814805335457E-002   1.7970343024593889E-002
  0.16603830786082702        4.5846785742042269E-002
  0.52923335363108903       0.16996716393424466     
  0.50567004351086131       0.16878339842997775     
  0.56764633846828605       0.17779457800968479     
  0.59547628845517131       0.19331008144297543     
  -3.3760416266795379E-004   3.1281954673396055E-002
  -5.4557863504989076E-002   1.1119219847883991E-003
  0.27789008569099788        9.8461162684642806E-002
  0.41556267056983764       0.13174878465105111     
  0.11321500312503061        7.6485740926834231E-002
  0.32300045750199957       0.10454917800673171     
  0.27152381959012689       0.11754210326410783     
  0.36356174049608159       0.11888509311478077     
  0.21059747549996000        9.7090992999645923E-002
  0.31326674910546015       0.10509869906497141     
  0.21494799675568785        8.2660410074114427E-002
   1.5596926177704445E-002   5.3228857593158180E-002
  0.13560250794515444        7.3020605151964693E-002
  0.19135826794838001        7.8166746204510071E-002
  0.19650993254928803        9.1071406014058096E-002
  0.28013096424557343        9.4915412526753465E-002
  0.35490265885889360       0.12187381817133008     
  0.87386468213373314       0.24900590984499346     
  0.84254304586293283       0.22365486852961142     
  0.92084409376781517       0.31946926041257023     
  0.91209901218923894       0.23657501750403848     
  0.82057641976381290       0.27576256098499924     
  0.90100243025659876       0.24673764574183799     
  0.88872626926695375       0.23544226493101264     
  0.97384773691995219       0.16105346369551943     
  0.94650859200666149       0.27503329833987039     
  0.90647931151969441       0.28070750620823104     
  0.37473268786023400       0.13561832585111258     
  0.47383204362072029       0.14488049082489490     
  0.44758917652903085       0.14099650179983431     
  0.54970869007419276       0.14005128467219471     
  0.43042788099546758       0.12712883641484735     
  0.50522354498279509       0.14563795754615758     
  0.48522825584319507       0.14434854905661090     
  0.23197473592869094        9.1890626038973619E-002
  0.19263225657724259        8.9232693140954458E-002
  0.10168096377827950        7.9305013365230340E-002
  0.27834128440466888       0.10785865931896235     
  0.17507372012596312        9.8507271950027134E-002
  0.18695507107524084        8.8057338305888105E-002
  0.29283614141957021       0.10911163290952455     
  0.35535308327052345       0.13246439172701949     
  0.30566129846806767       0.11013581044319495     
  0.17036445379195164       0.11128465476742398     
  0.28018086777244522       0.11089543821439511     
  0.34254762792005777       0.11116968048219136     
  0.27421636283091966       0.10889889671508828     
  0.37452963370153219       0.12766311865842941     
  -1.1337247270266665E-002   6.9246880664974152E-003
  0.20390687590412493        8.4135536254450499E-002
  0.15062524851800893        8.2703558476082906E-002
  0.17575917623179008        7.5380639790021020E-002
  0.14453688330099060        5.4533390711802091E-002
  0.21206284413284768        6.4489324284025470E-002
  0.13576366309016483        7.1651545479248444E-002
  0.24746136832370638        9.0258191014254516E-002
  0.64014161918629842       0.22177906897442204     
  0.60291907733943340       0.19590597892690828     
  0.57618384298413494       0.20224077677783442     
  0.63191553079067009       0.19946131417052668     
  0.56645390269249463       0.21899558070053621     
  0.64958852382670362       0.20788173597004292     
   3.7163202027821057E-003   3.5249432613144997E-002
