 cosx vtec
  0.37644576807295593       -9.6162401822252549E-004
  0.32717595035579883       -3.1685733285309186E-004
  0.41758968786298212        1.2930267714109428E-003
  0.39546174279932611        7.5567409252068395E-005
  0.36119658958873946        3.9073304018642291E-003
  0.30883694155937103       -7.3190681211835254E-004
  0.32573649511773106       -5.0381838196475351E-004
  0.23945795138836376       -1.4334823602417959E-004
  0.18419237168398944        9.1280395362138908E-005
  0.27650057467011080        2.6484931139093269E-003
  0.12181480206736850        2.4790802105653944E-003
  -8.4300988541675947E-003   4.0766235908728171E-004
  0.25864043317339880       -1.5515789069554193E-003
  0.22817792937920697       -3.5281456368758475E-003
  0.16592459036793999       -1.1035258684171378E-003
  0.18272342969874691        4.7901094501673130E-004
  0.37927953297952899       0.10729922832570163     
  0.39583448699958734       0.12261495911962182     
  0.30430249989177210       0.10407521999405821     
  0.35277735006655925        7.9455081797138630E-002
  0.35920422823987164       0.11227182130513493     
  0.47521607731702253       0.23299099210043162     
  0.49943123587040994       0.23848472930534723     
  0.35999102405722866       0.24579306243113461     
  0.39164248265349999       0.24387617783107565     
  0.47838641560162720       0.23595003965126718     
   4.2017188537361583E-003   1.5687779507678255E-003
  -5.6196645391513811E-002   4.0197458449612528E-003
  -2.8618326392696125E-002  -3.4377783499088652E-003
  -2.2521240303099155E-002  0.24536648206127828     
  0.16207292548868893        1.7863194930720187E-002
  0.12685144869530843        1.9575283317887330E-002
   1.1560674943812603E-002   3.0287222014354839E-002
   2.4186575719411602E-002   1.6668697761839574E-002
  -7.8406150566707397E-002   1.3116161486377044E-002
  0.14846244863382629        2.5127913673000962E-002
   3.6756059404064123E-002   1.0602088710713380E-002
   5.5617933962738411E-002   1.3917213258329682E-002
  0.49350517499698271       0.18163321329719903     
  0.48698607484787959       0.18364688198242726     
  0.41025668103321461       0.17466758563093754     
  0.46163494479387157       0.17416515867053778     
  0.65853127256105515       0.15282663361311893     
  0.68848216749227353       0.18282056158905738     
  0.66488619188654896       0.16106935157295429     
  0.59274405789245033       0.15907872351079722     
  0.76971209810857610       0.19583999216562853     
  0.63997279893864722       0.15789407856856472     
  0.64454942722161834       0.15939434382024795     
  0.81306864530131084        5.2849905566731969E-002
  0.75346508445042060        3.8106920053663500E-002
  0.82676620128380096        6.3276848475789002E-002
  0.89610558887702596        7.0919116972806243E-002
  0.82253986215496699       0.10519336145341916     
  0.79671720790619915        5.0497807114577992E-002
  0.93875788291088802       0.10388572255787835     
  0.71216307070925633        5.3512534605510184E-002
  0.86334675633770830        7.5890816554633062E-002
  0.83117407443259606        6.5135368128468984E-002
  0.74802287605430495        6.0586009130342254E-002
  0.42810724326331545       -1.1004490245101013E-003
  0.37651103753572990       -8.3599036980587562E-005
  0.52549845372197113       -7.6881997226430749E-004
  0.47713486082215650       -1.8436084074217239E-004
  0.39950318849625777        8.0550389157429145E-004
  0.35284698635814316        9.8471546486337408E-004
  0.41648074438696248       -6.6271548454806327E-004
  0.29593770257928587        5.8068373183961623E-002
  0.25180351128472384        6.6928927599418278E-002
  0.15074606395641069        7.8420673010781289E-002
  0.16086882569461830        6.1524758571879119E-002
   7.0919989704580286E-003   3.4345231023820519E-002
  0.27426635629824647        6.3733997491919478E-002
  0.16877605354278263        4.5257741978062357E-002
  0.41812769278927553       0.10812904251234406     
  0.19312012063184841        6.0545584113714725E-002
  0.71562030372126384        9.8655685494388690E-002
  0.77145923421407803       0.13308650335389738     
  0.70512046974988429        5.5964969898950119E-002
  0.72961899750510628       0.10687066290385225     
  0.65185613162964129       0.10745699758102502     
  0.82162164709483632       0.13555866064375602     
  0.69157032726808032        9.3728464902475037E-002
  0.70930035364321720       0.10544067617861003     
  0.75752845086050202        4.4498150413293282E-003
  0.70516029900198118        1.7487307358282290E-002
  0.78861245415289227        4.1352447010887541E-002
  0.83157651644281150        2.9894771136291815E-002
  0.77256188222359057        4.3363388991551628E-002
  0.73847397846559504       -3.1374722056225199E-002
  0.90755338709518441        4.4487769866509388E-002
  0.66950675721962338        9.1331953273705319E-003
  0.83015627634989886        3.6179897849154104E-002
  0.76243069744143677        1.7362169594392445E-002
  0.69138847035245621        2.1612762921603676E-002
  0.34554270481506155        3.9713315750270527E-003
  0.17160443383770094        1.5067994553094507E-004
  0.30723815576487790       -6.6718014027117778E-004
  0.26966028868456404        4.4953568808341338E-003
  0.29972198521122750       -1.1062818537919612E-003
  0.35801366820097075       -4.5443046438902509E-003
  0.36934900440373691        6.7539068959038440E-002
  0.28061521859954214        5.4977674025444352E-002
  0.33805415327950611        5.8772998018942098E-002
  0.46089583663931161        1.2428388263224378E-003
  0.41377878533623358       -2.6804108066335843E-004
  0.51431902777922611        5.3309663252945824E-003
  0.48237111419280676       -1.7674594537552189E-004
  0.44256096193342964        1.4058700887975260E-003
  0.39415951981214298        3.4385848994467221E-003
  0.65406876397830971        7.1561491682741601E-004
  0.49088263901092921       -1.9313477136490538E-003
  0.41070297566138680        4.6256906650562378E-004
  0.70818568781499769       0.26215514191980205     
  0.70790207136236305       0.25579646739042927     
  0.73154695575351258       0.25371490527562868     
   2.6079635704812920E-003  0.14616974875789149     
  -7.7175201347249894E-002  0.13218300977472652     
  -9.3571913614474644E-002  0.16718654530471480     
   9.0976260020663752E-002   4.5253359407055623E-004
   2.3964573833264613E-002   9.6129781111855802E-004
  0.13212369970904705       -3.0777218663015225E-003
  -2.5613020706837297E-002   1.1174027867113141E-003
  0.11417154644583663       -2.2641791912794453E-003
   8.3306036188755678E-002  -1.7650548315984085E-003
   4.2253084882004077E-003   8.1385757764911872E-004
   2.1213636248236356E-002  -4.3943034735775886E-004
  0.81717447356405259       0.13828575727672404     
  0.80106858718000817       0.13496985917050677     
  0.85758553809939930       0.17457448895407282     
  0.81161207945529590       0.13312764346030101     
  0.83522961136602669       0.13731931094613789     
  0.74242195418496537       0.14286392655987321     
   1.1567482090967834E-002  0.15366162381360923     
  0.19997658500269799        9.2524625267465410E-002
   2.3275649401560128E-003  0.11551612918117631     
   8.2266956103552280E-002  0.16378948154012907     
  0.14704768943651023       0.16060041294835464     
  -4.6908007951340841E-002   1.3401480297468547E-003
   8.6315723312885839E-003  -2.8915610890522516E-003
  -7.3632828765616720E-002  -3.4230545147837048E-003
  0.59124288953175508        7.8589178373334942E-004
  0.54386384776633057        8.1466062100912489E-003
  0.65426415979167352       -1.6584863994053397E-002
  0.69841743893960706       -1.3931294641972591E-003
  0.61419286724122657        5.5444735493517883E-003
  0.57056822964527032        9.1762047814772235E-003
  0.51882527582027271       -1.2828109273727184E-002
  0.73345050087414365        3.2156347579018912E-003
  0.59512068848925193       -1.6253284049114482E-003
  0.53325274864013450        7.0115968919918338E-003
  0.13970726506704820       0.15502508079457533     
   4.7471299071290496E-002  0.15193625256534618     
   4.4964121039657190E-002  0.14234849483706394     
   7.4709136907350107E-002  0.15622842766649297     
  -3.9098252205351541E-002  0.16013105653987095     
  0.38619526664511383       0.24981006337795672     
  0.28700857049972006       0.23712981313967793     
  0.26788190301167003       0.27819200677065820     
  0.40342251301373949       0.24906902391523478     
  0.45077967625451026       0.25112652606919900     
  0.26821410640292098       0.25379079357669648     
  0.30104244785591794       0.23963081729763375     
  0.92625460585791597       0.12439328161424504     
  0.92560493296790081       0.12268714835724899     
  0.97750718557289185       0.13250280893800487     
  0.96548219231611099       0.14929554268333578     
  0.92963900458819082       0.12294461422415401     
  0.97897632441626370       0.13888483793408246     
  0.94890334629242923       0.16177407630208820     
  0.84148175252437729       0.14745223535839036     
  0.38207596236571217       0.24713170551468802     
  0.30077514181481546       0.23721193722235798     
  0.12219521962799856        1.2527483998860428E-003
  0.18574444195965056       -1.7301745083221845E-004
   9.0661657428003695E-002  -3.1242440398636237E-003
   4.6076146817072727E-002  -1.7347450135841900E-003
  0.14349101341286863        2.6230552523900720E-003
  -9.9124272565844621E-002  -6.3503376515465252E-003
  0.43175484031789091        9.9820059252443555E-003
  0.37609184827505066       -3.7000416006854219E-004
  0.43798892287660696        1.8675346546876515E-002
  0.31828694828049675        1.4043305679535661E-002
  0.43848874959179451        1.3691458398637160E-002
  0.43150562275269422       -3.2657256707119119E-003
  0.35474063106914194        3.4037502207289396E-003
  0.56193634718736063        3.1281954673396055E-002
  0.37469046275197770        1.2257620280420930E-002
  0.80277050245066250        9.8461162684642806E-002
  0.84650235893769876       0.13174878465105111     
  0.78629759692966883        7.6485740926834231E-002
  0.81510356072441237       0.10454917800673171     
  0.73488102482286066       0.11754210326410783     
  0.87443021892611728       0.11888509311478077     
  0.77900661370871749        9.7090992999645923E-002
  0.79787906647863338       0.10509869906497141     
  0.78872725715339365       0.24900590984499346     
  0.88771127803172567       0.22365486852961142     
  0.63839969848686495       0.31946926041257023     
  0.78248544732512237       0.23657501750403848     
  0.83912554032877706       0.27576256098499924     
  0.81491796459784360       0.24673764574183799     
  0.80448678074848523       0.23544226493101264     
  0.61175353519807651       0.16105346369551943     
  0.68991306094796556       0.27503329833987039     
  0.81786547163633627       0.28070750620823104     
  0.96698968324327961       0.13561832585111258     
  0.96437157945287544       0.14488049082489490     
  0.99563983473414652       0.14099650179983431     
  0.98599459227660247       0.14005128467219471     
  0.96943551611123857       0.12712883641484735     
  0.99464394229765529       0.14563795754615758     
  0.98127498773938315       0.14434854905661090     
  0.12649284834035771        8.4916412160106983E-004
   6.7867577112337096E-002  -5.4668864384596884E-005
  0.21852278620924631       -1.3352013552095448E-003
  -9.9685322228395240E-002  -4.2244938179285637E-004
  0.16247906034732687       -3.3303824079798957E-003
  0.10536987557555116        2.9710001599958600E-004
   5.0744619547333669E-002   4.4567733278943306E-004
   6.9466442969715769E-002  -2.3710797897497052E-003
  0.39304730536725163       -8.5020807505557317E-004
  0.43633451901898190       -1.5506346889086720E-004
  0.36649674640936786       -5.1013352026934482E-003
  0.32202622225900818       -2.5845571095877728E-003
  0.38925346171208997        4.6924016013175840E-003
  0.39855663036389882        8.3818313049875796E-003
  0.34145175214586387        2.6070822242617044E-003
  0.40312107676453884        1.8072617873496892E-002
  0.28790296000001375        1.3724598829335260E-002
  0.40465186890583260        1.3313824791760968E-002
  0.40133724389755343        2.0056339037771636E-004
  0.31996130568857328        4.3708906987681489E-003
  0.53996886696501156        3.5249432613144997E-002
  0.33956509162231108        1.1506305277751162E-002
