 cosx vtec
  0.49360859508745186        3.1388095203105523E-002
  0.35202676570344893        1.1266557126342261E-002
  0.41691546546714520        1.6147304182509994E-002
  0.46666430268819992        2.6590208887822465E-002
  0.42002205405671622        2.7965496839924199E-002
  0.61616472852374837        4.8858144319178523E-002
   8.0671314440361408E-002  -1.2897270245265243E-003
  -7.5121539661912873E-002  -1.5853890733796313E-003
  -2.8999294606413428E-002  -5.1007868414364495E-003
  -2.5288274836326424E-002  0.10729922832570163     
   2.5701836727666488E-002  0.12261495911962182     
   1.6304783403270046E-002  0.10407521999405821     
  -9.6737004195714765E-002   7.9455081797138630E-002
   2.4204155000256689E-002  0.11227182130513493     
  0.71071479038052221       0.23299099210043162     
  0.67046964235965434       0.23848472930534723     
  0.79602465877344553       0.24579306243113461     
  0.78470219278362985       0.24387617783107565     
  0.67266256641657951       0.23595003965126718     
  0.70368742030695375       0.24536648206127828     
  0.78688073643688394       0.18116790074331321     
  0.75068823038026866       0.18711093450550123     
  0.82853923860660927       0.18987606643068172     
  0.68828972832357493       0.21150504713415480     
  0.78244535967709650       0.18739092016021178     
  0.81752936667380072       0.18751340178758585     
  -3.0727179746995886E-002   3.0287222014354839E-002
  -2.5028273469011056E-002   1.0555076789434181E-002
  -8.1821695396119443E-002  -2.7604670143527199E-003
  -6.9801455960730563E-002  -1.3811317215394021E-003
   3.9333737623593046E-002   4.4922859168688416E-003
   4.5516210962293135E-002  -1.2436391499969313E-003
  0.22387850945268287        2.0479110461447654E-004
  0.33585595064571105       -4.5297425071958546E-003
  0.13748809610261176        3.3594982712548912E-003
   5.8703066418029359E-002  -1.0845568661108529E-002
  0.14417085153402764        2.4618362171800252E-002
  0.25934380003405694       -3.8686800322529163E-002
  0.21786537338724199        4.1191537438215890E-004
  0.21462337531094772        2.3041674179984772E-003
  0.13302498587571654       -2.7525199677435008E-004
   9.4425742456621331E-002  -1.2724938539822386E-003
  -5.5608070583311409E-002  -2.9124891541573404E-003
   8.8077445449119135E-002   1.6272398366837053E-003
  0.16178682177266848       -1.8118724865727565E-004
  0.92077491590594907       0.16537621692818413     
  0.92218088018004996       0.15934392381651821     
  0.90909457600747023        2.5444023499378923E-002
  0.93053298035303866       0.16245428121964881     
  0.89856634347362507       0.15838180996555629     
  0.93660916306124609       0.16540010551223430     
  0.25969277006466229       0.18163321329719903     
  0.31416139058516324       0.18364688198242726     
  0.30789646214281408       0.17466758563093754     
  0.31518726664307101       0.17416515867053778     
  -2.8170179829479891E-002  0.15282663361311893     
   8.0571908969081563E-002  0.18282056158905738     
   1.4594249106630708E-002  0.16106935157295429     
   9.7971457405979234E-003  0.15907872351079722     
   1.6103180655478944E-002  0.19583999216562853     
   1.5181636155853995E-002  0.15939434382024795     
  0.94728918716540456       0.19077796878947312     
  0.93340912972595602       0.19748407119543368     
  0.96497955949787473       0.19677924073786038     
  0.97204876781360516       0.19784547479312053     
  0.11862409474793137        7.1904269094688437E-003
  -4.8191678289990270E-002  -4.0428397746459149E-004
  -9.9699718896588130E-003   8.0264766956408590E-004
   5.2773855959275029E-002  -4.8977605447199585E-004
  -5.4299113236006002E-004  -4.6278575108834206E-003
  -7.7365540798619431E-002   6.6928927599418278E-002
   4.2418585815503965E-002   7.8420673010781289E-002
  -4.9502842222775234E-002   6.1524758571879119E-002
  -9.4534195284611058E-002   3.4345231023820519E-002
  -6.1747603590374456E-002  0.10812904251234406     
  -8.8260411809918657E-002   6.0545584113714725E-002
  0.32127046695026390       -1.9673738106778019E-003
  0.18206305647394630        3.1601492638171458E-003
  0.22949236945310941       -3.5944424831929598E-003
  0.28277861163433538       -4.0640839485871225E-003
  0.23403810691341792        8.8320842817718771E-003
  0.52399375270849580        6.7539068959038440E-002
  0.51710720132362220        5.4977674025444352E-002
  0.52608324321911626        5.8772998018942098E-002
  0.38521626535351461        7.7012684142695968E-003
  0.25007882451287372        2.1670522914370286E-003
  0.30255283603196964        1.8489583781809297E-003
  0.35269440907087984        4.0539128396376491E-003
  0.30629643526431721        1.1603254861881261E-002
  0.89206509376963594       0.15621543594884907     
  0.84969116847070758       0.16669204073483934     
  0.91165387512876994       0.15831919765343447     
  0.91069067417124205       0.15216228660618406     
  0.87376505590403508       0.14958327736875440     
  0.91411794427193227       0.15520144799549179     
  0.23798736517299870       -2.0566632077150596E-002
   7.4518022081404900E-002  -1.2701386721718732E-002
   3.3338466263781064E-002  -4.1639714671229781E-003
   8.7345219401409713E-002  -1.2944937963955926E-003
  0.16835669032347367       -5.6288340745692606E-003
  0.18958925458590831       -4.6381131940633384E-003
  0.38104097654232327        1.7706911728363754E-002
  0.25585388044413437        8.3064049308213578E-004
  0.21415391104302367       -9.0239836387568228E-003
  0.27556422260537339        2.1763725522982606E-002
  0.34018229473920164       -7.8960665841218552E-003
  0.53291814214814237        8.2147199687336817E-002
  0.47166729330562163       0.26215514191980205     
  0.52143100481559324       0.25579646739042927     
  0.47625446045768061       0.25371490527562868     
  0.94104775846938260       0.17979436456887404     
  0.91840535656885092       0.16086609414302988     
  0.90358681018615594       0.16159190962225733     
  0.93561039104036514       0.16379153790527184     
  0.91113273645324333       0.16523917677199620     
  0.94520227874019791       0.16719070424129434     
  0.36972982002380611       0.14616974875789149     
  0.44022230941546514       0.13480062142992202     
  0.39638576237420048       0.13244874296649659     
  0.34793696646765371       0.12622566330818735     
  0.36021260827710677       0.13218300977472652     
  0.43865534639617421       0.13403129489593524     
  0.52387772270060928       0.16718654530471480     
  0.40117132944748873        4.4968026919053892E-003
  0.33733388649088519        4.2981282663374643E-003
  0.29687930625803394        1.4764253058574511E-003
  0.28107430909140863        7.5457911314361602E-003
  0.35912472990711908        8.4268154823119001E-004
  -9.6418333539339818E-003  0.17457448895407282     
  -9.8466306978834073E-002  0.13731931094613789     
  0.17085453835517822       -6.3980360992366920E-003
  -2.4594280710830418E-002  -2.4152062409891399E-004
  -6.2143346068128769E-002  -1.6801410417189593E-004
  -1.2193219400821076E-002   3.3360350109583664E-003
   7.8177682388895775E-002   4.1850298004085691E-003
  0.52003243634182961       0.15366162381360923     
  0.43766679387113144        9.2524625267465410E-002
  0.49044504311809950       0.11551612918117631     
  0.43131534473779604       0.16378948154012907     
  0.43932140188356150       0.16060041294835464     
  0.81736270066281946        8.7806748522432240E-002
  0.72028604587302203        4.9557197440978550E-002
  0.63533123381998080        3.7410694713585532E-002
  0.69959695611999950        4.7976232722304335E-002
  0.76518199034115864        6.5191784758076146E-002
  0.72367671133322431        6.2451256859090268E-002
  0.80581199434700168        8.2339747719577638E-002
  0.22167271996783988        1.8039901042231622E-002
  0.15802461582083102        9.4478455624341824E-003
  0.12275563314203328        7.0401137222157381E-004
  0.19490283926598398        6.7728585436055448E-003
  0.35988231918180913       0.15502508079457533     
  0.43082361689690873       0.15193625256534618     
  0.38592795780110062       0.14234849483706394     
  0.32607112614478378       0.14808115052818685     
  0.34909899843784503       0.15622842766649297     
  0.44029596898535983       0.16013105653987095     
  0.64129194785747501       0.24981006337795672     
  0.71859001334698702       0.23712981313967793     
  0.67809982805875579       0.27819200677065820     
  0.70563425979701222       0.24906902391523478     
  0.64176069186851159       0.25112652606919900     
  0.77229807930150440       0.25379079357669648     
  0.74337064769841521       0.23963081729763375     
  0.98725661159148670       0.20000990441896402     
  0.97516988374130831       0.18849306004408550     
  0.96308958513958709       0.20000520977718561     
  0.98555645148083393       0.19102871679253400     
  0.98939296889452111       0.19544743668399317     
  0.92780403485178709       0.21606207179078721     
  0.91387406284886952       0.22397928138036893     
  0.94804280737538482       0.21680856679272215     
  0.95418481901072705       0.23013724365828847     
  0.84361061163404116       0.24713170551468802     
  0.88578068405082100       0.23721193722235798     
  0.57260533515717693        1.8930705919911962E-002
  0.51036755005982259        1.1916057871492762E-002
  0.61385818076022192        2.6299998063288428E-002
  0.45938353670533977        3.0246794274645942E-002
  0.58297647264688279        1.8192433725313806E-002
  0.62667194389191128        2.2596442649661611E-002
  0.52616689608125933        3.6811161512725413E-002
  0.66021896356080656        1.8706940296745276E-002
  0.72057385683466668        4.3737613825485785E-002
  0.65294974145863061        5.4220707082015401E-002
  0.68854992360931311        2.2100578287264510E-002
  0.57054324745867202        3.8172727753038857E-002
  0.57778271348410681        3.4166946097695702E-002
  0.66498503255334007        3.9101947776732475E-002
  0.72404176324654146        3.1988908536078074E-002
  0.65931281272670861        1.7970343024593889E-002
  0.76025520571999206        4.5846785742042269E-002
   4.2789719835359064E-002   4.4944733756782226E-003
  -5.0730523733056032E-002   9.7886086240164469E-004
  0.31507093483713328       -6.6559077245274684E-002
  0.16947189547219715        1.2596067335274474E-002
  0.12021899307569250        7.0879289311199635E-003
  0.18207165340389664        6.6438648602652759E-003
  0.25959135037810882       -5.4175284405365660E-003
  0.27073690405084205        2.9433060817074527E-002
  0.86972639574498944       0.16996716393424466     
  0.85369201454448318       0.16878339842997775     
  0.89959544679955605       0.17779457800968479     
  0.91476565398170795       0.19331008144297543     
   1.9646317441804284E-002   2.5771873650454365E-003
  -5.9649294959044752E-002  -1.3529777179666987E-003
   2.6909929530961274E-002   7.6328347695225137E-004
  0.13481385434844467        2.6846181032148721E-003
  -2.3621403812282005E-002   1.0945867007753183E-002
  -4.3983612499088776E-002   2.3432810183311586E-003
  -3.4285235820945004E-003  -3.2395965922499021E-004
   6.4390513363039747E-002  -4.8797874420135490E-003
   1.0509442139919278E-002  -5.2858658594888007E-004
  -2.7598838354471050E-002   1.0429660983790989E-003
  0.48428171881601167       -6.5629287989389468E-002
  0.36526224873639412        3.7236779886469638E-002
  0.31429765887140132        2.3331244339242788E-002
  0.38916936289095827        5.3890500421188120E-002
  0.45191202981801670       -2.5957776823408510E-002
  0.58429682262211502        1.1119219847883991E-003
  0.47602895097419445        4.7128949035861690E-003
  0.66845626097693067        8.2660410074114427E-002
  0.48920416249684001        5.3228857593158180E-002
  0.59368825862260644        7.3020605151964693E-002
  0.64742568616357410        7.8166746204510071E-002
  0.59485704220912172        9.1071406014058096E-002
  0.73184586910969363        9.4915412526753465E-002
  0.79010550647145261       0.12187381817133008     
  0.29301192111627850        9.4451464532240188E-003
  0.15610676843513691        1.1453759532210719E-003
  0.20177525581701450        3.0972946582373577E-004
  0.25376935455873617        4.0459565148590155E-003
  0.20634863726995947       -2.9440414659286200E-003
  0.40830739967465640       0.24900590984499346     
  0.29922111696201709       0.22365486852961142     
  0.57330761759769799       0.31946926041257023     
  0.45641871555162172       0.23657501750403848     
  0.31030324829201406       0.27576256098499924     
  0.41972785187871836       0.24673764574183799     
  0.41351022545090038       0.23544226493101264     
  0.65335864243142372       0.16105346369551943     
  0.56425758846752494       0.27503329833987039     
  0.42376821139034515       0.28070750620823104     
  0.62988985281738286        9.1890626038973619E-002
  0.58830167599096128        8.9232693140954458E-002
  0.54275724815389248        7.9305013365230340E-002
  0.69233075356682594       0.10785865931896235     
  0.53394809695698076        9.8507271950027134E-002
  0.61271278445318966        8.8057338305888105E-002
  0.68728193060952447       0.10911163290952455     
  0.44785945461898435       -3.3425157168294802E-003
  0.35298300816532130       -3.8818913480724538E-003
  0.47054292687121396        8.9833006876898162E-003
  0.29352826719069686       -1.3661553311033220E-002
  0.41831545707818696       -8.8073565653271145E-004
  0.53009863705373361        4.9149835120062069E-003
  0.36253830952279009       -2.4785332552559099E-003
   4.9323902338405917E-002   5.4750847723127635E-004
  -5.9031027092836058E-002  -4.2505274616567703E-004
  -9.7836696016907143E-002  -1.3171948025796579E-003
  -9.9797095943962133E-002   8.3129325865411764E-004
  -1.4704264970294839E-002   1.6411836388117915E-003
  0.87300432647031789       0.13246439172701949     
  0.83753911882014087       0.11013581044319495     
  0.73287669516469456       0.11128465476742398     
  0.82009732068756724       0.11089543821439511     
  0.86260540786387097       0.11116968048219136     
  0.82770806900257810       0.10889889671508828     
  0.88067750200053974       0.12766311865842941     
  -8.0199667310501432E-002   1.8992592505824720E-003
  0.35007421264846261        5.5251441139887595E-003
  0.28399864561787042        4.3041167197905104E-003
  0.24496448047191877        1.1148198628110624E-003
   1.2654040710915415E-002  -1.3085628101525500E-003
  0.51095953584090392        6.9246880664974152E-003
  0.23340541716477239        5.5167347462069475E-003
  0.30758325695094951        2.1253009273816455E-003
  0.76994997739509063        8.4135536254450499E-002
  0.71554904727912794        8.2703558476082906E-002
  0.76642266474879417        7.5380639790021020E-002
  0.74665027918225613        5.4533390711802091E-002
  0.78545244184677632        6.4489324284025470E-002
  0.73073798509729126        7.1651545479248444E-002
  0.80491270654541625        9.0258191014254516E-002
  0.98367527363183926       0.22177906897442204     
  0.95945820001708415       0.19590597892690828     
  0.94615063918031916       0.20224077677783442     
  0.97416393700092307       0.19946131417052668     
  0.96262518385155227       0.21899558070053621     
  0.98003870024307749       0.20788173597004292     
  0.22299606567243965        2.4799101011279450E-002
   7.2010499247582627E-002   8.4751966823167141E-004
   3.9021749218426827E-002  -1.8370760649632202E-002
   8.7715591657148761E-002  -1.0370612665447969E-002
  0.15972137845840118       -6.4404368176136234E-003
  0.20897605685101439        2.5476774128805581E-002
  0.35075360497864777        1.9621664489074078E-003
  0.25061509994882070       -8.6461834010806492E-004
  0.19811380063925915       -6.8462720169913715E-004
  0.16785135411937693        3.7369930714168309E-003
  0.26543130764964584        8.6660225717047866E-004
  0.31284912834016154       -5.3442707312885435E-003
  0.18310195426500214        3.7478703672659777E-002
  0.15590836551756060       -2.1772687804446937E-003
  0.20718033911414169        1.0759656352642602E-003
  0.26828851061172626        4.2652573153633314E-002
  0.32858425992471918       -3.3462569972034603E-002
   2.1338616656633724E-003  -5.4098435224847240E-003
  -5.4582469216498952E-002   1.0679439633908623E-003
  -6.5664465183609466E-002   8.8012785027625573E-004
   2.4268382881214023E-002   8.7154376573935952E-004
