 cosx vtec
  0.11332340168366617       -9.6162401822252549E-004
   5.5002371143740791E-002  -3.1685733285309186E-004
  0.18710275547437721        1.2930267714109428E-003
  0.14313972300786326        7.5567409252068395E-005
   8.1874254225235032E-002   3.9073304018642291E-003
   4.5584453336365238E-002  -7.3190681211835254E-004
   8.7797110338023898E-002  -5.0381838196475351E-004
  -2.0500113606752857E-004  -1.4334823602417959E-004
  -6.3706887456450367E-002   9.1280395362138908E-005
   7.1642302116353029E-002   2.6484931139093269E-003
  -6.1364465707935106E-002   2.4790802105653944E-003
   3.1425913298233632E-002  -1.5515789069554193E-003
  -3.4013234738658915E-002  -3.5281456368758475E-003
  -7.0024728627533173E-002  -1.1035258684171378E-003
  -3.0001098414486116E-002   4.7901094501673130E-004
  0.37049701283318343       0.10729922832570163     
  0.40476064763694258       0.12261495911962182     
  0.30996509663267457       0.10407521999405821     
  0.31918094533719510        7.9455081797138630E-002
  0.36761024888885618       0.11227182130513493     
  0.72204474972467969       0.23299099210043162     
  0.73228291493110886       0.23848472930534723     
  0.63644750210000200       0.24579306243113461     
  0.66416670987390658       0.24387617783107565     
  0.71199968889726195       0.23595003965126718     
  0.22186684433177167       0.24536648206127828     
   8.6135730445360104E-002  0.18116790074331321     
   6.5688220828010846E-002  0.18711093450550123     
   8.9055933697623157E-002  0.18987606643068172     
   8.8581835924537389E-002  0.21150504713415480     
   2.5008722284426133E-002  0.18739092016021178     
  0.10842009695151561       0.18751340178758585     
   5.1717470774305691E-002   1.7863194930720187E-002
   6.8657613103616510E-002   1.9575283317887330E-002
   8.8923721001181108E-004   3.0287222014354839E-002
  -2.4944771938951220E-002   1.6668697761839574E-002
   6.8205128036538706E-002   2.5127913673000962E-002
  -5.6964362396840273E-002   1.0602088710713380E-002
  -7.0107955146973405E-003   1.3917213258329682E-002
  0.58369553833375565       0.18163321329719903     
  0.59609319213784517       0.18364688198242726     
  0.51718801024924110       0.17466758563093754     
  0.57109834472154497       0.17416515867053778     
  0.64874788158355046       0.15282663361311893     
  0.71646450941890694       0.18282056158905738     
  0.66995473183800924       0.16106935157295429     
  0.59614658015792676       0.15907872351079722     
  0.77530468612176429       0.19583999216562853     
  0.60234915632910857       0.15789407856856472     
  0.64982196424814420       0.15939434382024795     
  0.61768859357243788        5.2849905566731969E-002
  0.52724185697423653        3.8106920053663500E-002
  0.66101398566592495        6.3276848475789002E-002
  0.70842069193460633        7.0919116972806243E-002
  0.63982718576138964       0.10519336145341916     
  0.57722285158185060        5.0497807114577992E-002
  0.78925835656314436       0.10388572255787835     
  0.49208679410940437        5.3512534605510184E-002
  0.69877513559900195        7.5890816554633062E-002
  0.60117687138455289        6.5135368128468984E-002
  0.57886029602669631        6.0586009130342254E-002
  -1.8608464682628556E-002  0.19077796878947312     
  -4.4349176889580233E-002  0.19748407119543368     
   1.0668812450021437E-002  0.19677924073786038     
   3.2676417063135843E-002  0.19784547479312053     
   9.4675677153945703E-002  -1.1004490245101013E-003
   3.7934057119571707E-002  -8.3599036980587562E-005
  0.20441947702874580       -7.6881997226430749E-004
  0.15188433734819096       -1.8436084074217239E-004
   6.2212609624687221E-002   8.0550389157429145E-004
   1.4563675755031869E-002   9.8471546486337408E-004
   8.0524955025031930E-002  -6.6271548454806327E-004
  0.21673698879926076        5.8068373183961623E-002
  0.22493474387130502        6.6928927599418278E-002
  0.16547788705162636        7.8420673010781289E-002
  0.14367667088571734        6.1524758571879119E-002
  -2.5739383554352291E-002   3.4345231023820519E-002
  0.22769042680209325        6.3733997491919478E-002
   9.8796484071190113E-002   4.5257741978062357E-002
  0.39668298080120790       0.10812904251234406     
  0.16246760318638423        6.0545584113714725E-002
  0.62710364219461667        9.8655685494388690E-002
  0.72935428641163358       0.13308650335389738     
  0.55050226772829114        5.5964969898950119E-002
  0.65579845979393192       0.10687066290385225     
  0.57696887854875667       0.10745699758102502     
  0.75003648811256751       0.13555866064375602     
  0.58368090711227327        9.3728464902475037E-002
  0.63568332839712594       0.10544067617861003     
  0.51411047974745472        4.4498150413293282E-003
  0.44240218298919159        1.7487307358282290E-002
  0.57619750480118570        4.1352447010887541E-002
  0.59751650887036045        2.9894771136291815E-002
  0.53997872083325138        4.3363388991551628E-002
  0.48042930191878391       -3.1374722056225199E-002
  0.71411121575422742        4.4487769866509388E-002
  0.40868124133423567        9.1331953273705319E-003
  0.61873053672053369        3.6179897849154104E-002
  0.50088044864562109        1.7362169594392445E-002
  0.47593187305863593        2.1612762921603676E-002
  0.14999742962231821        3.9713315750270527E-003
  -2.9510542960948849E-002   1.5067994553094507E-004
   7.8205005798165805E-002  -6.6718014027117778E-004
   8.9769035683470028E-002   4.4953568808341338E-003
   9.2188788529951382E-002  -1.1062818537919612E-003
  0.18468123996442845       -4.5443046438902509E-003
  0.55133013704580336        6.7539068959038440E-002
  0.46020467559268069        5.4977674025444352E-002
  0.52076095790358701        5.8772998018942098E-002
  0.17538147315397484        1.2428388263224378E-003
  0.11945940365050167       -2.6804108066335843E-004
  0.26261361871975636        5.3309663252945824E-003
  0.20669828031795084       -1.7674594537552189E-004
  0.14522584767927715        1.4058700887975260E-003
  0.10604702789812437        3.4385848994467221E-003
  0.41324069055025681        7.1561491682741601E-004
  0.17802457459427878       -1.9313477136490538E-003
  0.15128224973357074        4.6256906650562378E-004
  0.87199403640146134       0.26215514191980205     
  0.88899317618900353       0.25579646739042927     
  0.89694841118946733       0.25371490527562868     
  0.13101378708974429       0.14616974875789149     
   4.8657605106410040E-002  0.13480062142992202     
   3.1176289276711178E-002  0.13244874296649659     
   4.7925327873068857E-002  0.13218300977472652     
  -1.9130567884712985E-002  0.13403129489593524     
   8.8368915091399075E-002  0.16718654530471480     
  -4.8880264089836867E-002  -3.0777218663015225E-003
  -9.2585021519917321E-002  -2.2641791912794453E-003
  0.74309150101697985       0.13828575727672404     
  0.76567398125259556       0.13496985917050677     
  0.85423697761847517       0.17457448895407282     
  0.76055652067172108       0.13312764346030101     
  0.80103263349864440       0.13731931094613789     
  0.70224723728259697       0.14286392655987321     
  0.19217285843286838       0.15366162381360923     
  0.35197667580572789        9.2524625267465410E-002
  0.17265734694695778       0.11551612918117631     
  0.23206120987923312       0.16378948154012907     
  0.29962241877612178       0.16060041294835464     
  0.29828577217259428        7.8589178373334942E-004
  0.24052207054300800        8.1466062100912489E-003
  0.39717637174496800       -1.6584863994053397E-002
  0.41380134395209456       -1.3931294641972591E-003
  0.33070307394340992        5.5444735493517883E-003
  0.26823227030546754        9.1762047814772235E-003
  0.21825996600431347       -1.2828109273727184E-002
  0.48023958004238876        3.2156347579018912E-003
  0.28927705571358098       -1.6253284049114482E-003
  0.27026251244275534        7.0115968919918338E-003
  0.26469308942756214       0.15502508079457533     
  0.19709477701761996       0.15193625256534618     
  0.17899549962340172       0.14234849483706394     
  -1.1464881953156175E-002  0.14808115052818685     
  0.19594995214112476       0.15622842766649297     
  0.11381493787923547       0.16013105653987095     
  0.60891363664541065       0.24981006337795672     
  0.53657227633626925       0.23712981313967793     
  0.50338351428027073       0.27819200677065820     
  0.64848673449768368       0.24906902391523478     
  0.67366084034273177       0.25112652606919900     
  0.53643042816532815       0.25379079357669648     
  0.55921237820529701       0.23963081729763375     
   1.7347881966452039E-002  0.20000990441896402     
  -1.5285749240716517E-002  0.18849306004408550     
  -4.7225749592802457E-002  0.20000520977718561     
   1.5638680183192200E-002  0.19102871679253400     
   3.5674032951498347E-002  0.19544743668399317     
  0.13012956556224881       0.21606207179078721     
  0.10294737838331308       0.22397928138036893     
  0.16029091034023107       0.21680856679272215     
  0.18241908456821498       0.23013724365828847     
  0.80724633111027166       0.12439328161424504     
  0.84171734069458193       0.12268714835724899     
  0.87304034470450353       0.13250280893800487     
  0.91183754773887971       0.14929554268333578     
  0.82891066643324551       0.12294461422415401     
  0.90214224654874031       0.13888483793408246     
  0.86548944208389111       0.16177407630208820     
  0.75232345930841582       0.14745223535839036     
  0.67505886932508663       0.24713170551468802     
  0.60840356049173283       0.23721193722235798     
  -5.8893869638083685E-002  0.16996716393424466     
  -7.8960573407257595E-002  0.16878339842997775     
  -2.9910814495726967E-002  0.17779457800968479     
  -2.4430652934733788E-003  0.19331008144297543     
  0.24772017552880146        9.9820059252443555E-003
  0.17204133081340284       -3.7000416006854219E-004
  0.28524690377703110        1.8675346546876515E-002
  0.18519060561460229        1.4043305679535661E-002
  0.26889639051643577        1.3691458398637160E-002
  0.20793825838025320       -3.2657256707119119E-003
  0.16944772425939483        3.4037502207289396E-003
  0.41695111331272261        3.1281954673396055E-002
  0.21734914402136063        1.2257620280420930E-002
  0.70558547228116675        9.8461162684642806E-002
  0.79241559646049464       0.13174878465105111     
  0.62832356375520981        7.6485740926834231E-002
  0.73255488100805100       0.10454917800673171     
  0.65268182027636068       0.11754210326410783     
  0.79260764249767512       0.11888509311478077     
  0.66137134001675857        9.7090992999645923E-002
  0.71592625110279984       0.10509869906497141     
  0.93053094607332376       0.24900590984499346     
  0.99162969873894768       0.22365486852961142     
  0.83750736142353555       0.31946926041257023     
  0.94099802139224131       0.23657501750403848     
  0.94689274424296610       0.27576256098499924     
  0.96068793548805775       0.24673764574183799     
  0.94809739240457258       0.23544226493101264     
  0.83866262786954315       0.16105346369551943     
  0.88587768243534182       0.27503329833987039     
  0.96503864475407819       0.28070750620823104     
  0.86571954658080730       0.13561832585111258     
  0.90291371128572528       0.14488049082489490     
  0.91575774322449777       0.14099650179983431     
  0.94892892792031192       0.14005128467219471     
  0.88953066009927551       0.12712883641484735     
  0.93778015474651633       0.14563795754615758     
  0.91996059650228879       0.14434854905661090     
  -1.5769773157085054E-002  -1.3352013552095448E-003
  -2.9214292458294433E-003  0.22177906897442204     
  -3.5732597382541698E-002  0.19590597892690828     
  -6.3385791304778005E-002  0.20224077677783442     
  -6.0131910176180470E-003  0.19946131417052668     
  -9.4767469117584546E-002  0.21899558070053621     
   1.5188641515908374E-002  0.20788173597004292     
   6.1759898737108243E-002  -8.5020807505557317E-004
  0.11350175634633169       -1.5506346889086720E-004
   3.0177862736462058E-002  -5.1013352026934482E-003
  -1.2016861380591659E-002  -2.5845571095877728E-003
   5.1590985077171969E-002   4.6924016013175840E-003
  0.22026232944747154        8.3818313049875796E-003
  0.14295929377257799        2.6070822242617044E-003
  0.25698508294025962        1.8072617873496892E-002
  0.15944547475768217        1.3724598829335260E-002
  0.24143999496229743        1.3313824791760968E-002
  0.17970475245128797        2.0056339037771636E-004
  0.14159566486068353        4.3708906987681489E-003
  0.40224727168118402        3.5249432613144997E-002
  0.18879223072452578        1.1506305277751162E-002
