 cosx vtec
  0.57155893207539776        3.1388095203105523E-002
  0.44161850068769726        1.1266557126342261E-002
  0.49985215154225826        1.6147304182509994E-002
  0.54666836329811175        2.6590208887822465E-002
  0.48978230376078202        2.7965496839924199E-002
  0.68699584843111761        4.8858144319178523E-002
  0.18385664365090915       -1.2897270245265243E-003
   3.5375741462741750E-002  -1.5853890733796313E-003
  -5.1963359675900045E-003   2.7911010227498938E-003
  -2.7624526604465238E-002   1.3981685127904576E-003
   9.2246046289264638E-002  -5.1007868414364495E-003
  -9.1007008047805898E-002  0.10729922832570163     
  -4.5271895575497378E-002  0.12261495911962182     
  -3.8098899889958959E-002  0.10407521999405821     
  -4.0242063668305766E-002  0.11227182130513493     
  0.59436273337894308       0.23299099210043162     
  0.55169147456304923       0.23848472930534723     
  0.69608174795104460       0.24579306243113461     
  0.67969697043603794       0.24387617783107565     
  0.55749470807262458       0.23595003965126718     
  0.67542181654361788       0.24536648206127828     
  0.78383158108925510       0.18116790074331321     
  0.75068619524875890       0.18711093450550123     
  0.82561782188070243       0.18987606643068172     
  0.68328833404167222       0.21150504713415480     
  0.79010612253628187       0.18739092016021178     
  0.81102368049210782       0.18751340178758585     
  -3.1357992325153156E-002   3.0287222014354839E-002
  -2.2484159986585622E-003   1.0555076789434181E-002
   9.2483884974953023E-002  -2.7604670143527199E-003
   4.9139966405387814E-002  -1.1527491207212459E-004
  0.10069824455018872       -1.3811317215394021E-003
  0.20820245914792851        4.4922859168688416E-003
  0.21823528030860756       -1.2436391499969313E-003
  0.37573279721614661        2.0479110461447654E-004
  0.49431156089871015       -4.5297425071958546E-003
  0.30417465144653405        3.3594982712548912E-003
  0.23110914606840505       -1.0845568661108529E-002
  0.31344563724840013        2.4618362171800252E-002
  0.42307610000743912       -3.8686800322529163E-002
  0.38072958310005001        4.1191537438215890E-004
  0.31711097736449151        2.3041674179984772E-003
  0.23972016361346854       -2.7525199677435008E-004
  0.21149982475878723       -1.2724938539822386E-003
   5.5796565747700477E-002  -2.9124891541573404E-003
  0.18931029126220819        1.6272398366837053E-003
  0.27580930560012096       -1.8118724865727565E-004
  0.96769097365151424       0.16537621692818413     
  0.97512734075939300       0.15934392381651821     
  0.96757789781033754        2.5444023499378923E-002
  0.97790456656636604       0.16245428121964881     
  0.95654047647002771       0.15838180996555629     
  0.98011245615979570       0.16540010551223430     
  0.16077767377418042       0.18163321329719903     
  0.21390051927609555       0.18364688198242726     
  0.22145205703033613       0.17466758563093754     
  0.21934948718804051       0.17416515867053778     
  -4.4517166367714300E-002  0.18282056158905738     
  -9.5168446276765795E-002  0.15907872351079722     
  -9.9165310065975121E-002  0.15939434382024795     
  0.96518381767027450       0.19077796878947312     
  0.95562842022697614       0.19748407119543368     
  0.97798471840077195       0.19677924073786038     
  0.98128244604599246       0.19784547479312053     
  0.24460595717519404        7.1904269094688437E-003
   8.2844156234038346E-002  -4.0428397746459149E-004
  0.11906477276135635        8.0264766956408590E-004
  0.18086010425514978       -4.8977605447199585E-004
  0.11370427652539383       -4.6278575108834206E-003
   1.3894743778901320E-002   7.8420673010781289E-002
  -7.5600577112373710E-002   6.1524758571879119E-002
  -9.1453989086189097E-002   3.4345231023820519E-002
  0.44012829103151363       -1.9673738106778019E-003
  0.30858577856817682        3.1601492638171458E-003
  0.35252584981085572       -3.5944424831929598E-003
  0.40379392369721079       -4.0640839485871225E-003
  0.34182328691637637        8.8320842817718771E-003
  0.43486281686620959        6.7539068959038440E-002
  0.44393790718999082        5.4977674025444352E-002
  0.44237471229386371        5.8772998018942098E-002
  0.47300029412349831        7.7012684142695968E-003
  0.34676996372481222        2.1670522914370286E-003
  0.39451558509296364        1.8489583781809297E-003
  0.44244041828022695        4.0539128396376491E-003
  0.38571154522298434        1.1603254861881261E-002
  0.93783392809914246       0.15621543594884907     
  0.89935770841562379       0.16669204073483934     
  0.96401543979906001       0.15831919765343447     
  0.95670433163177482       0.15216228660618406     
  0.92961853859048560       0.14958327736875440     
  0.95636072992220433       0.15520144799549179     
  0.39722014681653706       -2.0566632077150596E-002
  0.24615214653778633       -1.2701386721718732E-002
  0.20096565366171948       -4.1639714671229781E-003
  0.25262773647288866       -1.2944937963955926E-003
  0.33112763642147836       -5.6288340745692606E-003
  0.35692148480060226       -4.6381131940633384E-003
  0.52641129842520640        1.7706911728363754E-002
  0.41840075745319216        8.3064049308213578E-004
  0.36972404119218061       -9.0239836387568228E-003
  0.42702971519001520        2.1763725522982606E-002
  0.48843919693704907       -7.8960665841218552E-003
  0.66660768326572029        8.2147199687336817E-002
  0.32518743948117662       0.26215514191980205     
  0.37272142905300604       0.25579646739042927     
  0.32544524139574366       0.25371490527562868     
  0.98544713357848268       0.17979436456887404     
  0.96861067240899534       0.16086609414302988     
  0.95795536634636402       0.16159190962225733     
  0.98081146426406796       0.16379153790527184     
  0.96879276279424320       0.16523917677199620     
  0.98630585038877994       0.16719070424129434     
  0.35233222990100632       0.14616974875789149     
  0.43843379628926687       0.13480062142992202     
  0.39700342785819476       0.13244874296649659     
  0.37131525926175146       0.12622566330818735     
  0.35731893733723236       0.13218300977472652     
  0.44879554446915126       0.13403129489593524     
  0.51637755305079946       0.16718654530471480     
  0.50859259606769458        4.4968026919053892E-003
  0.44839893288197658        4.2981282663374643E-003
  0.41916710848043576        1.4764253058574511E-003
  0.38473485222502746        7.5457911314361602E-003
  0.47678366091951374        8.4268154823119001E-004
  0.33251036989915228       -6.3980360992366920E-003
  0.14889409507961837       -2.4152062409891399E-004
  0.10675321711842078       -1.6801410417189593E-004
  0.15507932672258651        3.3360350109583664E-003
  0.24361005797122037        4.1850298004085691E-003
  0.49416951068473208       0.15366162381360923     
  0.38235552078178642        9.2524625267465410E-002
  0.46756679572336196       0.11551612918117631     
  0.39705042283655823       0.16378948154012907     
  0.39326712203863140       0.16060041294835464     
  0.90427435020073343        8.7806748522432240E-002
  0.81653299653152966        4.9557197440978550E-002
  0.74104245082474163        3.7410694713585532E-002
  0.79862610713497073        4.7976232722304335E-002
  0.85584545410631074        6.5191784758076146E-002
  0.82834222828757254        6.2451256859090268E-002
  0.88877641139896169        8.2339747719577638E-002
  0.28291172970926959        1.8039901042231622E-002
  0.22226250712460982        9.4478455624341824E-003
  0.19896806762545424        7.0401137222157381E-004
  0.26708575875513851        6.7728585436055448E-003
  0.31876154730177381       0.15502508079457533     
  0.40271663496475552       0.15193625256534618     
  0.36031977927501951       0.14234849483706394     
  0.33312286464736796       0.14808115052818685     
  0.31993314662184452       0.15622842766649297     
  0.42701959617965124       0.16013105653987095     
  0.54381700009749501       0.24981006337795672     
  0.63506324621269772       0.23712981313967793     
  0.59980050916040961       0.27819200677065820     
  0.60217409045757275       0.24906902391523478     
  0.53287629606368925       0.25112652606919900     
  0.68962485694241182       0.25379079357669648     
  0.65623410073204747       0.23963081729763375     
  0.99942772958986914       0.20000990441896402     
  0.99290873434364890       0.18849306004408550     
  0.98627396169042814       0.20000520977718561     
  0.99800272017697345       0.19102871679253400     
  0.99836564869493549       0.19544743668399317     
  0.91917154727761763       0.21606207179078721     
  0.90981963619343587       0.22397928138036893     
  0.93440427638032264       0.21680856679272215     
  0.93673924417168020       0.23013724365828847     
  0.73759356456187852       0.24713170551468802     
  0.79216730762364373       0.23721193722235798     
  0.68697783862839712        1.8930705919911962E-002
  0.62856175959540339        1.1916057871492762E-002
  0.73675099914855635        2.6299998063288428E-002
  0.59118068909351884        3.0246794274645942E-002
  0.71270606923949109        1.8192433725313806E-002
  0.74062060612640201        2.2596442649661611E-002
  0.65123199612967198        3.6811161512725413E-002
  0.76542930366967188        1.8706940296745276E-002
  0.82763464038792045        4.3737613825485785E-002
  0.76469264156134087        5.4220707082015401E-002
  0.80372164256528089        2.2100578287264510E-002
  0.70293125650172195        3.8172727753038857E-002
  0.70711297433725517        3.4166946097695702E-002
  0.78390028948967383        3.9101947776732475E-002
  0.83277748706797450        3.1988908536078074E-002
  0.77925921682908217        1.7970343024593889E-002
  0.86118185233516420        4.5846785742042269E-002
  0.17566454558083194        4.4944733756782226E-003
  -2.4365621031888496E-002   4.1619556586150374E-005
   1.1067673866976657E-002   1.0181072196445450E-004
   8.4334043693382765E-002   9.7886086240164469E-004
   8.6377974681536851E-003   1.4547404301936036E-003
  0.47102650213125230       -6.6559077245274684E-002
  0.33792547114976179        1.2596067335274474E-002
  0.28623370254838520        7.0879289311199635E-003
  0.34481424768454261        6.6438648602652759E-003
  0.41902878309289804       -5.4175284405365660E-003
  0.43365907322482844        2.9433060817074527E-002
  0.89352789967883639       0.16996716393424466     
  0.88078446377587860       0.16878339842997775     
  0.91874723407291259       0.17779457800968479     
  0.92930816066403910       0.19331008144297543     
  0.17170093439286704        2.5771873650454365E-003
  0.10513249683533610       -1.3529777179666987E-003
   3.3497989234105130E-002  -1.1808690353571833E-003
  -7.3410437642074278E-002   7.4402037411422828E-004
  0.18985663419001947        7.6328347695225137E-004
  0.27790795459576068        2.6846181032148721E-003
  0.14358167729703558        1.0945867007753183E-002
  0.10476748937758590        2.3432810183311586E-003
  0.14343310538958887       -3.2395965922499021E-004
  0.21003445203623622       -4.8797874420135490E-003
  0.13748152123570184       -5.2858658594888007E-004
   3.7685348663528323E-002   1.0429660983790989E-003
  -8.3783084775082978E-002  -3.9392958123306140E-003
  0.61994882268606144       -6.5629287989389468E-002
  0.52033178097798460        3.7236779886469638E-002
  0.46273598444671787        2.3331244339242788E-002
  0.53166903440978863        5.3890500421188120E-002
  0.59039209890173650       -2.5957776823408510E-002
  0.71107656648651352        1.1119219847883991E-003
  0.61934830055197443        4.7128949035861690E-003
  0.73856724603932089        8.2660410074114427E-002
  0.57879732864286260        5.3228857593158180E-002
  0.67089728427650352        7.3020605151964693E-002
  0.71987671543703757        7.8166746204510071E-002
  0.65583613029612131        9.1071406014058096E-002
  0.79650295107836522        9.4915412526753465E-002
  0.84573461374678360       0.12187381817133008     
  0.38881442026040369        9.4451464532240188E-003
  0.25917150034425818        1.1453759532210719E-003
  0.30120971875263564        3.0972946582373577E-004
  0.35148325071432490        4.0459565148590155E-003
  0.29343506691236765       -2.9440414659286200E-003
  0.25052848104679420       0.24900590984499346     
  0.12898600854206066       0.22365486852961142     
  0.43447666030032334       0.31946926041257023     
  0.29753636336038031       0.23657501750403848     
  0.14812743180945998       0.27576256098499924     
  0.25680762105432448       0.24673764574183799     
  0.25271413025333977       0.23544226493101264     
  0.51555889601976235       0.16105346369551943     
  0.41675802710975951       0.27503329833987039     
  0.26014316215121552       0.28070750620823104     
  0.68800584079146498        9.1890626038973619E-002
  0.64907129784527906        8.9232693140954458E-002
  0.61936392770518844        7.9305013365230340E-002
  0.74989414981808578       0.10785865931896235     
  0.58903863913364285        9.8507271950027134E-002
  0.67969700773814312        8.8057338305888105E-002
  0.73996143148154991       0.10911163290952455     
  0.58152118963714827       -3.3425157168294802E-003
  0.49229833356138114       -3.8818913480724538E-003
  0.61511891508085015        8.9833006876898162E-003
  0.44599073998409655       -1.3661553311033220E-002
  0.56895142321017222       -8.8073565653271145E-004
  0.66285444052490805        4.9149835120062069E-003
  0.51008611950417715       -2.4785332552559099E-003
  0.13383578324369858        5.4750847723127635E-004
   3.0188958447862013E-002  -4.2505274616567703E-004
   1.9383287060721899E-003  -1.3171948025796579E-003
  -1.4905178372623062E-002   8.3129325865411764E-004
   8.3648803606728328E-002   1.6411836388117915E-003
  0.94440789849990736       0.13246439172701949     
  0.91556627651492928       0.11013581044319495     
  0.82738471180736539       0.11128465476742398     
  0.90166345388766067       0.11089543821439511     
  0.93547432587234192       0.11116968048219136     
  0.91234489322060985       0.10889889671508828     
  0.94837191456117242       0.12766311865842941     
   1.2741087110795635E-002   9.8087097748654267E-004
  -3.0007277502888952E-002   9.4037645013731136E-004
  -5.1577708591725613E-002  -1.1549248023281166E-003
   5.7314558305098351E-002   1.8992592505824720E-003
  0.45465600272681544        5.5251441139887595E-003
  0.39225038494624648        4.3041167197905104E-003
  0.36410206272959639        1.1148198628110624E-003
  0.12770208316989903       -1.3085628101525500E-003
  0.61200060239465992        6.9246880664974152E-003
  0.33519274728418552        5.5167347462069475E-003
  0.42251871098110627        2.1253009273816455E-003
  0.86250549030690737        8.4135536254450499E-002
  0.81206694408693569        8.2703558476082906E-002
  0.86590586470399789        7.5380639790021020E-002
  0.85077671223118645        5.4533390711802091E-002
  0.87877728449060832        6.4489324284025470E-002
  0.83418325187519549        7.1651545479248444E-002
  0.89240626273440604        9.0258191014254516E-002
  0.99936517026546123       0.22177906897442204     
  0.98056000375430119       0.19590597892690828     
  0.97192315672609375       0.20224077677783442     
  0.99025226703156433       0.19946131417052668     
  0.99418528430215725       0.21899558070053621     
  0.99247920273182233       0.20788173597004292     
  0.37754232311528840        2.4799101011279450E-002
  0.24196333482882093        8.4751966823167141E-004
  0.20106871676293103       -1.8370760649632202E-002
  0.24742821443969010       -1.0370612665447969E-002
  0.31733939707360159       -6.4404368176136234E-003
  0.37378472379597238        2.5476774128805581E-002
  0.48375202181775989        1.9621664489074078E-003
  0.38943239974014882       -8.6461834010806492E-004
  0.34862706642670427       -6.8462720169913715E-004
  0.29331321227997631        3.7369930714168309E-003
  0.41212064823294359        8.6660225717047866E-004
  0.45584694652608992       -5.3442707312885435E-003
  0.34713805600298275        3.7478703672659777E-002
  0.30718788007536713       -2.1772687804446937E-003
  0.35522745666276018        1.0759656352642602E-003
  0.41392741080632667        4.2652573153633314E-002
  0.48287751216091107       -3.3462569972034603E-002
  0.14249287232225655       -5.4098435224847240E-003
   9.6684729110449896E-002   1.0679439633908623E-003
  -4.9120747761632610E-002  -1.1953104522261194E-003
   6.4803083590496136E-002   8.8012785027625573E-004
  0.17370483665446351        8.7154376573935952E-004
