 cosx vtec
  0.30509669828360642       -9.6162401822252549E-004
  0.24968729952775953       -3.1685733285309186E-004
  0.36943537981403418        1.2930267714109428E-003
  0.33192774571536665        7.5567409252068395E-005
  0.27714549664493698        3.9073304018642291E-003
  0.23868059761955346       -7.3190681211835254E-004
  0.27422737965171790       -5.0381838196475351E-004
  0.18749610541874290       -1.4334823602417959E-004
  0.12621046199400485        9.1280395362138908E-005
  0.24837612261275568        2.6484931139093269E-003
  0.10776135524523062        2.4790802105653944E-003
  -4.1668518330849197E-002   4.0766235908728171E-004
  0.21542214587963943       -1.5515789069554193E-003
  0.15946274474267411       -3.5281456368758475E-003
  0.11654324979141378       -1.1035258684171378E-003
  0.14957388282436890        4.7901094501673130E-004
  0.29913497056117122       0.10729922832570163     
  0.32546336424681971       0.12261495911962182     
  0.22809854716477884       0.10407521999405821     
  0.25932109381998097        7.9455081797138630E-002
  0.28678359141258530       0.11227182130513493     
  0.57013705210411603       0.23299099210043162     
  0.58390761393200519       0.23848472930534723     
  0.46989782216775305       0.24579306243113461     
  0.50182380935527449       0.24387617783107565     
  0.56058787558821987       0.23595003965126718     
  0.15725711695834968       0.24536648206127828     
  -2.8712108172658790E-003  0.18116790074331321     
  -1.3277110565311279E-002  0.18711093450550123     
  -1.2528464837309294E-002  0.18987606643068172     
   2.7101970297597033E-002  0.21150504713415480     
  -6.4115167498018322E-002  0.18739092016021178     
   1.0604788918001817E-002  0.18751340178758585     
  0.19200531455535194        1.7863194930720187E-002
  0.18514938614126081        1.9575283317887330E-002
   9.3280469263380211E-002   3.0287222014354839E-002
   8.6498029173305402E-002   1.6668697761839574E-002
  -2.5207544221389853E-002   1.3116161486377044E-002
  0.19503967185731172        2.5127913673000962E-002
   7.5152380192897703E-002   1.0602088710713380E-002
  0.11114485223429740        1.3917213258329682E-002
  -4.2268427170874305E-002   1.0555076789434181E-002
  0.47402064679144712       0.18163321329719903     
  0.47854547177945383       0.18364688198242726     
  0.39528240515221352       0.17466758563093754     
  0.45158686917363389       0.17416515867053778     
  0.59649100484342199       0.15282663361311893     
  0.64962381111608170       0.18282056158905738     
  0.61121528471299968       0.16106935157295429     
  0.53204108747681633       0.15907872351079722     
  0.72750821142326949       0.19583999216562853     
  0.56234548565014053       0.15789407856856472     
  0.58914398614563479       0.15939434382024795     
  0.76163067875907442        5.2849905566731969E-002
  0.68599747607083283        3.8106920053663500E-002
  0.79462442133953659        6.3276848475789002E-002
  0.83337724204939601        7.0919116972806243E-002
  0.77910920108752235       0.10519336145341916     
  0.72838646486699976        5.0497807114577992E-002
  0.89525022184732239       0.10388572255787835     
  0.65440939900519013        5.3512534605510184E-002
  0.82643914332545410        7.5890816554633062E-002
  0.74448745328568544        6.5135368128468984E-002
  0.72257831796531025        6.0586009130342254E-002
  0.27839995096656611       -1.1004490245101013E-003
  0.22235803555382966       -8.3599036980587562E-005
  0.36752434278197327       -7.6881997226430749E-004
  0.33687203991836168       -1.8436084074217239E-004
  0.24364073601509911        8.0550389157429145E-004
  0.20336883183036136        9.8471546486337408E-004
  0.25567269261134579       -6.6271548454806327E-004
  0.34226276360659191        5.8068373183961623E-002
  0.32561010865831530        6.6928927599418278E-002
  0.24528086446242070        7.8420673010781289E-002
  0.24003236121688498        6.1524758571879119E-002
   7.7621666484439328E-002   3.4345231023820519E-002
  0.33791027058432882        6.3733997491919478E-002
  0.22088101267044885        4.5257741978062357E-002
  0.49138937271545091       0.10812904251234406     
  0.26548444150905132        6.0545584113714725E-002
  0.62126375262089484        9.8655685494388690E-002
  0.70465355509528294       0.13308650335389738     
  0.58340881252565335        5.5964969898950119E-002
  0.64323116747432552       0.10687066290385225     
  0.55771962944513309       0.10745699758102502     
  0.74710155119781030       0.13555866064375602     
  0.58662507251582074        9.3728464902475037E-002
  0.62096696234202153       0.10544067617861003     
  0.67410910179150818        4.4498150413293282E-003
  0.61117117772744434        1.7487307358282290E-002
  0.72747212827013363        4.1352447010887541E-002
  0.73932232775949125        2.9894771136291815E-002
  0.69672615194998833        4.3363388991551628E-002
  0.64351930479432373       -3.1374722056225199E-002
  0.83333608040669982        4.4487769866509388E-002
  0.58232803120238374        9.1331953273705319E-003
  0.76262362483225221        3.6179897849154104E-002
  0.65663139066572795        1.7362169594392445E-002
  0.63909468875907116        2.1612762921603676E-002
  0.18599326774364938        3.9713315750270527E-003
   5.1714554772205878E-003   1.5067994553094507E-004
  0.13627208409403058       -6.6718014027117778E-004
  0.11264229668469894        4.4953568808341338E-003
  0.13471417957374587       -1.1062818537919612E-003
  0.20643744914917056       -4.5443046438902509E-003
  0.40040076259523355        6.7539068959038440E-002
  0.30453909396250328        5.4977674025444352E-002
  0.36752075246238003        5.8772998018942098E-002
  0.36793169457665764        1.2428388263224378E-003
  0.31492593468023361       -2.6804108066335843E-004
  0.44677690904138334        5.3309663252945824E-003
  0.39694038094084011       -1.7674594537552189E-004
  0.33955298299681314        1.4058700887975260E-003
  0.30163038452166357        3.4385848994467221E-003
  0.58562117245876633        7.1561491682741601E-004
  0.36773236385911290       -1.9313477136490538E-003
  0.34129694717163617        4.6256906650562378E-004
  0.82789687805360268       0.26215514191980205     
  0.82735289578088955       0.25579646739042927     
  0.84652025733814151       0.25371490527562868     
  0.14560797450801771       0.14616974875789149     
   4.6916219052587388E-002  0.13480062142992202     
   3.8944000385101624E-002  0.13244874296649659     
  -8.6605245664191477E-002  0.12622566330818735     
   6.3821560466810756E-002  0.13218300977472652     
  -2.1719364796338181E-002  0.13403129489593524     
   6.7877940785286306E-002  0.16718654530471480     
   5.0984719403824597E-002   4.5253359407055623E-004
  -2.1306177047593439E-002   9.6129781111855802E-004
  0.11954064481119775       -3.0777218663015225E-003
  -3.1902674579717544E-002   1.1174027867113141E-003
   8.4589416326682099E-002  -2.2641791912794453E-003
   2.1649064545177565E-002  -1.7650548315984085E-003
  -3.1134150390201509E-002   8.1385757764911872E-004
   1.2734949658230466E-003  -4.3943034735775886E-004
  0.84020931231984008       0.13828575727672404     
  0.84497228563670879       0.13496985917050677     
  0.90881344118730123       0.17457448895407282     
  0.84686587275280334       0.13312764346030101     
  0.87581244049825724       0.13731931094613789     
  0.78960752798422384       0.14286392655987321     
   2.6013159258215124E-002  0.15366162381360923     
  0.20211220798729104        9.2524625267465410E-002
   1.0007817925735102E-002  0.11551612918117631     
   7.9047517596337866E-002  0.16378948154012907     
  0.14755855460587949       0.16060041294835464     
  -5.1603984458404945E-002  -2.8915610890522516E-003
  0.48069530495124768        7.8589178373334942E-004
  0.42680407280873894        8.1466062100912489E-003
  0.57215886349857792       -1.6584863994053397E-002
  0.57640402906857857       -1.3931294641972591E-003
  0.51122275863899458        5.5444735493517883E-003
  0.45138683517848888        9.1762047814772235E-003
  0.40742175526957469       -1.2828109273727184E-002
  0.64452304997210108        3.2156347579018912E-003
  0.46623312342807127       -1.6253284049114482E-003
  0.45567154919864450        7.0115968919918338E-003
  0.28119298784214442       0.15502508079457533     
  0.19847166148632941       0.15193625256534618     
  0.19022358771537295       0.14234849483706394     
   1.0839604044477813E-002  0.14808115052818685     
  0.21508083629893110       0.15622842766649297     
  0.11277974870358420       0.16013105653987095     
  0.54923191845077191       0.24981006337795672     
  0.46007438941837830       0.23712981313967793     
  0.43963544249447883       0.27819200677065820     
  0.56782955534652058       0.24906902391523478     
  0.60896404841513707       0.25112652606919900     
  0.44413453178260121       0.25379079357669648     
  0.47419838428113914       0.23963081729763375     
  -6.9719784778386029E-002  0.21606207179078721     
  -9.7308119771234602E-002  0.22397928138036893     
  -3.8241607991650217E-002  0.21680856679272215     
  -1.5294322585392095E-002  0.23013724365828847     
  0.90756138918385387       0.12439328161424504     
  0.92755450419036511       0.12268714835724899     
  0.95216356462819707       0.13250280893800487     
  0.97312132457341316       0.14929554268333578     
  0.92127160836099753       0.12294461422415401     
  0.97002094555463658       0.13888483793408246     
  0.94585267326552958       0.16177407630208820     
  0.85369675069337048       0.14745223535839036     
  0.53050941663108608       0.24713170551468802     
  0.45820029510832838       0.23721193722235798     
  -4.3496476689175445E-003   1.2527483998860428E-003
   6.9422126003796658E-002  -1.7301745083221845E-004
  -4.3214725741927140E-002  -3.1242440398636237E-003
  -7.7886321055290086E-002  -1.7347450135841900E-003
  -6.8451504050878742E-003   2.6230552523900720E-003
  0.41441843987170834        9.9820059252443555E-003
  0.34707458355322096       -3.7000416006854219E-004
  0.43985583567666753        1.8675346546876515E-002
  0.33423528290400317        1.4043305679535661E-002
  0.43005120191790364        1.3691458398637160E-002
  0.38782209608743223       -3.2657256707119119E-003
  0.33834034116358236        3.4037502207289396E-003
  0.56390294099444682        3.1281954673396055E-002
  0.37529510612752714        1.2257620280420930E-002
  0.71447473023752894        9.8461162684642806E-002
  0.78374717718865450       0.13174878465105111     
  0.67276945585998116        7.6485740926834231E-002
  0.73476693437494478       0.10454917800673171     
  0.64527220757310588       0.11754210326410783     
  0.80324204051556636       0.11888509311478077     
  0.67934929544992029        9.7090992999645923E-002
  0.71558282921596505       0.10509869906497141     
  0.89008051159844059       0.24900590984499346     
  0.94807421533291181       0.22365486852961142     
  0.77149175258370462       0.31946926041257023     
  0.88270809656086002       0.23657501750403848     
  0.92607938809572043       0.27576256098499924     
  0.90447286865061960       0.24673764574183799     
  0.90046707242621848       0.23544226493101264     
  0.74454907315661478       0.16105346369551943     
  0.81099389412633838       0.27503329833987039     
  0.90175937473844769       0.28070750620823104     
  0.94812547139816983       0.13561832585111258     
  0.96856314146006062       0.14488049082489490     
  0.97461230546505773       0.14099650179983431     
  0.99267470572446070       0.14005128467219471     
  0.96234558889180799       0.12712883641484735     
  0.98740735182124295       0.14563795754615758     
  0.97949237933504774       0.14434854905661090     
   4.5196085831667288E-002   8.4916412160106983E-004
  -1.7263203566977525E-002  -5.4668864384596884E-005
  0.17045174002009711       -1.3352013552095448E-003
   9.0416238788265602E-002  -3.3303824079798957E-003
   1.2128204302580381E-002   2.9710001599958600E-004
  -2.7430279598456841E-002   4.4567733278943306E-004
   9.7558289179332514E-003  -2.3710797897497052E-003
  0.25295357107546873       -8.5020807505557317E-004
  0.30512193350138472       -1.5506346889086720E-004
  0.21977985792409116       -5.1013352026934482E-003
  0.18255794783894180       -2.5845571095877728E-003
  0.23526565995802817        4.6924016013175840E-003
  0.38570266526173563        8.3818313049875796E-003
  0.31673814665041505        2.6070822242617044E-003
  0.40983111532253569        1.8072617873496892E-002
  0.30691436039748349        1.3724598829335260E-002
  0.40102550524353953        1.3313824791760968E-002
  0.35982442250990465        2.0056339037771636E-004
  0.30849346205433520        4.3708906987681489E-003
  0.54719579455540923        3.5249432613144997E-002
  0.34475822354226549        1.1506305277751162E-002
