 cosx vtec
  -6.6133776053259125E-002   4.8858144319178523E-002
  -7.4088656178901480E-002   1.2930267714109428E-003
  0.12211771337096203       0.10729922832570163     
  0.17564911031009220       0.12261495911962182     
   9.1945918701587748E-002  0.10407521999405821     
   4.5353125104599948E-002   7.9455081797138630E-002
  0.14369732644611388       0.11227182130513493     
  0.85158465318138121       0.23299099210043162     
  0.83212074595430641       0.23848472930534723     
  0.83154904971309984       0.24579306243113461     
  0.85071259802125976       0.24387617783107565     
  0.81306456401618254       0.23595003965126718     
  0.63518659154143120       0.24536648206127828     
  0.55749743287365305       0.18116790074331321     
  0.53068785348409375       0.18711093450550123     
  0.57100203014375972       0.18987606643068172     
  0.52833554683558837       0.21150504713415480     
  0.50777977314669021       0.18739092016021178     
  0.58334845281476067       0.18751340178758585     
   3.5755708227929020E-002   1.7863194930720187E-002
  0.12974690106093983        1.9575283317887330E-002
  0.14852148247979829        3.0287222014354839E-002
   7.2057776669280968E-002   1.6668697761839574E-002
  -3.9858161552858234E-002   1.3116161486377044E-002
   9.5538709952377218E-002   2.5127913673000962E-002
  -2.0797677831670996E-002   1.0602088710713380E-002
   6.5493102862719962E-002   1.3917213258329682E-002
   4.8088073043230012E-002   1.0555076789434181E-002
  0.34216613524662792       0.16537621692818413     
  0.29365010347970405       0.15934392381651821     
  0.25474970981038769        2.5444023499378923E-002
  0.33298451988279254       0.16245428121964881     
  0.27789442607617776       0.15838180996555629     
  0.35619301884483651       0.16540010551223430     
  0.44889845474487233       0.18163321329719903     
  0.48909120031149461       0.18364688198242726     
  0.41655448097393033       0.17466758563093754     
  0.46754348375963223       0.17416515867053778     
  0.36397903374491447       0.15282663361311893     
  0.47852677321374415       0.18282056158905738     
  0.40356056496150072       0.16106935157295429     
  0.33417778439805962       0.15907872351079722     
  0.50428612664954620       0.19583999216562853     
  0.28499636091779995       0.15789407856856472     
  0.38533338119297533       0.15939434382024795     
  0.26103468840304106        5.2849905566731969E-002
  0.14662231413293231        3.8106920053663500E-002
  0.34564614842274566        6.3276848475789002E-002
  0.31189223527392668        7.0919116972806243E-002
  0.29946106793743454       0.10519336145341916     
  0.18604081077383869        5.0497807114577992E-002
  0.42904646980753469       0.10388572255787835     
  0.14185109931459086        5.3512534605510184E-002
  0.36560111166941306        7.5890816554633062E-002
  0.16384453518721412        6.5135368128468984E-002
  0.29488006624089069        6.0586009130342254E-002
  0.41351775078209663       0.19077796878947312     
  0.38184320545337680       0.19748407119543368     
  0.45343215923226754       0.19677924073786038     
  0.47694083558773759       0.19784547479312053     
  0.20686284531412308        5.8068373183961623E-002
  0.29273714864421274        6.6928927599418278E-002
  0.30949529024129074        7.8420673010781289E-002
  0.24714671336085495        6.1524758571879119E-002
   9.5656193281587240E-002   3.4345231023820519E-002
  0.26512424928082445        6.3733997491919478E-002
  0.13435251340088020        4.5257741978062357E-002
  0.42324115168480447       0.10812904251234406     
  0.24121606758926745        6.0545584113714725E-002
  0.24477897374258251        9.8655685494388690E-002
  0.39803948832602321       0.13308650335389738     
  0.10052668626563369        5.5964969898950119E-002
  0.28913143567675098       0.10687066290385225     
  0.21496312516832083       0.10745699758102502     
  0.38320719302614920       0.13555866064375602     
  0.18196329189529231        9.3728464902475037E-002
  0.27052059728012945       0.10544067617861003     
   9.7580641970203497E-002   4.4498150413293282E-003
   1.3635853348294757E-002   1.7487307358282290E-002
  0.20258608335260447        4.1352447010887541E-002
  0.14845926634896170        2.9894771136291815E-002
  0.13702022211874806        4.3363388991551628E-002
   4.2828282575796239E-002  -3.1374722056225199E-002
  0.29147154893318294        4.4487769866509388E-002
   2.2198682812853976E-003   9.1331953273705319E-003
  0.22295503897433883        3.6179897849154104E-002
   3.5880814217448265E-002   1.7362169594392445E-002
  0.14249382015081033        2.1612762921603676E-002
  0.56890279194015470        6.7539068959038440E-002
  0.48598206206516698        5.4977674025444352E-002
  0.54342081835465639        5.8772998018942098E-002
  0.35139627894660114       0.15621543594884907     
  0.32499961765895430       0.16669204073483934     
  0.31037348141385579       0.15831919765343447     
  0.34971638017119328       0.15216228660618406     
  0.29431742923593690       0.14958327736875440     
  0.37090959164706583       0.15520144799549179     
  -6.5366131622657808E-002   5.3309663252945824E-003
   5.1570062955434121E-002   7.1561491682741601E-004
  0.96590995555704084       0.26215514191980205     
  0.98742651829774120       0.25579646739042927     
  0.97654823329530771       0.25371490527562868     
  0.33888699673275713       0.17979436456887404     
  0.27550134010097810       0.16086609414302988     
  0.24389341662076164       0.16159190962225733     
  0.31597661821391421       0.16379153790527184     
  0.25914479489983810       0.16523917677199620     
  0.34244508393612827       0.16719070424129434     
  0.43578048377216222       0.14616974875789149     
  0.40255584704338054       0.13480062142992202     
  0.37055265059988607       0.13244874296649659     
  0.24466498844784468       0.12622566330818735     
  0.36801923552185190       0.13218300977472652     
  0.34888390968108401       0.13403129489593524     
  0.46725195947506187       0.16718654530471480     
  0.56000902702966604       0.13828575727672404     
  0.63690525419870381       0.13496985917050677     
  0.73419166932133206       0.17457448895407282     
  0.60841111559542482       0.13312764346030101     
  0.65778584602872792       0.13731931094613789     
  0.59300930461071644       0.14286392655987321     
  0.26799331208261795       0.15366162381360923     
  0.34917753507468274        9.2524625267465410E-002
  0.23514893353151212       0.11551612918117631     
  0.24812840829395308       0.16378948154012907     
  0.30722590239102859       0.16060041294835464     
   6.9971805080878524E-002   8.7806748522432240E-002
  -6.6012768266524524E-002   4.9557197440978550E-002
  -9.2756856031169982E-002   4.7976232722304335E-002
  -7.0460499578832159E-003   6.5191784758076146E-002
  -7.8741156447804023E-002   6.2451256859090268E-002
   5.5405158232164686E-002   8.2339747719577638E-002
   4.4717215597472881E-003   1.8039901042231622E-002
  -4.3153321738935171E-002   9.4478455624341824E-003
  -6.1907737401984450E-002   6.7728585436055448E-003
   5.1452136850932972E-003  -1.6584863994053397E-002
  -7.2182179570946692E-002  -1.3931294641972591E-003
  -9.8017733467413382E-002   5.5444735493517883E-003
   5.6607984495380848E-002   3.2156347579018912E-003
  -8.4562042804209148E-002   7.0115968919918338E-003
  0.53120735188251977       0.15502508079457533     
  0.51168989342150084       0.15193625256534618     
  0.47897817377493807       0.14234849483706394     
  0.30693919666698399       0.14808115052818685     
  0.47562407587490152       0.15622842766649297     
  0.45273920279623930       0.16013105653987095     
  0.88193969465537136       0.24981006337795672     
  0.86102218425940458       0.23712981313967793     
  0.82615465098787932       0.27819200677065820     
  0.92614341491625174       0.24906902391523478     
  0.92139496046515945       0.25112652606919900     
  0.87629183131700250       0.25379079357669648     
  0.88276503886889945       0.23963081729763375     
  0.50838702997611396       0.20000990441896402     
  0.45326108579545027       0.18849306004408550     
  0.41606807540143886       0.20000520977718561     
  0.49150000448628528       0.19102871679253400     
  0.51154650147347214       0.19544743668399317     
  0.50037616395429829       0.21606207179078721     
  0.46756831299564539       0.22397928138036893     
  0.54242025374997271       0.21680856679272215     
  0.56568455148767538       0.23013724365828847     
  0.50551784722218607       0.12439328161424504     
  0.58897735682317254       0.12268714835724899     
  0.55009476732431428       0.13250280893800487     
  0.66841267403340709       0.14929554268333578     
  0.55095874757435881       0.12294461422415401     
  0.61751877583536108       0.13888483793408246     
  0.59763640042740196       0.16177407630208820     
  0.53849689582178217       0.14745223535839036     
  0.94174018202261811       0.24713170551468802     
  0.91658326255025757       0.23721193722235798     
  -9.2494798866230826E-002   2.2596442649661611E-002
  -3.0037826265240930E-002   1.8706940296745276E-002
  -3.9011974464144117E-002   4.3737613825485785E-002
  -7.3127760349461085E-002   5.4220707082015401E-002
  -6.3949995968414608E-002   3.1988908536078074E-002
  -4.1850426234467664E-003   4.5846785742042269E-002
  0.31389485916523707       0.16996716393424466     
  0.28691782622527551       0.16878339842997775     
  0.35945282261356182       0.17779457800968479     
  0.39213736426462298       0.19331008144297543     
   5.4155797134847805E-002   9.9820059252443555E-003
  -3.5213239584397094E-002  -3.7000416006854219E-004
  0.13514378367503752        1.8675346546876515E-002
   9.7223054775032763E-002   1.4043305679535661E-002
   9.4489658232871809E-002   1.3691458398637160E-002
  -4.6369493337379275E-002  -3.2657256707119119E-003
  -3.3760360875953466E-003   3.4037502207289396E-003
  0.23812348039147238        3.1281954673396055E-002
   7.9456470880885283E-002   1.2257620280420930E-002
  0.31028978609290347        9.8461162684642806E-002
  0.44644590651035776       0.13174878465105111     
  0.17238355590775256        7.6485740926834231E-002
  0.35330006599106467       0.10454917800673171     
  0.27624712458180578       0.11754210326410783     
  0.41585490125500968       0.11888509311478077     
  0.24485069009365812        9.7090992999645923E-002
  0.33748433454393673       0.10509869906497141     
  -2.4460194840571936E-002   8.2660410074114427E-002
  -4.8870348744594283E-002   7.8166746204510071E-002
  -4.4455796766028816E-002   9.1071406014058096E-002
   4.4795369793585837E-002   9.4915412526753465E-002
  0.12528680722839242       0.12187381817133008     
  0.96343478929458859       0.24900590984499346     
  0.91181992840618742       0.22365486852961142     
  0.98417708788578528       0.31946926041257023     
  0.97811617406118112       0.23657501750403848     
  0.93035802563066528       0.27576256098499924     
  0.96597351433366074       0.24673764574183799     
  0.96746168109518804       0.23544226493101264     
  0.99940615224695939       0.16105346369551943     
  0.99613953783680997       0.27503329833987039     
  0.95934553180781712       0.28070750620823104     
  0.55850544210033637       0.13561832585111258     
  0.65105717098317628       0.14488049082489490     
  0.60339089500511922       0.14099650179983431     
  0.70328494095656835       0.14005128467219471     
  0.60993214325167244       0.12712883641484735     
  0.65815534951869603       0.14563795754615758     
  0.65267229753667744       0.14434854905661090     
  0.21090808297952257        9.1890626038973619E-002
  0.18077728019430392        8.9232693140954458E-002
   8.2798383413767912E-002   7.9305013365230340E-002
  0.23776884861414055       0.10785865931896235     
  0.18492675358525862        9.8507271950027134E-002
  0.16003637050346600        8.8057338305888105E-002
  0.26003873783888087       0.10911163290952455     
  0.18223044889362017       0.13246439172701949     
  0.10538199686294808       0.11013581044319495     
  -4.9374470547226934E-002  0.11128465476742398     
   7.5885308694817855E-002  0.11089543821439511     
  0.15112455671125063       0.11116968048219136     
   9.0633032676327885E-002  0.10889889671508828     
  0.18779843499020904       0.12766311865842941     
  -5.7363090176329817E-002   6.9246880664974152E-003
   6.5048073728181888E-002   8.4135536254450499E-002
   3.4781595667981446E-002   8.2703558476082906E-002
   6.5249758047897788E-003   7.5380639790021020E-002
  -3.0944605474954590E-002   5.4533390711802091E-002
   5.5561173711108025E-002   6.4489324284025470E-002
  -1.1259904018795230E-002   7.1651545479248444E-002
   9.5994339911927518E-002   9.0258191014254516E-002
  0.48045640338480011       0.22177906897442204     
  0.41745617344989344       0.19590597892690828     
  0.38404482309700283       0.20224077677783442     
  0.45643742040710017       0.19946131417052668     
  0.39667480612673989       0.21899558070053621     
  0.47857959115884252       0.20788173597004292     
   4.5098567597702699E-002   8.3818313049875796E-003
  -4.5920609201792112E-002   2.6070822242617044E-003
  0.12662696385898298        1.8072617873496892E-002
   8.6189697921465996E-002   1.3724598829335260E-002
   8.6394917171681254E-002   1.3313824791760968E-002
  -6.2394651427959941E-002   2.0056339037771636E-004
  -1.1245718705716029E-002   4.3708906987681489E-003
  0.24089685520157067        3.5249432613144997E-002
   7.0219941257478963E-002   1.1506305277751162E-002
