 cosx vtec
  0.55033119735332181        3.1388095203105523E-002
  0.43268654043327365        1.1266557126342261E-002
  0.48291624628001839        1.6147304182509994E-002
  0.52725342992084623        2.6590208887822465E-002
  0.45456230899385036        2.7965496839924199E-002
  0.66278131119078132        4.8858144319178523E-002
  0.37244140268810533       -1.2897270245265243E-003
  0.23480672951671497       -1.5853890733796313E-003
  0.20106777340164780        2.7911010227498938E-003
   7.4481959521666086E-002   2.5617719413499748E-004
  0.17038259921501611        1.3981685127904576E-003
  0.29444613660596530       -5.1007868414364495E-003
  0.41144882317488007       0.23299099210043162     
  0.36286328117395561       0.23848472930534723     
  0.52869868083131477       0.24579306243113461     
  0.51004124266484208       0.24387617783107565     
  0.36909618448281389       0.23595003965126718     
  0.69868611329934893       0.24536648206127828     
  0.81920411830584627       0.18116790074331321     
  0.79522354445404853       0.18711093450550123     
  0.85306447867172963       0.18987606643068172     
  0.73275443582131206       0.21150504713415480     
  0.83605443931246604       0.18739092016021178     
  0.83729518617332088       0.18751340178758585     
  -8.0993019991329962E-002   1.9575283317887330E-002
   8.0756950976659247E-002   3.0287222014354839E-002
  -2.1110240029721707E-002   1.6668697761839574E-002
  -2.1417767624508081E-002   1.3116161486377044E-002
  -6.6738395171071677E-002   1.3917213258329682E-002
  0.13209236279402947        1.0555076789434181E-002
  0.26883901095749618       -2.7604670143527199E-003
  0.20584903440384167       -1.1527491207212459E-004
  0.25034265924741322       -1.3811317215394021E-003
  0.35122803705338446        4.4922859168688416E-003
  0.39168893295731799       -1.2436391499969313E-003
  0.56194430564765785        2.0479110461447654E-004
  0.63881602845592333       -4.5297425071958546E-003
  0.48650714749149204        3.3594982712548912E-003
  0.39817175323536752       -1.0845568661108529E-002
  0.46956411526673209        2.4618362171800252E-002
  0.57428814946678008       -3.8686800322529163E-002
  0.55625770685400022        4.1191537438215890E-004
  0.49635356637511407        2.3041674179984772E-003
  0.42682422090354988       -2.7525199677435008E-004
  0.40558202763267298       -1.2724938539822386E-003
  0.25493247110810069       -2.9124891541573404E-003
  0.37645786352136706        1.6272398366837053E-003
  0.46414725837870741       -1.8118724865727565E-004
  0.99818932783343373       0.16537621692818413     
  0.99588699170428774       0.15934392381651821     
  0.98935655194562666        2.5444023499378923E-002
  0.99979893930895125       0.16245428121964881     
  0.99658720900772590       0.15838180996555629     
  0.99988084358391149       0.16540010551223430     
  -3.6726208309180525E-002  0.18163321329719903     
   1.5416800825381299E-002  0.18364688198242726     
   3.1097674732151220E-002  0.17466758563093754     
   2.3326987969121860E-002  0.17416515867053778     
  0.91752589553758523       0.19077796878947312     
  0.90943566956001276       0.19748407119543368     
  0.93062952306855351       0.19677924073786038     
  0.93197133960222023       0.19784547479312053     
  0.29133568464163595        7.1904269094688437E-003
  0.14185095201680853       -4.0428397746459149E-004
  0.17339492734449202        8.0264766956408590E-004
  0.23206103418722007       -4.8977605447199585E-004
  0.14365042326472988       -4.6278575108834206E-003
  -4.8057065666995802E-002   6.6928927599418278E-002
   9.3875194914585153E-002   7.8420673010781289E-002
   1.0400475442877199E-002   6.1524758571879119E-002
   2.6364709668402007E-002   3.4345231023820519E-002
  -9.9626052870316700E-002  0.10812904251234406     
  -3.5478000063911747E-002   6.0545584113714725E-002
  0.47675776370514500       -1.9673738106778019E-003
  0.35613873722671469        3.1601492638171458E-003
  0.39443150635649871       -3.5944424831929598E-003
  0.44314242154491834       -4.0640839485871225E-003
  0.35879975879939857        8.8320842817718771E-003
  0.24633345829899733        6.7539068959038440E-002
  0.26525184879335023        5.4977674025444352E-002
  0.25714866527262631        5.8772998018942098E-002
  0.46219703568539067        7.7012684142695968E-003
  0.34699107954230990        2.1670522914370286E-003
  0.38824150678103408        1.8489583781809297E-003
  0.43374749586363243        4.0539128396376491E-003
  0.36169385780324581        1.1603254861881261E-002
  0.98225145720019724       0.15621543594884907     
  0.95923635084254144       0.16669204073483934     
  0.99834833191059946       0.15831919765343447     
  0.99304733338293116       0.15216228660618406     
  0.98296523585535756       0.14958327736875440     
  0.99071140582940143       0.15520144799549179     
  0.51873849338734557       -2.0566632077150596E-002
  0.40698144491378213       -1.2701386721718732E-002
  0.33927565240712099       -4.1639714671229781E-003
  0.38427229592164264       -1.2944937963955926E-003
  0.45856544443231229       -5.6288340745692606E-003
  0.51024312260378801       -4.6381131940633384E-003
  0.62204170944161807        1.7706911728363754E-002
  0.55667448484540616        8.3064049308213578E-004
  0.47843894801948522       -9.0239836387568228E-003
  0.52880443876934458        2.1763725522982606E-002
  0.58735963002532854       -7.8960665841218552E-003
  0.75473736721191853        8.2147199687336817E-002
  0.20176157453670607       0.26215514191980205     
  0.23401193247832769       0.25579646739042927     
  0.19008813664929958       0.25371490527562868     
  0.99506740355261636       0.17979436456887404     
  0.96762793257803492       0.16086609414302988     
  0.95823788836552226       0.16159190962225733     
  0.98026338505336696       0.16379153790527184     
  0.98943050029324153       0.16523917677199620     
  0.98345634836066342       0.16719070424129434     
  0.42420380485314441       0.14616974875789149     
  0.51991033026657174       0.13480062142992202     
  0.48477939285305072       0.13244874296649659     
  0.48428466746910981       0.12622566330818735     
  0.44470722851040023       0.13218300977472652     
  0.54178572024747695       0.13403129489593524     
  0.58384572855007133       0.16718654530471480     
  0.67198054981842958        4.4968026919053892E-003
  0.62016679041714406        4.2981282663374643E-003
  0.59845927248727682        1.4764253058574511E-003
  0.55898058376155058        7.5457911314361602E-003
  0.64812511154762786        8.4268154823119001E-004
  0.45644368911446087       -6.3980360992366920E-003
  0.31463388597731023       -2.4152062409891399E-004
  0.25016265360501999       -1.6801410417189593E-004
  0.29207983463985249        3.3360350109583664E-003
  0.37546601140059177        4.1850298004085691E-003
  0.35375130151103906       0.15366162381360923     
  0.21499510666489005        9.2524625267465410E-002
  0.32913427774701798       0.11551612918117631     
  0.24717971189628446       0.16378948154012907     
  0.23341803020129676       0.16060041294835464     
  0.95192373221842064        8.7806748522432240E-002
  0.84956863269925287        4.9557197440978550E-002
  0.77816496140721514        3.7410694713585532E-002
  0.83323800059249908        4.7976232722304335E-002
  0.88790766788694075        6.5191784758076146E-002
  0.88479955998992432        6.2451256859090268E-002
  0.91562323731417827        8.2339747719577638E-002
  0.43610449624349246        1.8039901042231622E-002
  0.38183668993334136        9.4478455624341824E-003
  0.36904587200810829        7.0401137222157381E-004
  0.42986496802308866        6.7728585436055448E-003
  0.36549652019314882       0.15502508079457533     
  0.45789439363420348       0.15193625256534618     
  0.42213093781375161       0.14234849483706394     
  0.43286862695467765       0.14808115052818685     
  0.38088870892266724       0.15622842766649297     
  0.49698744745992995       0.16013105653987095     
  0.48638618375037657       0.24981006337795672     
  0.58614641702633530       0.23712981313967793     
  0.56505323674994712       0.27819200677065820     
  0.52381977089765053       0.24906902391523478     
  0.45674338991621827       0.25112652606919900     
  0.63177165939897661       0.25379079357669648     
  0.59728444372074330       0.23963081729763375     
  0.97688770529089441       0.20000990441896402     
  0.95998782210759592       0.18849306004408550     
  0.95474901543694124       0.20000520977718561     
  0.96572964597297162       0.19102871679253400     
  0.96432757247350209       0.19544743668399317     
  0.83342448945108694       0.21606207179078721     
  0.82579406918567289       0.22397928138036893     
  0.84887081880248660       0.21680856679272215     
  0.84933425874010471       0.23013724365828847     
  0.60117911038073157       0.24713170551468802     
  0.67011101872413981       0.23721193722235798     
  0.82509061501018455        1.8930705919911962E-002
  0.77845229316896103        1.1916057871492762E-002
  0.85904343439424158        2.6299998063288428E-002
  0.74830200656090828        3.0246794274645942E-002
  0.83674677719529988        1.8192433725313806E-002
  0.86583661600222517        2.2596442649661611E-002
  0.79696460454077056        3.6811161512725413E-002
  0.88429485944430153        1.8706940296745276E-002
  0.92213517060175498        4.3737613825485785E-002
  0.88321368187878402        5.4220707082015401E-002
  0.88664105023072859        2.2100578287264510E-002
  0.82660565951123455        3.8172727753038857E-002
  0.79349093338012977        3.4166946097695702E-002
  0.86852300761555712        3.9101947776732475E-002
  0.91542659871683230        3.1988908536078074E-002
  0.88162840588201563        1.7970343024593889E-002
  0.93821300074662906        4.5846785742042269E-002
   2.9247554397328873E-002   9.8326762151727080E-003
  0.23539412063033061        4.4944733756782226E-003
   5.0189173658756414E-002   4.1619556586150374E-005
   8.1076625286859938E-002   1.0181072196445450E-004
  0.15050654517880796        9.7886086240164469E-004
   5.0513597636199337E-002   1.4547404301936036E-003
  0.59115152669878390       -6.6559077245274684E-002
  0.49557730284824353        1.2596067335274474E-002
  0.42196989997199258        7.0879289311199635E-003
  0.47321995868217803        6.6438648602652759E-003
  0.54384020783788056       -5.4175284405365660E-003
  0.58161202287224500        2.9433060817074527E-002
  0.83418070087764307       0.16996716393424466     
  0.82290798831275402       0.16878339842997775     
  0.85935254959646923       0.17779457800968479     
  0.86745700830652761       0.19331008144297543     
  0.37616843604220129        2.5771873650454365E-003
  0.30814375711826003       -1.3529777179666987E-003
  0.22298061656194795       -1.1808690353571833E-003
  0.13717418031022638        7.4402037411422828E-004
  0.38913820252392817        7.6328347695225137E-004
  0.35609974653204357        2.6846181032148721E-003
  0.28048708893281432        1.0945867007753183E-002
  0.19678210810567837        2.3432810183311586E-003
  0.23048293205000386       -3.2395965922499021E-004
  0.29350612287325928       -4.8797874420135490E-003
  0.18773941642854208       -5.2858658594888007E-004
  0.20737511248618021        1.0429660983790989E-003
   9.3286152033394673E-002  -3.9392958123306140E-003
   7.4148732079330149E-002  -2.6960714250803385E-003
  -2.1700209528205755E-002  -1.8727780249503010E-003
   4.7129541883020432E-002  -1.1094276968550666E-003
  0.70376704525758071       -6.5629287989389468E-002
  0.64930063217599698        3.7236779886469638E-002
  0.55966127047875913        2.3331244339242788E-002
  0.62053990663013303        5.3890500421188120E-002
  0.67676145584505032       -2.5957776823408510E-002
  0.79059264565819087        1.1119219847883991E-003
  0.72760485936664776        4.7128949035861690E-003
  0.71780399373742243        8.2660410074114427E-002
  0.57464515722951326        5.3228857593158180E-002
  0.65444718309158989        7.3020605151964693E-002
  0.70066811095398329        7.8166746204510071E-002
  0.61620718893117321        9.1071406014058096E-002
  0.77447532900091098        9.4915412526753465E-002
  0.81805402567570284       0.12187381817133008     
  0.38807724886592809        9.4451464532240188E-003
  0.26904637443111312        1.1453759532210719E-003
  0.30542889574606535        3.0972946582373577E-004
  0.35323895856249310        4.0459565148590155E-003
  0.27984966425956664       -2.9440414659286200E-003
  0.10723673397775635       0.24900590984499346     
  -5.3000263664154945E-002  0.22365486852961142     
  0.31092511047126620       0.31946926041257023     
  0.13947723140120571       0.23657501750403848     
   6.2549062810935419E-003  0.27576256098499924     
   8.9907883327522198E-002  0.24673764574183799     
   9.7939519748024895E-002  0.23544226493101264     
  0.37257607412370208       0.16105346369551943     
  0.27066477462141292       0.27503329833987039     
   8.4185284180993358E-002  0.28070750620823104     
  0.79677814575916650        9.1890626038973619E-002
  0.76545665852013700        8.9232693140954458E-002
  0.75119537981179385        7.9305013365230340E-002
  0.84834751963371846       0.10785865931896235     
  0.70867710352053170        9.8507271950027134E-002
  0.79631787995871961        8.8057338305888105E-002
  0.83631690745534404       0.10911163290952455     
  0.74019169728576750       -3.3425157168294802E-003
  0.66525648857241104       -3.8818913480724538E-003
  0.75503274098000439        8.9833006876898162E-003
  0.62163301915808766       -1.3661553311033220E-002
  0.71294518416086960       -8.8073565653271145E-004
  0.80261675331370219        4.9149835120062069E-003
  0.67716943717902445       -2.4785332552559099E-003
  0.31334329919441606        5.4750847723127635E-004
  0.21735028265424367       -4.2505274616567703E-004
  0.19661280820655724       -1.3171948025796579E-003
   9.1036051040123411E-002  -1.8023279581236178E-003
  0.17090336004489021        8.3129325865411764E-004
  0.27441682675775741        1.6411836388117915E-003
  0.98340727426896390       0.13246439172701949     
  0.94345354790607860       0.11013581044319495     
  0.85952670034316248       0.11128465476742398     
  0.93088393140150705       0.11089543821439511     
  0.96345026695974045       0.11116968048219136     
  0.96066826694321150       0.10889889671508828     
  0.97313549173547487       0.12766311865842941     
  0.22038308561398537        9.8087097748654267E-004
  0.18146466082572843        9.4037645013731136E-004
   7.2655047788683813E-002   1.0679193046887114E-003
  0.15508197244056496       -1.1549248023281166E-003
  0.26617830230590550        1.8992592505824720E-003
  0.62263448120600295        5.5251441139887595E-003
  0.56820456342169723        4.3041167197905104E-003
  0.54754954647497145        1.1148198628110624E-003
  0.32548788069412027       -1.3085628101525500E-003
  0.75887138787581543        6.9246880664974152E-003
  0.51261145993996948        5.5167347462069475E-003
  0.59865240440311496        2.1253009273816455E-003
  0.94940430920843077        8.4135536254450499E-002
  0.91713990090930586        8.2703558476082906E-002
  0.94189128967218005        7.5380639790021020E-002
  0.92803321608076617        5.4533390711802091E-002
  0.95567753477279305        6.4489324284025470E-002
  0.92893942327026846        7.1651545479248444E-002
  0.96545800181501318        9.0258191014254516E-002
  0.97326901281226241       0.22177906897442204     
  0.94322140370289087       0.19590597892690828     
  0.93599861195689482       0.20224077677783442     
  0.95334982694163739       0.19946131417052668     
  0.98298760842898703       0.21899558070053621     
  0.95368586405210887       0.20788173597004292     
  0.48401445045661812        2.4799101011279450E-002
  0.39127542967154061        8.4751966823167141E-004
  0.32238300534042169       -1.8370760649632202E-002
  0.36282647047553124       -1.0370612665447969E-002
  0.42899628242428967       -6.4404368176136234E-003
  0.51420761201990661        2.5476774128805581E-002
  0.65793072113377682        1.9621664489074078E-003
  0.57550512592810710       -8.6461834010806492E-004
  0.53842761681933771       -6.8462720169913715E-004
  0.48509783234049964        3.7369930714168309E-003
  0.59513055270397475        8.6660225717047866E-004
  0.53938974591657207       -5.3442707312885435E-003
  0.48046321438372525        3.7478703672659777E-002
  0.40312740928760615       -2.1772687804446937E-003
  0.44519207731015864        1.0759656352642602E-003
  0.50096273525614254        4.2652573153633314E-002
  0.59908640017259784       -3.3462569972034603E-002
  0.34814145646205752       -5.4098435224847240E-003
  0.30512100813007581        1.0679439633908623E-003
  0.16342753368725876       -1.1953104522261194E-003
  0.27151911361894754        8.8012785027625573E-004
  0.37825407223848206        8.7154376573935952E-004
