 cosx vtec
  0.17019540876473493        3.1388095203105523E-002
   1.3413076549094030E-002   1.1266557126342261E-002
   8.6198988508181931E-002   1.6147304182509994E-002
  0.14010944736586639        2.6590208887822465E-002
  0.10668363428943992        2.7965496839924199E-002
  0.30742040661054593        4.8858144319178523E-002
   9.5552651799058058E-003  -1.2897270245265243E-003
  -5.4161549137837724E-002  0.10729922832570163     
   3.6162622448777521E-003  0.12261495911962182     
  -4.3013233328465759E-002  0.10407521999405821     
  -1.3006598208347285E-002  0.11227182130513493     
  0.80144556543168533       0.23299099210043162     
  0.76227964134615633       0.23848472930534723     
  0.85012775231872595       0.24579306243113461     
  0.85330897591624166       0.24387617783107565     
  0.75256090367252149       0.23595003965126718     
  0.80625634347543707       0.24536648206127828     
  0.81724012041819871       0.18116790074331321     
  0.78614149085362572       0.18711093450550123     
  0.84449453077196135       0.18987606643068172     
  0.75129329945793444       0.21150504713415480     
  0.79219710649286212       0.18739092016021178     
  0.84454931597581484       0.18751340178758585     
  -9.7082273719601098E-002   1.7863194930720187E-002
   4.5656621995894972E-002   1.9575283317887330E-002
  0.14456455519823644        3.0287222014354839E-002
   3.8057898489473149E-002   1.6668697761839574E-002
  -3.8660744815492455E-002   1.3116161486377044E-002
  -1.2045683895000357E-002   2.5127913673000962E-002
  -8.8862345028522610E-002   1.0602088710713380E-002
   9.2891625261252164E-003   1.3917213258329682E-002
  0.10317905872720956        1.0555076789434181E-002
  -2.5287331896663157E-002   2.0479110461447654E-004
  -4.9083723214078390E-003  -4.5297425071958546E-003
  -8.6033742110054823E-002  -3.8686800322529163E-002
  -8.5446679845738810E-002   4.1191537438215890E-004
  0.12575421686906990        2.3041674179984772E-003
   4.5226576417069619E-002  -2.7525199677435008E-004
  -1.6856269545755351E-002  -1.2724938539822386E-003
   2.1182137647011587E-002   1.6272398366837053E-003
   4.9305614204187442E-002  -1.8118724865727565E-004
  0.76518087829238690       0.16537621692818413     
  0.73076891017519408       0.15934392381651821     
  0.70068469898945396        2.5444023499378923E-002
  0.75975673980759229       0.16245428121964881     
  0.72036396982143902       0.15838180996555629     
  0.77567586861645110       0.16540010551223430     
  0.28752302344434932       0.18163321329719903     
  0.34276119695175461       0.18364688198242726     
  0.30148677696814985       0.17466758563093754     
  0.33223061330745357       0.17416515867053778     
   6.8114109141581169E-002  0.15282663361311893     
  0.19424171324120157       0.18282056158905738     
  0.11452497954891853       0.16106935157295429     
   7.4680733773507549E-002  0.15907872351079722     
  0.17131605952020684       0.19583999216562853     
  -2.0790333838062364E-002  0.15789407856856472     
  0.10504704235490782       0.15939434382024795     
  -6.9157080628000939E-002  0.10388572255787835     
  0.77106814195987505       0.19077796878947312     
  0.74509675727494573       0.19748407119543368     
  0.80534350032024304       0.19677924073786038     
  0.82213834788067575       0.19784547479312053     
   3.6180076670493784E-002   5.8068373183961623E-002
  0.17467337435486474        6.6928927599418278E-002
  0.26165719788570962        7.8420673010781289E-002
  0.17459228794039497        6.1524758571879119E-002
   7.9461059761458883E-002   3.4345231023820519E-002
  0.12473818894877951        6.3733997491919478E-002
   2.4595305295908407E-002   4.5257741978062357E-002
  0.23650408564770764       0.10812904251234406     
  0.14612406001434761        6.0545584113714725E-002
   3.3771633617031033E-002  0.13308650335389738     
  -7.7663150379610024E-002  0.10687066290385225     
  -2.0930410818811584E-002  0.13555866064375602     
  -8.7551898442430970E-002  0.10544067617861003     
  -4.7314471902679650E-002  -1.9673738106778019E-003
  -8.7413721970138691E-002  -4.0640839485871225E-003
  0.52022373022529478        6.7539068959038440E-002
  0.47356887523794244        5.4977674025444352E-002
  0.50854768502860526        5.8772998018942098E-002
   4.8531813723253520E-002   7.7012684142695968E-003
  -9.4588128509631206E-002   2.1670522914370286E-003
  -3.8020009248605061E-002   1.8489583781809297E-003
   1.3884744464421853E-002   4.0539128396376491E-003
  -1.8270703044935152E-002   1.1603254861881261E-002
  0.76301430455947905       0.15621543594884907     
  0.73271184214501062       0.16669204073483934     
  0.74351802632022335       0.15831919765343447     
  0.76760955191513935       0.15216228660618406     
  0.72434986511536426       0.14958327736875440     
  0.78086364141813436       0.15520144799549179     
   8.6353067993491517E-003   1.7706911728363754E-002
  -3.5371697584078265E-002  -7.8960665841218552E-003
  0.18274580270084229        8.2147199687336817E-002
  0.76807642286183597       0.26215514191980205     
  0.79995467602403036       0.25579646739042927     
  0.76914212684985905       0.25371490527562868     
  0.76127667418434664       0.17979436456887404     
  0.70331809324740824       0.16086609414302988     
  0.67670066174548027       0.16159190962225733     
  0.73772799830968105       0.16379153790527184     
  0.70373046138073059       0.16523917677199620     
  0.75753243569650408       0.16719070424129434     
  0.52380554321499406       0.14616974875789149     
  0.55200293210614770       0.13480062142992202     
  0.51141867459993240       0.13244874296649659     
  0.42504320328551332       0.12622566330818735     
  0.48836376303658741       0.13218300977472652     
  0.52692881633267241       0.13403129489593524     
  0.63027699517756086       0.16718654530471480     
  0.26281675693318640        4.4968026919053892E-003
  0.20201658136505296        4.2981282663374643E-003
  0.13608056903460747        1.4764253058574511E-003
  0.17759435167200444        7.5457911314361602E-003
  0.19941946154153303        8.4268154823119001E-004
  0.16511159513099311       0.13828575727672404     
  0.27382142205013327       0.13496985917050677     
  0.36638504130733363       0.17457448895407282     
  0.23069282928510901       0.13312764346030101     
  0.28035742293534871       0.13731931094613789     
  0.25271597387837302       0.14286392655987321     
  0.37154536244083586       0.15366162381360923     
  0.35324801208249290        9.2524625267465410E-002
  0.33598003915412455       0.11551612918117631     
  0.30125140866037059       0.16378948154012907     
  0.33435403791859303       0.16060041294835464     
  0.55437157909552204        8.7806748522432240E-002
  0.40689063995575936        4.9557197440978550E-002
  0.29920749813488878        3.7410694713585532E-002
  0.37990725833681083        4.7976232722304335E-002
  0.46762602608009224        6.5191784758076146E-002
  0.41692989466612929        6.2451256859090268E-002
  0.52509231555025393        8.2339747719577638E-002
  0.23510519640481145        1.8039901042231622E-002
  0.17365245079430938        9.4478455624341824E-003
  0.11464257240195021        7.0401137222157381E-004
  0.18637898811531417        6.7728585436055448E-003
  0.55784387202442165       0.15502508079457533     
  0.59365702620252403       0.15193625256534618     
  0.55225155425716133       0.14234849483706394     
  0.44028336690187209       0.14808115052818685     
  0.52801268422454239       0.15622842766649297     
  0.57413335819161826       0.16013105653987095     
  0.86208297416577295       0.24981006337795672     
  0.90085586630166992       0.23712981313967793     
  0.86578162164587558       0.27819200677065820     
  0.91223809591926996       0.24906902391523478     
  0.87329936443202683       0.25112652606919900     
  0.93557760487525188       0.25379079357669648     
  0.92165527525661939       0.23963081729763375     
  0.86754831123659548       0.20000990441896402     
  0.82084770403467744       0.18849306004408550     
  0.79261867542665443       0.20000520977718561     
  0.85005982592392237       0.19102871679253400     
  0.86302640988084012       0.19544743668399317     
  0.78573337237345575       0.21606207179078721     
  0.75923141848462272       0.22397928138036893     
  0.82271204420603417       0.21680856679272215     
  0.83887235251421532       0.23013724365828847     
   3.3060204851877106E-002  0.12439328161424504     
  0.13951796151341220       0.12268714835724899     
   6.3532968113044513E-002  0.13250280893800487     
  0.22019993108960964       0.14929554268333578     
   8.8825698989487889E-002  0.12294461422415401     
  0.14820969690602220       0.13888483793408246     
  0.13794318743385450       0.16177407630208820     
  0.12317159888633675       0.14745223535839036     
  0.96406895839164342       0.24713170551468802     
  0.98353851460750219       0.23721193722235798     
  0.36402137490208902        1.8930705919911962E-002
  0.30934203758359391        1.1916057871492762E-002
  0.34979519879629900        2.6299998063288428E-002
  0.22466288991909950        3.0246794274645942E-002
  0.29931875468884617        1.8192433725313806E-002
  0.39743187718633421        2.2596442649661611E-002
  0.29434100464586621        3.6811161512725413E-002
  0.44997638940950779        1.8706940296745276E-002
  0.46397211971456193        4.3737613825485785E-002
  0.41992585565499430        5.4220707082015401E-002
  0.38757911462385358        2.2100578287264510E-002
  0.27768216170874360        3.8172727753038857E-002
  0.23802893653632526        3.4166946097695702E-002
  0.35471863093115974        3.9101947776732475E-002
  0.44334395156398987        3.1988908536078074E-002
  0.37292056601392648        1.7970343024593889E-002
  0.49634997925577906        4.5846785742042269E-002
  -5.3498973967825714E-002  -6.6559077245274684E-002
  -7.7332377149909148E-002   2.9433060817074527E-002
  0.65857501751642666       0.16996716393424466     
  0.63412355482159199       0.16878339842997775     
  0.70313216135038936       0.17779457800968479     
  0.72980199729549045       0.19331008144297543     
  -9.0525385461816987E-002   3.1281954673396055E-002
   8.0196126109300034E-003   1.0429660983790989E-003
  0.12279542286377645       -6.5629287989389468E-002
   1.1110972887147741E-002   3.7236779886469638E-002
  -6.3809319053582614E-002   2.3331244339242788E-002
   1.5970978016707910E-002   5.3890500421188120E-002
   8.6028934393166751E-002  -2.5957776823408510E-002
  0.24255793446327412        1.1119219847883991E-003
  0.12590515081782300        4.7128949035861690E-003
   4.3013165746134174E-002  0.13174878465105111     
  -5.5057076495015581E-002  0.10454917800673171     
  -9.8086400272762553E-002  0.11754210326410783     
  -1.6872203378483303E-002  0.11888509311478077     
  -6.3255544066750893E-002  0.10509869906497141     
  0.36520377360695810        8.2660410074114427E-002
  0.15191688436037662        5.3228857593158180E-002
  0.27578484401212400        7.3020605151964693E-002
  0.33938843185105194        7.8166746204510071E-002
  0.29746744477665188        9.1071406014058096E-002
  0.44273155845194678        9.4915412526753465E-002
  0.52097868545692694       0.12187381817133008     
  -5.1928080137175023E-002   9.4451464532240188E-003
  -9.2241445292116586E-002   4.0459565148590155E-003
  0.71608769162214425       0.24900590984499346     
  0.59552072029795611       0.22365486852961142     
  0.83865658243130714       0.31946926041257023     
  0.74328516096102293       0.23657501750403848     
  0.63973054355959047       0.27576256098499924     
  0.70860379288345110       0.24673764574183799     
  0.71389530344518570       0.23544226493101264     
  0.88187766910190157       0.16105346369551943     
  0.82541730267559710       0.27503329833987039     
  0.70102505432225737       0.28070750620823104     
   7.8969630872820468E-002  0.13561832585111258     
  0.19837352031613226       0.14488049082489490     
  0.12398467304780297       0.14099650179983431     
  0.25596994376904547       0.14005128467219471     
  0.14308914979271023       0.12712883641484735     
  0.19409216946275287       0.14563795754615758     
  0.19223323944916595       0.14434854905661090     
  0.56822642870231954        9.1890626038973619E-002
  0.53094993003123658        8.9232693140954458E-002
  0.45634014866745798        7.9305013365230340E-002
  0.61403976578658082       0.10785865931896235     
  0.50357656646020155        9.8507271950027134E-002
  0.53318322522240125        8.8057338305888105E-002
  0.62287191224266769       0.10911163290952455     
  0.20957324212958517       -3.3425157168294802E-003
  0.12119678681820510       -3.8818913480724538E-003
  0.16481861821729882        8.9833006876898162E-003
   2.3025856231079722E-002  -1.3661553311033220E-002
  0.10018504134751115       -8.8073565653271145E-004
  0.26238143458995455        4.9149835120062069E-003
   9.2889462297924760E-002  -2.4785332552559099E-003
   3.0189533037624609E-002   5.4750847723127635E-004
  -7.7973518916191156E-002  -4.2505274616567703E-004
  -6.1613297002367812E-002   1.6411836388117915E-003
  0.64791305785591946       0.13246439172701949     
  0.57408668609862656       0.11013581044319495     
  0.42357048320961310       0.11128465476742398     
  0.54722160951897658       0.11089543821439511     
  0.61601647229321277       0.11116968048219136     
  0.57315756109704474       0.10889889671508828     
  0.64625628330432949       0.12766311865842941     
  0.23079540368265600        5.5251441139887595E-003
  0.16714516629251999        4.3041167197905104E-003
  0.10368411633993102        1.1148198628110624E-003
  -8.2381791017884190E-002  -1.3085628101525500E-003
  0.36454837169609966        6.9246880664974152E-003
  0.14334109261369576        5.5167347462069475E-003
  0.16688141477827811        2.1253009273816455E-003
  0.54966299145273645        8.4135536254450499E-002
  0.51179196760353329        8.2703558476082906E-002
  0.50563324009326660        7.5380639790021020E-002
  0.47262880966020304        5.4533390711802091E-002
  0.54651148322227461        6.4489324284025470E-002
  0.48657612141241757        7.1651545479248444E-002
  0.57937347600093159        9.0258191014254516E-002
  0.84651717113543434       0.22177906897442204     
  0.78743447625640361       0.19590597892690828     
  0.76073659907217861       0.20224077677783442     
  0.81948844139621102       0.19946131417052668     
  0.79437833949723036       0.21899558070053621     
  0.83481338000171157       0.20788173597004292     
  0.14276062663676606        1.9621664489074078E-003
   4.5113601143754317E-002  -8.6461834010806492E-004
  -3.9794509225990843E-002  -6.8462720169913715E-004
   2.0861072606623732E-002   3.7369930714168309E-003
   2.7391040703272307E-002   8.6660225717047866E-004
  -7.3475129844868467E-002   3.5249432613144997E-002
  -6.6899955834909264E-002  -5.3442707312885435E-003
  -4.0832208048494911E-002  -3.3462569972034603E-002
