 cosx vtec
   6.1003684191997143E-002  -9.6162401822252549E-004
  -4.4231738731470571E-004  -3.1685733285309186E-004
  0.15715070978864981        1.2930267714109428E-003
   9.8060332876022893E-002   7.5567409252068395E-005
   1.6271440819475014E-002   3.9073304018642291E-003
  -1.7162278707061329E-004  -7.3190681211835254E-004
   6.1438717782052121E-002  -5.0381838196475351E-004
  -2.0720734904026372E-002  -1.4334823602417959E-004
  -8.7005576664016759E-002   9.1280395362138908E-005
   7.4078234245082641E-002   2.6484931139093269E-003
  -3.3477878794618859E-002   2.4790802105653944E-003
   1.9040737872594304E-002  -1.5515789069554193E-003
  -7.2295212437981982E-002  -3.5281456368758475E-003
  -8.2653655768240603E-002  -1.1035258684171378E-003
  -2.6266185978369050E-002   4.7901094501673130E-004
  0.22414387221065390       0.10729922832570163     
  0.26663637940962004       0.12261495911962182     
  0.17029210399152026       0.10407521999405821     
  0.16211376638614888        7.9455081797138630E-002
  0.22905411293994377       0.11227182130513493     
  0.75648232138021343       0.23299099210043162     
  0.75345295555708236       0.23848472930534723     
  0.69248541900522098       0.24579306243113461     
  0.71966959314164158       0.24387617783107565     
  0.73090519925125585       0.23595003965126718     
  0.42165049175265945       0.24536648206127828     
  0.29511044981570450       0.18116790074331321     
  0.27530850690055519       0.18711093450550123     
  0.29715757840784335       0.18987606643068172     
  0.29554213091105452       0.21150504713415480     
  0.23606900671742037       0.18739092016021178     
  0.31603591998834674       0.18751340178758585     
  0.12118910936963495        1.7863194930720187E-002
  0.16755281533026553        1.9575283317887330E-002
  0.12866013164806672        3.0287222014354839E-002
   8.4365782435616640E-002   1.6668697761839574E-002
  -3.4620739040107026E-002   1.3116161486377044E-002
  0.15461352808857742        2.5127913673000962E-002
   2.8921533143432113E-002   1.0602088710713380E-002
   9.3987093127211235E-002   1.3917213258329682E-002
   3.0965689014689213E-003   1.0555076789434181E-002
   8.1438242375858616E-004  0.16537621692818413     
  -4.9977317720182990E-002  0.15934392381651821     
  -8.8997365768536063E-002   2.5444023499378923E-002
  -9.5423391151592263E-003  0.16245428121964881     
  -6.6999017455458609E-002  0.15838180996555629     
   1.5125818588589912E-002  0.16540010551223430     
  0.49107499856037951       0.18163321329719903     
  0.51486872095618141       0.18364688198242726     
  0.43196938607296786       0.17466758563093754     
  0.48905904752881790       0.17416515867053778     
  0.51105543490421912       0.15282663361311893     
  0.60027639004701949       0.18282056158905738     
  0.53995095354346445       0.16106935157295429     
  0.46090543640372189       0.15907872351079722     
  0.65542407973662131       0.19583999216562853     
  0.45086118099715761       0.15789407856856472     
  0.51850857888447155       0.15939434382024795     
  0.54414887813124602        5.2849905566731969E-002
  0.44302773839551612        3.8106920053663500E-002
  0.60672529961979538        6.3276848475789002E-002
  0.60938516278575983        7.0919116972806243E-002
  0.57389525520385509       0.10519336145341916     
  0.48655659236155158        5.0497807114577992E-002
  0.70464355420249358       0.10388572255787835     
  0.42368136320416772        5.3512534605510184E-002
  0.63427137387347954        7.5890816554633062E-002
  0.48331335778959605        6.5135368128468984E-002
  0.54137830035977808        6.0586009130342254E-002
  0.10610427353694818       0.19077796878947312     
   7.5341528348416453E-002  0.19748407119543368     
  0.14381096883508826       0.19677924073786038     
  0.16833999807824840       0.19784547479312053     
  -5.9068615084971465E-002  -1.1004490245101013E-003
   2.7343327429330933E-002  -7.6881997226430749E-004
   6.6201606968013249E-003  -1.8436084074217239E-004
  -9.7756204117229406E-002   8.0550389157429145E-004
  -8.8621720655982450E-002  -6.6271548454806327E-004
  0.29218363468837105        5.8068373183961623E-002
  0.32901570460962437        6.6928927599418278E-002
  0.29519022731131200        7.8420673010781289E-002
  0.25922257210698307        6.1524758571879119E-002
   9.2199223738570021E-002   3.4345231023820519E-002
  0.32086796717251120        6.3733997491919478E-002
  0.18901581190993638        4.5257741978062357E-002
  0.48666473876796146       0.10812904251234406     
  0.26960971049552862        6.0545584113714725E-002
  0.46081171133441462        9.8655685494388690E-002
  0.58673071541075772       0.13308650335389738     
  0.36391447909706798        5.5964969898950119E-002
  0.49609978083452688       0.10687066290385225     
  0.41113590777110998       0.10745699758102502     
  0.60142472294547233       0.13555866064375602     
  0.40895732824082054        9.3728464902475037E-002
  0.47435062437139924       0.10544067617861003     
  0.41060753773111613        4.4498150413293282E-003
  0.33245287845411331        1.7487307358282290E-002
  0.49487363970842208        4.1352447010887541E-002
  0.47237872130180769        2.9894771136291815E-002
  0.44362718115160171        4.3363388991551628E-002
  0.36519792462702405       -3.1374722056225199E-002
  0.59849764084338819        4.4487769866509388E-002
  0.31103144188864651        9.1331953273705319E-003
  0.52441545537880052        3.6179897849154104E-002
  0.36847804910522586        1.7362169594392445E-002
  0.41587456067255835        2.1612762921603676E-002
  -5.6658639597447047E-002   3.9713315750270527E-003
  -1.7643574693370467E-002  -4.5443046438902509E-003
  0.51575565058266881        6.7539068959038440E-002
  0.42062752294542338        5.4977674025444352E-002
  0.48470188755754329        5.8772998018942098E-002
   1.6437806655600185E-002  0.15621543594884907     
  -3.2761194341274225E-003  0.16669204073483934     
  -3.3076525446486482E-002  0.15831919765343447     
   1.0720718101339899E-002  0.15216228660618406     
  -4.4564029921401183E-002  0.14958327736875440     
   3.4124270513322730E-002  0.15520144799549179     
   9.1155788383071368E-002   1.2428388263224378E-003
   3.2265818022606474E-002  -2.6804108066335843E-004
  0.20294443647338783        5.3309663252945824E-003
  0.12941354746803652       -1.7674594537552189E-004
   5.0620277551595205E-002   1.4058700887975260E-003
   2.7943289854907072E-002   3.4385848994467221E-003
  0.33904237597080544        7.1561491682741601E-004
   5.4108092917559636E-002  -1.9313477136490538E-003
   9.8390847164932183E-002   4.6256906650562378E-004
  0.95446468359640946       0.26215514191980205     
  0.96562396061861011       0.25579646739042927     
  0.97003448614619781       0.25371490527562868     
  -1.5389163242765513E-003  0.17979436456887404     
  -5.9005371549210317E-002  0.16086609414302988     
  -8.9224124094034518E-002  0.16159190962225733     
  -2.0531409442968551E-002  0.16379153790527184     
  -8.4347128963868589E-002  0.16523917677199620     
   6.4735994820124265E-003  0.16719070424129434     
  0.30935033833160419       0.14616974875789149     
  0.23915909188961804       0.13480062142992202     
  0.21788861771111526       0.13244874296649659     
   8.4101832794151954E-002  0.12622566330818735     
  0.22977768898209358       0.13218300977472652     
  0.17408061891973023       0.13403129489593524     
  0.28473667362883703       0.16718654530471480     
  -2.0144126691878539E-002  -3.0777218663015225E-003
  -8.0509486893644372E-002  -2.2641791912794453E-003
  0.74504061930851284       0.13828575727672404     
  0.78849057249975707       0.13496985917050677     
  0.87422476242460978       0.17457448895407282     
  0.77433671463558507       0.13312764346030101     
  0.81601060709956774       0.13731931094613789     
  0.73567505315025428       0.14286392655987321     
  0.15643757643557687       0.15366162381360923     
  0.29333514641733416        9.2524625267465410E-002
  0.13044518329778798       0.11551612918117631     
  0.17408667462631638       0.16378948154012907     
  0.24198575605735345       0.16060041294835464     
  0.18042021211044645        7.8589178373334942E-004
  0.11925067745631540        8.1466062100912489E-003
  0.30717708453530790       -1.6584863994053397E-002
  0.26829084326457320       -1.3931294641972591E-003
  0.21986180240878944        5.5444735493517883E-003
  0.14153805560644717        9.1762047814772235E-003
  0.10651603574943730       -1.2828109273727184E-002
  0.37306403255562748        3.2156347579018912E-003
  0.14711533669364540       -1.6253284049114482E-003
  0.19746324462785941        7.0115968919918338E-003
  0.43226919347171133       0.15502508079457533     
  0.37786907213586979       0.15193625256534618     
  0.35607482119875217       0.14234849483706394     
  0.16908656873839675       0.14808115052818685     
  0.36751640873700558       0.15622842766649297     
  0.30090635011384520       0.16013105653987095     
  0.76151051232532940       0.24981006337795672     
  0.70294080698622219       0.23712981313967793     
  0.67351284343325524       0.27819200677065820     
  0.79492641662717356       0.24906902391523478     
  0.81428702345823201       0.25112652606919900     
  0.70258419538487316       0.25379079357669648     
  0.72202515904225151       0.23963081729763375     
  0.18545611838512277       0.20000990441896402     
  0.13294336915657035       0.18849306004408550     
   9.5270164412053882E-002  0.20000520977718561     
  0.17154652296001865       0.19102871679253400     
  0.19338987223317444       0.19544743668399317     
  0.22914747395712753       0.21606207179078721     
  0.19701133452755609       0.22397928138036893     
  0.26826785503496159       0.21680856679272215     
  0.29285652492825703       0.23013724365828847     
  0.75188375972353871       0.12439328161424504     
  0.80692975172394921       0.12268714835724899     
  0.79933496551633154       0.13250280893800487     
  0.87344200012847528       0.14929554268333578     
  0.78335741314489526       0.12294461422415401     
  0.84471224519937937       0.13888483793408246     
  0.82127338504531922       0.16177407630208820     
  0.74077076942078390       0.14745223535839036     
  0.78336765198150538       0.24713170551468802     
  0.73150705459903809       0.23721193722235798     
   3.0422978419929303E-002  0.16996716393424466     
   5.8175518449007368E-003  0.16878339842997775     
   6.9742946074739853E-002  0.17779457800968479     
  0.10157532659543844       0.19331008144297543     
  0.24932314477009465        9.9820059252443555E-003
  0.16593795575971335       -3.7000416006854219E-004
  0.30595090812977965        1.8675346546876515E-002
  0.22957418716537234        1.4043305679535661E-002
  0.27910236305068542        1.3691458398637160E-002
  0.18168313574266340       -3.2657256707119119E-003
  0.17823078464748360        3.4037502207289396E-003
  0.42674934679740967        3.1281954673396055E-002
  0.24196826098083338        1.2257620280420930E-002
  0.54526581207821201        9.8461162684642806E-002
  0.65457207007726825       0.13174878465105111     
  0.44969652632203910        7.6485740926834231E-002
  0.57894836042388209       0.10454917800673171     
  0.49033019682660300       0.11754210326410783     
  0.64866793625615449       0.11888509311478077     
  0.49175654270761138        9.7090992999645923E-002
  0.56032533627978653       0.10509869906497141     
  0.98623489556399235       0.24900590984499346     
  0.98962900696144451       0.22365486852961142     
  0.93417188123083750       0.31946926041257023     
  0.99012391714039882       0.23657501750403848     
  0.98778971933245174       0.27576256098499924     
  0.99524373620857998       0.24673764574183799     
  0.99390413354698348       0.23544226493101264     
  0.92793919681455861       0.16105346369551943     
  0.96155561849620430       0.27503329833987039     
  0.99027324039728515       0.28070750620823104     
  0.80166156756935014       0.13561832585111258     
  0.86178197122310229       0.14488049082489490     
  0.83963796838662696       0.14099650179983431     
  0.90240128269744480       0.14005128467219471     
  0.83659151031071355       0.12712883641484735     
  0.87558562808630291       0.14563795754615758     
  0.86845668814401789       0.14434854905661090     
  -6.5559841356210458E-002   9.1890626038973619E-002
  -8.6224282339189107E-002   8.9232693140954458E-002
  -5.5744929328625126E-002  0.10785865931896235     
  -6.1142436813148404E-002   9.8507271950027134E-002
  -2.7667023717806549E-002  0.10911163290952455     
  -3.0567419107136951E-002  -1.3352013552095448E-003
  0.15705006313115899       0.22177906897442204     
  0.10094305508638635       0.19590597892690828     
   6.8016320373881445E-002  0.20224077677783442     
  0.13873958649660151       0.19946131417052668     
   6.4354271115875161E-002  0.21899558070053621     
  0.16218048464582585       0.20788173597004292     
  -7.5498261457780935E-002  -8.5020807505557317E-004
  -1.5827147233911598E-002  -1.5506346889086720E-004
  0.22922454899253492        8.3818313049875796E-003
  0.14409900238420231        2.6070822242617044E-003
  0.28544338287422588        1.8072617873496892E-002
  0.20916630130605290        1.3724598829335260E-002
  0.25935099060947819        1.3313824791760968E-002
  0.15825907618852336        2.0056339037771636E-004
  0.15816222125429136        4.3708906987681489E-003
  0.41933534174406134        3.5249432613144997E-002
  0.22080527030201885        1.1506305277751162E-002
