 cosx vtec
  0.54542023698382081        3.1388095203105523E-002
  0.44736497996102620        1.1266557126342261E-002
  0.48677882522612426        1.6147304182509994E-002
  0.52571921789556719        2.6590208887822465E-002
  0.44275571888879450        2.7965496839924199E-002
  0.64628171233243992        4.8858144319178523E-002
  0.51340699902968334       -1.2897270245265243E-003
  0.39349415071358268       -1.5853890733796313E-003
  0.37169407067637533        2.7911010227498938E-003
  0.24745356423502374        2.5617719413499748E-004
  0.32869333340819806        1.3981685127904576E-003
  0.45671951188617554       -5.1007868414364495E-003
  0.22328615548618064       0.23299099210043162     
  0.17275264448039115       0.23848472930534723     
  0.35118839507423882       0.24579306243113461     
  0.32974246233959453       0.24387617783107565     
  0.18067083616010901       0.23595003965126718     
  0.65916927211819909       0.24536648206127828     
  0.79249142789948190       0.18116790074331321     
  0.77675370789519516       0.18711093450550123     
  0.81985042090564386       0.18987606643068172     
  0.71822442667171327       0.21150504713415480     
  0.81990472153259886       0.18739092016021178     
  0.80250582783476754       0.18751340178758585     
  -2.4130001999355138E-002   1.9575283317887330E-002
  0.14186199447779776        3.0287222014354839E-002
   5.0667788889990337E-002   1.6668697761839574E-002
   7.1977587891535133E-002   1.3116161486377044E-002
  -8.5443402666824472E-002   2.5127913673000962E-002
  -5.6715153881214293E-002   1.0602088710713380E-002
   3.9790954504933529E-003   1.3917213258329682E-002
  0.21494774609198125        1.0555076789434181E-002
  0.44354640719508254       -2.7604670143527199E-003
  0.37119855119630102       -1.1527491207212459E-004
  0.40849697274656016       -1.3811317215394021E-003
  0.49901662392470925        4.4922859168688416E-003
  0.55700556777487853       -1.2436391499969313E-003
  0.71490022570631229        2.0479110461447654E-004
  0.76617892135335952       -4.5297425071958546E-003
  0.64874219709496739        3.3594982712548912E-003
  0.55921010559212814       -1.0845568661108529E-002
  0.61860819236532949        2.4618362171800252E-002
  0.71182686175668719       -3.8686800322529163E-002
  0.70868473865638226        4.1191537438215890E-004
  0.62451878103006619        2.3041674179984772E-003
  0.56559708698789368       -2.7525199677435008E-004
  0.55477776872074858       -1.2724938539822386E-003
  0.41276384634462870       -2.9124891541573404E-003
  0.51538834833611347        1.6272398366837053E-003
  0.60516746451867542       -1.8118724865727565E-004
  0.98322659380889688       0.16537621692818413     
  0.97830228691229459       0.15934392381651821     
  0.97547200455377947        2.5444023499378923E-002
  0.97990934002631835       0.16245428121964881     
  0.99279146474483093       0.15838180996555629     
  0.97682599114481339       0.16540010551223430     
  0.84678819203948930       0.19077796878947312     
  0.84214966027938254       0.19748407119543368     
  0.85691961850098308       0.19677924073786038     
  0.85517326180146969       0.19784547479312053     
  0.36466555241963849        7.1904269094688437E-003
  0.23329506973169423       -4.0428397746459149E-004
  0.25932805000141013        8.0264766956408590E-004
  0.31238970421491297       -4.8977605447199585E-004
  0.20960867748542000       -4.6278575108834206E-003
  -2.4255964722224660E-002   6.6928927599418278E-002
  0.12156739635292772        7.8420673010781289E-002
   4.7521119910420490E-002   6.1524758571879119E-002
   9.5712664048551305E-002   3.4345231023820519E-002
  -8.0142659234148372E-002   6.3733997491919478E-002
  -7.3330292365629018E-002   4.5257741978062357E-002
   4.0033282997622988E-004   6.0545584113714725E-002
  0.53021316025413301       -1.9673738106778019E-003
  0.42657989479637914        3.1601492638171458E-003
  0.45767678817338642       -3.5944424831929598E-003
  0.50115080060764239       -4.0640839485871225E-003
  0.40185262027877378        8.8320842817718771E-003
   7.7582904246336279E-002   6.7539068959038440E-002
  0.10911032235382825        5.4977674025444352E-002
   9.2411201591292985E-002   5.8772998018942098E-002
  0.47322445830765786        7.7012684142695968E-003
  0.37537291397511136        2.1670522914370286E-003
  0.40815070471544346        1.8489583781809297E-003
  0.44858313192305155        4.0539128396376491E-003
  0.36646084581548605        1.1603254861881261E-002
  0.97580559889319662       0.15621543594884907     
  0.96510296327579725       0.16669204073483934     
  0.98832116188664620       0.15831919765343447     
  0.98136602773225989       0.15216228660618406     
  0.98671138260959368       0.14958327736875440     
  0.97612738815875633       0.15520144799549179     
  0.63970817053944429       -2.0566632077150596E-002
  0.56347698236010013       -1.2701386721718732E-002
  0.48434860550674708       -4.1639714671229781E-003
  0.52173902944127137       -1.2944937963955926E-003
  0.58814428718156275       -5.6288340745692606E-003
  0.65439779564483291       -4.6381131940633384E-003
   6.8945583068485278E-002  -6.4994435822044718E-003
   2.9246106625375523E-002  -1.5193500429710259E-003
  -5.8826141595395232E-002  -1.0268789279195456E-003
  -6.9939428258061487E-003  -2.8028151825057441E-004
  -4.7174326981634540E-002  -2.3291142227196697E-004
  0.71513515822280715        1.7706911728363754E-002
  0.68700615969020618        8.3064049308213578E-004
  0.59233205358034025       -9.0239836387568228E-003
  0.63375912421678671        2.1763725522982606E-002
  0.68576187429633473       -7.8960665841218552E-003
  0.83019727628620377        8.2147199687336817E-002
   4.5495629553256811E-002  0.26215514191980205     
   6.5842759523532968E-002  0.25579646739042927     
   2.5321549446880531E-002  0.25371490527562868     
  0.96675565014233622       0.17979436456887404     
  0.93748691401966522       0.16086609414302988     
  0.93142427400622463       0.16159190962225733     
  0.94719740483477499       0.16379153790527184     
  0.97446413084787586       0.16523917677199620     
  0.94683398672362795       0.16719070424129434     
  0.43406478741841753       0.14616974875789149     
  0.53775279799411491       0.13480062142992202     
  0.50948897798707038       0.13244874296649659     
  0.53508069038310424       0.12622566330818735     
  0.46970587808084241       0.13218300977472652     
  0.57106240012081133       0.13403129489593524     
  0.58703613394684662       0.16718654530471480     
  0.78339007278471251        4.4968026919053892E-003
  0.74121545880685280        4.2981282663374643E-003
  0.73069490074299137        1.4764253058574511E-003
  0.68126769303503876        7.5457911314361602E-003
  0.77060831825104859        8.4268154823119001E-004
  0.58352956055016936       -6.3980360992366920E-003
  0.48012086741784044       -2.4152062409891399E-004
  0.40386772158996403       -1.6801410417189593E-004
  0.43885838601171295        3.3360350109583664E-003
  0.51362575032116753        4.1850298004085691E-003
  0.23850826843028369       0.15366162381360923     
   7.7156597461286197E-002   9.2524625267465410E-002
  0.21791582964573075       0.11551612918117631     
  0.12821376951023428       0.16378948154012907     
  0.10353406162219363       0.16060041294835464     
  0.96939738724933200        8.7806748522432240E-002
  0.86880440912205270        4.9557197440978550E-002
  0.80848879116059025        3.7410694713585532E-002
  0.85569207897448862        4.7976232722304335E-002
  0.90166036334531174        6.5191784758076146E-002
  0.91999120419443725        6.2451256859090268E-002
  0.92094961760808491        8.2339747719577638E-002
  0.53196285023646850        1.8039901042231622E-002
  0.48597797851412194        9.4478455624341824E-003
  0.48599707802018177        7.0401137222157381E-004
  0.53711681986828619        6.7728585436055448E-003
  0.35215465370715648       0.15502508079457533     
  0.45075474490129108       0.15193625256534618     
  0.42213613069461359       0.14234849483706394     
  0.47071234038333160       0.14808115052818685     
  0.38095055039457654       0.15622842766649297     
  0.50367513510582973       0.16013105653987095     
  0.37715169006584015       0.24981006337795672     
  0.48320384401940636       0.23712981313967793     
  0.47421198576855444       0.27819200677065820     
  0.39721886618072311       0.24906902391523478     
  0.33253870454639667       0.25112652606919900     
  0.52143082309945821       0.25379079357669648     
  0.48603195389441117       0.23963081729763375     
  0.91476538630650273       0.20000990441896402     
  0.89545726760343758       0.18849306004408550     
  0.89402272024715068       0.20000520977718561     
  0.89864438289653226       0.19102871679253400     
  0.89456765485652645       0.19544743668399317     
  0.73190641153319880       0.21606207179078721     
  0.72797776023104366       0.22397928138036893     
  0.74413895989440570       0.21680856679272215     
  0.74159564521025523       0.23013724365828847     
  0.43481594012875457       0.24713170551468802     
  0.51444669340610882       0.23721193722235798     
  0.91646371814281768        1.8930705919911962E-002
  0.88126050675568413        1.1916057871492762E-002
  0.94340992981597949        2.6299998063288428E-002
  0.86377399870688665        3.0246794274645942E-002
  0.92676988249136927        1.8192433725313806E-002
  0.94712505800644642        2.2596442649661611E-002
  0.89967962018480263        3.6811161512725413E-002
  0.95649610814135966        1.8706940296745276E-002
  0.97879161711387674        4.3737613825485785E-002
  0.95849853491411086        5.4220707082015401E-002
  0.94248340530293295        2.2100578287264510E-002
  0.91829554372453137        3.8172727753038857E-002
  0.86359110124489480        3.4166946097695702E-002
  0.92823347843584736        3.9101947776732475E-002
  0.96631518362175384        3.1988908536078074E-002
  0.95155141150623546        1.7970343024593889E-002
  0.98066099798540529        4.5846785742042269E-002
   4.0518517744977597E-002   3.0912012073850120E-003
   2.0119194176263400E-002  -1.0990283110258188E-003
  -7.0480159970469525E-002  -6.4708599269172379E-004
  -2.1059905174961771E-002  -7.8571204327096563E-004
  0.18563350312097049        9.8326762151727080E-003
  0.32291705014952093        4.4944733756782226E-003
  0.15884421627117468        4.1619556586150374E-005
  0.18460142513312833        1.0181072196445450E-004
  0.24766900719247659        9.7886086240164469E-004
  0.13114851201807098        1.4547404301936036E-003
  0.70561590118067397       -6.6559077245274684E-002
  0.64365672465488655        1.2596067335274474E-002
  0.56008760351591091        7.0879289311199635E-003
  0.60253102456475882        6.6438648602652759E-003
  0.66543813539003982       -5.4175284405365660E-003
  0.71642213736584437        2.9433060817074527E-002
  0.76416483241158739       0.16996716393424466     
  0.75601543252452186       0.16878339842997775     
  0.78559896449898892       0.17779457800968479     
  0.78952725462499651       0.19331008144297543     
  0.55039771868671750        2.5771873650454365E-003
  0.49162160526199628       -1.3529777179666987E-003
  0.40742008516054423       -1.1808690353571833E-003
  0.33124182883378184        7.4402037411422828E-004
  0.56496640029755851        7.6328347695225137E-004
  0.45274902228797892        2.6846181032148721E-003
  0.42782657374944155        1.0945867007753183E-002
  0.31330501738785732        2.3432810183311586E-003
  0.34125929914557296       -3.2395965922499021E-004
  0.39803629017359776       -4.8797874420135490E-003
  0.26945278289651331       -5.2858658594888007E-004
  -7.7396538637209411E-003  -3.0756226850504678E-003
  0.32778326159202303        1.0429660983790989E-003
  0.22675061084129977       -3.9392958123306140E-003
  0.21949994846339069       -2.6960714250803385E-003
  0.12203056450914862       -1.8727780249503010E-003
  0.18004763309446362       -1.1094276968550666E-003
  0.78053018810317065       -6.5629287989389468E-002
  0.76526369872838085        3.7236779886469638E-002
  0.65853526995189970        2.3331244339242788E-002
  0.70832392709197634        5.3890500421188120E-002
  0.75793119317733681       -2.5957776823408510E-002
  0.85555969388393438        1.1119219847883991E-003
  0.82118349825768377        4.7128949035861690E-003
  0.69988840131482721        8.2660410074114427E-002
  0.58416212860002037        5.3228857593158180E-002
  0.64613239930897637        7.3020605151964693E-002
  0.68578501963140392        7.8166746204510071E-002
  0.58839145281902550        9.1071406014058096E-002
  0.74993974640431693        9.4915412526753465E-002
  0.78328749765302130       0.12187381817133008     
  0.41314873994602347        9.4451464532240188E-003
  0.31063238952787953        1.1453759532210719E-003
  0.33985176277525886        3.0972946582373577E-004
  0.38267758293936938        4.0459565148590155E-003
  0.29913861607298309       -2.9440414659286200E-003
  -6.0985033861333582E-002  0.24900590984499346     
  0.15223016912571458       0.31946926041257023     
  -3.9787403554547685E-002  0.23657501750403848     
  -9.3766728777014641E-002  0.24673764574183799     
  -7.8004692424078981E-002  0.23544226493101264     
  0.19949668798465076       0.16105346369551943     
   9.6690676346502302E-002  0.27503329833987039     
  0.84470436572931540        9.1890626038973619E-002
  0.82093095271330752        8.9232693140954458E-002
  0.82437681195973878        7.9305013365230340E-002
  0.88703398271456202       0.10785865931896235     
  0.76645030054647267        9.8507271950027134E-002
  0.85326575799537707        8.8057338305888105E-002
  0.87203354532996591       0.10911163290952455     
  0.85795124069378925       -3.3425157168294802E-003
  0.79842158613287584       -3.8818913480724538E-003
  0.86631390883119819        8.9833006876898162E-003
  0.76531902337731539       -1.3661553311033220E-002
  0.83198270040100142       -8.8073565653271145E-004
  0.90529958594718474        4.9149835120062069E-003
  0.81027434337685589       -2.4785332552559099E-003
  0.44306844528992395        5.4750847723127635E-004
  0.35929455106716185       -4.2505274616567703E-004
  0.34935329459655939       -1.3171948025796579E-003
  0.24514045929704162       -1.8023279581236178E-003
  0.31252375979300756        8.3129325865411764E-004
  0.41978687721310376        1.6411836388117915E-003
  0.98636670387497660       0.13246439172701949     
  0.94539089158281231       0.11013581044319495     
  0.87681880531892054       0.11128465476742398     
  0.93605900829036481       0.11089543821439511     
  0.96176958999501339       0.11116968048219136     
  0.97692399121782647       0.10889889671508828     
  0.96646610283016976       0.12766311865842941     
  0.39328718287460657        9.8087097748654267E-004
  0.36394053522303027        9.4037645013731136E-004
  0.25763969613682935        1.0679193046887114E-003
  0.32761987914180174       -1.1549248023281166E-003
  0.44199244163026885        1.8992592505824720E-003
  0.73811420459334309        5.5251441139887595E-003
  0.69324552873280654        4.3041167197905104E-003
  0.68353375983268017        1.1148198628110624E-003
  0.48036086693478264       -1.3085628101525500E-003
  0.85253348877292645        6.9246880664974152E-003
  0.63844477391874921        5.5167347462069475E-003
  0.72538886384377377        2.1253009273816455E-003
  0.99289507563417778        8.4135536254450499E-002
  0.97509057766075280        8.2703558476082906E-002
  0.98280479651974129        7.5380639790021020E-002
  0.97276552473052669        5.4533390711802091E-002
  0.99331404106153220        6.4489324284025470E-002
  0.98357884330516976        7.1651545479248444E-002
  0.99740193218704687        9.0258191014254516E-002
  0.91099547271427084       0.22177906897442204     
  0.87869438785136267       0.19590597892690828     
  0.87501536490789822       0.20224077677783442     
  0.88603499534496355       0.19946131417052668     
  0.93676846664163071       0.21899558070053621     
  0.88343865429580148       0.20788173597004292     
  0.59576948800664409        2.4799101011279450E-002
  0.54104792178642303        8.4751966823167141E-004
  0.45565163372469447       -1.8370760649632202E-002
  0.48919057919620312       -1.0370612665447969E-002
  0.54840844247252452       -6.4404368176136234E-003
  0.64930573937323222        2.5476774128805581E-002
  0.78910625254861777        1.9621664489074078E-003
  0.72118049764309267       -8.6461834010806492E-004
  0.69415362979203621       -6.8462720169913715E-004
  0.63261710594399156        3.7369930714168309E-003
  0.74178873831182646        8.6660225717047866E-004
  0.62884371356063407       -5.3442707312885435E-003
  0.61290001964575958        3.7478703672659777E-002
  0.51161703781834977       -2.1772687804446937E-003
  0.54620806226825858        1.0759656352642602E-003
  0.59593376053813829        4.2652573153633314E-002
  0.70998057096886558       -3.3462569972034603E-002
  0.51886495977106284       -5.4098435224847240E-003
  0.48528695628381402        1.0679439633908623E-003
  0.35073544928495515       -1.1953104522261194E-003
  0.44229045140035800        8.8012785027625573E-004
  0.55112153092469207        8.7154376573935952E-004
