 cosx vtec
  -7.2424087259177039E-002  -9.6162401822252549E-004
   5.1694540844865855E-002   1.2930267714109428E-003
  -2.7020075272545685E-002   7.5567409252068395E-005
  -2.7697295637801322E-002  -5.0381838196475351E-004
  -9.0794292458238279E-002  -1.4334823602417959E-004
   3.3418139054645912E-002   2.6484931139093269E-003
  -1.7632273645334554E-002   2.4790802105653944E-003
  -4.1371088439556530E-002  -1.5515789069554193E-003
  -5.3632022195330392E-002   4.7901094501673130E-004
  -3.1274005052756307E-002  0.10729922832570163     
   2.1588788546730145E-002  0.12261495911962182     
  -6.5568021772410043E-002  0.10407521999405821     
  -1.2015013171210814E-002  0.11227182130513493     
  0.75658162720005584       0.23299099210043162     
  0.73108087712256198       0.23848472930534723     
  0.73902817668326382       0.24579306243113461     
  0.76128996555968476       0.24387617783107565     
  0.70801146200790022       0.23595003965126718     
  0.71847459371538069       0.24536648206127828     
  0.62699383418165544       0.18116790074331321     
  0.60852865696144087       0.18711093450550123     
  0.62991472567046491       0.18987606643068172     
  0.61840046034844987       0.21150504713415480     
  0.57834089834795432       0.18739092016021178     
  0.64501128674453323       0.18751340178758585     
  0.19415278550156406        1.7863194930720187E-002
  0.28898307261000500        1.9575283317887330E-002
  0.30765565706289627        3.0287222014354839E-002
  0.23388653838727555        1.6668697761839574E-002
  0.12375763507130269        1.3116161486377044E-002
  0.25463949903580674        2.5127913673000962E-002
  0.14166692339106426        1.0602088710713380E-002
  0.22716585723470328        1.3917213258329682E-002
  0.20858735049787042        1.0555076789434181E-002
  -7.6410598326506901E-002   2.3041674179984772E-003
  0.34281157110462962       0.16537621692818413     
  0.27272614427031144       0.15934392381651821     
  0.22785904961827685        2.5444023499378923E-002
  0.32103650004449968       0.16245428121964881     
  0.27735016653245581       0.15838180996555629     
  0.34634910601827157       0.16540010551223430     
  0.30184605663650743       0.18163321329719903     
  0.34345604386846262       0.18364688198242726     
  0.26446612756646498       0.17466758563093754     
  0.31970163833705523       0.17416515867053778     
  0.23268461703224286       0.15282663361311893     
  0.35029687354445582       0.18282056158905738     
  0.27234067589092087       0.16106935157295429     
  0.19488941009412430       0.15907872351079722     
  0.38897000431780482       0.19583999216562853     
  0.15403036494600358       0.15789407856856472     
  0.25161445034189178       0.15939434382024795     
  0.32874884790226083        5.2849905566731969E-002
  0.21862106704252385        3.8106920053663500E-002
  0.41820400252567924        6.3276848475789002E-002
  0.34777093267437298        7.0919116972806243E-002
  0.36864972311700672       0.10519336145341916     
  0.24787042580207913        5.0497807114577992E-002
  0.45980887133891801       0.10388572255787835     
  0.22714182622951470        5.3512534605510184E-002
  0.42673076207382660        7.5890816554633062E-002
  0.20129754918148490        6.5135368128468984E-002
  0.38642001617979044        6.0586009130342254E-002
  0.34139896709575879       0.19077796878947312     
  0.30594101358520565       0.19748407119543368     
  0.38840725020942923       0.19677924073786038     
  0.41415546476691545       0.19784547479312053     
  0.35816005762714098        5.8068373183961623E-002
  0.44347134112658815        6.6928927599418278E-002
  0.46055581730455097        7.8420673010781289E-002
  0.40180542853874707        6.1524758571879119E-002
  0.25682987619900527        3.4345231023820519E-002
  0.41616102867619309        6.3733997491919478E-002
  0.29234568254663018        4.5257741978062357E-002
  0.56045181433464453       0.10812904251234406     
  0.39561993550432106        6.0545584113714725E-002
  0.13118282361769429        9.8655685494388690E-002
  0.28568882039637666       0.13308650335389738     
   3.8715396866819685E-003   5.5964969898950119E-002
  0.17471042491578259       0.10687066290385225     
   9.0805768500434925E-002  0.10745699758102502     
  0.28424896959078538       0.13555866064375602     
   6.9539591488857855E-002   9.3728464902475037E-002
  0.15321570782880245       0.10544067617861003     
  0.15759508416648135        4.4498150413293282E-003
   7.6031089112703676E-002   1.7487307358282290E-002
  0.27075879215830007        4.1352447010887541E-002
  0.17982706343832969        2.9894771136291815E-002
  0.19933933038790430        4.3363388991551628E-002
   9.7313975865046393E-002  -3.1374722056225199E-002
  0.31170461051759574        4.4487769866509388E-002
   7.6605041668408175E-002   9.1331953273705319E-003
  0.27671622524016115        3.6179897849154104E-002
   7.3102133160344113E-002   1.7362169594392445E-002
  0.23398265703962659        2.1612762921603676E-002
  0.42710662326209908        6.7539068959038440E-002
  0.33737803459866539        5.4977674025444352E-002
  0.39934113683148448        5.8772998018942098E-002
  0.37269187972523038       0.15621543594884907     
  0.36234428947285541       0.16669204073483934     
  0.30923892338162151       0.15831919765343447     
  0.35961502056774569       0.15216228660618406     
  0.31488005267333757       0.14958327736875440     
  0.38292401456259140       0.15520144799549179     
  -9.9105080775791332E-002   1.2428388263224378E-003
   4.2261356523384253E-002   5.3309663252945824E-003
  -5.3277105527158725E-002  -1.7674594537552189E-004
  0.14067612503096596        7.1561491682741601E-004
  -3.9993438242976936E-002   4.6256906650562378E-004
  0.98947806010373118       0.26215514191980205     
  0.99318653698972714       0.25579646739042927     
  0.98888828818700303       0.25371490527562868     
  0.31358734049764314       0.17979436456887404     
  0.22722605142655961       0.16086609414302988     
  0.19174155138835364       0.16159190962225733     
  0.27512101681349521       0.16379153790527184     
  0.23174069896018568       0.16523917677199620     
  0.30380997181589608       0.16719070424129434     
  0.56738203420641575       0.14616974875789149     
  0.52898326317955291       0.13480062142992202     
  0.50194130581345675       0.13244874296649659     
  0.38140442236812760       0.12622566330818735     
  0.50268703003842663       0.13218300977472652     
  0.47618672491672631       0.13403129489593524     
  0.58284232259268265       0.16718654530471480     
  -3.7846291589335335E-002   4.4968026919053892E-003
  -8.0507057451126435E-002   4.2981282663374643E-003
  -5.6637315697828094E-002   7.5457911314361602E-003
  -4.2953071017393651E-003  -3.0777218663015225E-003
  -8.8547170695703253E-002   1.1174027867113141E-003
  -8.7159625531026283E-002  -2.2641791912794453E-003
  0.64151971935396734       0.13828575727672404     
  0.71830182134109100       0.13496985917050677     
  0.79436415158259099       0.17457448895407282     
  0.68931388698586071       0.13312764346030101     
  0.73047333557229277       0.13731931094613789     
  0.68768270417424771       0.14286392655987321     
  0.11256128153549674       0.15366162381360923     
  0.19199489192327360        9.2524625267465410E-002
   7.8095115681555818E-002  0.11551612918117631     
   8.8416569507098725E-002  0.16378948154012907     
  0.14876095101796771       0.16060041294835464     
   4.1220166620656973E-002   8.7806748522432240E-002
  -6.3762641274753423E-002   6.5191784758076146E-002
   2.0405691739564524E-003   8.2339747719577638E-002
  0.14682969735991142        1.8039901042231622E-002
  0.10312807297973162        9.4478455624341824E-003
   2.5535102575961338E-002   7.0401137222157381E-004
   7.9372659758288916E-002   6.7728585436055448E-003
  -7.4232376340322426E-002   7.8589178373334942E-004
   8.5673714609082297E-002  -1.6584863994053397E-002
  -3.8630178804825721E-002  -1.3931294641972591E-003
  -2.7305255987875032E-002   5.5444735493517883E-003
  0.11743964891716052        3.2156347579018912E-003
   1.5290624963169852E-002   7.0115968919918338E-003
  0.65764038718475082       0.15502508079457533     
  0.63466385922948987       0.15193625256534618     
  0.60724633421879670       0.14234849483706394     
  0.44560313963388842       0.14808115052818685     
  0.60655513174674625       0.15622842766649297     
  0.57769932414920189       0.16013105653987095     
  0.93905369956470197       0.24981006337795672     
  0.91369516544441476       0.23712981313967793     
  0.89136455437629170       0.27819200677065820     
  0.96259339137350453       0.24906902391523478     
  0.96675155453244110       0.25112652606919900     
  0.91624694072182022       0.25379079357669648     
  0.92636671190107556       0.23963081729763375     
  0.48005139910078343       0.20000990441896402     
  0.40277929254283079       0.18849306004408550     
  0.36029165241546546       0.20000520977718561     
  0.44897908109141915       0.19102871679253400     
  0.47108745679946384       0.19544743668399317     
  0.40816329988971733       0.21606207179078721     
  0.37160694623067414       0.22397928138036893     
  0.45737549061594729       0.21680856679272215     
  0.48302672783769590       0.23013724365828847     
  0.55142956241841057       0.12439328161424504     
  0.63728510345985745       0.12268714835724899     
  0.56710940888097872       0.13250280893800487     
  0.69503620358490070       0.14929554268333578     
  0.59719628554332493       0.12294461422415401     
  0.63660138703751645       0.13888483793408246     
  0.63536418623583280       0.16177407630208820     
  0.61438534851226967       0.14745223535839036     
  0.90189808751614120       0.24713170551468802     
  0.88189176941035852       0.23721193722235798     
  -5.0444381948713035E-002   1.8930705919911962E-002
  -8.3565033666399252E-002   1.1916057871492762E-002
  -4.9970263093796652E-002   2.2596442649661611E-002
   1.5433959948993548E-002   1.8706940296745276E-002
  -2.9285891617320536E-002   4.3737613825485785E-002
  -3.6728116437019120E-002   5.4220707082015401E-002
  -7.3119515955275716E-002   3.1988908536078074E-002
  -1.0517550412003696E-002   4.5846785742042269E-002
  0.21605427073477304       0.16996716393424466     
  0.18659525978312727       0.16878339842997775     
  0.26813847762437837       0.17779457800968479     
  0.30359434480122027       0.19331008144297543     
  0.18887286432936945        9.9820059252443555E-003
  0.10067845436295604       -3.7000416006854219E-004
  0.27318243322127417        1.8675346546876515E-002
  0.24630502579305588        1.4043305679535661E-002
  0.23064110612939831        1.3691458398637160E-002
   8.0023022354881540E-002  -3.2657256707119119E-003
  0.13759112665401257        3.4037502207289396E-003
  0.36327759731105524        3.1281954673396055E-002
  0.22250797808981121        1.2257620280420930E-002
   6.0460489924115679E-003   1.0429660983790989E-003
  -8.6676471586992015E-002  -3.9392958123306140E-003
  -9.0205851562494929E-002  -1.1094276968550666E-003
  0.21272473629507604        9.8461162684642806E-002
  0.35030441336531615       0.13174878465105111     
   9.0550344858218945E-002   7.6485740926834231E-002
  0.25502366716244484       0.10454917800673171     
  0.16414155256139362       0.11754210326410783     
  0.33099301423890248       0.11888509311478077     
  0.14811897402953453        9.7090992999645923E-002
  0.23577283835422530       0.10509869906497141     
  -5.5640283167713273E-002   9.4915412526753465E-002
   2.9645533080379594E-002  0.12187381817133008     
  0.97220268021871525       0.24900590984499346     
  0.87969770484994292       0.22365486852961142     
  0.99967442718685628       0.31946926041257023     
  0.96831998587041168       0.23657501750403848     
  0.94489925051396928       0.27576256098499924     
  0.94814483311156827       0.24673764574183799     
  0.96395353839914610       0.23544226493101264     
  0.98759579355770810       0.16105346369551943     
  0.99070866976345195       0.27503329833987039     
  0.92966701462227419       0.28070750620823104     
  0.58456716890415983       0.13561832585111258     
  0.67928726316777199       0.14488049082489490     
  0.60282377320104830       0.14099650179983431     
  0.71064750750324346       0.14005128467219471     
  0.63590260938787024       0.12712883641484735     
  0.65965947800221092       0.14563795754615758     
  0.66915155329347797       0.14434854905661090     
  0.30233403327322023        9.1890626038973619E-002
  0.27875079767893329        8.9232693140954458E-002
  0.18130951919273788        7.9305013365230340E-002
  0.31650526404527302       0.10785865931896235     
  0.29378512628906417        9.8507271950027134E-002
  0.25079146108971706        8.8057338305888105E-002
  0.34201348442567348       0.10911163290952455     
  -5.3394817647893361E-002   5.4750847723127635E-004
  0.16234724025295666       0.13246439172701949     
   6.0493740990268829E-002  0.11013581044319495     
   2.7972067929087130E-002  0.11089543821439511     
  0.11351856211221173       0.11116968048219136     
   6.5978980883670213E-002  0.10889889671508828     
  0.15267953308035370       0.12766311865842941     
  -8.9663460801784473E-002  -1.3352013552095448E-003
  -3.7098862344519451E-002   5.5251441139887595E-003
  -8.2541746683043954E-002   4.3041167197905104E-003
   3.0268933848130231E-002   6.9246880664974152E-003
  -6.4659152637487893E-002   5.5167347462069475E-003
   8.3709946874921004E-002   8.4135536254450499E-002
   7.3018999857824507E-002   8.2703558476082906E-002
   6.9622692493448435E-004   7.5380639790021020E-002
  -4.1358986540056986E-002   5.4533390711802091E-002
   5.9359835475651268E-002   6.4489324284025470E-002
   3.6996529017185309E-003   7.1651545479248444E-002
  0.10225425607549693        9.0258191014254516E-002
  0.44246287990247846       0.22177906897442204     
  0.35605895261134118       0.19590597892690828     
  0.31835578279440524       0.20224077677783442     
  0.40242497515036907       0.19946131417052668     
  0.35887972674099056       0.21899558070053621     
  0.42671565237126508       0.20788173597004292     
  0.18363712449600600        8.3818313049875796E-003
   9.3711198687888964E-002   2.6070822242617044E-003
  0.26834670747989037        1.8072617873496892E-002
  0.23749227894938330        1.3724598829335260E-002
  0.22635168672591921        1.3313824791760968E-002
   6.7296989928691320E-002   2.0056339037771636E-004
  0.13323912265806709        4.3708906987681489E-003
  0.36928267029134543        3.5249432613144997E-002
  0.21653719883129008        1.1506305277751162E-002
