 cosx vtec
  0.26660664873243367       -9.6162401822252549E-004
  0.20727447646788902       -3.1685733285309186E-004
  0.35339553660684492        1.2930267714109428E-003
  0.30081586377726088        7.5567409252068395E-005
  0.22543729236594462        3.9073304018642291E-003
  0.20537336951297713       -7.3190681211835254E-004
  0.26007455841499411       -5.0381838196475351E-004
  0.17746007151198628       -1.4334823602417959E-004
  0.11245197850611383        9.1280395362138908E-005
  0.26123985082249856        2.6484931139093269E-003
  0.14240496081488299        2.4790802105653944E-003
  -2.1272402441385313E-002   4.0766235908728171E-004
  0.21361955807211591       -1.5515789069554193E-003
  0.13195394597851756       -3.5281456368758475E-003
  0.11280246972848743       -1.1035258684171378E-003
  0.16200021147074556        4.7901094501673130E-004
  0.16074951904633228       0.10729922832570163     
  0.19523345457386321       0.12261495911962182     
   9.4522356472408364E-002  0.10407521999405821     
  0.11025670987648578        7.9455081797138630E-002
  0.15538415571010206       0.11227182130513493     
  0.60855641294237417       0.23299099210043162     
  0.60988041747144028       0.23848472930534723     
  0.52686943575320888       0.24579306243113461     
  0.55899977251209154       0.24387617783107565     
  0.58384766700489066       0.23595003965126718     
  0.35089144354015023       0.24536648206127828     
  0.19591208734943366       0.18116790074331321     
  0.18628307077920864       0.18711093450550123     
  0.18480864445393691       0.18987606643068172     
  0.22541873109929861       0.21150504713415480     
  0.13556990333730717       0.18739092016021178     
  0.20801969584185681       0.18751340178758585     
  0.26736295590034453        1.7863194930720187E-002
  0.28799555454024250        1.9575283317887330E-002
  0.22153637994058278        3.0287222014354839E-002
  0.19744722047397681        1.6668697761839574E-002
   8.1544178070539319E-002   1.3116161486377044E-002
  0.28635492883626235        2.5127913673000962E-002
  0.16397204021540795        1.0602088710713380E-002
  0.21473889265792073        1.3917213258329682E-002
   8.9899895289302673E-002   1.0555076789434181E-002
  0.38940213907295934       0.18163321329719903     
  0.40474929276738503       0.18364688198242726     
  0.31597218391163451       0.17466758563093754     
  0.37644867274695770       0.17416515867053778     
  0.47250539672889585       0.15282663361311893     
  0.54687654867598556       0.18282056158905738     
  0.49470272876170290       0.16106935157295429     
  0.40885330563011973       0.15907872351079722     
  0.62325225466989698       0.19583999216562853     
  0.42483249161722458       0.15789407856856472     
  0.47090081264285066       0.15939434382024795     
  0.70928086812660873        5.2849905566731969E-002
  0.62247117094807958        3.8106920053663500E-002
  0.76111639427814448        6.3276848475789002E-002
  0.75705214470723048        7.0919116972806243E-002
  0.73426619236710267       0.10519336145341916     
  0.65913670315907902        5.0497807114577992E-002
  0.83333008031832811       0.10388572255787835     
  0.60570331726192628        5.3512534605510184E-002
  0.78343730887091978        7.5890816554633062E-002
  0.64899017914195156        6.5135368128468984E-002
  0.70434460581322900        6.0586009130342254E-002
  -6.4455625628456248E-002  0.19677924073786038     
  -3.9000317350299241E-002  0.19784547479312053     
  0.14117926546838644       -1.1004490245101013E-003
   8.2598693030381309E-002  -8.3599036980587562E-005
  0.20867773082078456       -7.6881997226430749E-004
  0.20894456898221886       -1.8436084074217239E-004
   9.9699869923105700E-002   8.0550389157429145E-004
   7.1831156324177303E-002   9.8471546486337408E-004
  0.10287040062994812       -6.6271548454806327E-004
  0.42561026444861677        5.8068373183961623E-002
  0.43547049370875501        6.6928927599418278E-002
  0.37773584861489040        7.8420673010781289E-002
  0.35927116209895193        6.1524758571879119E-002
  0.19646961512970157        3.4345231023820519E-002
  0.43778571650894060        6.3733997491919478E-002
  0.31618376204719512        4.5257741978062357E-002
  0.59042870538366543       0.10812904251234406     
  0.37729288452303300        6.0545584113714725E-002
  0.47167977043508102        9.8655685494388690E-002
  0.57880059663912542       0.13308650335389738     
  0.41485262810584878        5.5964969898950119E-002
  0.50018490381285630       0.10687066290385225     
  0.40697221651503029       0.10745699758102502     
  0.61697332357692969       0.13555866064375602     
  0.42856809416087266        9.3728464902475037E-002
  0.47586604531653953       0.10544067617861003     
  0.59177736673512993        4.4498150413293282E-003
  0.52177134341509790        1.7487307358282290E-002
  0.66723408948567653        4.1352447010887541E-002
  0.63665358232772362        2.9894771136291815E-002
  0.62160134078910456        4.3363388991551628E-002
  0.54940956805875119       -3.1374722056225199E-002
  0.74080126169335103        4.4487769866509388E-002
  0.50445294590052070        9.1331953273705319E-003
  0.69022168318094956        3.6179897849154104E-002
  0.54592258409747507        1.7362169594392445E-002
  0.59820397437661821        2.1612762921603676E-002
  -9.0385873850730714E-003   3.9713315750270527E-003
  -6.3014726335867799E-002  -6.6718014027117778E-004
  -8.0105023402287867E-002   4.4953568808341338E-003
  -6.2369463315024631E-002  -1.1062818537919612E-003
   1.5475086632314727E-002  -4.5443046438902509E-003
  0.36815051228922197        6.7539068959038440E-002
  0.26652560178177231        5.4977674025444352E-002
  0.33412847018852221        5.8772998018942098E-002
  0.29978543392601953        1.2428388263224378E-003
  0.24305230412403711       -2.6804108066335843E-004
  0.40349370852806721        5.3309663252945824E-003
  0.33594556790943320       -1.7674594537552189E-004
  0.26092668860190921        1.4058700887975260E-003
  0.23830055461043917        3.4385848994467221E-003
  0.53041612215610678        7.1561491682741601E-004
  0.26114553847057664       -1.9313477136490538E-003
  0.30285024594934445        4.6256906650562378E-004
  0.92105021420617539       0.26215514191980205     
  0.91425829275831960       0.25579646739042927     
  0.93073010950143931       0.25371490527562868     
  0.32100914927162416       0.14616974875789149     
  0.23172568576878522       0.13480062142992202     
  0.22027246881099374       0.13244874296649659     
   9.2264263173613748E-002  0.12622566330818735     
  0.24118244011124676       0.13218300977472652     
  0.16443608810785632       0.13403129489593524     
  0.25809559487364242       0.16718654530471480     
   6.0427758201064746E-002   4.5253359407055623E-004
  -1.4703614658319042E-002   9.6129781111855802E-004
  0.15519417603756247       -3.0777218663015225E-003
   1.6479421389698073E-002   1.1174027867113141E-003
  -9.9499199787695558E-002   4.3087592295885479E-004
  0.10381430614552967       -2.2641791912794453E-003
   8.3951888004294151E-003  -1.7650548315984085E-003
  -1.3409189935519289E-002   8.1385757764911872E-004
   3.4176608561986593E-002  -4.3943034735775886E-004
  0.86060908014816706       0.13828575727672404     
  0.88500935825557758       0.13496985917050677     
  0.94643262272233475       0.17457448895407282     
  0.87844687947785483       0.13312764346030101     
  0.90868224322201208       0.13731931094613789     
  0.83916668015849993       0.14286392655987321     
  -1.3689101758993141E-002  0.15366162381360923     
  0.14402595689448555        9.2524625267465410E-002
  -3.6121278210599975E-002  0.11551612918117631     
   1.9270268480733432E-002  0.16378948154012907     
   8.9380421939854210E-002  0.16060041294835464     
  -6.0397634694627167E-002  -2.8915610890522516E-003
  0.38175040915093539        7.8589178373334942E-004
  0.32372527993053557        8.1466062100912489E-003
  0.50153529904923877       -1.6584863994053397E-002
  0.45181374615124104       -1.3931294641972591E-003
  0.41955154186731558        5.5444735493517883E-003
  0.34340840699655700        9.1762047814772235E-003
  0.31329329949277784       -1.2828109273727184E-002
  0.55825381030877119        3.2156347579018912E-003
  0.34337138612633966       -1.6253284049114482E-003
  0.39990847143119523        7.0115968919918338E-003
  0.44871953056344538       0.15502508079457533     
  0.37673500415234545       0.15193625256534618     
  0.36510355846784226       0.14234849483706394     
  0.18620263297303324       0.14808115052818685     
  0.38535448827851443       0.15622842766649297     
  0.29551169209176503       0.16013105653987095     
  0.70454965263628899       0.24981006337795672     
  0.62650873096727233       0.23712981313967793     
  0.60976639661009491       0.27819200677065820     
  0.71682259202750254       0.24906902391523478     
  0.75362924432549128       0.25112652606919900     
  0.60953526025150440       0.25379079357669648     
  0.63716391050922361       0.23963081729763375     
  -6.3788653903451564E-003  0.20000990441896402     
  -7.0308060397259842E-002  0.18849306004408550     
  -2.7842877283495937E-002  0.19102871679253400     
  -4.6775021614922085E-003  0.19544743668399317     
   1.7866246835905319E-002  0.21606207179078721     
  -1.5020790341316426E-002  0.22397928138036893     
   5.8613343765535841E-002  0.21680856679272215     
   8.4380743529899105E-002  0.23013724365828847     
  0.87392784532977941       0.12439328161424504     
  0.91366518044761125       0.12268714835724899     
  0.90089780984731904       0.13250280893800487     
  0.95573633734354901       0.14929554268333578     
  0.89709117457891285       0.12294461422415401     
  0.93441746297618211       0.13888483793408246     
  0.92300073861462384       0.16177407630208820     
  0.86144313416208984       0.14745223535839036     
  0.63981927362448543       0.24713170551468802     
  0.58029987383284010       0.23721193722235798     
  -9.3921201386026942E-002   1.2527483998860428E-003
  -1.0507717696180252E-002  -1.7301745083221845E-004
  -6.6602106935320801E-002  -6.3503376515465252E-003
  0.42914233343827674        9.9820059252443555E-003
  0.35341868346750904       -3.7000416006854219E-004
  0.47308000282244828        1.8675346546876515E-002
  0.38823164181490816        1.4043305679535661E-002
  0.45317977428078671        1.3691458398637160E-002
  0.37560295472008703       -3.2657256707119119E-003
  0.35869725022521592        3.4037502207289396E-003
  0.58857780434372520        3.1281954673396055E-002
  0.41124581653152603        1.2257620280420930E-002
  0.57284861298177181        9.8461162684642806E-002
  0.66448916779676859       0.13174878465105111     
  0.51391370338828468        7.6485740926834231E-002
  0.59976572164330533       0.10454917800673171     
  0.49987572579634632       0.11754210326410783     
  0.67910506682397331       0.11888509311478077     
  0.52841762810539761        9.7090992999645923E-002
  0.57822079409633220       0.10509869906497141     
  0.95862788964650480       0.24900590984499346     
  0.96182481531867148       0.22365486852961142     
  0.87658892724065884       0.31946926041257023     
  0.94416074675835582       0.23657501750403848     
  0.98164359589117889       0.27576256098499924     
  0.95231586272968505       0.24673764574183799     
  0.95939775761686397       0.23544226493101264     
  0.84106578848692959       0.16105346369551943     
  0.89623204131243595       0.27503329833987039     
  0.94030883391773012       0.28070750620823104     
  0.90621743363160778       0.13561832585111258     
  0.94860108883213912       0.14488049082489490     
  0.92073107098226903       0.14099650179983431     
  0.96719158792175042       0.14005128467219471     
  0.93110914725052529       0.12712883641484735     
  0.94689521004013777       0.14563795754615758     
  0.94950080561263606       0.14434854905661090     
   8.5255036372879900E-003   8.4916412160106983E-004
  -5.5797982266615698E-002  -5.4668864384596884E-005
  0.16558028273877740       -1.3352013552095448E-003
   6.2377029487546087E-002  -3.3303824079798957E-003
  -3.7151037041859680E-002   2.9710001599958600E-004
  -5.7498027871146329E-002   4.4567733278943306E-004
  -8.3056886859028678E-004  -2.3710797897497052E-003
  -4.0331376685109055E-002  0.22177906897442204     
  -6.5862333023459285E-002  0.19946131417052668     
  -4.1366242276003218E-002  0.20788173597004292     
  0.13145148747191610       -8.5020807505557317E-004
  0.19223833994471973       -1.5506346889086720E-004
   9.1137751646362009E-002  -5.1013352026934482E-003
   6.6427389678850091E-002  -2.5845571095877728E-003
   9.4825093393811344E-002   4.6924016013175840E-003
  0.40697268089607763        8.3818313049875796E-003
  0.32948693210598162        2.6070822242617044E-003
  0.44994212590732374        1.8072617873496892E-002
  0.36551807737914038        1.3724598829335260E-002
  0.43101800049611966        1.3313824791760968E-002
  0.35175219137997349        2.0056339037771636E-004
  0.33576074970492703        4.3708906987681489E-003
  0.57854178645243692        3.5249432613144997E-002
  0.38723100769629026        1.1506305277751162E-002
