 cosx vtec
  0.36789552181769525       -9.6162401822252549E-004
  0.31248368789338826       -3.1685733285309186E-004
  0.43636321788439492        1.2930267714109428E-003
  0.39610539294498781        7.5567409252068395E-005
  0.33662518021369797        3.9073304018642291E-003
  0.30423816765917555       -7.3190681211835254E-004
  0.34396457664066449       -5.0381838196475351E-004
  0.25967079681711536       -1.4334823602417959E-004
  0.19819935316242013        9.1280395362138908E-005
  0.32423747990764235        2.6484931139093269E-003
  0.18919591274524497        2.4790802105653944E-003
   3.7917104787399375E-002   4.0766235908728171E-004
  0.28899203792296502       -1.5515789069554193E-003
  0.22767954507715626       -3.5281456368758475E-003
  0.19090394716339548       -1.1035258684171378E-003
  0.22688966284652157        4.7901094501673130E-004
  0.21751694577796310       0.10729922832570163     
  0.24348958307398411       0.12261495911962182     
  0.14428713394496545       0.10407521999405821     
  0.17864796584933607        7.9455081797138630E-002
  0.20393078994104905       0.11227182130513493     
  0.51958700019319992       0.23299099210043162     
  0.53014542518318764       0.23848472930534723     
  0.42066849619427482       0.24579306243113461     
  0.45424302267768019       0.24387617783107565     
  0.50469029016851652       0.23595003965126718     
  0.20157373519193347       0.24536648206127828     
   3.4107050216566070E-002  0.18116790074331321     
   2.8141113916725469E-002  0.18711093450550123     
   1.8818324239412543E-002  0.18987606643068172     
   7.5024507568380971E-002  0.21150504713415480     
  -2.6570378740261469E-002  0.18739092016021178     
   4.3414896005926740E-002  0.18751340178758585     
  0.27628663502922352        1.7863194930720187E-002
  0.26987717933263811        1.9575283317887330E-002
  0.17795399100528372        3.0287222014354839E-002
  0.17260531071538926        1.6668697761839574E-002
   6.1850598688952770E-002   1.3116161486377044E-002
  0.27969542954671395        2.5127913673000962E-002
  0.16159798485300486        1.0602088710713380E-002
  0.19716912400529349        1.3917213258329682E-002
   4.3131450603454691E-002   1.0555076789434181E-002
  0.39577570373601506       0.18163321329719903     
  0.40105462722786284       0.18364688198242726     
  0.31435788637631312       0.17466758563093754     
  0.37292186999575583       0.17416515867053778     
  0.52663070816462343       0.15282663361311893     
  0.58139410982121720       0.18282056158905738     
  0.54139464336241427       0.16106935157295429     
  0.45792729500629986       0.15907872351079722     
  0.66614978720654072       0.19583999216562853     
  0.49265993798936941       0.15789407856856472     
  0.51799363249981334       0.15939434382024795     
  0.79766062877837651        5.2849905566731969E-002
  0.72430721051883329        3.8106920053663500E-002
  0.83323164730483312        6.3276848475789002E-002
  0.85246789729278927        7.0919116972806243E-002
  0.81592371383431994       0.10519336145341916     
  0.76128531431968860        5.0497807114577992E-002
  0.91161855304786277       0.10388572255787835     
  0.69979164476562161        5.3512534605510184E-002
  0.85896554939852665        7.5890816554633062E-002
  0.76441578485275374        6.5135368128468984E-002
  0.77128570568834576        6.0586009130342254E-002
  0.30159721445154730       -1.1004490245101013E-003
  0.24516220772358072       -8.3599036980587562E-005
  0.37390137937701806       -7.6881997226430749E-004
  0.36374639688197796       -1.8436084074217239E-004
  0.26357916586787755        8.0550389157429145E-004
  0.23108547311352395        9.8471546486337408E-004
  0.26971807763742428       -6.6271548454806327E-004
  0.42276632501844963        5.8068373183961623E-002
  0.40581409348961817        6.6928927599418278E-002
  0.32565848828925714        7.8420673010781289E-002
  0.32232454086024498        6.1524758571879119E-002
  0.16338038789348705        3.4345231023820519E-002
  0.41827525854159919        6.3733997491919478E-002
  0.30494741812849935        4.5257741978062357E-002
  0.56439763795790754       0.10812904251234406     
  0.34764101976253170        6.0545584113714725E-002
  0.56082050645711401        9.8655685494388690E-002
  0.64487301613449133       0.13308650335389738     
  0.53197968564727760        5.5964969898950119E-002
  0.58234902215399242       0.10687066290385225     
  0.49165688291832832       0.10745699758102502     
  0.69444698277750572       0.13555866064375602     
  0.52680567378761989        9.3728464902475037E-002
  0.55855033729331560       0.10544067617861003     
  0.70604211799904304        4.4498150413293282E-003
  0.64437098767354761        1.7487307358282290E-002
  0.76374606726775118        4.1352447010887541E-002
  0.75601278319309306        2.9894771136291815E-002
  0.72988545530383186        4.3363388991551628E-002
  0.67251053529171068       -3.1374722056225199E-002
  0.84410186710500845        4.4487769866509388E-002
  0.62190755340476800        9.1331953273705319E-003
  0.79122935321256671        3.6179897849154104E-002
  0.67643643987674995        1.7362169594392445E-002
  0.68777487979749208        2.1612762921603676E-002
  0.12788426226814292        3.9713315750270527E-003
  -5.2694179715958855E-002   1.5067994553094507E-004
   8.5845173291332511E-002  -6.6718014027117778E-004
   5.0348492886709839E-002   4.4953568808341338E-003
   7.8753339813396994E-002  -1.1062818537919612E-003
  0.14391440681803802       -4.5443046438902509E-003
  0.32495260067191034        6.7539068959038440E-002
  0.22546854620879844        5.4977674025444352E-002
  0.29085755878962005        5.8772998018942098E-002
  0.41981555760895994        1.2428388263224378E-003
  0.36687033199589669       -2.6804108066335843E-004
  0.50404429664957784        5.3309663252945824E-003
  0.45038624087744911       -1.7674594537552189E-004
  0.38842646012126802        1.4058700887975260E-003
  0.35683649934087847        3.4385848994467221E-003
  0.63303351556014131        7.1561491682741601E-004
  0.40426972369411168       -1.9313477136490538E-003
  0.40322634593315299        4.6256906650562378E-004
  0.84043720396397192       0.26215514191980205     
  0.83041773756756032       0.25579646739042927     
  0.85308626309338309       0.25371490527562868     
  0.21563169361898810       0.14616974875789149     
  0.11418683893687145       0.13480062142992202     
  0.10885444032053065       0.13244874296649659     
  -1.3847715979839137E-002  0.12622566330818735     
  0.13547679389989700       0.13218300977472652     
   4.6017045197933204E-002  0.13403129489593524     
  0.12938228546948555       0.16718654530471480     
  0.12847800383591138        4.5253359407055623E-004
   5.5681912802749450E-002   9.6129781111855802E-004
  0.20100553099399368       -3.0777218663015225E-003
   5.1937645452753742E-002   1.1174027867113141E-003
  -5.3057935366164585E-002   4.3087592295885479E-004
  0.16373131946797903       -2.2641791912794453E-003
   9.4241311731352362E-002  -1.7650548315984085E-003
   4.7994334216520607E-002   8.1385757764911872E-004
   8.2982316077944124E-002  -4.3943034735775886E-004
  0.88358024377941347       0.13828575727672404     
  0.88828249235819623       0.13496985917050677     
  0.94083054875304573       0.17457448895407282     
  0.88991333625493851       0.13312764346030101     
  0.91448864403753860       0.13731931094613789     
  0.83998218934985380       0.14286392655987321     
  -5.6690492879354987E-002  0.15366162381360923     
  0.11847707438259322        9.2524625267465410E-002
  -7.3558769171010827E-002  0.11551612918117631     
  -5.9333728339346567E-003  0.16378948154012907     
   6.3241119079735217E-002  0.16060041294835464     
  -4.8338634952611120E-002   1.3401480297468547E-003
   2.1895095936893677E-002  -2.8915610890522516E-003
  -9.4345583762066476E-002  -3.4230545147837048E-003
  -9.3849073440995912E-002   1.0378312096303243E-003
  0.51654949877735024        7.8589178373334942E-004
  0.46296377432501523        8.1466062100912489E-003
  0.61500718185441716       -1.6584863994053397E-002
  0.59425667494930978       -1.3931294641972591E-003
  0.54884808025814791        5.5444735493517883E-003
  0.48434682749288371        9.1762047814772235E-003
  0.44815079424416238       -1.2828109273727184E-002
  0.67689090102300176        3.2156347579018912E-003
  0.49109842131671000       -1.6253284049114482E-003
  0.50880204148503394        7.0115968919918338E-003
  0.34846659762209786       0.15502508079457533     
  0.26390473891806299       0.15193625256534618     
  0.25847364714220961       0.14234849483706394     
   8.4621143555936806E-002  0.14808115052818685     
  0.28474779272170664       0.15622842766649297     
  0.17926963737753338       0.16013105653987095     
  0.57962164428513108       0.24981006337795672     
  0.48810109599642310       0.23712981313967793     
  0.47433290573147119       0.27819200677065820     
  0.58722418181271319       0.24906902391523478     
  0.63309778690315244       0.25112652606919900     
  0.46539420044743807       0.25379079357669648     
  0.49739834883397921       0.23963081729763375     
  -8.3492979163991621E-002  0.21680856679272215     
  -5.9275629845764344E-002  0.23013724365828847     
  0.93199050144123141       0.12439328161424504     
  0.95325851808844686       0.12268714835724899     
  0.96121686587887600       0.13250280893800487     
  0.98728740809526194       0.14929554268333578     
  0.94587408728649658       0.12294461422415401     
  0.98017459041911059       0.13888483793408246     
  0.96592720785430131       0.16177407630208820     
  0.89407615106844185       0.14745223535839036     
  0.50930988193481308       0.24713170551468802     
  0.43974133802801607       0.23721193722235798     
   4.3801447913232539E-002   1.2527483998860428E-003
  0.12146717092557047       -1.7301745083221845E-004
   1.3656571635436987E-003  -3.1242440398636237E-003
  -2.7804023663452304E-002  -1.7347450135841900E-003
   2.6882143279219450E-002   2.6230552523900720E-003
  -9.8701625267023793E-002  -1.9788785958775273E-003
  -2.8426637524758921E-002  -6.3503376515465252E-003
  0.48609989074789473        9.9820059252443555E-003
  0.41938104024073020       -3.7000416006854219E-004
  0.51330466352396831        1.8675346546876515E-002
  0.41356013909778494        1.4043305679535661E-002
  0.50249587078843705        1.3691458398637160E-002
  0.45507414583425776       -3.2657256707119119E-003
  0.41334739826220107        3.4037502207289396E-003
  0.63049605254852903        3.1281954673396055E-002
  0.45141121970024034        1.2257620280420930E-002
  0.66256145399156230        9.8461162684642806E-002
  0.73259135958101163       0.13174878465105111     
  0.62922691577916301        7.6485740926834231E-002
  0.68247515723322350       0.10454917800673171     
  0.58562208141555894       0.11754210326410783     
  0.75808797568856023       0.11888509311478077     
  0.62787942680137199        9.7090992999645923E-002
  0.66146327503105395       0.10509869906497141     
  0.89474580869593490       0.24900590984499346     
  0.93098233797964314       0.22365486852961142     
  0.77973771420501348       0.31946926041257023     
  0.87749565394171825       0.23657501750403848     
  0.93381661188524290       0.27576256098499924     
  0.89498642596134037       0.24673764574183799     
  0.89860042877393442       0.23544226493101264     
  0.73826491285054674       0.16105346369551943     
  0.80810418971751730       0.27503329833987039     
  0.88596776632522611       0.28070750620823104     
  0.96199262593575641       0.13561832585111258     
  0.98358405906390378       0.14488049082489490     
  0.97431054627013236       0.14099650179983431     
  0.99659224537425206       0.14005128467219471     
  0.97616418464467958       0.12712883641484735     
  0.98820768183322927       0.14563795754615758     
  0.98826080776514091       0.14434854905661090     
  0.11160092872659833        8.4916412160106983E-004
   4.8545511382847489E-002  -5.4668864384596884E-005
  0.24400570107703404       -1.3352013552095448E-003
  -8.9585871937743311E-002  -4.2244938179285637E-004
  0.15905008900269463       -3.3303824079798957E-003
   7.4761753123970598E-002   2.9710001599958600E-004
   4.0743457824455903E-002   4.4567733278943306E-004
   8.2986898421303662E-002  -2.3710797897497052E-003
  0.28512210075615058       -8.5020807505557317E-004
  0.34040538158809941       -1.5506346889086720E-004
  0.24881535217439288       -5.1013352026934482E-003
  0.21841467153239530       -2.5845571095877728E-003
  0.25745275717408705        4.6924016013175840E-003
  0.45941748824273443        8.3818313049875796E-003
  0.39103467630649041        2.6070822242617044E-003
  0.48523861232422899        1.8072617873496892E-002
  0.38742077844273848        1.3724598829335260E-002
  0.47549494338166293        1.3313824791760968E-002
  0.42883190027465834        2.0056339037771636E-004
  0.38537223676531535        4.3708906987681489E-003
  0.61550845670881371        3.5249432613144997E-002
  0.42261200650779879        1.1506305277751162E-002
