 cosx vtec
  0.15991288308832602        3.1388095203105523E-002
   5.7885380268965503E-003   1.1266557126342261E-002
   7.4500894949964536E-002   1.6147304182509994E-002
  0.12966364040851691        2.6590208887822465E-002
   7.3945425595651454E-002   2.7965496839924199E-002
  0.30440002184907688        4.8858144319178523E-002
  0.24360719636300221       -1.2897270245265243E-003
   8.6681039689897807E-002  -1.5853890733796313E-003
   6.5498441449940159E-003   2.7911010227498938E-003
  -8.7178444513538206E-002   2.5617719413499748E-004
   4.7798099997070645E-002   1.3981685127904576E-003
  0.10245561182999442       -5.1007868414364495E-003
  0.63956328347602964       0.23299099210043162     
  0.58993544333846903       0.23848472930534723     
  0.71158834146145122       0.24579306243113461     
  0.71212085374739287       0.24387617783107565     
  0.58004618442012112       0.23595003965126718     
  0.89919318693965988       0.24536648206127828     
  0.92650321921355339       0.18116790074331321     
  0.90417886317306106       0.18711093450550123     
  0.94626701050566875       0.18987606643068172     
  0.87241994953121771       0.21150504713415480     
  0.91264002711183734       0.18739092016021178     
  0.94479971180410716       0.18751340178758585     
   2.1172685020852941E-002   1.7863194930720187E-002
  0.17287056730662653        1.9575283317887330E-002
  0.29340181428524298        3.0287222014354839E-002
  0.18572964954705126        1.6668697761839574E-002
  0.12775709550000666        1.3116161486377044E-002
  0.11043491056356475        2.5127913673000962E-002
   5.5448330483803820E-002   1.0602088710713380E-002
  0.15086915552319274        1.3917213258329682E-002
  0.27644290569463548        1.0555076789434181E-002
  -9.4246546080181293E-002  -1.2436391499969313E-003
  0.20424995566038215        2.0479110461447654E-004
  0.17541332525032544       -4.5297425071958546E-003
   4.8762349546818518E-002   3.3594982712548912E-003
  -9.7857454569371616E-002  -1.0845568661108529E-002
  -2.9411954205028568E-002   2.4618362171800252E-002
   9.6067211826151189E-002  -3.8686800322529163E-002
  0.12642970559521111        4.1191537438215890E-004
  0.35775221435381899        2.3041674179984772E-003
  0.28043738945533114       -2.7525199677435008E-004
  0.22213050671343323       -1.2724938539822386E-003
  0.10263501718362673       -2.9124891541573404E-003
  0.25436725069802107        1.6272398366837053E-003
  0.28653724950125964       -1.8118724865727565E-004
  0.86550995731450553       0.16537621692818413     
  0.81655082992479344       0.15934392381651821     
  0.78541857760149258        2.5444023499378923E-002
  0.84913210516954063       0.16245428121964881     
  0.82902608549118928       0.15838180996555629     
  0.86364122252840336       0.16540010551223430     
   6.6679277452854263E-002  0.18163321329719903     
  0.12515055191636906       0.18364688198242726     
   9.0827721849553553E-002  0.17466758563093754     
  0.11688944902788918       0.17416515867053778     
  -4.4708171728600810E-002  0.18282056158905738     
  -7.0213176225919632E-002  0.19583999216562853     
  0.77553410195539529       0.19077796878947312     
  0.74936297945430685       0.19748407119543368     
  0.81282939925823638       0.19677924073786038     
  0.82849549961627367       0.19784547479312053     
  0.12596670982130712        5.8068373183961623E-002
  0.27362340853966760        6.6928927599418278E-002
  0.37995394939279381        7.8420673010781289E-002
  0.29327708059886332        6.1524758571879119E-002
  0.23010580467049235        3.4345231023820519E-002
  0.21932041798483173        6.3733997491919478E-002
  0.14295214573944010        4.5257741978062357E-002
  0.29426434405868340       0.10812904251234406     
  0.25848387671711448        6.0545584113714725E-002
  -3.3810094673533686E-003  -1.9673738106778019E-003
  -9.8543467730507206E-002  -3.5944424831929598E-003
  -4.3341682703935014E-002  -4.0640839485871225E-003
  0.32941269939948475        6.7539068959038440E-002
  0.29142458263452548        5.4977674025444352E-002
  0.32096854879388909        5.8772998018942098E-002
   4.1411909563432742E-002   7.7012684142695968E-003
  -9.9568853582201355E-002   2.1670522914370286E-003
  -4.6491665778357005E-002   1.8489583781809297E-003
   6.5946051800341854E-003   4.0539128396376491E-003
  -4.7165092124295871E-002   1.1603254861881261E-002
  0.88016923346536147       0.15621543594884907     
  0.86642967409513982       0.16669204073483934     
  0.84692221063394579       0.15831919765343447     
  0.87526323192167377       0.15216228660618406     
  0.84955348752433513       0.14958327736875440     
  0.88705781830516139       0.15520144799549179     
   5.1848183607214882E-003  -2.0566632077150596E-002
  -9.6595087712054384E-002  -1.2701386721718732E-002
  -6.2868343288458750E-002  -5.6288340745692606E-003
   1.6686790066685386E-002  -4.6381131940633384E-003
  0.12993280475024435        1.7706911728363754E-002
   5.9603069330102620E-002   8.3064049308213578E-004
  -4.2728823498924984E-002  -9.0239836387568228E-003
   1.5989939129495923E-002   2.1763725522982606E-002
   8.6465135107652358E-002  -7.8960665841218552E-003
  0.30865156714182390        8.2147199687336817E-002
  0.67553111038479918       0.26215514191980205     
  0.69123229291049537       0.25579646739042927     
  0.66197846827108309       0.25371490527562868     
  0.83568455003631026       0.17979436456887404     
  0.76021240992920547       0.16086609414302988     
  0.73309443974997968       0.16159190962225733     
  0.79781170175785832       0.16379153790527184     
  0.78729430146364299       0.16523917677199620     
  0.81629988322528868       0.16719070424129434     
  0.65364800106924514       0.14616974875789149     
  0.69626252637492769       0.13480062142992202     
  0.66016424332393120       0.13244874296649659     
  0.59819318312638936       0.12622566330818735     
  0.63468440552321492       0.13218300977472652     
  0.68354333192815819       0.13403129489593524     
  0.76358394484725678       0.16718654530471480     
  0.48661915117698412        4.4968026919053892E-003
  0.43124678865635924        4.2981282663374643E-003
  0.36946436686179579        1.4764253058574511E-003
  0.40769853050325122        7.5457911314361602E-003
  0.42808135898421851        8.4268154823119001E-004
   9.9284972523186243E-002  0.13828575727672404     
  0.21221972714321391       0.13496985917050677     
  0.27620591967305314       0.17457448895407282     
  0.16617679190980827       0.13312764346030101     
  0.20466141684219641       0.13731931094613789     
  0.21360882179853763       0.14286392655987321     
  -6.6240552519948814E-002  -6.3980360992366920E-003
  0.22914437852934663       0.15366162381360923     
  0.17567616095239405        9.2524625267465410E-002
  0.19320742602574609       0.11551612918117631     
  0.14139541412682169       0.16378948154012907     
  0.16467387696574226       0.16060041294835464     
  0.65963377152749225        8.7806748522432240E-002
  0.48258316052146111        4.9557197440978550E-002
  0.37142987645954495        3.7410694713585532E-002
  0.45541593992822771        4.7976232722304335E-002
  0.54689890596814206        6.5191784758076146E-002
  0.52229770548749654        6.2451256859090268E-002
  0.60243906872433584        8.2339747719577638E-002
  0.44305037701072453        1.8039901042231622E-002
  0.38451167317300561        9.4478455624341824E-003
  0.33387892408182340        7.0401137222157381E-004
  0.40238493681004606        6.7728585436055448E-003
  0.65909691430016160       0.15502508079457533     
  0.70845669045344939       0.15193625256534618     
  0.67188169755702798       0.14234849483706394     
  0.59808246322084035       0.14808115052818685     
  0.64454856836922525       0.15622842766649297     
  0.70581706231046026       0.16013105653987095     
  0.85909206894549783       0.24981006337795672     
  0.91176108957056301       0.23712981313967793     
  0.89131679935285379       0.27819200677065820     
  0.88755443103573950       0.24906902391523478     
  0.84805150140441976       0.25112652606919900     
  0.93837753159850668       0.25379079357669648     
  0.92187777191423026       0.23963081729763375     
  0.91040201431769641       0.20000990441896402     
  0.84736374825953953       0.18849306004408550     
  0.81869557593991804       0.20000520977718561     
  0.87959876092125899       0.19102871679253400     
  0.89136808326538031       0.19544743668399317     
  0.74412766794955409       0.21606207179078721     
  0.71770295722629274       0.22397928138036893     
  0.78423287375125628       0.21680856679272215     
  0.79931549925807777       0.23013724365828847     
  -8.7151411089008562E-002  0.12439328161424504     
   2.3118890371061129E-002  0.12268714835724899     
  -9.2354857415042846E-002  0.13250280893800487     
   7.7569817591493007E-002  0.14929554268333578     
  -3.0916310218097376E-002  0.12294461422415401     
  -4.8446962745338218E-003  0.13888483793408246     
   7.5071847228707633E-003  0.16177407630208820     
   4.7216797910221042E-002  0.14745223535839036     
  0.87247813194281687       0.24713170551468802     
  0.91139521872486573       0.23721193722235798     
  0.56525398629968959        1.8930705919911962E-002
  0.52065875110653725        1.1916057871492762E-002
  0.53073347849951691        2.6299998063288428E-002
  0.43831792319201446        3.0246794274645942E-002
  0.47848499449730808        1.8192433725313806E-002
  0.58557621401491744        2.2596442649661611E-002
  0.49952826870847833        3.6811161512725413E-002
  0.63438230814451957        1.8706940296745276E-002
  0.61974585776571112        4.3737613825485785E-002
  0.60164292149306864        5.4220707082015401E-002
  0.52320955406885672        2.2100578287264510E-002
  0.45471708180345471        3.8172727753038857E-002
  0.36615243168727457        3.4166946097695702E-002
  0.48986940556700570        3.9101947776732475E-002
  0.58299207718951895        3.1988908536078074E-002
  0.53128014717235916        1.7970343024593889E-002
  0.63321617440246025        4.5846785742042269E-002
  -4.4010647153418778E-002   9.8326762151727080E-003
   9.3005945299943188E-002  -6.6559077245274684E-002
   4.2014170657435623E-003   1.2596067335274474E-002
  -4.5800054331975204E-002   6.6438648602652759E-003
   3.6238116494783035E-002  -5.4175284405365660E-003
  0.10146454946138223        2.9433060817074527E-002
  0.63979259162453628       0.16996716393424466     
  0.61524544439985429       0.16878339842997775     
  0.68777828020686449       0.17779457800968479     
  0.71348446363958640       0.19331008144297543     
  -9.4764900493007162E-002   1.8675346546876515E-002
  -3.6198952607216978E-002   1.4043305679535661E-002
  -7.3922492161977327E-002   3.1281954673396055E-002
   4.4973064246804695E-002   2.5771873650454365E-003
  -8.8395848236081209E-002  -1.3529777179666987E-003
  -2.8575807533176012E-003   7.6328347695225137E-004
  0.21789161126678935        1.0429660983790989E-003
   9.1426902705148000E-002  -3.9392958123306140E-003
   3.3570493332859053E-002  -2.6960714250803385E-003
  -3.3860109728508281E-002  -1.8727780249503010E-003
   5.8640059205131670E-002  -1.1094276968550666E-003
  0.23862918731680927       -6.5629287989389468E-002
  0.17363670386339899        3.7236779886469638E-002
   5.3292273237729837E-002   2.3331244339242788E-002
  0.12952040847400573        5.3890500421188120E-002
  0.20208151058173601       -2.5957776823408510E-002
  0.36258920286568691        1.1119219847883991E-003
  0.27207888068272457        4.7128949035861690E-003
  0.37105897889899059        8.2660410074114427E-002
  0.16133625255192802        5.3228857593158180E-002
  0.27986453768786401        7.3020605151964693E-002
  0.34511682802143295        7.8166746204510071E-002
  0.27453975394702779        9.1071406014058096E-002
  0.45317179753162251        9.4915412526753465E-002
  0.53060436067878980       0.12187381817133008     
  -5.4654778404251314E-002   9.4451464532240188E-003
  -9.5129648043213416E-002   4.0459565148590155E-003
  0.59475508855692116       0.24900590984499346     
  0.41679271689933450       0.22365486852961142     
  0.75185234057715933       0.31946926041257023     
  0.60605661054841420       0.23657501750403848     
  0.51385300484270235       0.27576256098499924     
  0.55765571171269435       0.24673764574183799     
  0.57826205018218324       0.23544226493101264     
  0.77481960188913479       0.16105346369551943     
  0.70974952798347424       0.27503329833987039     
  0.53836471146092679       0.28070750620823104     
  -6.6383777797809962E-002  0.13561832585111258     
   5.7144390433077785E-002  0.14488049082489490     
  -5.0730958044441943E-002  0.14099650179983431     
   9.2182885155582761E-002  0.14005128467219471     
  -1.9048799536248717E-003  0.12712883641484735     
   2.2449256640338644E-002  0.14563795754615758     
   3.6938833532444482E-002  0.14434854905661090     
  0.74867615580545821        9.1890626038973619E-002
  0.71776629815447035        8.9232693140954458E-002
  0.65641514443464333        7.9305013365230340E-002
  0.78555446566454346       0.10785865931896235     
  0.69201953858062104        9.8507271950027134E-002
  0.72062218256397337        8.8057338305888105E-002
  0.79241293403506852       0.10911163290952455     
  0.42395003121788566       -3.3425157168294802E-003
  0.34604984473022760       -3.8818913480724538E-003
  0.35290011910418184        8.9833006876898162E-003
  0.24355272161411529       -1.3661553311033220E-002
  0.28818353170891620       -8.8073565653271145E-004
  0.45787135732790474        4.9149835120062069E-003
  0.30847061763618144       -2.4785332552559099E-003
  0.25434140113835724        5.4750847723127635E-004
  0.14691557430789975       -4.2505274616567703E-004
   8.9282420023050979E-002  -1.3171948025796579E-003
   1.1083925445781226E-002  -1.8023279581236178E-003
  0.11693926573843171        8.3129325865411764E-004
  0.16923710524155391        1.6411836388117915E-003
  0.74976979023343571       0.13246439172701949     
  0.65654457649672415       0.11013581044319495     
  0.49947492735821336       0.11128465476742398     
  0.62922660727714885       0.11089543821439511     
  0.70184450738777104       0.11116968048219136     
  0.68070658202028489       0.10889889671508828     
  0.73047044737871381       0.12766311865842941     
   4.5403353347093223E-003   9.8087097748654267E-004
  -7.7924617878605079E-002   9.4037645013731136E-004
  -3.1566496580437031E-002  -1.1549248023281166E-003
   8.3683604115278865E-003   1.8992592505824720E-003
  0.45755527631149229        5.5251441139887595E-003
  0.39860859085316458        4.3041167197905104E-003
  0.33945492355882140        1.1148198628110624E-003
  0.15578916633307868       -1.3085628101525500E-003
  0.57620836815788001        6.9246880664974152E-003
  0.37451197237238409        5.5167347462069475E-003
  0.39870868819551258        2.1253009273816455E-003
  0.70270403351263844        8.4135536254450499E-002
  0.68410495240775004        8.2703558476082906E-002
  0.64193471299967020        7.5380639790021020E-002
  0.60793245205295798        5.4533390711802091E-002
  0.68708408706110458        6.4489324284025470E-002
  0.64440028327938559        7.1651545479248444E-002
  0.71774961365897982        9.0258191014254516E-002
  0.88340721405757960       0.22177906897442204     
  0.80592801872147435       0.19590597892690828     
  0.77891771024217760       0.20224077677783442     
  0.84098253245794563       0.19946131417052668     
  0.84567431181163422       0.21899558070053621     
  0.85514250497667665       0.20788173597004292     
  -3.6248921538772849E-002   2.4799101011279450E-002
  -9.8117652369805020E-002  -6.4404368176136234E-003
   8.9466521096515095E-003   2.5476774128805581E-002
  0.37069362800869743        1.9621664489074078E-003
  0.27984910026775311       -8.6461834010806492E-004
  0.19292787684167745       -6.8462720169913715E-004
  0.26029352692955049        3.7369930714168309E-003
  0.25714169362853340        8.6660225717047866E-004
  -7.4107610837763446E-002   1.8072617873496892E-002
  -2.3561503228489489E-002   1.3724598829335260E-002
  -4.9734590898089709E-002   3.5249432613144997E-002
  -9.0857776129348297E-002   1.1506305277751162E-002
   3.3444262683251624E-002  -5.3442707312885435E-003
  -3.5368627848686218E-002   3.7478703672659777E-002
  -7.6018188844749368E-002   1.0759656352642602E-003
  -1.2356020110022958E-002   4.2652573153633314E-002
  0.10186427178755220       -3.3462569972034603E-002
   7.3659526058633989E-002  -5.4098435224847240E-003
  -1.7403050776274104E-002   1.0679439633908623E-003
   4.3349177691781232E-002   8.8012785027625573E-004
   5.9698454835751896E-002   8.7154376573935952E-004
