 cosx vtec
  0.27173465964419385        3.1388095203105523E-002
  0.12535771018079914        1.1266557126342261E-002
  0.18945403118552667        1.6147304182509994E-002
  0.24288272290827365        2.6590208887822465E-002
  0.17712917180330034        2.7965496839924199E-002
  0.41137328933515316        4.8858144319178523E-002
  0.32818894675449728       -1.2897270245265243E-003
  0.17372777686838470       -1.5853890733796313E-003
  0.10550751035543382        2.7911010227498938E-003
  -9.6355571104647653E-004   2.5617719413499748E-004
  0.12597636830011755        1.3981685127904576E-003
  0.20307845911607159       -5.1007868414364495E-003
  0.55781236472197682       0.23299099210043162     
  0.50555720026309048       0.23848472930534723     
  0.64839052632918526       0.24579306243113461     
  0.64301115846574042       0.24387617783107565     
  0.50000381084791279       0.23595003965126718     
  0.87752179613735759       0.24536648206127828     
  0.93478202503174956       0.18116790074331321     
  0.91316523552694573       0.18711093450550123     
  0.95754651947024250       0.18987606643068172     
  0.87264958225234690       0.21150504713415480     
  0.93140403900893498       0.18739092016021178     
  0.95171954600618291       0.18751340178758585     
  -2.7217481504960686E-002   1.7863194930720187E-002
  0.12795074407374363        1.9575283317887330E-002
  0.26654991757135849        3.0287222014354839E-002
  0.15815985355171441        1.6668697761839574E-002
  0.11882202419164140        1.3116161486377044E-002
   6.2820694668714400E-002   2.5127913673000962E-002
   2.7809624624808058E-002   1.0602088710713380E-002
  0.11843031733719858        1.3917213258329682E-002
  0.27310224257033577        1.0555076789434181E-002
  -5.3948849358387674E-002  -2.7604670143527199E-003
  -5.1403858749327069E-004   4.4922859168688416E-003
   7.7163480337022139E-002  -1.2436391499969313E-003
  0.35200756297429980        2.0479110461447654E-004
  0.34342951470355837       -4.5297425071958546E-003
  0.21318717653408015        3.3594982712548912E-003
   7.4950244968643720E-002  -1.0845568661108529E-002
  0.14423770345837256        2.4618362171800252E-002
  0.26702606168494369       -3.8686800322529163E-002
  0.28979504905005365        4.1191537438215890E-004
  0.44699470235708655        2.3041674179984772E-003
  0.37093683093348467       -2.7525199677435008E-004
  0.32265930368652274       -1.2724938539822386E-003
  0.19134344981863913       -2.9124891541573404E-003
  0.33709404198402171        1.6272398366837053E-003
  0.38637156218499380       -1.8118724865727565E-004
  0.93886452922131380       0.16537621692818413     
  0.89945079397390404       0.15934392381651821     
  0.87446960372052907        2.5444023499378923E-002
  0.92522867029342015       0.16245428121964881     
  0.91306905139182404       0.15838180996555629     
  0.93568179769749715       0.16540010551223430     
  -2.0780239985732363E-003  0.18163321329719903     
   5.6364447055812061E-002  0.18364688198242726     
   3.6799107117468255E-002  0.17466758563093754     
   5.2936467641186286E-002  0.17416515867053778     
  0.83201709365560195       0.19077796878947312     
  0.81040648128657677       0.19748407119543368     
  0.86376467580045690       0.19677924073786038     
  0.87547896279372650       0.19784547479312053     
  -6.4982604613000983E-002   7.1904269094688437E-003
   5.3364837309619051E-002   5.8068373183961623E-002
  0.20628851344782501        6.6928927599418278E-002
  0.32839296969088350        7.8420673010781289E-002
  0.24096683598175431        6.1524758571879119E-002
  0.20484718491062492        3.4345231023820519E-002
  0.14895057245604554        6.3733997491919478E-002
   9.1386953389379660E-002   4.5257741978062357E-002
  0.19928531035967897       0.10812904251234406     
  0.20117291271012527        6.0545584113714725E-002
  0.14060638904410463       -1.9673738106778019E-003
   3.0326986707723269E-003   3.1601492638171458E-003
   4.6987537022664949E-002  -3.5944424831929598E-003
  0.10167134721027477       -4.0640839485871225E-003
   2.3726910007414836E-002   8.8320842817718771E-003
  0.27719650683617453        6.7539068959038440E-002
  0.25616408571700050        5.4977674025444352E-002
  0.27463396757186426        5.8772998018942098E-002
  0.16005367628117145        7.7012684142695968E-003
   2.3955651317272786E-002   2.1670522914370286E-003
   7.4097248831818646E-002   1.8489583781809297E-003
  0.12631380117789329        4.0539128396376491E-003
   6.2310958747090389E-002   1.1603254861881261E-002
  0.94826265038983504       0.15621543594884907     
  0.93468386830496830       0.16669204073483934     
  0.92578211946988009       0.15831919765343447     
  0.94594860074831932       0.15216228660618406     
  0.92739400991890109       0.14958327736875440     
  0.95370794910769341       0.15520144799549179     
  0.17684934496775123       -2.0566632077150596E-002
   7.7084882892024087E-002  -1.2701386721718732E-002
  -1.6276079816521904E-002  -4.1639714671229781E-003
   2.9084143345953661E-002  -1.2944937963955926E-003
  0.10998347097506395       -5.6288340745692606E-003
  0.18976467248998036       -4.6381131940633384E-003
  0.29426254833863480        1.7706911728363754E-002
  0.23195671584269145        8.3064049308213578E-004
  0.12678055567284802       -9.0239836387568228E-003
  0.18364711031431058        2.1763725522982606E-002
  0.25251555180270713       -7.8960665841218552E-003
  0.46436493821406211        8.2147199687336817E-002
  0.53776050422531119       0.26215514191980205     
  0.55547060498529666       0.25579646739042927     
  0.52176842040471771       0.25371490527562868     
  0.91121487828364134       0.17979436456887404     
  0.84460106650571642       0.16086609414302988     
  0.82186921652527434       0.16159190962225733     
  0.87647139923537276       0.16379153790527184     
  0.87565638219668018       0.16523917677199620     
  0.89075447458035395       0.16719070424129434     
  0.62570988427665319       0.14616974875789149     
  0.68686927233311834       0.13480062142992202     
  0.65115436109829095       0.13244874296649659     
  0.60986299903262986       0.12622566330818735     
  0.62058721658302718       0.13218300977472652     
  0.68597403805284685       0.13403129489593524     
  0.75254986446841843       0.16718654530471480     
  0.59015424304689501        4.4968026919053892E-003
  0.53568877780820490        4.2981282663374643E-003
  0.48478847075114467        1.4764253058574511E-003
  0.50117667910874431        7.5457911314361602E-003
  0.54116695070526666        8.4268154823119001E-004
  -5.4982437253585759E-002  0.13828575727672404     
   5.8865383897117651E-002  0.13496985917050677     
  0.11457302582208367       0.17457448895407282     
   1.1824600705827137E-002  0.13312764346030101     
   4.6569622831928781E-002  0.13731931094613789     
   6.8792554339900447E-002  0.14286392655987321     
  0.10611369586542196       -6.3980360992366920E-003
  -1.9474109899911662E-002  -2.4152062409891399E-004
  -6.7083109645177830E-002   3.3360350109583664E-003
   1.9562520010068696E-002   4.1850298004085691E-003
  0.24267536197975070       0.15366162381360923     
  0.15749554244148831        9.2524625267465410E-002
  0.20915835659733939       0.11551612918117631     
  0.14462287905819590       0.16378948154012907     
  0.15606311999310318       0.16060041294835464     
  0.77498534417040821        8.7806748522432240E-002
  0.61008936374878764        4.9557197440978550E-002
  0.50733327707053744        3.7410694713585532E-002
  0.58541473976567371        4.7976232722304335E-002
  0.66899412298996852        6.5191784758076146E-002
  0.65480983722274044        6.2451256859090268E-002
  0.71740766555521440        8.2339747719577638E-002
  0.48834103858336025        1.8039901042231622E-002
  0.43038326119568715        9.4478455624341824E-003
  0.39100313372828838        7.0401137222157381E-004
  0.45810127911763221        6.7728585436055448E-003
  0.60782047769902192       0.15502508079457533     
  0.67285224515533415       0.15193625256534618     
  0.63667067232782415       0.14234849483706394     
  0.59238785403979921       0.14808115052818685     
  0.60428304489797324       0.15622842766649297     
  0.68509534873723499       0.16013105653987095     
  0.77014200628572294       0.24981006337795672     
  0.83976107337043571       0.23712981313967793     
  0.82142910063396091       0.27819200677065820     
  0.79770291347557398       0.24906902391523478     
  0.74950183330810338       0.25112652606919900     
  0.87079195515042629       0.25379079357669648     
  0.84839446522015716       0.23963081729763375     
  0.95528965069751570       0.20000990441896402     
  0.90103852293625297       0.18849306004408550     
  0.87835110254230919       0.20000520977718561     
  0.92697390637911870       0.19102871679253400     
  0.93502749158862586       0.19544743668399317     
  0.77655207158913875       0.21606207179078721     
  0.75493597581802008       0.22397928138036893     
  0.81105298969789885       0.21680856679272215     
  0.82209811673529609       0.23013724365828847     
  -9.5318954841436543E-002  0.14929554268333578     
  0.79613243180853099       0.24713170551468802     
  0.84791668866656245       0.23721193722235798     
  0.68727094662984012        1.8930705919911962E-002
  0.64307191300324085        1.1916057871492762E-002
  0.66769823991638300        2.6299998063288428E-002
  0.57429816309478154        3.0246794274645942E-002
  0.62256084845887971        1.8192433725313806E-002
  0.71136195190275264        2.2596442649661611E-002
  0.63161121336500670        3.6811161512725413E-002
  0.75185792990434619        1.8706940296745276E-002
  0.74649589331173005        4.3737613825485785E-002
  0.72693216071266809        5.4220707082015401E-002
  0.66159536634194549        2.2100578287264510E-002
  0.60178336354677131        3.8172727753038857E-002
  0.51811396617738759        3.4166946097695702E-002
  0.63181173666334911        3.9101947776732475E-002
  0.71453603601824378        3.1988908536078074E-002
  0.67032288260830453        1.7970343024593889E-002
  0.75747895024866607        4.5846785742042269E-002
  -8.5582012483079159E-002   3.0912012073850120E-003
   1.5914426313959285E-002   9.8326762151727080E-003
  0.26296693668424692       -6.6559077245274684E-002
  0.17715109095373549        1.2596067335274474E-002
   7.2926555073517252E-002   7.0879289311199635E-003
  0.12714679999683143        6.6438648602652759E-003
  0.20795543712859027       -5.4175284405365660E-003
  0.27246585238635024        2.9433060817074527E-002
  0.70410835683023021       0.16996716393424466     
  0.68281251683997168       0.16878339842997775     
  0.74722499740748494       0.17779457800968479     
  0.76828208059313408       0.19331008144297543     
  0.18367201180119672        2.5771873650454365E-003
   6.4051128863986895E-002  -1.3529777179666987E-003
  -7.7500568485389998E-002  -1.1808690353571833E-003
  -7.9943960353898724E-002   7.4402037411422828E-004
  0.15040208375063513        7.6328347695225137E-004
  -7.0819564571613092E-003   2.6846181032148721E-003
  -7.9264354226006639E-002   1.0945867007753183E-002
  -7.4016384527093304E-002  -4.8797874420135490E-003
  0.25803977807927553        1.0429660983790989E-003
  0.13237386766015927       -3.9392958123306140E-003
   8.5410813914473693E-002  -2.6960714250803385E-003
   6.6278974205535995E-003  -1.8727780249503010E-003
   9.4253486327513222E-002  -1.1094276968550666E-003
  0.39647970097739049       -6.5629287989389468E-002
  0.34180030247043769        3.7236779886469638E-002
  0.21935641665827071        2.3331244339242788E-002
  0.29210171636809018        5.3890500421188120E-002
  0.36194556812492457       -2.5957776823408510E-002
  0.51317259265820492        1.1119219847883991E-003
  0.43348137869311132        4.7128949035861690E-003
  0.47770652576553263        8.2660410074114427E-002
  0.28330791265848415        5.3228857593158180E-002
  0.39224773393325169        7.3020605151964693E-002
  0.45371710566398948        7.8166746204510071E-002
  0.37250715109760196        9.1071406014058096E-002
  0.55510026135556256        9.4915412526753465E-002
  0.62434095181479865       0.12187381817133008     
   6.9097686675503478E-002   9.4451464532240188E-003
  -6.5858826221203093E-002   1.1453759532210719E-003
  -2.3438785254487948E-002   3.0972946582373577E-004
   2.9382086396653961E-002   4.0459565148590155E-003
  -3.5006604142182318E-002  -2.9440414659286200E-003
  0.44616231012392543       0.24900590984499346     
  0.25906510533438937       0.22365486852961142     
  0.62596206986476077       0.31946926041257023     
  0.46067984399778406       0.23657501750403848     
  0.35712294502353270       0.27576256098499924     
  0.40844818853321935       0.24673764574183799     
  0.42873516662790606       0.23544226493101264     
  0.65659641203897656       0.16105346369551943     
  0.57820797873083196       0.27503329833987039     
  0.39044982669846418       0.28070750620823104     
  -8.2121151154574856E-002  0.14005128467219471     
  0.81056237745065141        9.1890626038973619E-002
  0.78009642193458406        8.9232693140954458E-002
  0.73330459009257187        7.9305013365230340E-002
  0.85068389731575955       0.10785865931896235     
  0.74535112584358898        9.8507271950027134E-002
  0.79105310830921471        8.8057338305888105E-002
  0.85196649136782909       0.10911163290952455     
  0.56154891715265076       -3.3425157168294802E-003
  0.48487147555403298       -3.8818913480724538E-003
  0.50854105961376883        8.9833006876898162E-003
  0.39620025580771684       -1.3661553311033220E-002
  0.44892596281538455       -8.8073565653271145E-004
  0.60072611443488644        4.9149835120062069E-003
  0.45884203187891381       -2.4785332552559099E-003
  0.31753681340868695        5.4750847723127635E-004
  0.21134295305689604       -4.2505274616567703E-004
  0.16382670069042463       -1.3171948025796579E-003
   7.4846117482292640E-002  -1.8023279581236178E-003
  0.17539046007759107        8.3129325865411764E-004
  0.24504793959959612        1.6411836388117915E-003
  0.84968295757269052       0.13246439172701949     
  0.76609705560436370       0.11013581044319495     
  0.62539390383097093       0.11128465476742398     
  0.74232645246414708       0.11089543821439511     
  0.80575882918691610       0.11116968048219136     
  0.79341038248597573       0.10889889671508828     
  0.82929461409645500       0.12766311865842941     
  0.10977773920124220        9.8087097748654267E-004
   3.7703436737790919E-002   9.4037645013731136E-004
  -5.3498011009105478E-002   1.0679193046887114E-003
   6.3951679042508786E-002  -1.1549248023281166E-003
  0.12591307200630042        1.8992592505824720E-003
  0.55531534888681122        5.5251441139887595E-003
  0.49734175689350091        4.3041167197905104E-003
  0.44870475111347558        1.1148198628110624E-003
  0.25095127913188647       -1.3085628101525500E-003
  0.67852128056378480        6.9246880664974152E-003
  0.46379356742848554        5.5167347462069475E-003
  0.50610309606227455        2.1253009273816455E-003
  0.81483592846415853        8.4135536254450499E-002
  0.79555855126205643        8.2703558476082906E-002
  0.76483991356966952        7.5380639790021020E-002
  0.73567875444762620        5.4533390711802091E-002
  0.80279894993164924        6.4489324284025470E-002
  0.76696689445127508        7.1651545479248444E-002
  0.82775683327710170        9.0258191014254516E-002
  0.93327298675898773       0.22177906897442204     
  0.86427877836382994       0.19590597892690828     
  0.84227460515453767       0.20224077677783442     
  0.89352940445129581       0.19946131417052668     
  0.91088453760834143       0.21899558070053621     
  0.90384250986971837       0.20788173597004292     
  0.13274964274859108        2.4799101011279450E-002
   4.8065352878792822E-002   8.4751966823167141E-004
  -4.1423039142022222E-002  -1.8370760649632202E-002
   2.7373238495670416E-004  -1.0370612665447969E-002
   7.1829792746182508E-002  -6.4404368176136234E-003
  0.18236830203889787        2.5476774128805581E-002
  0.50152441160201711        1.9621664489074078E-003
  0.41250986510065601       -8.6461834010806492E-004
  0.33759588504105953       -6.8462720169913715E-004
  0.37337305232692841        3.7369930714168309E-003
  0.40041392583029345        8.6660225717047866E-004
  -9.2237714770474225E-002   1.3724598829335260E-002
  0.19589627250994285       -5.3442707312885435E-003
  0.13806217897231898        3.7478703672659777E-002
   4.1912268658332641E-002  -2.1772687804446937E-003
   8.8425694114656450E-002   1.0759656352642602E-003
  0.15137939880592072        4.2652573153633314E-002
  0.27103660096064996       -3.3462569972034603E-002
  0.19746758697348674       -5.4098435224847240E-003
  0.11756242564304023        1.0679439633908623E-003
  -2.6259243351544059E-003  -1.1953104522261194E-003
  0.15320382445074426        8.8012785027625573E-004
  0.19532186919362585        8.7154376573935952E-004
