 cosx vtec
  0.60680628221947108        3.1388095203105523E-002
  0.53158505509527931        1.1266557126342261E-002
  0.55999409903606712        1.6147304182509994E-002
  0.59149931283183521        2.6590208887822465E-002
  0.50767946332025493        2.7965496839924199E-002
  0.68797530797941553        4.8858144319178523E-002
  0.54604448869789257       -1.2897270245265243E-003
  0.44553130420541259       -1.5853890733796313E-003
  0.44119831156216749        2.7911010227498938E-003
  0.31845480885042965        2.5617719413499748E-004
  0.37880886965220550        1.3981685127904576E-003
  0.51661887660069505       -5.1007868414364495E-003
   9.3324946048681634E-002  0.23299099210043162     
   4.6508344892945641E-002  0.23848472930534723     
  0.22629542995108237       0.24579306243113461     
  0.20059330518583088       0.24387617783107565     
   5.8616447785512032E-002  0.23595003965126718     
  0.54265155761333361       0.24536648206127828     
  0.69416094807542250       0.18116790074331321     
  0.68143635749700981       0.18711093450550123     
  0.72142696547008778       0.18987606643068172     
  0.62026350285391896       0.21150504713415480     
  0.73057596121490187       0.18739092016021178     
  0.70115287312589814       0.18751340178758585     
  -7.5457759730748558E-002   1.9575283317887330E-002
   8.9802449190690109E-002   3.0287222014354839E-002
   1.0208912856234778E-002   1.6668697761839574E-002
   5.1266147120368408E-002   1.3116161486377044E-002
  -8.2569777538340244E-002   1.0602088710713380E-002
  -3.6014991171142333E-002   1.3917213258329682E-002
  0.18148408156295137        1.0555076789434181E-002
  0.58894850734335558       -2.7604670143527199E-003
  0.52663747589185816       -1.1527491207212459E-004
  0.56078489604177328       -1.3811317215394021E-003
  0.64170192816407745        4.4922859168688416E-003
  0.68927395794397905       -1.2436391499969313E-003
  0.79680706862367479        2.0479110461447654E-004
  0.86570881379907494       -4.5297425071958546E-003
  0.75996776102360297        3.3594982712548912E-003
  0.69287670570480664       -1.0845568661108529E-002
  0.74517413212009354        2.4618362171800252E-002
  0.82236979383485675       -3.8686800322529163E-002
  0.81042277190451129        4.1191537438215890E-004
  0.64762623591157042        2.3041674179984772E-003
  0.59829258792617246       -2.7525199677435008E-004
  0.60115014979650205       -1.2724938539822386E-003
  0.46418608831542046       -2.9124891541573404E-003
  0.54549895513760061        1.6272398366837053E-003
  0.64380285867337894       -1.8118724865727565E-004
  0.93794751149156985       0.16537621692818413     
  0.94530519121901102       0.15934392381651821     
  0.95034252670957819        2.5444023499378923E-002
  0.93841861635963597       0.16245428121964881     
  0.95920254797263027       0.15838180996555629     
  0.93082440639549946       0.16540010551223430     
  0.79965340860590395       0.19077796878947312     
  0.80119551406287914       0.19748407119543368     
  0.80165229977954056       0.19677924073786038     
  0.79533889769965382       0.19784547479312053     
  0.49137321836685177        7.1904269094688437E-003
  0.37690745050521912       -4.0428397746459149E-004
  0.39889195418219736        8.0264766956408590E-004
  0.44609179548966049       -4.8977605447199585E-004
  0.34115427664686182       -4.6278575108834206E-003
   4.2234350155204534E-002   7.8420673010781289E-002
  -2.2594930059550489E-002   6.1524758571879119E-002
   5.1903147940508626E-002   3.4345231023820519E-002
  -6.9351961572702708E-002   6.0545584113714725E-002
  0.63279681182315928       -1.9673738106778019E-003
  0.54734729549238237        3.1601492638171458E-003
  0.57205933573989887       -3.5944424831929598E-003
  0.60895696067785821       -4.0640839485871225E-003
  0.50837150000585951        8.8320842817718771E-003
   3.4693221805703889E-003   6.7539068959038440E-002
   5.1304672761291831E-002   5.4977674025444352E-002
   2.3422174301959156E-002   5.8772998018942098E-002
  0.55277957697508162        7.7012684142695968E-003
  0.47425040481313396        2.1670522914370286E-003
  0.49897472613927074        1.8489583781809297E-003
  0.53281903414840137        4.0539128396376491E-003
  0.44947261234881097        1.1603254861881261E-002
  0.92514333110839087       0.15621543594884907     
  0.91610014954418928       0.16669204073483934     
  0.94904043518822467       0.15831919765343447     
  0.93309534162649377       0.15216228660618406     
  0.94641113916586461       0.14958327736875440     
  0.92366588301041208       0.15520144799549179     
  0.76097383686971432       -2.0566632077150596E-002
  0.69762074475793889       -1.2701386721718732E-002
  0.62831918669203557       -4.1639714671229781E-003
  0.66063394882611681       -1.2944937963955926E-003
  0.71790686073580268       -5.6288340745692606E-003
  0.77537300866095848       -4.6381131940633384E-003
  -3.0665832282432803E-002  -1.8425442309917390E-003
  0.13744654646740950       -6.4994435822044718E-003
  0.11670019497394404       -1.5193500429710259E-003
   2.7021210312749538E-002  -1.0268789279195456E-003
   6.2952191412974312E-002  -2.8028151825057441E-004
  -8.8889658734484123E-002   5.2825112062993246E-004
  0.12261780235781916       -2.3291142227196697E-004
   2.5547339557784099E-002  -1.0360885492778609E-003
   6.5171392399173633E-002   2.9107282886670050E-005
  -5.2250823934883672E-002   1.0504469837238101E-003
  0.81716372521242131        1.7706911728363754E-002
  0.80264037042031489        8.3064049308213578E-004
  0.71745698312213724       -9.0239836387568228E-003
  0.75096505121962054        2.1763725522982606E-002
  0.79390073914016346       -7.8960665841218552E-003
  0.90600879240135967        8.2147199687336817E-002
  0.92637549753734916       0.17979436456887404     
  0.91188306985285295       0.16086609414302988     
  0.91198377877026027       0.16159190962225733     
  0.91329818576086041       0.16379153790527184     
  0.94863466541140429       0.16523917677199620     
  0.90787052442215443       0.16719070424129434     
  0.34071617033738877       0.14616974875789149     
  0.45277447438629703       0.13480062142992202     
  0.42884286638770208       0.13244874296649659     
  0.47608327718206112       0.12622566330818735     
  0.38831455701262085       0.13218300977472652     
  0.49590738496172893       0.13403129489593524     
  0.49332127936571707       0.16718654530471480     
  0.80214844440787358        4.4968026919053892E-003
  0.76684546351692706        4.2981282663374643E-003
  0.77099798597132485        1.4764253058574511E-003
  0.70176402766543278        7.5457911314361602E-003
  0.80272964568071559        8.4268154823119001E-004
  0.71331824134130917       -6.3980360992366920E-003
  0.62399477557703786       -2.4152062409891399E-004
  0.55637291700034019       -1.6801410417189593E-004
  0.58748318423281565        3.3360350109583664E-003
  0.65351054335223890        4.1850298004085691E-003
  0.22234004993110318       0.15366162381360923     
   4.4492981503156080E-002   9.2524625267465410E-002
  0.20750725481627968       0.11551612918117631     
  0.11460144561051969       0.16378948154012907     
   7.8900670804413459E-002  0.16060041294835464     
  0.97708367008665675        8.7806748522432240E-002
  0.90503160357460721        4.9557197440978550E-002
  0.86317815441786849        3.7410694713585532E-002
  0.89674412390213809        4.7976232722304335E-002
  0.92681299580136067        6.5191784758076146E-002
  0.95530482125949145        6.2451256859090268E-002
  0.93479693610957315        8.2339747719577638E-002
  0.51427919321438187        1.8039901042231622E-002
  0.47529070668173679        9.4478455624341824E-003
  0.48899183530694917        7.0401137222157381E-004
  0.53140716711349323        6.7728585436055448E-003
  0.24162745815996478       0.15502508079457533     
  0.34579999589226063       0.15193625256534618     
  0.32157434313427780       0.14234849483706394     
  0.39940197586183857       0.14808115052818685     
  0.27987528680565965       0.15622842766649297     
  0.40958115273519047       0.16013105653987095     
  0.21738935319300656       0.24981006337795672     
  0.32954892567662897       0.23712981313967793     
  0.32435584288946090       0.27819200677065820     
  0.23361541483650822       0.24906902391523478     
  0.16720426153162787       0.25112652606919900     
  0.36791567042115358       0.25379079357669648     
  0.33018632811152532       0.23963081729763375     
  0.84423109498380811       0.20000990441896402     
  0.83825027508588545       0.18849306004408550     
  0.84428531499039561       0.20000520977718561     
  0.83334028735475463       0.19102871679253400     
  0.82530236602423612       0.19544743668399317     
  0.67122703879402623       0.21606207179078721     
  0.67368365334012548       0.22397928138036893     
  0.67497085666170586       0.21680856679272215     
  0.66786530196236948       0.23013724365828847     
   6.9839901084978173E-004  -4.1869643802628563E-004
   3.8808542083600184E-002   2.6979917087478181E-003
  -7.9156860480177726E-002   1.2452667861203354E-003
  0.28249470388463627       0.24713170551468802     
  0.36688154307267917       0.23721193722235798     
  0.93949634760110223        1.8930705919911962E-002
  0.90959013481699547        1.1916057871492762E-002
  0.98093525923318781        2.6299998063288428E-002
  0.91099478618391549        3.0246794274645942E-002
  0.97521927836670286        1.8192433725313806E-002
  0.97054708789348498        2.2596442649661611E-002
  0.93724954977805885        3.6811161512725413E-002
  0.96853017210323467        1.8706940296745276E-002
  0.99905494165195263        4.3737613825485785E-002
  0.97976107114966648        5.4220707082015401E-002
  0.98186364803591253        2.2100578287264510E-002
  0.97154082326982127        3.8172727753038857E-002
  0.93027222460138115        3.4166946097695702E-002
  0.97388804127575013        3.9101947776732475E-002
  0.99411508994238473        3.1988908536078074E-002
  0.99049021747828425        1.7970343024593889E-002
  0.99764379571752648        4.5846785742042269E-002
   8.1811923316202129E-002   3.0912012073850120E-003
   7.8112646026395588E-002  -1.0990283110258188E-003
  -1.4628750496347681E-002  -6.4708599269172379E-004
   2.1396151695823110E-002  -7.8571204327096563E-004
  0.23311880873151625        9.8326762151727080E-003
  0.45959053645199432        4.4944733756782226E-003
  0.31359003214803560        4.1619556586150374E-005
  0.33605672005564513        1.0181072196445450E-004
  0.39321010028985770        9.7886086240164469E-004
  0.27400686053104872        1.4547404301936036E-003
  0.81579485616831282       -6.6559077245274684E-002
  0.76594520490088980        1.2596067335274474E-002
  0.69470761541484705        7.0879289311199635E-003
  0.73044133213630835        6.6438648602652759E-003
  0.78324860954697018       -5.4175284405365660E-003
  0.82638814678312877        2.9433060817074527E-002
  0.73785710336562793       0.16996716393424466     
  0.73477640446934767       0.16878339842997775     
  0.75043804020725347       0.17779457800968479     
  0.74817510437601742       0.19331008144297543     
  0.64378904604575915        2.5771873650454365E-003
  0.60977182805514296       -1.3529777179666987E-003
  0.55068482929899010       -1.1808690353571833E-003
  0.45360053200691397        7.4402037411422828E-004
  0.67407270684539966        7.6328347695225137E-004
  0.58450246010757523        2.6846181032148721E-003
  0.57753146164933722        1.0945867007753183E-002
  0.46316267310703230        2.3432810183311586E-003
  0.48712133831497229       -3.2395965922499021E-004
  0.53741121063241637       -4.8797874420135490E-003
  0.40634014078258862       -5.2858658594888007E-004
   3.6374697264876146E-002  -3.0756226850504678E-003
  0.33177376288481664        1.0429660983790989E-003
  0.24553200378180703       -3.9392958123306140E-003
  0.25252082936301656       -2.6960714250803385E-003
  0.15457762478909712       -1.8727780249503010E-003
  0.19873088257599636       -1.1094276968550666E-003
  0.86573431027559111       -6.5629287989389468E-002
  0.86509804574657900        3.7236779886469638E-002
  0.77041493816849527        2.3331244339242788E-002
  0.80915782434504402        5.3890500421188120E-002
  0.84867518097870753       -2.5957776823408510E-002
  0.92166336736047516        1.1119219847883991E-003
  0.90514665044523035        4.7128949035861690E-003
  0.73385344748124448        8.2660410074114427E-002
  0.65259254932859301        5.3228857593158180E-002
  0.69442559055706510        7.3020605151964693E-002
  0.72405392770452925        7.8166746204510071E-002
  0.62705109324795971        9.1071406014058096E-002
  0.77131965393235702        9.4915412526753465E-002
  0.79014365697737121       0.12187381817133008     
  0.50713640608302590        9.4451464532240188E-003
  0.42221383184533257        1.1453759532210719E-003
  0.44504520828463434        3.0972946582373577E-004
  0.48175652506986133        4.0459565148590155E-003
  0.39672285723870593       -2.9440414659286200E-003
  -2.1691013281836868E-002  0.31946926041257023     
   2.8434456532886454E-002  0.16105346369551943     
  -7.6506386905160595E-002  0.27503329833987039     
  0.80442563790554611        9.1890626038973619E-002
  0.78444384265285483        8.9232693140954458E-002
  0.80512438659590757        7.9305013365230340E-002
  0.84490948678215128       0.10785865931896235     
  0.72647178116311062        9.8507271950027134E-002
  0.82220744970687132        8.8057338305888105E-002
  0.82517985600026511       0.10911163290952455     
  0.90793695944864794       -3.3425157168294802E-003
  0.85803690695178159       -3.8818913480724538E-003
  0.93709723412132662        8.9833006876898162E-003
  0.84627626417615465       -1.3661553311033220E-002
  0.91366598929305365       -8.8073565653271145E-004
  0.95520072079815255        4.9149835120062069E-003
  0.88231444885472565       -2.4785332552559099E-003
  0.45931843432805253        5.4750847723127635E-004
  0.38850153285347316       -4.2505274616567703E-004
  0.39222352121615178       -1.3171948025796579E-003
  0.28915271520869451       -1.8023279581236178E-003
  0.34086033253196218        8.3129325865411764E-004
  0.45456334913697510        1.6411836388117915E-003
  0.97295679403819713       0.13246439172701949     
  0.94930838444938215       0.11013581044319495     
  0.91001950169919543       0.11128465476742398     
  0.94556699041726955       0.11089543821439511     
  0.95659004376672385       0.11116968048219136     
  0.98036073694577119       0.10889889671508828     
  0.95445387193461739       0.12766311865842941     
  0.46747484653748533        9.8087097748654267E-004
  0.45477866624012803        9.4037645013731136E-004
  0.34979487247393126        1.0679193046887114E-003
  0.39896981202066345       -1.1549248023281166E-003
  0.52448537782818794        1.8992592505824720E-003
  0.75604233134034216        5.5251441139887595E-003
  0.71849429089952732        4.3041167197905104E-003
  0.72290053637200280        1.1148198628110624E-003
  0.53038556079082577       -1.3085628101525500E-003
  0.86034795626777294        6.9246880664974152E-003
  0.65969496261060778        5.5167347462069475E-003
  0.75677418473188440        2.1253009273816455E-003
  0.99345175320872237        8.4135536254450499E-002
  0.97725769472655077        8.2703558476082906E-002
  0.99784337424382308        7.5380639790021020E-002
  0.99506469954172416        5.4533390711802091E-002
  0.99817076356199974        6.4489324284025470E-002
  0.99809977689798024        7.1651545479248444E-002
  0.99475827313877785        9.0258191014254516E-002
  0.84703089466066428       0.22177906897442204     
  0.82946685765866912       0.19590597892690828     
  0.83237916611626095       0.20224077677783442     
  0.82874512487306506       0.19946131417052668     
  0.88793944372321298       0.21899558070053621     
  0.82182562923392088       0.20788173597004292     
  0.71980302143874308        2.4799101011279450E-002
  0.67886487738105339        8.4751966823167141E-004
  0.60016051831650108       -1.8370760649632202E-002
  0.62879621859478585       -1.0370612665447969E-002
  0.68007407698552558       -6.4404368176136234E-003
  0.77139551982246701        2.5476774128805581E-002
  0.84027784095220670        1.9621664489074078E-003
  0.78386860151341631       -8.6461834010806492E-004
  0.77514088231753397       -6.8462720169913715E-004
  0.68360577250578680        3.7369930714168309E-003
  0.81456292060942881        8.6660225717047866E-004
  0.74039183170394585       -5.3442707312885435E-003
  0.73998058389043864        3.7478703672659777E-002
  0.64316620607507224       -2.1772687804446937E-003
  0.67148162665556632        1.0759656352642602E-003
  0.71354415973961560        4.2652573153633314E-002
  0.81860340247863328       -3.3462569972034603E-002
  0.59846015968169175       -5.4098435224847240E-003
  0.58304388193889911        1.0679439633908623E-003
  0.45180877516972745       -1.1953104522261194E-003
  0.51539051292280158        8.8012785027625573E-004
  0.64067360809855223        8.7154376573935952E-004
