 cosx vtec
  0.64975482460514311        3.1388095203105523E-002
  0.59965318642882504        1.1266557126342261E-002
  0.61619423457291245        1.6147304182509994E-002
  0.63930699946308722        2.6590208887822465E-002
  0.55717762330060205        2.7965496839924199E-002
  0.70876512086529364        4.8858144319178523E-002
  0.56209069196781603       -1.2897270245265243E-003
  0.48403121371717650       -1.5853890733796313E-003
  0.49729696426406728        2.7911010227498938E-003
  0.37977996470766834        2.5617719413499748E-004
  0.41741448943940951        1.3981685127904576E-003
  0.56082103730005761       -5.1007868414364495E-003
  -3.9471894807221575E-002  0.23299099210043162     
  -8.1149087298162031E-002  0.23848472930534723     
   9.4526592318170066E-002  0.24579306243113461     
   6.5349221620754017E-002  0.24387617783107565     
  -6.5218971792565431E-002  0.23595003965126718     
  0.40964564921000390       0.24536648206127828     
  0.57473873793559960       0.18116790074331321     
  0.56541390705029593       0.18711093450550123     
  0.60108331553151073       0.18987606643068172     
  0.50345618532415226       0.21150504713415480     
  0.61904901877266116       0.18739092016021178     
  0.57849574198489773       0.18751340178758585     
   3.5014301775680469E-002   3.0287222014354839E-002
  -3.0560155845918195E-002   1.6668697761839574E-002
   2.8997010324398002E-002   1.3116161486377044E-002
  -7.4914780449759175E-002   1.3917213258329682E-002
  0.14250611474488825        1.0555076789434181E-002
  0.71645570412491266       -2.7604670143527199E-003
  0.66607478648555329       -1.1527491207212459E-004
  0.69603365309569920       -1.3811317215394021E-003
  0.76488944295062888        4.4922859168688416E-003
  0.80059910652776656       -1.2436391499969313E-003
  0.85450333062071926        2.0479110461447654E-004
  0.93893458054706280       -4.5297425071958546E-003
  0.84810208781389862        3.3594982712548912E-003
  0.80549059655846067       -1.0845568661108529E-002
  0.84909833168976645        2.4618362171800252E-002
  0.90792543447941154       -3.8686800322529163E-002
  0.88753651795504584        4.1191537438215890E-004
  0.65105589423720189        2.3041674179984772E-003
  0.61280927032179822       -2.7525199677435008E-004
  0.62925688675334868       -1.2724938539822386E-003
  0.50150427009927356       -2.9124891541573404E-003
  0.55903485130289832        1.6272398366837053E-003
  0.66287662766131916       -1.8118724865727565E-004
  0.86416936707982472       0.16537621692818413     
  0.88358547404354582       0.15934392381651821     
  0.89633737048483264        2.5444023499378923E-002
  0.86841451631471522       0.16245428121964881     
  0.89646874554224987       0.15838180996555629     
  0.85654019150766125       0.16540010551223430     
  0.72822155964715707       0.19077796878947312     
  0.73589744622464592       0.19748407119543368     
  0.72202718023274171       0.19677924073786038     
  0.71133856231059234       0.19784547479312053     
  0.60315075689200714        7.1904269094688437E-003
  0.50906768848376438       -4.0428397746459149E-004
  0.52633572751139335        8.0264766956408590E-004
  0.56623961253934685       -4.8977605447199585E-004
  0.46233407516933805       -4.6278575108834206E-003
  -3.8381965471611129E-002   7.8420673010781289E-002
  -9.2024444475136136E-002   6.1524758571879119E-002
   6.5165808590057911E-003   3.4345231023820519E-002
  0.71615325140820196       -1.9673738106778019E-003
  0.65148382466270360        3.1601492638171458E-003
  0.66906014890102128       -3.5944424831929598E-003
  0.69826027061780582       -4.0640839485871225E-003
  0.59944376809615996        8.8320842817718771E-003
  -7.0749673489942225E-002   6.7539068959038440E-002
  -8.0598434382177508E-003   5.4977674025444352E-002
  -4.6278523940855062E-002   5.8772998018942098E-002
  0.61553876698367571        7.7012684142695968E-003
  0.55871803628324879        2.1670522914370286E-003
  0.57463765216110185        1.8489583781809297E-003
  0.60086549874185669        4.0539128396376491E-003
  0.51882738024188269        1.1603254861881261E-002
  0.84637104979247946       0.15621543594884907     
  0.83926209479248681       0.16669204073483934     
  0.88092359350344118       0.15831919765343447     
  0.85647302416052762       0.15216228660618406     
  0.87735467056936001       0.14958327736875440     
  0.84313925584628668       0.15520144799549179     
  0.85911769695446216       -2.0566632077150596E-002
  0.81056765266272146       -1.2701386721718732E-002
  0.75319860627471458       -4.1639714671229781E-003
  0.77945583885846026       -1.2944937963955926E-003
  0.82585619639405150       -5.6288340745692606E-003
  0.87278890385872943       -4.6381131940633384E-003
   6.0640767169689969E-002  -1.8425442309917390E-003
  0.20177126587139099       -6.4994435822044718E-003
  0.20060840675453240       -1.5193500429710259E-003
  0.11204753637335531       -1.0268789279195456E-003
  0.13098555506483234       -2.8028151825057441E-004
   8.2925704005022693E-002   5.2825112062993246E-004
  0.28868425161340572       -2.3291142227196697E-004
  0.19858650850686677       -1.0360885492778609E-003
  0.23742225745701503        2.9107282886670050E-005
   8.6147587138684922E-003  -2.7870839953360914E-003
  0.11655655656821245        1.0504469837238101E-003
  0.89436318453789709        1.7706911728363754E-002
  0.89388675829696873        8.3064049308213578E-004
  0.82078234407234407       -9.0239836387568228E-003
  0.84535328388110287        2.1763725522982606E-002
  0.87791733041925923       -7.8960665841218552E-003
  0.95429168829375444        8.2147199687336817E-002
  0.85784789264574035       0.17979436456887404     
  0.85857211850553550       0.16086609414302988     
  0.86483311636412641       0.16159190962225733     
  0.85164886192327194       0.16379153790527184     
  0.89398141409859455       0.16523917677199620     
  0.84132187410940962       0.16719070424129434     
  0.23701506425665458       0.14616974875789149     
  0.35403882672547071       0.13480062142992202     
  0.33516658057475140       0.13244874296649659     
  0.40262031371056728       0.12622566330818735     
  0.29512449397122603       0.13218300977472652     
  0.40568447401535457       0.13403129489593524     
  0.38461710651155995       0.16718654530471480     
  0.79653394010137091        4.4968026919053892E-003
  0.76917525556708599        4.2981282663374643E-003
  0.78787468623923962        1.4764253058574511E-003
  0.70093761624124007        7.5457911314361602E-003
  0.81046043767316522        8.4268154823119001E-004
  0.82143310712254569       -6.3980360992366920E-003
  0.74890891718439168       -2.4152062409891399E-004
  0.69197300192747591       -1.6801410417189593E-004
  0.71825760219089851        3.3360350109583664E-003
  0.77353874811353052        4.1850298004085691E-003
  0.19941614114922657       0.15366162381360923     
   1.0477468741538775E-002   9.2524625267465410E-002
  0.19079367670295927       0.11551612918117631     
   9.7507014583754381E-002  0.16378948154012907     
   5.1869922896820894E-002  0.16060041294835464     
  0.95508175838848997        8.7806748522432240E-002
  0.91375986919406837        4.9557197440978550E-002
  0.89164028478641033        3.7410694713585532E-002
  0.91054905088685412        4.7976232722304335E-002
  0.92380488280668283        6.5191784758076146E-002
  0.96159198312677396        6.2451256859090268E-002
  0.92024092116067124        8.2339747719577638E-002
  0.48096942227684114        1.8039901042231622E-002
  0.45016196643382989        9.4478455624341824E-003
  0.47712882229491288        7.0401137222157381E-004
  0.50955097559460383        6.7728585436055448E-003
  -8.9027863937105767E-002   4.6502114942599477E-003
  -9.1977452824436451E-002  -5.4593737072498264E-003
  0.12375853415840950       0.15502508079457533     
  0.23033828840800472       0.15193625256534618     
  0.21124168133985888       0.14234849483706394     
  0.31595598373724149       0.14808115052818685     
  0.17029615377880009       0.15622842766649297     
  0.30304225360589265       0.16013105653987095     
   5.1021750461041362E-002  0.24981006337795672     
  0.16588082943110141       0.23712981313967793     
  0.16464431130903798       0.27819200677065820     
   6.2913676933537832E-002  0.24906902391523478     
  -3.2105986423732191E-003  0.25112652606919900     
  0.20322158565083068       0.25379079357669648     
  0.16430815727437101       0.23963081729763375     
  0.74804526761756551       0.20000990441896402     
  0.75557347072103098       0.18849306004408550     
  0.76889472624253752       0.20000520977718561     
  0.74271556746659317       0.19102871679253400     
  0.73096068103136358       0.19544743668399317     
  0.59015277100617136       0.21606207179078721     
  0.59892000840650494       0.22397928138036893     
  0.58529410436256246       0.21680856679272215     
  0.57384220834398092       0.23013724365828847     
   6.0349415167451653E-002  -9.8763709137592026E-004
  0.17432749741338915       -4.1869643802628563E-004
  0.21151382053474732        2.6979917087478181E-003
  -6.3178342595131554E-003  -2.0610140261236542E-002
   9.0900183700086984E-002   1.2452667861203354E-003
  0.12159000853570130       0.24713170551468802     
  0.20816888208516524       0.23721193722235798     
  0.93398285436091688        1.8930705919911962E-002
  0.91028232537245279        1.1916057871492762E-002
  0.98865536552118893        2.6299998063288428E-002
  0.93053545653172487        3.0246794274645942E-002
  0.99403712830867308        1.8192433725313806E-002
  0.96447953399832731        2.2596442649661611E-002
  0.94634162449155357        3.6811161512725413E-002
  0.95113593525199347        1.8706940296745276E-002
  0.98896248564896549        4.3737613825485785E-002
  0.97125406136874548        5.4220707082015401E-002
  0.99141045901413549        2.2100578287264510E-002
  0.99526632488468303        3.8172727753038857E-002
  0.96868749558467138        3.4166946097695702E-002
  0.98995150714990487        3.9101947776732475E-002
  0.99170931062479450        3.1988908536078074E-002
  0.99933347773377401        1.7970343024593889E-002
  0.98431368986610812        4.5846785742042269E-002
  0.12061951485829775        3.0912012073850120E-003
  0.13373268452216480       -1.0990283110258188E-003
   4.1667146183775823E-002  -6.4708599269172379E-004
   6.3202097288215450E-002  -7.8571204327096563E-004
  0.27352091690934943        9.8326762151727080E-003
  0.58229959609318926        4.4944733756782226E-003
  0.45880757305334130        4.1619556586150374E-005
  0.47730110102533069        1.0181072196445450E-004
  0.52680370280059319        9.7886086240164469E-004
  0.40853964877876936        1.4547404301936036E-003
  0.90118629588734600       -6.6559077245274684E-002
  0.86496082639099159        1.2596067335274474E-002
  0.80821928678661603        7.0879289311199635E-003
  0.83615754821996824        6.6438648602652759E-003
  0.87726046972458660       -5.4175284405365660E-003
  0.91124476913907204        2.9433060817074527E-002
  0.68912995836302893       0.16996716393424466     
  0.69121156593978472       0.16878339842997775     
  0.69247543453798588       0.17779457800968479     
  0.68409003091345455       0.19331008144297543     
  0.71761916792776126        2.5771873650454365E-003
  0.70939444138373098       -1.3529777179666987E-003
  0.67721729263028418       -1.1808690353571833E-003
  0.56217681178284673        7.4402037411422828E-004
  0.76269765415599500        7.6328347695225137E-004
  0.69849608546340569        2.6846181032148721E-003
  0.70968834735788366        1.0945867007753183E-002
  0.59894736459422870        2.3432810183311586E-003
  0.61818244129330702       -3.2395965922499021E-004
  0.66045716249288144       -4.8797874420135490E-003
  0.53088105842362043       -5.2858658594888007E-004
   7.9383821562209606E-002  -3.0756226850504678E-003
  0.32568348571835826        1.0429660983790989E-003
  0.25685303061844034       -3.9392958123306140E-003
  0.27786899221821137       -2.6960714250803385E-003
  0.18242792189914639       -1.8727780249503010E-003
  0.21137579441792573       -1.1094276968550666E-003
  0.92463353205270393       -6.5629287989389468E-002
  0.93864682494629126        3.7236779886469638E-002
  0.85888593703810812        2.3331244339242788E-002
  0.88540586919415110        5.3890500421188120E-002
  0.91363260142489511       -2.5957776823408510E-002
  0.95976276424931384        1.1119219847883991E-003
  0.96160737815854203        4.7128949035861690E-003
  0.74552072675587444        8.2660410074114427E-002
  0.70119427457281547        5.3228857593158180E-002
  0.72161901046105481        7.3020605151964693E-002
  0.74032282235201596        7.8166746204510071E-002
  0.64665810245403577        9.1071406014058096E-002
  0.76926340278121197        9.4915412526753465E-002
  0.77299169978366655       0.12187381817133008     
  0.58571498828918400        9.4451464532240188E-003
  0.52096651982050102        1.1453759532210719E-003
  0.53671617959333995        3.0972946582373577E-004
  0.56619753815406404        4.0459565148590155E-003
  0.48225287446950815       -2.9440414659286200E-003
  0.73970484277616078        9.1890626038973619E-002
  0.72412180205796739        8.9232693140954458E-002
  0.76140866279990882        7.9305013365230340E-002
  0.77711284221353816       0.10785865931896235     
  0.66441978309618577        9.8507271950027134E-002
  0.76616678272920336        8.8057338305888105E-002
  0.75325349291527421       0.10911163290952455     
  0.93033547159746099       -3.3425157168294802E-003
  0.89158120909328320       -3.8818913480724538E-003
  0.97940733256610457        8.9833006876898162E-003
  0.90151982749699211       -1.3661553311033220E-002
  0.96758799789660355       -8.8073565653271145E-004
  0.97607856349136479        4.9149835120062069E-003
  0.92754587478854911       -2.4785332552559099E-003
  0.46161226439070752        5.4750847723127635E-004
  0.40590409149998558       -4.2505274616567703E-004
  0.42317623395668430       -1.3171948025796579E-003
  0.32437921169933492       -1.8023279581236178E-003
  0.35884003597563563        8.3129325865411764E-004
  0.47552814295073514        1.6411836388117915E-003
  0.92998408271331978       0.13246439172701949     
  0.92438162082642672       0.11013581044319495     
  0.91556971447744628       0.11128465476742398     
  0.92634439642538902       0.11089543821439511     
  0.92234499150296656       0.11116968048219136     
  0.95400971611445873       0.10889889671508828     
  0.91344104150736416       0.12766311865842941     
  0.52745852275349270        9.8087097748654267E-004
  0.53179857684552778        9.4037645013731136E-004
  0.43132170802564018        1.0679193046887114E-003
  0.45819724837677861       -1.1549248023281166E-003
  0.59104209033852562        1.8992592505824720E-003
  0.75099849315018496        5.5251441139887595E-003
  0.72191196640099553        4.3041167197905104E-003
  0.74030234469962708        1.1148198628110624E-003
  0.56429475687565223       -1.3085628101525500E-003
  0.84202118501729828        6.9246880664974152E-003
  0.66090065257255681        5.5167347462069475E-003
  0.76516530368663827        2.1253009273816455E-003
  0.96382290029715234        8.4135536254450499E-002
  0.94973132960594142        8.2703558476082906E-002
  0.98256298429149858        7.5380639790021020E-002
  0.98712933530594860        5.4533390711802091E-002
  0.97269857082674305        6.4489324284025470E-002
  0.98229395214905157        7.1651545479248444E-002
  0.96188938565524684        9.0258191014254516E-002
  0.75732971006237293       0.22177906897442204     
  0.75503639532739086       0.19590597892690828     
  0.76445154616234201       0.20224077677783442     
  0.74627425174927553       0.19946131417052668     
  0.81213082862856689       0.21899558070053621     
  0.73524184690538230       0.20788173597004292     
  0.82196570308819727        2.4799101011279450E-002
  0.79605486605358400        8.4751966823167141E-004
  0.72643382824281189       -1.8370760649632202E-002
  0.74929620201697933       -1.0370612665447969E-002
  0.79107600365629005       -6.4404368176136234E-003
  0.87004683644570746        2.5476774128805581E-002
  0.86591801094222287        1.9621664489074078E-003
  0.82273925326121089       -8.6461834010806492E-004
  0.83257587006655209       -6.8462720169913715E-004
  0.71382342243812935        3.7369930714168309E-003
  0.86258701937907079        8.6660225717047866E-004
  0.82944351744841704       -5.3442707312885435E-003
  0.84457721129368246        3.7478703672659777E-002
  0.75517309353314266       -2.1772687804446937E-003
  0.77635256047041690        1.0759656352642602E-003
  0.80947387951459648        4.2652573153633314E-002
  0.90235338245661212       -3.3462569972034603E-002
  0.65987144946638909       -5.4098435224847240E-003
  0.66308531329225784        1.0679439633908623E-003
  0.53915411928514789       -1.1953104522261194E-003
  0.57283069364093087        8.8012785027625573E-004
  0.71075914080616620        8.7154376573935952E-004
