 cosx vtec
  -5.6857084273271186E-002   4.8858144319178523E-002
  -2.3741891445439950E-002   1.2930267714109428E-003
  -7.4166989206732550E-002  -5.0381838196475351E-004
  0.19762071035848988       -1.2897270245265243E-003
   5.7542391552238205E-002  -1.5853890733796313E-003
  -4.3460501211437755E-002   2.7911010227498938E-003
  -9.4612408554838087E-002   2.5617719413499748E-004
   4.5646052454013000E-002   1.3981685127904576E-003
   3.5888989942584187E-002  -5.1007868414364495E-003
   2.8097692269246213E-002   2.6484931139093269E-003
   4.2224771574550173E-002   2.4790802105653944E-003
  -5.6002964749138656E-002  -1.5515789069554193E-003
  -3.2488415882143414E-002   4.7901094501673130E-004
  0.61920125693443473       0.23299099210043162     
  0.57401651778984386       0.23848472930534723     
  0.64994578976194328       0.24579306243113461     
  0.66500294165831075       0.24387617783107565     
  0.55274163121799103       0.23595003965126718     
  0.92322304820365531       0.24536648206127828     
  0.87543926649743964       0.18116790074331321     
  0.86327499112657713       0.18711093450550123     
  0.87587984065827895       0.18987606643068172     
  0.86499158363929796       0.21150504713415480     
  0.84431889902627755       0.18739092016021178     
  0.88583810816373121       0.18751340178758585     
  0.27965371839528186        1.7863194930720187E-002
  0.40773588025220625        1.9575283317887330E-002
  0.47944560574256068        3.0287222014354839E-002
  0.38870364178232963        1.6668697761839574E-002
  0.30387818578433556        1.3116161486377044E-002
  0.35766131044300337        2.5127913673000962E-002
  0.27458724222868625        1.0602088710713380E-002
  0.36708499432432634        1.3917213258329682E-002
  0.42103736726281910        1.0555076789434181E-002
  -2.5269144981652527E-002   2.0479110461447654E-004
  0.27907016040341426        2.3041674179984772E-003
  0.21283963296202582       -2.7525199677435008E-004
  0.13770090188823192       -1.2724938539822386E-003
   6.7156352653980192E-002  -2.9124891541573404E-003
  0.21132639005571671        1.6272398366837053E-003
  0.19277794843284327       -1.8118724865727565E-004
  0.62408607777614566       0.16537621692818413     
  0.53971474577325895       0.15934392381651821     
  0.49415540779347983        2.5444023499378923E-002
  0.59100048355498069       0.16245428121964881     
  0.57022425662886056       0.15838180996555629     
  0.61378451611011542       0.16540010551223430     
   3.3640299116203448E-002  0.18163321329719903     
   8.6782584427459536E-002  0.18364688198242726     
   2.1454738190603000E-002  0.17466758563093754     
   6.7916781587608360E-002  0.17416515867053778     
   2.1200413386260906E-002  0.18282056158905738     
  -6.3183690409372009E-002  0.16106935157295429     
   4.1736689482365384E-002  0.19583999216562853     
  -8.0845927463018011E-002  0.15939434382024795     
   8.9993683925423673E-002   5.2849905566731969E-002
  -1.1468596140255272E-002   3.8106920053663500E-002
  0.19365696253762985        6.3276848475789002E-002
   5.2688516808061893E-002   7.0919116972806243E-002
  0.13426537322079862       0.10519336145341916     
  -3.1579949281634852E-003   5.0497807114577992E-002
  0.16308858271718168       0.10388572255787835     
   2.6455712067203430E-002   5.3512534605510184E-002
  0.17935765799643669        7.5890816554633062E-002
  -9.1555025893007957E-002   6.5135368128468984E-002
  0.20429522840630976        6.0586009130342254E-002
  0.49950272899908443       0.19077796878947312     
  0.46368073639672003       0.19748407119543368     
  0.55054591385933815       0.19677924073786038     
  0.57429572173168375       0.19784547479312053     
  0.41077860465302130        5.8068373183961623E-002
  0.53037267389133613        6.6928927599418278E-002
  0.59439242934496694        7.8420673010781289E-002
  0.52319247258935409        6.1524758571879119E-002
  0.42273810438435844        3.4345231023820519E-002
  0.48858861138584836        6.3733997491919478E-002
  0.39271238694750055        4.5257741978062357E-002
  0.58698309627214429       0.10812904251234406     
  0.50177947345790641        6.0545584113714725E-002
  -7.9052741541667138E-002  0.13308650335389738     
  -9.2258044368366779E-002  0.13555866064375602     
  -9.4520544867607484E-002   4.4498150413293282E-003
   3.2223061970175014E-002   4.1352447010887541E-002
  -4.9836274465667157E-002   4.3363388991551628E-002
  -6.7605850840769021E-003   4.4487769866509388E-002
   1.0489966991040501E-002   3.6179897849154104E-002
   4.8187895809104021E-002   2.1612762921603676E-002
  0.23940835485226680        6.7539068959038440E-002
  0.16627177126699402        5.4977674025444352E-002
  0.21829695606631427        5.8772998018942098E-002
  0.66904045978483984       0.15621543594884907     
  0.67369244287946684       0.16669204073483934     
  0.59528117184176810       0.15831919765343447     
  0.64763432092373985       0.15216228660618406     
  0.62263874349663273       0.14958327736875440     
  0.66799658626420466       0.15520144799549179     
  -9.0304055464221059E-002   5.3309663252945824E-003
  -4.7997413692108748E-002   7.1561491682741601E-004
  -6.4897185765350418E-002   8.2147199687336817E-002
  0.88409490762426080       0.26215514191980205     
  0.87515780165057866       0.25579646739042927     
  0.86484988933290952       0.25371490527562868     
  0.56601090160852474       0.17979436456887404     
  0.45806737669424114       0.16086609414302988     
  0.42164404124578220       0.16159190962225733     
  0.51007158001546526       0.16379153790527184     
  0.49657937428165294       0.16523917677199620     
  0.53677428077054334       0.16719070424129434     
  0.77000325821423832       0.14616974875789149     
  0.76667205832579011       0.13480062142992202     
  0.73937628258601318       0.13244874296649659     
  0.65091066557592769       0.12622566330818735     
  0.73010500542619305       0.13218300977472652     
  0.73380265461531757       0.13403129489593524     
  0.81765913769772713       0.16718654530471480     
  0.33864047679974524        4.4968026919053892E-003
  0.29436213903140279        4.2981282663374643E-003
  0.21415373788650241        1.4764253058574511E-003
  0.30727496852463437        7.5457911314361602E-003
  0.26580618071181483        8.4268154823119001E-004
   5.3615463349574122E-002  -3.0777218663015225E-003
   2.5210462381831236E-002   1.1174027867113141E-003
  -9.1337264700109652E-002   4.3087592295885479E-004
  -4.0050514317170084E-002  -2.2641791912794453E-003
  -2.6265649496083378E-002  -4.3943034735775886E-004
  0.46893903559525851       0.13828575727672404     
  0.56669661707576757       0.13496985917050677     
  0.61636448055668436       0.17457448895407282     
  0.52746108165142236       0.13312764346030101     
  0.55980866196061130       0.13731931094613789     
  0.56574512605424265       0.14286392655987321     
   1.0886030412681371E-002  0.15366162381360923     
   2.2419175312511069E-002   9.2524625267465410E-002
  -2.7162331567574353E-002  0.11551612918117631     
  -5.1396814960826619E-002  0.16378948154012907     
  -6.9270704546178360E-003  0.16060041294835464     
  0.33098885541056949        8.7806748522432240E-002
  0.11468982982868528        4.9557197440978550E-002
  -8.0191534925252925E-003   3.7410694713585532E-002
   8.4085082386757548E-002   4.7976232722304335E-002
  0.18890391587783578        6.5191784758076146E-002
  0.16398752961752547        6.2451256859090268E-002
  0.25507471376124086        8.2339747719577638E-002
  0.45582608689755433        1.8039901042231622E-002
  0.40725330475841415        9.4478455624341824E-003
  0.33974121402659618        7.0401137222157381E-004
  0.39889662606328524        6.7728585436055448E-003
  0.81388048859665496       0.15502508079457533     
  0.82381111227734671       0.15193625256534618     
  0.79642995204672717       0.14234849483706394     
  0.68602306975431249       0.14808115052818685     
  0.78480538715491721       0.15622842766649297     
  0.79517365748937319       0.16013105653987095     
  0.98848176068445937       0.24981006337795672     
  0.99784579280003405       0.23712981313967793     
  0.98911880975704636       0.27819200677065820     
  0.99332054554067428       0.24906902391523478     
  0.98456364033417154       0.25112652606919900     
  0.99936023067039526       0.25379079357669648     
  0.99994924853761036       0.23963081729763375     
  0.68721085063174014       0.20000990441896402     
  0.59125423986825887       0.18849306004408550     
  0.54890898943208255       0.20000520977718561     
  0.64019223157926741       0.19102871679253400     
  0.65986467448094621       0.19544743668399317     
  0.49636096020097309       0.21606207179078721     
  0.45987859318471619       0.22397928138036893     
  0.55006987121387318       0.21680856679272215     
  0.57362548024949944       0.23013724365828847     
  0.28838937019084931       0.12439328161424504     
  0.39212473904896405       0.12268714835724899     
  0.26304274811901285       0.13250280893800487     
  0.42693633059817571       0.14929554268333578     
  0.34136105141532591       0.12294461422415401     
  0.34624423595746984       0.13888483793408246     
  0.37182032039336610       0.16177407630208820     
  0.42209366632913109       0.14745223535839036     
  0.87304000979127017       0.24713170551468802     
  0.88827764000587295       0.23721193722235798     
  0.32859918463299892        1.8930705919911962E-002
  0.29971713604261879        1.1916057871492762E-002
  0.23488012974613962        2.6299998063288428E-002
  0.19231058729027198        3.0246794274645942E-002
  0.16780165574183392        1.8192433725313806E-002
  0.32158436415346425        2.2596442649661611E-002
  0.24721929472339016        3.6811161512725413E-002
  0.38364433621330968        1.8706940296745276E-002
  0.31498135271064714        4.3737613825485785E-002
  0.33018746231723095        5.4220707082015401E-002
  0.17831157189683380        2.2100578287264510E-002
  0.13665687171558535        3.8172727753038857E-002
  -2.7214157547848263E-003   3.4166946097695702E-002
  0.13903940303294318        3.9101947776732475E-002
  0.25329628635385598        3.1988908536078074E-002
  0.20634000097516567        1.7970343024593889E-002
  0.31452477852239130        4.5846785742042269E-002
  -1.7515237965551295E-002   3.0912012073850120E-003
  -3.4386288427074259E-002  -6.3503376515465252E-003
  -4.8901666429769744E-002  -7.8571204327096563E-004
   7.3783914238753582E-003   9.8326762151727080E-003
  0.33743013323499377       0.16996716393424466     
  0.30692592193471424       0.16878339842997775     
  0.39600344061433768       0.17779457800968479     
  0.43050744883710529       0.19331008144297543     
  0.13930930506969971        9.9820059252443555E-003
   5.9767416383930135E-002  -3.7000416006854219E-004
  0.23894712841502475        1.8675346546876515E-002
  0.26704798932399582        1.4043305679535661E-002
  0.18694103671199772        1.3691458398637160E-002
   4.2603382562307812E-003  -3.2657256707119119E-003
  0.11650272133289084        3.4037502207289396E-003
  0.28247078895003846        3.1281954673396055E-002
  0.21001481474686132        1.2257620280420930E-002
  -5.1923329593532914E-002  -3.0756226850504678E-003
  0.28115372060800475        1.0429660983790989E-003
  0.17014755811117957       -3.9392958123306140E-003
   9.4989605077587608E-002  -2.6960714250803385E-003
   6.0011104905458364E-002  -1.8727780249503010E-003
  0.15292156410433103       -1.1094276968550666E-003
  -9.9404169862055292E-003   1.1119219847883991E-003
  -9.2091730456860449E-002   4.7128949035861690E-003
  -2.2647900194897107E-002  0.13174878465105111     
  -4.9026278205930744E-002  0.11888509311478077     
   9.8532338859586063E-003   8.2660410074114427E-002
  -8.6358989690839535E-002   7.3020605151964693E-002
  -1.8071520841906000E-002   7.8166746204510071E-002
  -7.6146811740929757E-002   9.1071406014058096E-002
   9.8213719272205263E-002   9.4915412526753465E-002
  0.18726572309695011       0.12187381817133008     
  0.81775800965836143       0.24900590984499346     
  0.63470370250462693       0.22365486852961142     
  0.92014247890771517       0.31946926041257023     
  0.80183006291991388       0.23657501750403848     
  0.76807629788780885       0.27576256098499924     
  0.75790219364611489       0.24673764574183799     
  0.79192910142511597       0.23544226493101264     
  0.89669991218981737       0.16105346369551943     
  0.87152376555205979       0.27503329833987039     
  0.72580611082194257       0.28070750620823104     
  0.29507633315853043       0.13561832585111258     
  0.40998285996186645       0.14488049082489490     
  0.28423310978166461       0.14099650179983431     
  0.42203264898988296       0.14005128467219471     
  0.35473033844096569       0.12712883641484735     
  0.35351531414276077       0.14563795754615758     
  0.38182416500231370       0.14434854905661090     
  0.63953236026217664        9.1890626038973619E-002
  0.61838596995885475        8.9232693140954458E-002
  0.53703364005418797        7.9305013365230340E-002
  0.65236600176999071       0.10785865931896235     
  0.62444261607655427        9.8507271950027134E-002
  0.59775286636628244        8.8057338305888105E-002
  0.67251083681747581       0.10911163290952455     
  0.17607761262096500       -3.3425157168294802E-003
  0.11682435288733282       -3.8818913480724538E-003
   3.6117209901353128E-002   8.9833006876898162E-003
  -1.5265156195165075E-002  -1.3661553311033220E-002
  -3.3981465855625018E-002  -8.8073565653271145E-004
  0.17040126051878593        4.9149835120062069E-003
   4.1633827705945460E-002  -2.4785332552559099E-003
  0.25926490616280479        5.4750847723127635E-004
  0.16496098885152741       -4.2505274616567703E-004
   9.0809903684394400E-002  -1.3171948025796579E-003
   4.7691551911011411E-002  -1.8023279581236178E-003
  0.15299233455987737        8.3129325865411764E-004
  0.15671714818795213        1.6411836388117915E-003
  0.44942164147702285       0.13246439172701949     
  0.32216649723633822       0.11013581044319495     
  0.13392748791846976       0.11128465476742398     
  0.28807480942012370       0.11089543821439511     
  0.38064398472361377       0.11116968048219136     
  0.35899494288490214       0.10889889671508828     
  0.41826342746558426       0.12766311865842941     
  -9.5912598116105502E-002  -1.3352013552095448E-003
  -6.1989184490662451E-002   9.8087097748654267E-004
  -6.8329381948261991E-002  -1.1549248023281166E-003
  -9.2812285435700248E-002   1.8992592505824720E-003
  0.33379533468573547        5.5251441139887595E-003
  0.28554519928043676        4.3041167197905104E-003
  0.20879977451644660        1.1148198628110624E-003
   9.6096470219439484E-002  -1.3085628101525500E-003
  0.40615081406253078        6.9246880664974152E-003
  0.29238302696656088        5.5167347462069475E-003
  0.26066403839898872        2.1253009273816455E-003
  0.42558753769079755        8.4135536254450499E-002
  0.43130802356928816        8.2703558476082906E-002
  0.32534438059577692        7.5380639790021020E-002
  0.28122475613567799        5.4533390711802091E-002
  0.38914902083267527        6.4489324284025470E-002
  0.35028840712795206        7.1651545479248444E-002
  0.42971940133913489        9.0258191014254516E-002
  0.64361320414622336       0.22177906897442204     
  0.53415666086383251       0.19590597892690828     
  0.49620231840221590       0.20224077677783442     
  0.58402199116769571       0.19946131417052668     
  0.58123480621253709       0.21899558070053621     
  0.60614590610805930       0.20788173597004292     
  0.16430520891259431        1.9621664489074078E-003
   8.8526042595358456E-002  -8.6461834010806492E-004
  -2.2635414073495758E-002  -6.8462720169913715E-004
  0.13392728237436333        3.7369930714168309E-003
   3.3093455521584735E-002   8.6660225717047866E-004
  0.15030232013934980        8.3818313049875796E-003
   6.9270324836325198E-002   2.6070822242617044E-003
  0.25102715405381698        1.8072617873496892E-002
  0.27138435993380988        1.3724598829335260E-002
  0.19931741460891197        1.3313824791760968E-002
   4.6853642946281526E-003   2.0056339037771636E-004
  0.12899386637679031        4.3708906987681489E-003
  0.30148709897813597        3.5249432613144997E-002
  0.22054830711260073        1.1506305277751162E-002
  -5.4224052564029936E-002  -5.4098435224847240E-003
  -4.0515088983315004E-002   8.8012785027625573E-004
