 cosx vtec
  0.27828025022655145        3.1388095203105523E-002
  0.14740101338564426        1.1266557126342261E-002
  0.20206507554713365        1.6147304182509994E-002
  0.25190789598534435        2.6590208887822465E-002
  0.17061929578741819        2.7965496839924199E-002
  0.41155109788861977        4.8858144319178523E-002
  0.51202741925625439       -1.2897270245265243E-003
  0.37050305935708405       -1.5853890733796313E-003
  0.31271057735693147        2.7911010227498938E-003
  0.20364219889133112        2.5617719413499748E-004
  0.31993855428363938        1.3981685127904576E-003
  0.40544071110819391       -5.1007868414364495E-003
  0.36437440060927062       0.23299099210043162     
  0.30708883442770085       0.23848472930534723     
  0.47210234187708133       0.24579306243113461     
  0.46321794843356495       0.24387617783107565     
  0.30317662153171288       0.23595003965126718     
  0.87704980219818884       0.24536648206127828     
  0.95207213243191813       0.18116790074331321     
  0.93912731518451553       0.18711093450550123     
  0.96823678041595573       0.18987606643068172     
  0.90132222386681804       0.21150504713415480     
  0.96092421359983171       0.18739092016021178     
  0.96030031902938195       0.18751340178758585     
   5.1679050092212325E-002   1.7863194930720187E-002
  0.20323373620698448        1.9575283317887330E-002
  0.35388240524111919        3.0287222014354839E-002
  0.25251158703030463        1.6668697761839574E-002
  0.23654245524914316        1.3116161486377044E-002
  0.13847646772542754        2.5127913673000962E-002
  0.12932705238865316        1.0602088710713380E-002
  0.20950796813536221        1.3917213258329682E-002
  0.38629669455167026        1.0555076789434181E-002
  0.14850125008446557       -2.7604670143527199E-003
   4.4298232204287413E-002  -1.1527491207212459E-004
   7.7533094520802648E-002  -1.3811317215394021E-003
  0.17260285159507344        4.4922859168688416E-003
  0.27529860876439594       -1.2436391499969313E-003
  0.55030420386372592        2.0479110461447654E-004
  0.51042499826887333       -4.5297425071958546E-003
  0.41493906371407691        3.3594982712548912E-003
  0.26784602522387002       -1.0845568661108529E-002
  0.32647655877455434        2.4618362171800252E-002
  0.44207117230620474       -3.8686800322529163E-002
  0.48391401911622811        4.1191537438215890E-004
  0.62175973198539036        2.3041674179984772E-003
  0.55431333489932255       -2.7525199677435008E-004
  0.51574033483338022       -1.2724938539822386E-003
  0.38799838309640805       -2.9124891541573404E-003
  0.51900841127624109        1.6272398366837053E-003
  0.57307925496356049       -1.8118724865727565E-004
  0.96925347879656876       0.16537621692818413     
  0.92447351743323070       0.15934392381651821     
  0.90247957024890746        2.5444023499378923E-002
  0.94898017037873195       0.16245428121964881     
  0.95522290427944112       0.15838180996555629     
  0.95628179313063366       0.16540010551223430     
  0.79059486484409947       0.19077796878947312     
  0.77188039345616677       0.19748407119543368     
  0.82056899126801819       0.19677924073786038     
  0.82928831103554579       0.19784547479312053     
   1.6485954046384643E-002   7.1904269094688437E-003
  -9.8623372557871736E-002   8.0264766956408590E-004
  -4.1623069196820073E-002  -4.8977605447199585E-004
   9.6484287559657350E-002   5.8068373183961623E-002
  0.24668418465012834        6.6928927599418278E-002
  0.37959002987869800        7.8420673010781289E-002
  0.29880539243069054        6.1524758571879119E-002
  0.29872375775538235        3.4345231023820519E-002
  0.18931091593833105        6.3733997491919478E-002
  0.16045113322658033        4.5257741978062357E-002
  0.19952073109438306       0.10812904251234406     
  0.25551962901716685        6.0545584113714725E-002
  0.20924592694318533       -1.9673738106778019E-003
   8.4607592798628117E-002   3.1601492638171458E-003
  0.12233349554941908       -3.5944424831929598E-003
  0.17366721456588635       -4.0640839485871225E-003
   7.4001759569145453E-002   8.8320842817718771E-003
   9.1595177856441057E-002   6.7539068959038440E-002
   8.4189444792619583E-002   5.4977674025444352E-002
   9.3579025027930710E-002   5.8772998018942098E-002
  0.17959046174963916        7.7012684142695968E-003
   5.6917617896045880E-002   2.1670522914370286E-003
   9.9655116440292568E-002   1.8489583781809297E-003
  0.14859225387529157        4.0539128396376491E-003
   6.9393003575780099E-002   1.1603254861881261E-002
  0.98938744092480979       0.15621543594884907     
  0.98976365832713498       0.16669204073483934     
  0.96126884191369055       0.15831919765343447     
  0.98066748204697440       0.15216228660618406     
  0.97939762123431606       0.14958327736875440     
  0.98544587817921503       0.15520144799549179     
  0.32738336797915069       -2.0566632077150596E-002
  0.26466424859064669       -1.2701386721718732E-002
  0.15278390808126074       -4.1639714671229781E-003
  0.19146954402626609       -1.2944937963955926E-003
  0.26723292592792175       -5.6288340745692606E-003
  0.36858588582002355       -4.6381131940633384E-003
   5.2981052574728113E-002  -6.4994435822044718E-003
  -2.6056595748851136E-002  -1.5193500429710259E-003
  -1.8249915816140216E-002  -2.8028151825057441E-004
  0.41788937644643565        1.7706911728363754E-002
  0.39654050020090337        8.3064049308213578E-004
  0.26627925670806013       -9.0239836387568228E-003
  0.31552241486983684        2.1763725522982606E-002
  0.38023929330681594       -7.8960665841218552E-003
  0.57609034806383852        8.2147199687336817E-002
  0.38224234920900063       0.26215514191980205     
  0.38666558590494032       0.25579646739042927     
  0.35531869670426336       0.25371490527562868     
  0.92420039225570139       0.17979436456887404     
  0.85174330906430984       0.16086609414302988     
  0.83170338214127271       0.16159190962225733     
  0.88190607095342033       0.16379153790527184     
  0.90245148291269817       0.16523917677199620     
  0.89277593456643334       0.16719070424129434     
  0.67092019972238293       0.14616974875789149     
  0.74449594908060490       0.13480062142992202     
  0.71507600970793883       0.13244874296649659     
  0.70234128823662256       0.12622566330818735     
  0.68332983245044676       0.13218300977472652     
  0.75697690954152486       0.13403129489593524     
  0.79620479668921074       0.16718654530471480     
  0.75224995592110644        4.4968026919053892E-003
  0.70638578833957166        4.2981282663374643E-003
  0.66594770794655866        1.4764253058574511E-003
  0.67171924500961222        7.5457911314361602E-003
  0.71371362328955257        8.4268154823119001E-004
  -7.3766670812359672E-002   1.1174027867113141E-003
  -4.1446820379762717E-002  0.13496985917050677     
  -1.4746887633969641E-002  0.17457448895407282     
  -8.7529442190479145E-002  0.13312764346030101     
  -6.5263270490946601E-002  0.13731931094613789     
  -1.2097824430094772E-002  0.14286392655987321     
  0.26019674641882007       -6.3980360992366920E-003
  0.17375536516548612       -2.4152062409891399E-004
   6.7570821704934336E-002  -1.6801410417189593E-004
  0.10135393754833738        3.3360350109583664E-003
  0.18227367311519610        4.1850298004085691E-003
  0.11789145853548720       0.15366162381360923     
   1.8394933677863216E-003   9.2524625267465410E-002
   8.7362635389317073E-002  0.11551612918117631     
   1.0411585317975522E-002  0.16378948154012907     
   9.6468152930183956E-003  0.16060041294835464     
  0.83467086835834903        8.7806748522432240E-002
  0.66297502658029761        4.9557197440978550E-002
  0.56787299162831051        3.7410694713585532E-002
  0.64079248002512101        4.7976232722304335E-002
  0.71854294039574806        6.5191784758076146E-002
  0.72898183690686946        6.2451256859090268E-002
  0.75958860143542917        8.2339747719577638E-002
  0.62753942101229088        1.8039901042231622E-002
  0.57638821774336124        9.4478455624341824E-003
  0.55000527757059803        7.0401137222157381E-004
  0.60910479088907832        6.7728585436055448E-003
  0.62483730326648490       0.15502508079457533     
  0.70041849317518345       0.15193625256534618     
  0.67083810290941293       0.14234849483706394     
  0.66880784656042935       0.14808115052818685     
  0.63689794786572917       0.15622842766649297     
  0.72952964442077828       0.16013105653987095     
  0.68208159357978981       0.24981006337795672     
  0.76257677538312740       0.23712981313967793     
  0.75766408040413380       0.27819200677065820     
  0.69041411469159264       0.24906902391523478     
  0.64267792966318549       0.25112652606919900     
  0.78635029176645832       0.25379079357669648     
  0.76178732899037427       0.23963081729763375     
  0.93083134083615571       0.20000990441896402     
  0.87069974841434294       0.18849306004408550     
  0.85124745703023330       0.20000520977718561     
  0.89506582760541953       0.19102871679253400     
  0.90042026080952264       0.19544743668399317     
  0.69593778554145769       0.21606207179078721     
  0.67751130154193673       0.22397928138036893     
  0.72852343119723373       0.21680856679272215     
  0.73663682790374796       0.23013724365828847     
  0.64114172216058940       0.24713170551468802     
  0.70818431249142255       0.23721193722235798     
  0.83028878652555260        1.8930705919911962E-002
  0.79738127267730186        1.1916057871492762E-002
  0.80107723569222189        2.6299998063288428E-002
  0.73984155355280101        3.0246794274645942E-002
  0.76017985532331189        1.8192433725313806E-002
  0.84356624373197575        2.2596442649661611E-002
  0.78503913928987012        3.6811161512725413E-002
  0.87550980049012550        1.8706940296745276E-002
  0.85118005439147404        4.3737613825485785E-002
  0.85281081811792614        5.4220707082015401E-002
  0.76063452078355487        2.2100578287264510E-002
  0.74024224914680514        3.8172727753038857E-002
  0.62634925036161537        3.4166946097695702E-002
  0.73382981687968718        3.9101947776732475E-002
  0.81057942977145303        3.1988908536078074E-002
  0.78659138491463942        1.7970343024593889E-002
  0.84585178370316649        4.5846785742042269E-002
   8.6704522275019416E-002   3.0912012073850120E-003
   3.2618451059205286E-002  -1.0990283110258188E-003
  -8.1972886265443884E-002  -6.3503376515465252E-003
  -4.4655961764748273E-002  -6.4708599269172379E-004
   2.8802628908408547E-002  -7.8571204327096563E-004
  0.20209593055999092        9.8326762151727080E-003
  -3.3005728615408902E-002   4.4944733756782226E-003
  0.41031635110491393       -6.6559077245274684E-002
  0.35998704739493514        1.2596067335274474E-002
  0.23838472843854114        7.0879289311199635E-003
  0.28498008515434536        6.6438648602652759E-003
  0.36087671066733595       -5.4175284405365660E-003
  0.44454511933425767        2.9433060817074527E-002
  0.65667024616841707       0.16996716393424466     
  0.63791830707325115       0.16878339842997775     
  0.69768865467413443       0.17779457800968479     
  0.71495855217068927       0.19331008144297543     
  -6.0896277973896074E-002   1.4043305679535661E-002
  0.39860499470578514        2.5771873650454365E-003
  0.28346505180654930       -1.3529777179666987E-003
  0.13540659936814736       -1.1808690353571833E-003
  0.14475192588270319        7.4402037411422828E-004
  0.36523663502462517        7.6328347695225137E-004
  0.10498744953285144        2.6846181032148721E-003
   8.9205243841707638E-002   1.0945867007753183E-002
  -4.6896237859339995E-002   2.3432810183311586E-003
  -1.7433221995095505E-002  -3.2395965922499021E-004
   4.3915391194880415E-002  -4.8797874420135490E-003
  -8.6756856344928579E-002  -5.2858658594888007E-004
   3.7346659425089801E-002  -3.0756226850504678E-003
  0.41444595273471563        1.0429660983790989E-003
  0.29770301524428350       -3.9392958123306140E-003
  0.26224349322303925       -2.6960714250803385E-003
  0.17757244727276283       -1.8727780249503010E-003
  0.25701411599355078       -1.1094276968550666E-003
  0.50614360826925486       -6.5629287989389468E-002
  0.49512159902367670        3.7236779886469638E-002
  0.34589449391900917        2.3331244339242788E-002
  0.40931720310960795        5.3890500421188120E-002
  0.47500630201107552       -2.5957776823408510E-002
  0.61505373478949621        1.1119219847883991E-003
  0.56507428019706807        4.7128949035861690E-003
  0.47969849862086378        8.2660410074114427E-002
  0.30748341872174206        5.3228857593158180E-002
  0.40107876066604814        7.3020605151964693E-002
  0.45802512691973379        7.8166746204510071E-002
  0.35730539330326039        9.1071406014058096E-002
  0.55336302856954789        9.4915412526753465E-002
  0.61420117617404313       0.12187381817133008     
  0.10048981835474563        9.4451464532240188E-003
  -2.1948815192602722E-002   1.1453759532210719E-003
   1.4204079235825007E-002   3.0972946582373577E-004
   6.3872503649942070E-002   4.0459565148590155E-003
  -1.5822924313656950E-002  -2.9440414659286200E-003
  0.27175425353895283       0.24900590984499346     
   5.1222836640487990E-002  0.22365486852961142     
  0.47199343612302019       0.31946926041257023     
  0.27382123464504987       0.23657501750403848     
  0.18332959545419847       0.27576256098499924     
  0.21364700982750923       0.24673764574183799     
  0.24422143350556058       0.23544226493101264     
  0.48696775719765106       0.16105346369551943     
  0.40361069542445960       0.27503329833987039     
  0.18829584343611677       0.28070750620823104     
  0.90933460019396761        9.1890626038973619E-002
  0.88625075301652267        8.9232693140954458E-002
  0.85784487758046579        7.9305013365230340E-002
  0.94050341437799556       0.10785865931896235     
  0.85256872554467122        9.8507271950027134E-002
  0.89940171460079998        8.8057338305888105E-002
  0.93841021879090114       0.10911163290952455     
  0.72911871662107852       -3.3425157168294802E-003
  0.66673860137220364       -3.8818913480724538E-003
  0.66528612138359999        8.9833006876898162E-003
  0.58569449372555693       -1.3661553311033220E-002
  0.61168493017926595       -8.8073565653271145E-004
  0.75230260699169293        4.9149835120062069E-003
  0.63906687939815587       -2.4785332552559099E-003
  0.48778589034379616        5.4750847723127635E-004
  0.39053610046760834       -4.2505274616567703E-004
  0.35320792502426557       -1.3171948025796579E-003
  0.26134856512950633       -1.8023279581236178E-003
  0.35240556576031012        8.3129325865411764E-004
  0.42990437962930544        1.6411836388117915E-003
  0.89627357900700355       0.13246439172701949     
  0.80689842070236506       0.11013581044319495     
  0.67679711336591053       0.11128465476742398     
  0.78567255520335566       0.11089543821439511     
  0.84443575198861753       0.11116968048219136     
  0.85266106516101658       0.10889889671508828     
  0.86335422575053433       0.12766311865842941     
  0.31981242519911995        9.8087097748654267E-004
  0.25516793306246677        9.4037645013731136E-004
  0.16233660424807000        1.0679193046887114E-003
  0.27130188676751593       -1.1549248023281166E-003
  0.34005452002793579        1.8992592505824720E-003
  0.72052489939963194        5.5251441139887595E-003
  0.67087372967521741        4.3041167197905104E-003
  0.63253407907468617        1.1148198628110624E-003
  0.44711114695706444       -1.3085628101525500E-003
  0.82414482511214637        6.9246880664974152E-003
  0.63666425339385380        5.5167347462069475E-003
  0.68196846099012942        2.1253009273816455E-003
  0.90768313646126575        8.4135536254450499E-002
  0.90463406758877807        8.2703558476082906E-002
  0.85179532219059906        7.5380639790021020E-002
  0.82556502962160550        5.4533390711802091E-002
  0.88797328511226148        6.4489324284025470E-002
  0.87039813576529679        7.1651545479248444E-002
  0.90756059773443276        9.0258191014254516E-002
  0.90738844603499091       0.22177906897442204     
  0.83192637538834058       0.19590597892690828     
  0.81289966558588589       0.20224077677783442     
  0.85949609263507054       0.19946131417052668     
  0.90268896400037502       0.21899558070053621     
  0.86692424604056939       0.20788173597004292     
  0.27002367939429867        2.4799101011279450E-002
  0.22609447634403246        8.4751966823167141E-004
  0.11229164316096796       -1.8370760649632202E-002
  0.14796201220340660       -1.0370612665447969E-002
  0.21500214514482052       -6.4404368176136234E-003
  0.35000060728361482        2.5476774128805581E-002
  0.68203560547632125        1.9621664489074078E-003
  0.60557832831859659       -8.6461834010806492E-004
  0.53848737486317388       -6.8462720169913715E-004
  0.56691311601345717        3.7369930714168309E-003
  0.59383361807711554        8.6660225717047866E-004
  -3.7417834385758492E-002   1.3724598829335260E-002
  0.31003366456324966       -5.3442707312885435E-003
  0.30018754314575380        3.7478703672659777E-002
  0.17056368547457385       -2.1772687804446937E-003
  0.21064368900404123        1.0759656352642602E-003
  0.26972343716915809        4.2652573153633314E-002
  0.41457008783530597       -3.3462569972034603E-002
  0.40920577751411508       -5.4098435224847240E-003
  0.33615038155060362        1.0679439633908623E-003
  0.21835240445840542       -1.1953104522261194E-003
  0.36290612593148108        8.8012785027625573E-004
  0.40929879907456929        8.7154376573935952E-004
