 cosx vtec
  0.48209514994588398        3.1388095203105523E-002
  0.38619559495527656        1.1266557126342261E-002
  0.42373703682061337        1.6147304182509994E-002
  0.46252834304273399        2.6590208887822465E-002
  0.37467113251549011        2.7965496839924199E-002
  0.58473431346288218        4.8858144319178523E-002
  0.58470088738559234       -1.2897270245265243E-003
  0.46855975121229582       -1.5853890733796313E-003
  0.44443866824795597        2.7911010227498938E-003
  0.32470860189248718        2.5617719413499748E-004
  0.40676428809214449        1.3981685127904576E-003
  0.52715265616909945       -5.1007868414364495E-003
  0.16145019048705994       0.23299099210043162     
  0.10831185405719337       0.23848472930534723     
  0.29023282791841276       0.24579306243113461     
  0.27025117387757763       0.24387617783107565     
  0.11436107465537118       0.23595003965126718     
  0.69040926926578072       0.24536648206127828     
  0.81691179999690700       0.18116790074331321     
  0.80594377076623980       0.18711093450550123     
  0.83845594655786559       0.18987606643068172     
  0.75409572954171011       0.21150504713415480     
  0.84539697834167615       0.18739092016021178     
  0.82246449764058194       0.18751340178758585     
  -7.9173640683576657E-002   1.7863194930720187E-002
   5.6864339170164591E-002   1.9575283317887330E-002
  0.22167679250787264        3.0287222014354839E-002
  0.13338305016883592        1.6668697761839574E-002
  0.15700257982455115        1.3116161486377044E-002
  -3.7387699114884154E-003   2.5127913673000962E-002
   2.8137044817534901E-002   1.0602088710713380E-002
   8.6947473620718765E-002   1.3917213258329682E-002
  0.29642682075004412        1.0555076789434181E-002
  0.46401674983112995       -2.7604670143527199E-003
  0.37951917934261409       -1.1527491207212459E-004
  0.41231109108977271       -1.3811317215394021E-003
  0.49878675447471116        4.4922859168688416E-003
  0.57597945023790542       -1.2436391499969313E-003
  0.75486827475577456        2.0479110461447654E-004
  0.77232362122996023       -4.5297425071958546E-003
  0.67733364758454395        3.3594982712548912E-003
  0.57380808717594922       -1.0845568661108529E-002
  0.62707492507327056        2.4618362171800252E-002
  0.71978965860754918       -3.8686800322529163E-002
  0.73450497795560832        4.1191537438215890E-004
  0.68920448414004720        2.3041674179984772E-003
  0.63357472744644905       -2.7525199677435008E-004
  0.62158594924391264       -1.2724938539822386E-003
  0.48701565509946632       -2.9124891541573404E-003
  0.58681371256020276        1.6272398366837053E-003
  0.66953258240842028       -1.8118724865727565E-004
  0.97380240389916106       0.16537621692818413     
  0.95836357377867276       0.15934392381651821     
  0.95297282657444748        2.5444023499378923E-002
  0.96409272657199552       0.16245428121964881     
  0.98355833863494646       0.15838180996555629     
  0.96180704568227193       0.16540010551223430     
  0.79938572152413756       0.19077796878947312     
  0.79323226680473446       0.19748407119543368     
  0.81261024107549662       0.19677924073786038     
  0.81172073988109894       0.19784547479312053     
  0.32177617288659427        7.1904269094688437E-003
  0.19657899030580323       -4.0428397746459149E-004
  0.22038451890561084        8.0264766956408590E-004
  0.27160613563195629       -4.8977605447199585E-004
  0.16225262322879713       -4.6278575108834206E-003
  -8.8577802859446192E-002   5.8068373183961623E-002
   5.0151294454846645E-002   6.6928927599418278E-002
  0.19515065370376600        7.8420673010781289E-002
  0.12419451261606992        6.1524758571879119E-002
  0.17753517960116152        3.4345231023820519E-002
  -4.9146655253543559E-003   6.3733997491919478E-002
   7.2173283158888379E-003   4.5257741978062357E-002
  -4.3513630924224111E-002  0.10812904251234406     
   7.7269380599375798E-002   6.0545584113714725E-002
  0.48382185449896242       -1.9673738106778019E-003
  0.38375174253774258        3.1601492638171458E-003
  0.41279861440710031       -3.5944424831929598E-003
  0.45550858742481304       -4.0640839485871225E-003
  0.34846776027280424        8.8320842817718771E-003
  -3.9806768285503419E-003   6.7539068959038440E-002
   2.4956769509847300E-002   5.4977674025444352E-002
   9.9252939248806876E-003   5.8772998018942098E-002
  0.41171247382513221        7.7012684142695968E-003
  0.31673750732588662        2.1670522914370286E-003
  0.34759309795457105        1.8489583781809297E-003
  0.38748827000044328        4.0539128396376491E-003
  0.30086366248274599        1.1603254861881261E-002
  0.97700909038222461       0.15621543594884907     
  0.97504069820161376       0.16669204073483934     
  0.97837150216726920       0.15831919765343447     
  0.97665069026732643       0.15216228660618406     
  0.98823968043456234       0.14958327736875440     
  0.97225407079530135       0.15520144799549179     
  0.62942350295673644       -2.0566632077150596E-002
  0.57407792070988517       -1.2701386721718732E-002
  0.48154517596500329       -4.1639714671229781E-003
  0.51545790222333387       -1.2944937963955926E-003
  0.58014177067938399       -5.6288340745692606E-003
  0.66190991487301376       -4.6381131940633384E-003
  -4.3278757704988458E-002  -1.8425442309917390E-003
  0.15064906937440106       -6.4994435822044718E-003
  0.10730104653290276       -1.5193500429710259E-003
   2.0167311793575948E-002  -1.0268789279195456E-003
   7.5168357911815475E-002  -2.8028151825057441E-004
  -2.1224516552145245E-002  -2.3291142227196697E-004
  0.69440405341750799        1.7706911728363754E-002
  0.68653492443106567        8.3064049308213578E-004
  0.57525829615430091       -9.0239836387568228E-003
  0.61404627267026790        2.1763725522982606E-002
  0.66575382076213174       -7.8960665841218552E-003
  0.81069549279379227        8.2147199687336817E-002
   4.4576644295061529E-002  0.26215514191980205     
   5.5291389717108175E-002  0.25579646739042927     
   1.8542566017174467E-002  0.25371490527562868     
  0.94400370090457186       0.17979436456887404     
  0.90381808757173798       0.16086609414302988     
  0.89619881929838896       0.16159190962225733     
  0.91678540775186868       0.16379153790527184     
  0.95164521897545107       0.16523917677199620     
  0.91722212493343624       0.16719070424129434     
  0.49421815657442875       0.14616974875789149     
  0.59511898934318042       0.13480062142992202     
  0.57000539146679763       0.13244874296649659     
  0.59991951954254441       0.12622566330818735     
  0.53216702637806768       0.13218300977472652     
  0.62942398625027951       0.13403129489593524     
  0.63765647245245782       0.16718654530471480     
  0.83331678272658560        4.4968026919053892E-003
  0.79508416880550836        4.2981282663374643E-003
  0.78328008980307184        1.4764253058574511E-003
  0.74150728853306180        7.5457911314361602E-003
  0.82015124217507673        8.4268154823119001E-004
  0.57370833782529540       -6.3980360992366920E-003
  0.49339177658776084       -2.4152062409891399E-004
  0.40420764363977879       -1.6801410417189593E-004
  0.43548232146029636        3.3360350109583664E-003
  0.50743274809765204        4.1850298004085691E-003
  0.15304239558643165       0.15366162381360923     
  -9.4506513701858447E-003   9.2524625267465410E-002
  0.13215613431007348       0.11551612918117631     
   4.1375164988761426E-002  0.16378948154012907     
   1.6682936218737260E-002  0.16060041294835464     
  0.94843351967115197        8.7806748522432240E-002
  0.83219864730455240        4.9557197440978550E-002
  0.76936010953733269        3.7410694713585532E-002
  0.81859662940540379        4.7976232722304335E-002
  0.86757660405918779        6.5191784758076146E-002
  0.89489862345452564        6.2451256859090268E-002
  0.88766852695853826        8.2339747719577638E-002
  0.60294157365494139        1.8039901042231622E-002
  0.55987078199713969        9.4478455624341824E-003
  0.56024757637640976        7.0401137222157381E-004
  0.60839619735170603        6.7728585436055448E-003
  0.40878425180113154       0.15502508079457533     
  0.50533053833994512       0.15193625256534618     
  0.48004619770023571       0.14234849483706394     
  0.53605711597783834       0.14808115052818685     
  0.44050405260793030       0.15622842766649297     
  0.55978955754120974       0.16013105653987095     
  0.39300587828648448       0.24981006337795672     
  0.49647424522909089       0.23712981313967793     
  0.49449891993488804       0.27819200677065820     
  0.40165758988612699       0.24906902391523478     
  0.34200225414148894       0.25112652606919900     
  0.52769840144057045       0.25379079357669648     
  0.49429140156351897       0.23963081729763375     
  0.88844840758703103       0.20000990441896402     
  0.85849077911818816       0.18849306004408550     
  0.85481421522104140       0.20000520977718561     
  0.86527974700206944       0.19102871679253400     
  0.86202626702704421       0.19544743668399317     
  0.67352628464667352       0.21606207179078721     
  0.66811221217123484       0.22397928138036893     
  0.68885089125414134       0.21680856679272215     
  0.68724836317629767       0.23013724365828847     
  0.39927301195988457       0.24713170551468802     
  0.48149147527471281       0.23721193722235798     
  0.94380107409341951        1.8930705919911962E-002
  0.91483271802419108        1.1916057871492762E-002
  0.95431132608139857        2.6299998063288428E-002
  0.89445949575373496        3.0246794274645942E-002
  0.93490214556602247        1.8192433725313806E-002
  0.96542225171184592        2.2596442649661611E-002
  0.92613772481568901        3.6811161512725413E-002
  0.97543826750613161        1.8706940296745276E-002
  0.97919370001552353        4.3737613825485785E-002
  0.97329982007349458        5.4220707082015401E-002
  0.92992250507848828        2.2100578287264510E-002
  0.92461207510355281        3.8172727753038857E-002
  0.84532609192130126        3.4166946097695702E-002
  0.91470491009634824        3.9101947776732475E-002
  0.95731456515818092        3.1988908536078074E-002
  0.94998047763287830        1.7970343024593889E-002
  0.97225787843453482        4.5846785742042269E-002
  0.12613634960711195        3.0912012073850120E-003
  0.10401733864425645       -1.0990283110258188E-003
  -9.2145208227046402E-002  -6.3503376515465252E-003
   1.4025741195924785E-002  -6.4708599269172379E-004
   6.4825710024559127E-002  -7.8571204327096563E-004
  0.26835714885943179        9.8326762151727080E-003
  0.28532675938454349        4.4944733756782226E-003
  0.12993861679996099        4.1619556586150374E-005
  0.15324068541348979        1.0181072196445450E-004
  0.21361450375208346        9.7886086240164469E-004
   8.9626334250211326E-002   1.4547404301936036E-003
  0.69607242178577300       -6.6559077245274684E-002
  0.65362280999318001        1.2596067335274474E-002
  0.55616070545085183        7.0879289311199635E-003
  0.59518792750627969        6.6438648602652759E-003
  0.65729407423055597       -5.4175284405365660E-003
  0.72252929034973246        2.9433060817074527E-002
  0.70518659930941474       0.16996716393424466     
  0.69615313214464580       0.16878339842997775     
  0.72928434524411601       0.17779457800968479     
  0.73419281568006944       0.19331008144297543     
  0.60379854597237981        2.5771873650454365E-003
  0.53660143988760867       -1.3529777179666987E-003
  0.43804794125484281       -1.1808690353571833E-003
  0.38632853642567222        7.4402037411422828E-004
  0.60813933664949271        7.6328347695225137E-004
  0.42180676337245970        2.6846181032148721E-003
  0.42446034971066005        1.0945867007753183E-002
  0.28930530298076568        2.3432810183311586E-003
  0.31475400446280133       -3.2395965922499021E-004
  0.36951903381257628       -4.8797874420135490E-003
  0.22880150082127498       -5.2858658594888007E-004
   7.7944844519778456E-002  -3.0756226850504678E-003
  0.40878274748003190        1.0429660983790989E-003
  0.31056055986082926       -3.9392958123306140E-003
  0.30277678704499855       -2.6960714250803385E-003
  0.20731146742042963       -1.8727780249503010E-003
  0.26490631454252322       -1.1094276968550666E-003
  0.75694162891197958       -6.5629287989389468E-002
  0.76235468206901258        3.7236779886469638E-002
  0.63708675528569059        2.3331244339242788E-002
  0.68450647309212165        5.3890500421188120E-002
  0.73456062426948243       -2.5957776823408510E-002
  0.83394883539422804        1.1119219847883991E-003
  0.81032349984851371        4.7128949035861690E-003
  0.64105323849848672        8.2660410074114427E-002
  0.52594880706664859        5.3228857593158180E-002
  0.58632260783139867        7.3020605151964693E-002
  0.62671123567668852        7.8166746204510071E-002
  0.52191312348538110        9.1071406014058096E-002
  0.69328555816485260        9.4915412526753465E-002
  0.72786899047907372       0.12187381817133008     
  0.35423516595837279        9.4451464532240188E-003
  0.25529603169289872        1.1453759532210719E-003
  0.28254952399314825        3.0972946582373577E-004
  0.32450305072730484        4.0459565148590155E-003
  0.23663131269393556       -2.9440414659286200E-003
  -6.8986437087034946E-002  0.24900590984499346     
  0.14631744369277205       0.31946926041257023     
  -5.7726517523787269E-002  0.23657501750403848     
  -9.2338029872191529E-002  0.23544226493101264     
  0.17896582103213959       0.16105346369551943     
   8.0055104096066254E-002  0.27503329833987039     
  0.88485512237946906        9.1890626038973619E-002
  0.86500609871124789        8.9232693140954458E-002
  0.87002163727323700        7.9305013365230340E-002
  0.92002011382353943       0.10785865931896235     
  0.81640375204683280        9.8507271950027134E-002
  0.89370298635977785        8.8057338305888105E-002
  0.90648111617413241       0.10911163290952455     
  0.88865004217086352       -3.3425157168294802E-003
  0.83613354187168620       -3.8818913480724538E-003
  0.87711999486391123        8.9833006876898162E-003
  0.79722647172894257       -1.3661553311033220E-002
  0.84220203221190182       -8.8073565653271145E-004
  0.92290593685061417        4.9149835120062069E-003
  0.83885957488701979       -2.4785332552559099E-003
  0.51924017243627663        5.4750847723127635E-004
  0.43839395231566569       -4.2505274616567703E-004
  0.42755680636724408       -1.3171948025796579E-003
  0.32673782221352932       -1.8023279581236178E-003
  0.39338921015700806        8.3129325865411764E-004
  0.49582114702285685        1.6411836388117915E-003
  0.96841385722661233       0.13246439172701949     
  0.91571008115384001       0.11013581044319495     
  0.84058495023306412       0.11128465476742398     
  0.90525235837341800       0.11089543821439511     
  0.93516876916762959       0.11116968048219136     
  0.95776991815696066       0.10889889671508828     
  0.94064067229400905       0.12766311865842941     
  0.46386586838567823        9.8087097748654267E-004
  0.43115728682551097        9.4037645013731136E-004
  0.32908076503687428        1.0679193046887114E-003
  0.40188134579075169       -1.1549248023281166E-003
  0.50753859831051518        1.8992592505824720E-003
  0.79315177625314359        5.5251441139887595E-003
  0.75193029756809215        4.3041167197905104E-003
  0.74111081410699842        1.1148198628110624E-003
  0.55125935092121903       -1.3085628101525500E-003
  0.89425897705121948        6.9246880664974152E-003
  0.70220166301733067        5.5167347462069475E-003
  0.78011717776601430        2.1253009273816455E-003
  0.99646777408636633        8.4135536254450499E-002
  0.98931596776271002        8.2703558476082906E-002
  0.97450859608864704        7.5380639790021020E-002
  0.96264418065794122        5.4533390711802091E-002
  0.98930129328747018        6.4489324284025470E-002
  0.98629965951547072        7.1651545479248444E-002
  0.99410415937285812        9.0258191014254516E-002
  0.88006170430590414       0.22177906897442204     
  0.83663254261358566       0.19590597892690828     
  0.83119300988465450       0.20224077677783442     
  0.84724433378556241       0.19946131417052668     
  0.90692096172796410       0.21899558070053621     
  0.84548036843086083       0.20788173597004292     
  0.57769547415545097        2.4799101011279450E-002
  0.54451499649097312        8.4751966823167141E-004
  0.44415133446328575       -1.8370760649632202E-002
  0.47475320755979766       -1.0370612665447969E-002
  0.53235677597213482       -6.4404368176136234E-003
  0.64914375412810144        2.5476774128805581E-002
  0.83147910372884648        1.9621664489074078E-003
  0.76878974587567950       -8.6461834010806492E-004
  0.73754612526194796       -6.8462720169913715E-004
  0.69253875139516241        3.7369930714168309E-003
  0.78246120429466370        8.6660225717047866E-004
  0.60119361619099376       -5.3442707312885435E-003
  0.60825897512781935        3.7478703672659777E-002
  0.48825760554008901       -2.1772687804446937E-003
  0.52040073675680809        1.0759656352642602E-003
  0.56930880891895286        4.2652573153633314E-002
  0.69862122267397908       -3.3462569972034603E-002
  0.58017346497566469       -5.4098435224847240E-003
  0.54219915785635853        1.0679439633908623E-003
  0.41492199649816514       -1.1953104522261194E-003
  0.51049972635096330        8.8012785027625573E-004
  0.60613679138846488        8.7154376573935952E-004
