 cosx vtec
  0.55755781354461231       -9.6162401822252549E-004
  0.51513801049955699       -3.1685733285309186E-004
  0.58450584392355431        1.2930267714109428E-003
  0.57164119686757242        7.5567409252068395E-005
  0.54780900655768594        3.9073304018642291E-003
  0.49595748277100393       -7.3190681211835254E-004
  0.50354165129314077       -5.0381838196475351E-004
  0.42460457843370458       -1.4334823602417959E-004
  0.37586083610470550        9.1280395362138908E-005
  0.44608163191663852        2.6484931139093269E-003
  0.29322331142317670        2.4790802105653944E-003
  0.18015850749114387        4.0766235908728171E-004
  0.43802697586918443       -1.5515789069554193E-003
  0.42119726214722747       -3.5281456368758475E-003
  0.35480890870554360       -1.1035258684171378E-003
  0.36209432371546268        4.7901094501673130E-004
  0.28218767425775837       0.10729922832570163     
  0.28862639007437008       0.12261495911962182     
  0.20104932262658459       0.10407521999405821     
  0.27047243164482537        7.9455081797138630E-002
  0.25303172037476357       0.11227182130513493     
  0.27599358879658420       0.23299099210043162     
  0.30288293574620023       0.23848472930534723     
  0.15236680460551644       0.24579306243113461     
  0.18626492955878549       0.24387617783107565     
  0.28021321803676957       0.23595003965126718     
  0.20263248135010911        1.5687779507678255E-003
  -5.6568354888747174E-003   2.7623175054397550E-003
  0.13757566206947697        4.0197458449612528E-003
   9.9935488534041994E-002  -4.7835043372671920E-004
  0.15684280359265496       -3.4377783499088652E-003
  -9.9863255368447090E-002  0.24536648206127828     
  0.29759951714111160        1.7863194930720187E-002
  0.23796889072367367        1.9575283317887330E-002
  0.10377598923972577        3.0287222014354839E-002
  0.13682878030249901        1.6668697761839574E-002
   4.7009888014392973E-002   1.3116161486377044E-002
  0.26971749888335123        2.5127913673000962E-002
  0.17180983323752252        1.0602088710713380E-002
  0.17358742253245585        1.3917213258329682E-002
  -2.4578784714045190E-002   1.0555076789434181E-002
  0.34440944527903350       0.18163321329719903     
  0.32936243392425213       0.18364688198242726     
  0.25371150180488933       0.17466758563093754     
  0.30378082931862305       0.17416515867053778     
  0.56128091131410707       0.15282663361311893     
  0.57236724991094790       0.18282056158905738     
  0.55984507976942266       0.16106935157295429     
  0.48742603294017794       0.15907872351079722     
  0.66833012197740971       0.19583999216562853     
  0.55788771318009178       0.15789407856856472     
  0.53896501202632530       0.15939434382024795     
  0.91217712283396035        5.2849905566731969E-002
  0.87331478272552387        3.8106920053663500E-002
  0.91286277062809862        6.3276848475789002E-002
  0.97003300709112894        7.0919116972806243E-002
  0.91559220588175949       0.10519336145341916     
  0.90558869803363884        5.0497807114577992E-002
  0.98853649944067168       0.10388572255787835     
  0.83807811008424216        5.3512534605510184E-002
  0.94089675487964675        7.5890816554633062E-002
  0.93042252426746119        6.5135368128468984E-002
  0.84987491693349482        6.0586009130342254E-002
  0.60170700255583376       -1.1004490245101013E-003
  0.55468146210521729       -8.3599036980587562E-005
  0.67101772633718970       -7.6881997226430749E-004
  0.64812730699930943       -1.8436084074217239E-004
  0.57301164940959493        8.0550389157429145E-004
  0.53701879580567724        9.8471546486337408E-004
  0.58245604222477287       -6.6271548454806327E-004
  0.40561798320482856        5.8068373183961623E-002
  0.33662703836167596        6.6928927599418278E-002
  0.21925705158297937        7.8420673010781289E-002
  0.24709885799028336        6.1524758571879119E-002
  0.11188213309468779        3.4345231023820519E-002
  0.36823247236224177        6.3733997491919478E-002
  0.28327454358168980        4.5257741978062357E-002
  0.48515665162837385       0.10812904251234406     
  0.28456683991953574        6.0545584113714725E-002
  0.66544070739093863        9.8655685494388690E-002
  0.69584122406030235       0.13308650335389738     
  0.69827910406299920        5.5964969898950119E-002
  0.67088403517771977       0.10687066290385225     
  0.59188221502802119       0.10745699758102502     
  0.76602240997233839       0.13555866064375602     
  0.65297169096341723        9.3728464902475037E-002
  0.64981032002564509       0.10544067617861003     
  0.87934545990460233        4.4498150413293282E-003
  0.84050209061910974        1.7487307358282290E-002
  0.89774177583630599        4.1352447010887541E-002
  0.92952993015190433        2.9894771136291815E-002
  0.88945393069735101        4.3363388991551628E-002
  0.86555609610900430       -3.1374722056225199E-002
  0.97529367329775762        4.4487769866509388E-002
  0.81208030019795741        9.1331953273705319E-003
  0.92897168931164720        3.6179897849154104E-002
  0.88072111316610036        1.7362169594392445E-002
  0.81931103577055542        2.1612762921603676E-002
  0.36906401235530867        3.9713315750270527E-003
  0.20617285463250026        1.5067994553094507E-004
  0.35743930115243017       -6.6718014027117778E-004
  0.28439416333848500        4.4953568808341338E-003
  0.33364429959803121       -1.1062818537919612E-003
  0.36513355194094660       -4.5443046438902509E-003
  0.18222203386812658        6.7539068959038440E-002
   9.5031628095721743E-002   5.4977674025444352E-002
  0.15073929468955116        5.8772998018942098E-002
  0.63825084895346507        1.2428388263224378E-003
  0.59782513811307703       -2.6804108066335843E-004
  0.67761363366709171        5.3309663252945824E-003
  0.65535658906780014       -1.7674594537552189E-004
  0.62365274687318051        1.4058700887975260E-003
  0.57931726056450472        3.4385848994467221E-003
  0.79527484473595977        7.1561491682741601E-004
  0.66491927510303084       -1.9313477136490538E-003
  0.58746961889184002        4.6256906650562378E-004
  0.60550853362687640       0.26215514191980205     
  0.58669081233266840       0.25579646739042927     
  0.62082922020441522       0.25371490527562868     
   9.5131596691767351E-003  0.14616974875789149     
  -9.9401075264695105E-002  0.13244874296649659     
  -6.3254267918017776E-002  0.13218300977472652     
  0.27923170538285896        4.5253359407055623E-004
  0.21771077541848999        9.6129781111855802E-004
  0.30198679533960526       -3.0777218663015225E-003
  0.14698305683805232        1.1174027867113141E-003
   7.2864472266558816E-002   4.3087592295885479E-004
  0.29553621280421494       -2.2641791912794453E-003
  0.28200540568325116       -1.7650548315984085E-003
  0.19355611108867049        8.1385757764911872E-004
  0.20103261965522512       -4.3943034735775886E-004
  0.86208173928467413       0.13828575727672404     
  0.82700845523632449       0.13496985917050677     
  0.85301911332407987       0.17457448895407282     
  0.84474923593615192       0.13312764346030101     
  0.85421725687126049       0.13731931094613789     
  0.78076124513997625       0.14286392655987321     
   2.7387004173277722E-002   9.2524625267465410E-002
  -8.5198211432923013E-002  0.16378948154012907     
  -2.4112594503621094E-002  0.16060041294835464     
  0.15985266396207520        1.3401480297468547E-003
   8.4330086717300815E-002  -2.2287743463634928E-003
   7.7398152238716648E-003   4.6502114942599477E-003
  -4.2146072160129125E-002  -5.4593737072498264E-003
  0.20962940706098851       -2.8915610890522516E-003
  0.13776048843042896       -3.4230545147837048E-003
   6.3183381867317062E-002  -3.1479813156236563E-003
   7.6763206025186451E-002   1.0378312096303243E-003
  0.74987336165837715        7.8589178373334942E-004
  0.71025231752881446        8.1466062100912489E-003
  0.79900951756764294       -1.6584863994053397E-002
  0.82933762527280452       -1.3931294641972591E-003
  0.76879191772834587        5.5444735493517883E-003
  0.73192269816989775        9.1762047814772235E-003
  0.68966366521646294       -1.2828109273727184E-002
  0.86179101940715497        3.2156347579018912E-003
  0.74878292059369334       -1.6253284049114482E-003
  0.69714290568477322        7.0115968919918338E-003
  0.13923188124249411       0.15502508079457533     
   3.6814274393606655E-002  0.15193625256534618     
   4.5243525543512367E-002  0.14234849483706394     
   8.1581126014003746E-002  0.15622842766649297     
  -4.6369732438595435E-002  0.16013105653987095     
  0.28676818584116059       0.24981006337795672     
  0.17605854003887669       0.23712981313967793     
  0.17182739351595977       0.27819200677065820     
  0.28052129989024888       0.24906902391523478     
  0.34185923145287578       0.25112652606919900     
  0.14167579690214793       0.25379079357669648     
  0.18010202015164598       0.23963081729763375     
  0.96943857465279348       0.12439328161424504     
  0.95230227872956796       0.12268714835724899     
  0.99510270281893276       0.13250280893800487     
  0.96309848131557030       0.14929554268333578     
  0.96356576264491001       0.12294461422415401     
  0.98360984181020128       0.13888483793408246     
  0.96848698088438767       0.16177407630208820     
  0.88984414065751316       0.14745223535839036     
  0.19395746542688347       0.24713170551468802     
  0.11177186203675973       0.23721193722235798     
  0.33132352872314230        1.2527483998860428E-003
  0.39162574479589968       -1.7301745083221845E-004
  0.30023597554624915       -3.1242440398636237E-003
  0.25849808516151579       -1.7347450135841900E-003
  0.34544560919167921        2.6230552523900720E-003
   4.0677134023266635E-002  -1.9788785958775273E-003
   7.9261227533119524E-002  -6.3503376515465252E-003
  0.57934021490472354        9.9820059252443555E-003
  0.53703411225036424       -3.7000416006854219E-004
  0.57122377494295173        1.8675346546876515E-002
  0.45309127145482136        1.4043305679535661E-002
  0.57922022009439600        1.3691458398637160E-002
  0.59460548897981269       -3.2657256707119119E-003
  0.50992275713149970        3.4037502207289396E-003
  0.67848425707201987        3.1281954673396055E-002
  0.51591108209483905        1.2257620280420930E-002
  0.76179677405406476        9.8461162684642806E-002
  0.78242485644840043       0.13174878465105111     
  0.78557494175690823        7.6485740926834231E-002
  0.76574340959997222       0.10454917800673171     
  0.68142959012315540       0.11754210326410783     
  0.82934497852502775       0.11888509311478077     
  0.74996169857532602        9.7090992999645923E-002
  0.74712040715632999       0.10509869906497141     
  0.68541065852814365       0.24900590984499346     
  0.77665599906925797       0.22365486852961142     
  0.51656865172985167       0.31946926041257023     
  0.66078419642933239       0.23657501750403848     
  0.75394910684761718       0.27576256098499924     
  0.69379260119897002       0.24673764574183799     
  0.69279419347219973       0.23544226493101264     
  0.46204257830176937       0.16105346369551943     
  0.55583327547235728       0.27503329833987039     
  0.68938990789400612       0.28070750620823104     
  0.98840871210462511       0.13561832585111258     
  0.96688724600223508       0.14488049082489490     
  0.99027445585916640       0.14099650179983431     
  0.96368411961257683       0.14005128467219471     
  0.97984498093171091       0.12712883641484735     
  0.97877411193716124       0.14563795754615758     
  0.97649502518318054       0.14434854905661090     
  0.32998552892231192        8.4916412160106983E-004
  0.27513511514602074       -5.4668864384596884E-005
  0.40332434740509571       -1.3352013552095448E-003
  0.10465536908831125       -4.2244938179285637E-004
  0.36100465159981210       -3.3303824079798957E-003
  0.31291127362244414        2.9710001599958600E-004
  0.25670293203598360        4.4567733278943306E-004
  0.26797347807204475       -2.3710797897497052E-003
  0.57641697495280630       -8.5020807505557317E-004
  0.61664114707029416       -1.5506346889086720E-004
  0.55040606068600706       -5.1013352026934482E-003
  0.51385230924832681       -2.5845571095877728E-003
  0.56573942406554367        4.6924016013175840E-003
  0.54684548342564177        8.3818313049875796E-003
  0.50321145158662561        2.6070822242617044E-003
  0.53661934349901430        1.8072617873496892E-002
  0.42296258553977384        1.3724598829335260E-002
  0.54578220559677815        1.3313824791760968E-002
  0.56664723319708965        2.0056339037771636E-004
  0.47515001670887419        4.3708906987681489E-003
  0.65560872074107468        3.5249432613144997E-002
  0.48085207151710074        1.1506305277751162E-002
