 cosx vtec
   4.0900643501769640E-002   3.1388095203105523E-002
  -4.3978917342861995E-002   1.6147304182509994E-002
   1.0903637233722924E-002   2.6590208887822465E-002
  -5.4011747218923545E-002   2.7965496839924199E-002
  0.18872874332710735        4.8858144319178523E-002
  0.37759588424253943       -1.2897270245265243E-003
  0.22775822803879892       -1.5853890733796313E-003
  0.14326497364225063        2.7911010227498938E-003
   5.8013539912007972E-002   2.5617719413499748E-004
  0.19452350691251197        1.3981685127904576E-003
  0.23482662992606271       -5.1007868414364495E-003
  -5.9610618452638202E-002   2.4790802105653944E-003
  0.52334967800348609       0.23299099210043162     
  0.46882636717726001       0.23848472930534723     
  0.59702934277997144       0.24579306243113461     
  0.60031379896177706       0.24387617783107565     
  0.45542459142647040       0.23595003965126718     
  0.95790517928139929       0.24536648206127828     
  0.97239850828138330       0.18116790074331321     
  0.95903823910845010       0.18711093450550123     
  0.98123396246942218       0.18987606643068172     
  0.93983594990542096       0.21150504713415480     
  0.96054980058196904       0.18739092016021178     
  0.98230974303920893       0.18751340178758585     
  0.17629848438194851        1.7863194930720187E-002
  0.32509014389635060        1.9575283317887330E-002
  0.44340457480284401        3.0287222014354839E-002
  0.34118349814397703        1.6668697761839574E-002
  0.28755181800413876        1.3116161486377044E-002
  0.26398939873954286        2.5127913673000962E-002
  0.21491830791836847        1.0602088710713380E-002
  0.30679870829249900        1.3917213258329682E-002
  0.42957348329158390        1.0555076789434181E-002
  -5.8587309730073811E-002  -1.2436391499969313E-003
  0.27936532070413178        2.0479110461447654E-004
  0.18696158405435018       -4.5297425071958546E-003
  0.10249670215424808        3.3594982712548912E-003
  -7.0422222136243939E-002  -1.0845568661108529E-002
  -1.3499700962500027E-002   2.4618362171800252E-002
  0.11103237541173197       -3.8686800322529163E-002
  0.17495588454575528        4.1191537438215890E-004
  0.47932157582564716        2.3041674179984772E-003
  0.40819356968664622       -2.7525199677435008E-004
  0.34768882109840094       -1.2724938539822386E-003
  0.24218277726758691       -2.9124891541573404E-003
  0.38860303239543731        1.6272398366837053E-003
  0.40750410781322954       -1.8118724865727565E-004
  0.84779827305302535       0.16537621692818413     
  0.77907830496664165       0.15934392381651821     
  0.74313395257487880        2.5444023499378923E-002
  0.81940659387658143       0.16245428121964881     
  0.81167348373220316       0.15838180996555629     
  0.83541483675723827       0.16540010551223430     
  -8.5971848863061362E-002  0.18163321329719903     
  -2.7603792065147403E-002  0.18364688198242726     
  -6.6658343771130724E-002  0.17466758563093754     
  -3.7585196394816472E-002  0.17416515867053778     
  -9.0863241738600747E-002   6.0586009130342254E-002
  0.68644659427320276       0.19077796878947312     
  0.65742834778665582       0.19748407119543368     
  0.72955500535280060       0.19677924073786038     
  0.74683146737689932       0.19784547479312053     
  0.26990894830154533        5.8068373183961623E-002
  0.41346331986668272        6.6928927599418278E-002
  0.51824524377586934        7.8420673010781289E-002
  0.43737593003482572        6.1524758571879119E-002
  0.38388184004630177        3.4345231023820519E-002
  0.36070280575041580        6.3733997491919478E-002
  0.29433216239749838        4.5257741978062357E-002
  0.41848994700490671       0.10812904251234406     
  0.40295043740958736        6.0545584113714725E-002
  -9.0568148933264481E-002  -1.9673738106778019E-003
  0.17612330168248502        6.7539068959038440E-002
  0.13326762997012848        5.4977674025444352E-002
  0.16594574401150397        5.8772998018942098E-002
  -7.4192811679085285E-002   7.7012684142695968E-003
  0.88243105771436348       0.15621543594884907     
  0.88510650732602691       0.16669204073483934     
  0.82822296612098034       0.15831919765343447     
  0.86640129586508485       0.15216228660618406     
  0.85242574803612592       0.14958327736875440     
  0.87977836247467645       0.15520144799549179     
  -1.4144035015951184E-002  -2.0566632077150596E-002
  -7.6671839695496569E-002  -1.2701386721718732E-002
  -7.7908155404028456E-002  -5.6288340745692606E-003
   3.0804956739736100E-002  -4.6381131940633384E-003
  -5.1077261434550297E-002  -6.4994435822044718E-003
   9.0971070508897106E-002   1.7706911728363754E-002
   5.8717436697195924E-002   8.3064049308213578E-004
  -7.4816992729757947E-002  -9.0239836387568228E-003
  -2.1058104875292138E-002   2.1763725522982606E-002
   4.8862292817886954E-002  -7.8960665841218552E-003
  0.27200020134151159        8.2147199687336817E-002
  0.67380398297225685       0.26215514191980205     
  0.67140220328714761       0.25579646739042927     
  0.64923814626242726       0.25371490527562868     
  0.79292487041480697       0.17979436456887404     
  0.69693571143184085       0.16086609414302988     
  0.66689223693701205       0.16159190962225733     
  0.74065584059073220       0.16379153790527184     
  0.74440877324891519       0.16523917677199620     
  0.76064778458913473       0.16719070424129434     
  0.76669936059828880       0.14616974875789149     
  0.80407570482209101       0.13480062142992202     
  0.77389790302902917       0.13244874296649659     
  0.72005032744917907       0.12622566330818735     
  0.75207297131464379       0.13218300977472652     
  0.79322724072295625       0.13403129489593524     
  0.85871906642353291       0.16718654530471480     
  0.58045067740624978        4.4968026919053892E-003
  0.53248685196235979        4.2981282663374643E-003
  0.46829219974536446        1.4764253058574511E-003
  0.52091194255451312        7.5457911314361602E-003
  0.52119160340176940        8.4268154823119001E-004
  -5.1263452937778377E-002  -3.0777218663015225E-003
  -2.5836218955081293E-002   1.1174027867113141E-003
  -9.6083546585647384E-002  -4.3943034735775886E-004
  0.16954117637399629       0.13828575727672404     
  0.27947958030878356       0.13496985917050677     
  0.32011403609116301       0.17457448895407282     
  0.23408273688920539       0.13312764346030101     
  0.26314210747154060       0.13731931094613789     
  0.29458957713135708       0.14286392655987321     
  -8.4698414429643543E-002  -6.3980360992366920E-003
   6.8521070909206380E-002  0.15366162381360923     
   1.2907768045350139E-002   9.2524625267465410E-002
   3.2031912724945738E-002  0.11551612918117631     
  -2.1807785269972416E-002  0.16378948154012907     
   1.4471460070323346E-003  0.16060041294835464     
  0.62023458634547235        8.7806748522432240E-002
  0.41378682877598949        4.9557197440978550E-002
  0.29789200624290518        3.7410694713585532E-002
  0.38569929620625187        4.7976232722304335E-002
  0.48284238878182384        6.5191784758076146E-002
  0.47513907735842159        6.2451256859090268E-002
  0.53989107519828072        8.2339747719577638E-002
  0.57644674853038125        1.8039901042231622E-002
  0.52338472401579161        9.4478455624341824E-003
  0.47342422142186036        7.0401137222157381E-004
  0.53634635316870471        6.7728585436055448E-003
  0.76552575018968805       0.15502508079457533     
  0.81102563600351818       0.15193625256534618     
  0.78071702793435160       0.14234849483706394     
  0.72089047585135202       0.14808115052818685     
  0.75647254676641451       0.15622842766649297     
  0.81127768462495986       0.16013105653987095     
  0.88888819770305194       0.24981006337795672     
  0.93670128692442622       0.23712981313967793     
  0.92944376581140709       0.27819200677065820     
  0.89589650325065151       0.24906902391523478     
  0.86583715768114378       0.25112652606919900     
  0.95015672638608106       0.25379079357669648     
  0.93740045669569150       0.23963081729763375     
  0.86094227058801576       0.20000990441896402     
  0.77788947210663761       0.18849306004408550     
  0.74500768679098528       0.20000520977718561     
  0.81689375368753492       0.19102871679253400     
  0.83021027636775602       0.19544743668399317     
  0.63440891392793997       0.21606207179078721     
  0.60519252444305505       0.22397928138036893     
  0.68032528863651021       0.21680856679272215     
  0.69717601468968460       0.23013724365828847     
  -4.8293124630377715E-002  0.12439328161424504     
   6.1393615864772433E-002  0.12268714835724899     
  -8.2552804663224788E-002  0.13250280893800487     
   9.2455724993420751E-002  0.14929554268333578     
   6.7181620238990769E-003  0.12294461422415401     
   4.6401107125503271E-003  0.13888483793408246     
   3.5468309340133009E-002  0.16177407630208820     
  0.11305402682662419       0.14745223535839036     
  0.80567927416458462       0.24713170551468802     
  0.84945966522880356       0.23721193722235798     
  0.61663141202840432        1.8930705919911962E-002
  0.58375387245306465        1.1916057871492762E-002
  0.55122140271493558        2.6299998063288428E-002
  0.49598779617907041        3.0246794274645942E-002
  0.49376865041777651        1.8192433725313806E-002
  0.61996369144110841        2.2596442649661611E-002
  0.54925324240572437        3.6811161512725413E-002
  0.66998192456915140        1.8706940296745276E-002
  0.62050152647242407        4.3737613825485785E-002
  0.62946023968360199        5.4220707082015401E-002
  0.49960278245812273        2.2100578287264510E-002
  0.46658827821232418        3.8172727753038857E-002
  0.33182544111609785        3.4166946097695702E-002
  0.46444401269673607        3.9101947776732475E-002
  0.56607644689007375        3.1988908536078074E-002
  0.52832775709670710        1.7970343024593889E-002
  0.61742347479411175        4.5846785742042269E-002
   3.6814849357984229E-002   3.0912012073850120E-003
  -4.2714703337387444E-002  -1.0990283110258188E-003
  -6.1913423884603205E-002  -6.3503376515465252E-003
  -9.7951496388070464E-002  -6.4708599269172379E-004
  -1.0694474527006032E-002  -7.8571204327096563E-004
  0.11145895907390697        9.8326762151727080E-003
   7.5070070130045907E-002  -6.6559077245274684E-002
   2.2931531645933367E-002   1.2596067335274474E-002
  -5.9600563218879798E-002   6.6438648602652759E-003
   2.0932287426764506E-002  -5.4175284405365660E-003
  0.11294224318606375        2.9433060817074527E-002
  0.52894976555558004       0.16996716393424466     
  0.50274111525863818       0.16878339842997775     
  0.58194141092674001       0.17779457800968479     
  0.60948973085451974       0.19331008144297543     
  -6.1893446203738295E-002   9.9820059252443555E-003
   4.0563185678596125E-002   1.8675346546876515E-002
  0.10969103487613330        1.4043305679535661E-002
  -1.4220041534570765E-002   1.3691458398637160E-002
  -6.0591599029564319E-002   3.4037502207289396E-003
   4.6835670288966791E-002   3.1281954673396055E-002
   3.0840769467339879E-002   1.2257620280420930E-002
  0.14533379564594506        2.5771873650454365E-003
  -3.8614069044791699E-003  -1.3529777179666987E-003
   7.8281002470316940E-002   7.6328347695225137E-004
  -7.7560842224063814E-003  -3.0756226850504678E-003
  0.37012085676496781        1.0429660983790989E-003
  0.24893809138261233       -3.9392958123306140E-003
  0.19007976207413740       -2.6960714250803385E-003
  0.12641556811390636       -1.8727780249503010E-003
  0.21812222022364702       -1.1094276968550666E-003
  0.19429719522208266       -6.5629287989389468E-002
  0.16816954062967757        3.7236779886469638E-002
   1.2982249428344195E-002   2.3331244339242788E-002
   8.4758234833812146E-002   5.3890500421188120E-002
  0.15815920622754825       -2.5957776823408510E-002
  0.32197407245603915        1.1119219847883991E-003
  0.25166875899102481        4.7128949035861690E-003
  0.26048503702635573        8.2660410074114427E-002
   5.1930990063960181E-002   5.3228857593158180E-002
  0.16745889300731037        7.3020605151964693E-002
  0.23409442508195932        7.8166746204510071E-002
  0.14960135704865618        9.1071406014058096E-002
  0.34669674728340627        9.4915412526753465E-002
  0.42645163129740071       0.12187381817133008     
  0.57971736871683111       0.24900590984499346     
  0.36497388954513665       0.22365486852961142     
  0.74074005113943109       0.31946926041257023     
  0.57234210292525600       0.23657501750403848     
  0.50623250393834951       0.27576256098499924     
  0.51695053542932068       0.24673764574183799     
  0.55132418605531996       0.23544226493101264     
  0.73623419173078530       0.16105346369551943     
  0.67848487754340003       0.27503329833987039     
  0.48638349246870749       0.28070750620823104     
  -4.8194421493670259E-002  0.13561832585111258     
   7.4186430425451033E-002  0.14488049082489490     
  -5.9685610722180482E-002  0.14099650179983431     
   8.7348653410589394E-002  0.14005128467219471     
   1.4433735552608851E-002  0.12712883641484735     
   1.3590620179358137E-002  0.14563795754615758     
   4.2690989141378866E-002  0.14434854905661090     
  0.82413489883358793        9.1890626038973619E-002
  0.80060048095120095        8.9232693140954458E-002
  0.74219935950950278        7.9305013365230340E-002
  0.84754811655717199       0.10785865931896235     
  0.78590132250260292        9.8507271950027134E-002
  0.79661931632925775        8.8057338305888105E-002
  0.85715319332637896       0.10911163290952455     
  0.48164490835592955       -3.3425157168294802E-003
  0.41692514110330847       -3.8818913480724538E-003
  0.37320891866647432        8.9833006876898162E-003
  0.30351911195708614       -1.3661553311033220E-002
  0.30738959399454369       -8.8073565653271145E-004
  0.49096047492688466        4.9149835120062069E-003
  0.36219328238493642       -2.4785332552559099E-003
  0.39749742768171814        5.4750847723127635E-004
  0.29557382860923975       -4.2505274616567703E-004
  0.23625695278266740       -1.3171948025796579E-003
  0.16443681226029921       -1.8023279581236178E-003
  0.26891660683911855        8.3129325865411764E-004
  0.31213479648303810        1.6411836388117915E-003
  0.71602947361459179       0.13246439172701949     
  0.60076289680033712       0.11013581044319495     
  0.43137755166824221       0.11128465476742398     
  0.57132904136336826       0.11089543821439511     
  0.65185131496450477       0.11116968048219136     
  0.64470869810403353       0.10889889671508828     
  0.68193451209363110       0.12766311865842941     
  0.13718488147983759        9.8087097748654267E-004
   4.8401558999005306E-002   9.4037645013731136E-004
  -2.3987747924815922E-002   1.0679193046887114E-003
  0.10799941440803443       -1.1549248023281166E-003
  0.13155484570027515        1.8992592505824720E-003
  0.56099208107599874        5.5251441139887595E-003
  0.50889988448411660        4.3041167197905104E-003
  0.44766439469430053        1.1148198628110624E-003
  0.28903473704129562       -1.3085628101525500E-003
  0.65462663870628546        6.9246880664974152E-003
  0.49433573441708767        5.5167347462069475E-003
  0.50156427850492558        2.1253009273816455E-003
  0.70941851057143279        8.4135536254450499E-002
  0.71083994187585953        8.2703558476082906E-002
  0.62634295561650244        7.5380639790021020E-002
  0.58891054648521868        5.4533390711802091E-002
  0.67954258776239862        6.4489324284025470E-002
  0.64951374535007056        7.1651545479248444E-002
  0.71155182781102455        9.0258191014254516E-002
  0.82527074351587981       0.22177906897442204     
  0.72687760383784306       0.19590597892690828     
  0.69655861909479455       0.20224077677783442     
  0.76807993219049120       0.19946131417052668     
  0.78957934894615656       0.21899558070053621     
  0.78380425937826215       0.20788173597004292     
  -7.0216958021064479E-002   2.4799101011279450E-002
   8.6422194163107702E-003   2.5476774128805581E-002
  0.45032854289804891        1.9621664489074078E-003
  0.36932522295824427       -8.6461834010806492E-004
  0.27447909625066008       -6.8462720169913715E-004
  0.37290938832715337        3.7369930714168309E-003
  0.33358092952292112        8.6660225717047866E-004
  -3.9615129269442440E-002   8.3818313049875796E-003
   6.4661204288454510E-002   1.8072617873496892E-002
  0.12449098843596190        1.3724598829335260E-002
   9.7692369665491885E-003   1.3313824791760968E-002
  -3.6024007924908216E-002   4.3708906987681489E-003
   7.3796570575568654E-002   3.5249432613144997E-002
   5.3550128507496880E-002   1.1506305277751162E-002
  -1.8520924680420714E-002  -5.3442707312885435E-003
  -4.4090938830589455E-002   3.7478703672659777E-002
  -6.2394563589397267E-002   4.2652573153633314E-002
   8.0515679246206534E-002  -3.3462569972034603E-002
  0.18888183133130662       -5.4098435224847240E-003
   8.9556905945022358E-002   1.0679439633908623E-003
  -4.5537115481652513E-003  -1.1953104522261194E-003
  0.17154068838932757        8.8012785027625573E-004
  0.16309332826575393        8.7154376573935952E-004
