 cosx vtec
  0.62776225641180261        3.1388095203105523E-002
  0.57840928556726401        1.1266557126342261E-002
  0.59430005494537008        1.6147304182509994E-002
  0.61736104266455616        2.6590208887822465E-002
  0.53353209861568152        2.7965496839924199E-002
  0.68738993718886898        4.8858144319178523E-002
  0.58685079534511431       -1.2897270245265243E-003
  0.51010121875251091       -1.5853890733796313E-003
  0.52256089357902680        2.7911010227498938E-003
  0.40661035315929400        2.5617719413499748E-004
  0.44452824285244907        1.3981685127904576E-003
  0.58528220744871629       -5.1007868414364495E-003
  -6.0947296431691028E-002  0.23299099210043162     
   7.3356949603977789E-002  0.24579306243113461     
   4.4688117473723324E-002  0.24387617783107565     
  -8.8248106373990304E-002  0.23595003965126718     
  0.42049518451686196       0.24536648206127828     
  0.58321984272014771       0.18116790074331321     
  0.57555150777518327       0.18711093450550123     
  0.60754494568188544       0.18987606643068172     
  0.51591415595559820       0.21150504713415480     
  0.62790238514766372       0.18739092016021178     
  0.58542731408822191       0.18751340178758585     
  -9.6363736776679323E-002   1.9575283317887330E-002
   6.2733685524218138E-002   3.0287222014354839E-002
  -1.8334519534278920E-003   1.6668697761839574E-002
   5.8525875118612153E-002   1.3116161486377044E-002
  -7.6446705804090465E-002   1.0602088710713380E-002
  -4.6100169998352925E-002   1.3917213258329682E-002
  0.17080349560240238        1.0555076789434181E-002
  0.72356497830711186       -2.7604670143527199E-003
  0.66896450982394506       -1.1527491207212459E-004
  0.69735828227007868       -1.3811317215394021E-003
  0.76480961014200410        4.4922859168688416E-003
  0.80718866563426350       -1.2436391499969313E-003
  0.86838408602731632        2.0479110461447654E-004
  0.94106861205629377       -4.5297425071958546E-003
  0.85803179267576213        3.3594982712548912E-003
  0.81056042149648211       -1.0845568661108529E-002
  0.85203879660128923        2.4618362171800252E-002
  0.91069088433418055       -3.8686800322529163E-002
  0.89650379143413961        4.1191537438215890E-004
  0.67352099935309662        2.3041674179984772E-003
  0.63641765308661824       -2.7525199677435008E-004
  0.65245912041389575       -1.2724938539822386E-003
  0.52729164827597241       -2.9124891541573404E-003
  0.58384061576227309        1.6272398366837053E-003
  0.68523039471756630       -1.8118724865727565E-004
  0.86089638082821973       0.16537621692818413     
  0.87666083281856122       0.15934392381651821     
  0.88852348930203806        2.5444023499378923E-002
  0.86292146504147316       0.16245428121964881     
  0.89326211504069686       0.15838180996555629     
  0.85132416737366956       0.16540010551223430     
  0.71175885720006626       0.19077796878947312     
  0.71890861664455918       0.19748407119543368     
  0.70663869755997910       0.19677924073786038     
  0.69624766238125035       0.19784547479312053     
  0.58825543422809279        7.1904269094688437E-003
  0.49631633008322606       -4.0428397746459149E-004
  0.51281078339563158        8.0264766956408590E-004
  0.55207563021917860       -4.8977605447199585E-004
  0.44588749291699342       -4.6278575108834206E-003
  -1.2826772721430596E-002   7.8420673010781289E-002
  -6.5396059161057160E-002   6.1524758571879119E-002
   3.4933237467206044E-002   3.4345231023820519E-002
  0.70004172273730603       -1.9673738106778019E-003
  0.63660976600442554        3.1601492638171458E-003
  0.65347412536573035       -3.5944424831929598E-003
  0.68240889902289581       -4.0640839485871225E-003
  0.58090340393574658        8.8320842817718771E-003
  -9.9076403113035727E-002   6.7539068959038440E-002
  -3.7286060664328845E-002   5.4977674025444352E-002
  -7.4925574173196341E-002   5.8772998018942098E-002
  0.59417588259270426        7.7012684142695968E-003
  0.53835417671990093        2.1670522914370286E-003
  0.55360621961816481        1.8489583781809297E-003
  0.57964747947106210        4.0539128396376491E-003
  0.49604572142044157        1.1603254861881261E-002
  0.84678901792928907       0.15621543594884907     
  0.84271343332617765       0.16669204073483934     
  0.87746811353311216       0.15831919765343447     
  0.85483540492298848       0.15216228660618406     
  0.87788544274366787       0.14958327736875440     
  0.84179406707143034       0.15520144799549179     
  0.85554586999395543       -2.0566632077150596E-002
  0.81424931928927302       -1.2701386721718732E-002
  0.75222498557783202       -4.1639714671229781E-003
  0.77727442663886415       -1.2944937963955926E-003
  0.82307695205148845       -5.6288340745692606E-003
  0.87539783504430047       -4.6381131940633384E-003
   8.7647189877069320E-002  -1.8425442309917390E-003
  0.23014658406305877       -6.4994435822044718E-003
  0.22771659829503496       -1.5193500429710259E-003
  0.13948167017002341       -1.0268789279195456E-003
  0.15952021780933642       -2.8028151825057441E-004
   9.0523371483855114E-002   5.2825112062993246E-004
  0.29769652466615187       -2.3291142227196697E-004
  0.20235016479268020       -1.0360885492778609E-003
  0.23920605948786056        2.9107282886670050E-005
   1.4771148612599816E-002  -2.7870839953360914E-003
  0.12645662395033605        1.0504469837238101E-003
  0.88716334862009261        1.7706911728363754E-002
  0.89372310003676692        8.3064049308213578E-004
  0.81485269135376548       -9.0239836387568228E-003
  0.83850708354880354        2.1763725522982606E-002
  0.87096860752996652       -7.8960665841218552E-003
  0.94751879111492110        8.2147199687336817E-002
  0.84994622494107241       0.17979436456887404     
  0.84687905977823852       0.16086609414302988     
  0.85259944640739360       0.16159190962225733     
  0.84108688797224052       0.16379153790527184     
  0.88605649051891622       0.16523917677199620     
  0.83103778418210450       0.16719070424129434     
  0.25790610657658419       0.14616974875789149     
  0.37396189251582207       0.13480062142992202     
  0.35618370684371287       0.13244874296649659     
  0.42513859893631151       0.12622566330818735     
  0.31681701943965745       0.13218300977472652     
  0.42595323672633056       0.13403129489593524     
  0.40219736259376154       0.16718654530471480     
  0.81387330155235438        4.4968026919053892E-003
  0.78788365903794066        4.2981282663374643E-003
  0.80613732764185930        1.4764253058574511E-003
  0.72185860465039686        7.5457911314361602E-003
  0.82766651166156613        8.4268154823119001E-004
  0.81802223284471998       -6.3980360992366920E-003
  0.75351785478809763       -2.4152062409891399E-004
  0.69209105559641904       -1.6801410417189593E-004
  0.71708510747600507        3.3360350109583664E-003
  0.77138794137811173        4.1850298004085691E-003
  0.16973416004755446       0.15366162381360923     
  -1.9600908013358998E-002   9.2524625267465410E-002
  0.16100965213810339       0.11551612918117631     
   6.7348288854583396E-002  0.16378948154012907     
   2.1706848711710188E-002  0.16060041294835464     
  0.94780108482173941        8.7806748522432240E-002
  0.90104682369034461        4.9557197440978550E-002
  0.87805103857819788        3.7410694713585532E-002
  0.89766593864064470        4.7976232722304335E-002
  0.91196771944145261        6.5191784758076146E-002
  0.95287742277032628        6.2451256859090268E-002
  0.90868252164010821        8.2339747719577638E-002
  0.50562007003863341        1.8039901042231622E-002
  0.47582466340926100        9.4478455624341824E-003
  0.50291574537502781        7.0401137222157381E-004
  0.53430603939963017        6.7728585436055448E-003
  -5.9624546950440130E-002   4.6502114942599477E-003
  -6.4077683506587213E-002  -5.4593737072498264E-003
  0.14342578383936291       0.15502508079457533     
  0.24929225933877044       0.15193625256534618     
  0.23135363313139889       0.14234849483706394     
  0.33864998228602805       0.14808115052818685     
  0.19097886453125118       0.15622842766649297     
  0.32253058468865425       0.16013105653987095     
   5.6527851311462499E-002  0.24981006337795672     
  0.17048959062209881       0.23712981313967793     
  0.17168988840898913       0.27819200677065820     
   6.4455229236877104E-002  0.24906902391523478     
   7.6057082180974733E-005  0.25112652606919900     
  0.20539829239568580       0.25379079357669648     
  0.16717663285962145       0.23963081729763375     
  0.73890547837757692       0.20000990441896402     
  0.74273514618160896       0.18849306004408550     
  0.75527775766215399       0.20000520977718561     
  0.73112815299189438       0.19102871679253400     
  0.71965917756059716       0.19544743668399317     
  0.56987756915893828       0.21606207179078721     
  0.57812892528729343       0.22397928138036893     
  0.56609276289230648       0.21680856679272215     
  0.55496759857773648       0.23013724365828847     
   6.6920344458152509E-002  -9.8763709137592026E-004
  0.17710289798513937       -4.1869643802628563E-004
  0.21242737446240262        2.6979917087478181E-003
  -1.2164204079855856E-003  -2.0610140261236542E-002
  0.10000115944658822        1.2452667861203354E-003
  0.10924608122176670       0.24713170551468802     
  0.19672365688323315       0.23721193722235798     
  0.94347701683414109        1.8930705919911962E-002
  0.92194183000576735        1.1916057871492762E-002
  0.99244138006904459        2.6299998063288428E-002
  0.94119241600728110        3.0246794274645942E-002
  0.99686143315531861        1.8192433725313806E-002
  0.97083408160552898        2.2596442649661611E-002
  0.95553042623789319        3.6811161512725413E-002
  0.95771447704395829        1.8706940296745276E-002
  0.98910212755152682        4.3737613825485785E-002
  0.97639449288559144        5.4220707082015401E-002
  0.98704810488755779        2.2100578287264510E-002
  0.99746003283829832        3.8172727753038857E-002
  0.96234412549407067        3.4166946097695702E-002
  0.98525308547088764        3.9101947776732475E-002
  0.98858342916767494        3.1988908536078074E-002
  0.99878789821777059        1.7970343024593889E-002
  0.98139531756843412        4.5846785742042269E-002
  -9.0508678470755888E-002  -1.9788785958775273E-003
  0.15035427076421395        3.0912012073850120E-003
  0.16287019936524250       -1.0990283110258188E-003
  -9.1203457545768155E-002  -6.3503376515465252E-003
   7.1015732677280785E-002  -6.4708599269172379E-004
   9.3029853355426115E-002  -7.8571204327096563E-004
  0.30225053269361102        9.8326762151727080E-003
  0.56924462733237258        4.4944733756782226E-003
  0.44876876541365796        4.1619556586150374E-005
  0.46640963227038745        1.0181072196445450E-004
  0.51497669988223138        9.7886086240164469E-004
  0.39411915022424560        1.4547404301936036E-003
  0.89787188083935154       -6.6559077245274684E-002
  0.86842201091793536        1.2596067335274474E-002
  0.80685548963253761        7.0879289311199635E-003
  0.83360731780793307        6.6438648602652759E-003
  0.87443206744677560       -5.4175284405365660E-003
  0.91336576075152498        2.9433060817074527E-002
  0.66864703644228674       0.16996716393424466     
  0.67042161072778550       0.16878339842997775     
  0.67291757584127643       0.17779457800968479     
  0.66487258520812931       0.19331008144297543     
  0.73616507746527449        2.5771873650454365E-003
  0.72501577135894812       -1.3529777179666987E-003
  0.68785423361650266       -1.1808690353571833E-003
  0.58130822130677628        7.4402037411422828E-004
  0.77769145505291037        7.6328347695225137E-004
  0.68774995354182011        2.6846181032148721E-003
  0.70851927021658234        1.0945867007753183E-002
  0.59061235266755807        2.3432810183311586E-003
  0.60897725061672381       -3.2395965922499021E-004
  0.65055322497707491       -4.8797874420135490E-003
  0.51676301871763786       -5.2858658594888007E-004
  0.10914173050408540       -3.0756226850504678E-003
  0.35381430717226892        1.0429660983790989E-003
  0.28595991550891303       -3.9392958123306140E-003
  0.30679072982805655       -2.6960714250803385E-003
  0.21204566362830335       -1.8727780249503010E-003
  0.24084690019667293       -1.1094276968550666E-003
  0.91644131280973418       -6.5629287989389468E-002
  0.93763653423451709        3.7236779886469638E-002
  0.85143694733265574        2.3331244339242788E-002
  0.87713415563188224        5.3890500421188120E-002
  0.90551608939996520       -2.5957776823408510E-002
  0.95225739313522806        1.1119219847883991E-003
  0.95783574093283785        4.7128949035861690E-003
  0.72508749261551730        8.2660410074114427E-002
  0.68097700360694136        5.3228857593158180E-002
  0.70084729139634849        7.3020605151964693E-002
  0.71980671597407409        7.8166746204510071E-002
  0.62357042488995051        9.1071406014058096E-002
  0.74958761303380372        9.4915412526753465E-002
  0.75374505749376308       0.12187381817133008     
  0.56525452223943962        9.4451464532240188E-003
  0.50174840769176710        1.1453759532210719E-003
  0.51681532429263299        3.0972946582373577E-004
  0.54599373857581723        4.0459565148590155E-003
  0.46054431951210290       -2.9440414659286200E-003
  0.75364905185579034        9.1890626038973619E-002
  0.73942893702345802        8.9232693140954458E-002
  0.77726094157812575        7.9305013365230340E-002
  0.78856880337809288       0.10785865931896235     
  0.68176843179139002        9.8507271950027134E-002
  0.78021048237419555        8.8057338305888105E-002
  0.76521700668717640       0.10911163290952455     
  0.94099705165235947       -3.3425157168294802E-003
  0.90467843164890582       -3.8818913480724538E-003
  0.98316024622313869        8.9833006876898162E-003
  0.91260116613499920       -1.3661553311033220E-002
  0.97113713398554335       -8.8073565653271145E-004
  0.98219318395209287        4.9149835120062069E-003
  0.93747341982189558       -2.4785332552559099E-003
  0.48806642311404413        5.4750847723127635E-004
  0.43337502059587402       -4.2505274616567703E-004
  0.45033602395500100       -1.3171948025796579E-003
  0.35271767363089990       -1.8023279581236178E-003
  0.38692430738848094        8.3129325865411764E-004
  0.50193456325016672        1.6411836388117915E-003
  0.92374912556368016       0.13246439172701949     
  0.91407358529223581       0.11013581044319495     
  0.90298583080420436       0.11128465476742398     
  0.91564536100675731       0.11089543821439511     
  0.91310662495015638       0.11116968048219136     
  0.94735757748069804       0.10889889671508828     
  0.90447196513090955       0.12766311865842941     
  0.55197023883165108        9.8087097748654267E-004
  0.55514270572871094        9.4037645013731136E-004
  0.45613292666080951        1.0679193046887114E-003
  0.48398798070433302       -1.1549248023281166E-003
  0.61380602779254134        1.8992592505824720E-003
  0.77011283794688290        5.5251441139887595E-003
  0.74229296926874133        4.3041167197905104E-003
  0.76029864240295297        1.1148198628110624E-003
  0.58891753777987832       -1.3085628101525500E-003
  0.85651229255910144        6.9246880664974152E-003
  0.68304318402230879        5.5167347462069475E-003
  0.78417224441646871        2.1253009273816455E-003
  0.96506368523751762        8.4135536254450499E-002
  0.95467175490226575        8.2703558476082906E-002
  0.97968174460813018        7.5380639790021020E-002
  0.98361422999561177        5.4533390711802091E-002
  0.97130495838668640        6.4489324284025470E-002
  0.98323888154189620        7.1651545479248444E-002
  0.96074408137072631        9.0258191014254516E-002
  0.74658652686247540       0.22177906897442204     
  0.74042847225931263       0.19590597892690828     
  0.74923220456611028       0.20224077677783442     
  0.73280239865732733       0.19946131417052668     
  0.80176490071722217       0.21899558070053621     
  0.72205907480927911       0.20788173597004292     
  0.81568866501777793        2.4799101011279450E-002
  0.79725896825758957        8.4751966823167141E-004
  0.72243981690258530       -1.8370760649632202E-002
  0.74428215631884975       -1.0370612665447969E-002
  0.78550131933070688       -6.4404368176136234E-003
  0.86999057957001269        2.5476774128805581E-002
  0.88063394522225269        1.9621664489074078E-003
  0.83927376884366200       -8.6461834010806492E-004
  0.84764592303196751       -6.8462720169913715E-004
  0.73463398797359492        3.7369930714168309E-003
  0.87671241617770435        8.6660225717047866E-004
  0.81984074103865034       -5.3442707312885435E-003
  0.84296539372147794        3.7478703672659777E-002
  0.74706044921842429       -2.1772687804446937E-003
  0.76738977190198920        1.0759656352642602E-003
  0.80022713242716592        4.2652573153633314E-002
  0.89840832286502348       -3.3462569972034603E-002
  0.68116366625775671       -5.4098435224847240E-003
  0.68285071011464960        1.0679439633908623E-003
  0.56144586940680041       -1.1953104522261194E-003
  0.59651952220694326        8.8012785027625573E-004
  0.72986573700711688        8.7154376573935952E-004
