 cosx vtec
  0.56348937338960892        3.1388095203105523E-002
  0.48974273323813877        1.1266557126342261E-002
  0.51687097787561731        1.6147304182509994E-002
  0.54827421053960179        2.6590208887822465E-002
  0.46110686534049250        2.7965496839924199E-002
  0.64587440942161944        4.8858144319178523E-002
  0.59481237843153290       -1.2897270245265243E-003
  0.49687919688361182       -1.5853890733796313E-003
  0.49095854480093781        2.7911010227498938E-003
  0.37130036468600419        2.5617719413499748E-004
  0.43221254558049654        1.3981685127904576E-003
  0.56479798273719628       -5.1007868414364495E-003
   5.1026656641376206E-002  0.23299099210043162     
   2.4282500323787592E-003  0.23848472930534723     
  0.18459936811101513       0.24579306243113461     
  0.15989886892020999       0.24387617783107565     
   1.3257901465475092E-002  0.23595003965126718     
  0.56402097329966749       0.24536648206127828     
  0.71086546568787756       0.18116790074331321     
  0.70140353561340929       0.18711093450550123     
  0.73415389402410824       0.18987606643068172     
  0.64480091809816742       0.21150504713415480     
  0.74801369112129268       0.18739092016021178     
  0.71480540675488236       0.18751340178758585     
  -2.0054369758729956E-002   1.9575283317887330E-002
  0.14439898417012709        3.0287222014354839E-002
   6.6789481462599110E-002   1.6668697761839574E-002
  0.10942666447766458        1.3116161486377044E-002
  -7.5772061235649446E-002   2.5127913673000962E-002
  -2.4527457709468597E-002   1.0602088710713380E-002
   2.0738719578723988E-002   1.3917213258329682E-002
  0.23721904875518640        1.0555076789434181E-002
  0.60295104578677683       -2.7604670143527199E-003
  0.53232912050981351       -1.1527491207212459E-004
  0.56339390653457000       -1.3811317215394021E-003
  0.64154468820635935        4.4922859168688416E-003
  0.70225285738563437       -1.2436391499969313E-003
  0.82414682317854548        2.0479110461447654E-004
  0.86991203588358823       -4.5297425071958546E-003
  0.77952546417257063        3.3594982712548912E-003
  0.70286231278320754       -1.0845568661108529E-002
  0.75096571813997504        2.4618362171800252E-002
  0.82781666744140803       -3.8686800322529163E-002
  0.82808485503784757        4.1191537438215890E-004
  0.69187386090941627        2.3041674179984772E-003
  0.64479203059489465       -2.7525199677435008E-004
  0.64684963479013780       -1.2724938539822386E-003
  0.51497731467976482       -2.9124891541573404E-003
  0.59435677965793743        1.6272398366837053E-003
  0.68783119047469354       -1.8118724865727565E-004
  0.93150098620103572       0.16537621692818413     
  0.93166630875720791       0.15934392381651821     
  0.93495218321595297        2.5444023499378923E-002
  0.92759941602300433       0.16245428121964881     
  0.95288671801290392       0.15838180996555629     
  0.92055084307719193       0.16540010551223430     
  0.76722821047876033       0.19077796878947312     
  0.76773404764489539       0.19748407119543368     
  0.77134290184538679       0.19677924073786038     
  0.76561562342567324       0.19784547479312053     
  0.46203515615638480        7.1904269094688437E-003
  0.35179217408833074       -4.0428397746459149E-004
  0.37225301115194087        8.0264766956408590E-004
  0.41819419274327951       -4.8977605447199585E-004
  0.30876082910928115       -4.6278575108834206E-003
  -5.1928555425718115E-002   6.6928927599418278E-002
   9.2568260445150694E-002   7.8420673010781289E-002
   2.9852757213538139E-002   6.1524758571879119E-002
  0.10787304253061115        3.4345231023820519E-002
  -7.0912147234114764E-002   4.5257741978062357E-002
  -1.6770438359467815E-002   6.0545584113714725E-002
  0.60106329109872481       -1.9673738106778019E-003
  0.51805111520245384        3.1601492638171458E-003
  0.54136085821044333       -3.5944424831929598E-003
  0.57773584942933642       -4.0640839485871225E-003
  0.47185410663239002        8.8320842817718771E-003
  -5.2323450802770774E-002   6.7539068959038440E-002
  -6.2597451773348384E-003   5.4977674025444352E-002
  -3.3001507200347668E-002   5.8772998018942098E-002
  0.51070290328370238        7.7012684142695968E-003
  0.43414142616293883        2.1670522914370286E-003
  0.45755088523015575        1.8489583781809297E-003
  0.49102768908022631        4.0539128396376491E-003
  0.40460149818488123        1.1603254861881261E-002
  0.92596656773618280       0.15621543594884907     
  0.92289796029964921       0.16669204073483934     
  0.94223446739390937       0.15831919765343447     
  0.92986986097380719       0.15216228660618406     
  0.94745655640326032       0.14958327736875440     
  0.92101637800457781       0.15520144799549179     
  0.75393871021037462       -2.0566632077150596E-002
  0.70487221335416095       -1.2701386721718732E-002
  0.62640152802702809       -4.1639714671229781E-003
  0.65633740494793513       -1.2944937963955926E-003
  0.71243281728874552       -5.6288340745692606E-003
  0.78051160063053948       -4.6381131940633384E-003
   2.2526443396880688E-002  -1.8425442309917390E-003
  0.19333502026097901       -6.4994435822044718E-003
  0.17009291615045299       -1.5193500429710259E-003
   8.1055912492568438E-002  -1.0268789279195456E-003
  0.11915451274845278       -2.8028151825057441E-004
  -7.3925173158859103E-002   5.2825112062993246E-004
  0.14036851736043710       -2.3291142227196697E-004
   3.2960296278722434E-002  -1.0360885492778609E-003
   6.8684796984821606E-002   2.9107282886670050E-005
  -3.2751495232981764E-002   1.0504469837238101E-003
  0.80298281494765555        1.7706911728363754E-002
  0.80231802653241191        8.3064049308213578E-004
  0.70577784569965163       -9.0239836387568228E-003
  0.73748066717596961        2.1763725522982606E-002
  0.78021442505290683       -7.8960665841218552E-003
  0.89266878740374445        8.2147199687336817E-002
  0.91081224832707219       0.17979436456887404     
  0.88885223714701556       0.16086609414302988     
  0.88788814966902208       0.16159190962225733     
  0.89249515545179692       0.16379153790527184     
  0.93302561106328596       0.16523917677199620     
  0.88761481886458016       0.16719070424129434     
  0.38186349645127127       0.14616974875789149     
  0.49201525867602453       0.13480062142992202     
  0.47023852943418426       0.13244874296649659     
  0.52043564656217556       0.12622566330818735     
  0.43104049696401037       0.13218300977472652     
  0.53582905935314062       0.13403129489593524     
  0.52794762874081869       0.16718654530471480     
  0.83630032392177733        4.4968026919053892E-003
  0.80369382976387960        4.2981282663374643E-003
  0.80696837222522710        1.4764253058574511E-003
  0.74297033606848950        7.5457911314361602E-003
  0.83661900010823131        8.4268154823119001E-004
  0.70660012962175833       -6.3980360992366920E-003
  0.63307261170000184       -2.4152062409891399E-004
  0.55660543736675150       -1.6801410417189593E-004
  0.58517382016846264        3.3360350109583664E-003
  0.64927428051791469        4.1850298004085691E-003
  0.16387795228212779       0.15366162381360923     
  -1.4749863270046848E-002   9.2524625267465410E-002
  0.14884417075441450       0.11551612918117631     
   5.5200344231604859E-002  0.16378948154012907     
   1.9491004638165214E-002  0.16060041294835464     
  0.96274354071484380        8.7806748522432240E-002
  0.87999178884294527        4.9557197440978550E-002
  0.83641256097317340        3.7410694713585532E-002
  0.87136934303489422        4.7976232722304335E-002
  0.90349833233012833        6.5191784758076146E-002
  0.93814048587428234        6.2451256859090268E-002
  0.91203133029901751        8.2339747719577638E-002
  0.56283149744313199        1.8039901042231622E-002
  0.52583635898757974        9.4478455624341824E-003
  0.53978216530589140        7.0401137222157381E-004
  0.58016513082618260        6.7728585436055448E-003
  -8.3235655855076862E-002   4.6502114942599477E-003
  0.28036438300996763       0.15502508079457533     
  0.38313203567742993       0.15193625256534618     
  0.36118716026804587       0.14234849483706394     
  0.44410043297156709       0.14808115052818685     
  0.32061227978175144       0.15622842766649297     
  0.44796567669514231       0.16013105653987095     
  0.22823425618246007       0.24981006337795672     
  0.33862641433434254       0.23712981313967793     
  0.33823292255607129       0.27819200677065820     
  0.23665168054195829       0.24906902391523478     
  0.17367771043145974       0.25112652606919900     
  0.37220294632214568       0.25379079357669648     
  0.33583612282011249       0.23963081729763375     
  0.82622922208964455       0.20000990441896402     
  0.81296370879160784       0.18849306004408550     
  0.81746511912467668       0.20000520977718561     
  0.81051753323337183       0.19102871679253400     
  0.80304274672102993       0.19544743668399317     
  0.63129268177838704       0.21606207179078721     
  0.63273320844294056       0.22397928138036893     
  0.63715159196437110       0.21680856679272215     
  0.63068957317726082       0.23013724365828847     
  -9.9397265621740089E-002  -9.8763709137592026E-004
   6.1648717063513270E-003  -4.1869643802628563E-004
   4.0607892293521963E-002   2.6979917087478181E-003
  -6.1231435254334610E-002   1.2452667861203354E-003
  0.25818191015543174       0.24713170551468802     
  0.34433884718328067       0.23721193722235798     
  0.95819619959897306        1.8930705919911962E-002
  0.93255487885064481        1.1916057871492762E-002
  0.98839225313932266        2.6299998063288428E-002
  0.93198490147868063        3.0246794274645942E-002
  0.98078207369257708        1.8192433725313806E-002
  0.98306310498327276        2.2596442649661611E-002
  0.95534795847697562        3.6811161512725413E-002
  0.98148737166859801        1.8706940296745276E-002
  0.99932998254344396        4.3737613825485785E-002
  0.98988574605820179        5.4220707082015401E-002
  0.97327148661468466        2.2100578287264510E-002
  0.97586158501945963        3.8172727753038857E-002
  0.91777822292440436        3.4166946097695702E-002
  0.96463395590813628        3.9101947776732475E-002
  0.98795830457286138        3.1988908536078074E-002
  0.98941563546737943        1.7970343024593889E-002
  0.99189572365797418        4.5846785742042269E-002
  0.14037796705113970        3.0912012073850120E-003
  0.13550235435379943       -1.0990283110258188E-003
  -9.3088557319450427E-002  -6.3503376515465252E-003
   4.3176687879395652E-002  -6.4708599269172379E-004
   8.0145370013762526E-002  -7.8571204327096563E-004
  0.28970511264579329        9.8326762151727080E-003
  0.43387726428579804        4.4944733756782226E-003
  0.29381743844884389        4.1619556586150374E-005
  0.31460471158925646        1.0181072196445450E-004
  0.36991544899486606        9.7886086240164469E-004
  0.24560401936779547        1.4547404301936036E-003
  0.80926673206765520       -6.6559077245274684E-002
  0.77276240847979460        1.2596067335274474E-002
  0.69202145905210211        7.0879289311199635E-003
  0.72541835813517652        6.6438648602652759E-003
  0.77767774385611299       -5.4175284405365660E-003
  0.83056568528149077        2.9433060817074527E-002
  0.69751361762035513       0.16996716393424466     
  0.69382818111597955       0.16878339842997775     
  0.71191657356338856       0.17779457800968479     
  0.71032412052355098       0.19331008144297543     
  0.68031736168133783        2.5771873650454365E-003
  0.64053984570496769       -1.3529777179666987E-003
  0.57163551586174310       -1.1808690353571833E-003
  0.49128205764091221        7.4402037411422828E-004
  0.70360473333521445        7.6328347695225137E-004
  0.56333670935810420        2.6846181032148721E-003
  0.57522882889177884        1.0945867007753183E-002
  0.44674590228930067        2.3432810183311586E-003
  0.46899064972082283       -3.2395965922499021E-004
  0.51790425925423444       -4.8797874420135490E-003
  0.37853302733298233       -5.2858658594888007E-004
   9.4986343584240379E-002  -3.0756226850504678E-003
  0.38718067205139417        1.0429660983790989E-003
  0.30286138287195269       -3.9392958123306140E-003
  0.30948553945204638       -2.6960714250803385E-003
  0.21291319555780708       -1.8727780249503010E-003
  0.25677763686637423       -1.1094276968550666E-003
  0.84959878617752715       -6.5629287989389468E-002
  0.86310816124246581        3.7236779886469638E-002
  0.75574329067789570        2.3331244339242788E-002
  0.79286572698317115        5.3890500421188120E-002
  0.83268877101014227       -2.5957776823408510E-002
  0.90688067015908236        1.1119219847883991E-003
  0.89771797433933487        4.7128949035861690E-003
  0.69360782757110162        8.2660410074114427E-002
  0.61277229388964105        5.3228857593158180E-002
  0.65351328540673481        7.3020605151964693E-002
  0.68364508132949942        7.8166746204510071E-002
  0.58157723974686804        9.1071406014058096E-002
  0.73256590843290714        9.4915412526753465E-002
  0.75223516707189630       0.12187381817133008     
  0.46683714977508639        9.4451464532240188E-003
  0.38436153539482010        1.1453759532210719E-003
  0.40584817012526064        3.0972946582373577E-004
  0.44196280308823616        4.0459565148590155E-003
  0.35396534535327184       -2.9440414659286200E-003
  -2.5735555508227204E-002  0.31946926041257023     
   1.4390517020459570E-002  0.16105346369551943     
  -8.7885788027389222E-002  0.27503329833987039     
  0.83189037181460113        9.1890626038973619E-002
  0.81459301686104635        8.9232693140954458E-002
  0.83634728464696417        7.9305013365230340E-002
  0.86747332839268787       0.10785865931896235     
  0.76064195297956205        9.8507271950027134E-002
  0.84986814180104409        8.8057338305888105E-002
  0.84874338122326332       0.10911163290952455     
  0.92893617550928786       -3.3425157168294802E-003
  0.88383340285798073       -3.8818913480724538E-003
  0.94448903199135958        8.9833006876898162E-003
  0.86810224335582720       -1.3661553311033220E-002
  0.92065642365423639       -8.8073565653271145E-004
  0.96724417359993908        4.9149835120062069E-003
  0.90186789797141576       -2.4785332552559099E-003
  0.51142296216289007        5.4750847723127635E-004
  0.44260870763438531       -4.2505274616567703E-004
  0.44571787152815989       -1.3171948025796579E-003
  0.34496859633165594       -1.8023279581236178E-003
  0.39617555600421206        8.3129325865411764E-004
  0.50657385061991977        1.6411836388117915E-003
  0.96067632419789817       0.13246439172701949     
  0.92900551524719710       0.11013581044319495     
  0.88523408614393218       0.11128465476742398     
  0.92449400168207174       0.11089543821439511     
  0.93839401144403656       0.11116968048219136     
  0.96725857988121022       0.10889889671508828     
  0.93678823778623277       0.12766311865842941     
  0.51575350873313397        9.8087097748654267E-004
  0.50075763029997766        9.4037645013731136E-004
  0.39866343962484929        1.0679193046887114E-003
  0.44976764477338121       -1.1549248023281166E-003
  0.56932158770761765        1.8992592505824720E-003
  0.79369024601871185        5.5251441139887595E-003
  0.75863703527217563        4.3041167197905104E-003
  0.76228555939137155        1.1148198628110624E-003
  0.57888297801784150       -1.3085628101525500E-003
  0.88888987000489117        6.9246880664974152E-003
  0.70330724143312828        5.5167347462069475E-003
  0.79421055466788693        2.1253009273816455E-003
  0.99589562277714982        8.4135536254450499E-002
  0.98698843423183635        8.2703558476082906E-002
  0.99216843916647068        7.5380639790021020E-002
  0.98814129273826889        5.4533390711802091E-002
  0.99542588254222086        6.4489324284025470E-002
  0.99996092471849263        7.1651545479248444E-002
  0.99250246377450124        9.0258191014254516E-002
  0.82587095175989023       0.22177906897442204     
  0.80069486222044672       0.19590597892690828     
  0.80240291111143969       0.20224077677783442     
  0.80221075075981696       0.19946131417052668     
  0.86752254878283008       0.21899558070053621     
  0.79586063360486714       0.20788173597004292     
  0.70743966835384686        2.4799101011279450E-002
  0.68123649605397119        8.4751966823167141E-004
  0.59229385065090212       -1.8370760649632202E-002
  0.61892047518613713       -1.0370612665447969E-002
  0.66909409090278738       -6.4404368176136234E-003
  0.77128471539371179        2.5476774128805581E-002
  0.86926257697532017        1.9621664489074078E-003
  0.81643524392345779       -8.6461834010806492E-004
  0.80482309608289881       -6.8462720169913715E-004
  0.72459459027699180        3.7369930714168309E-003
  0.84238452470463931        8.6660225717047866E-004
  0.72147805198533299       -5.3442707312885435E-003
  0.73680592260432765        3.7478703672659777E-002
  0.62718741400947942       -2.1772687804446937E-003
  0.65382837707294250        1.0759656352642602E-003
  0.69533162098389600        4.2652573153633314E-002
  0.81083315094843855       -3.3462569972034603E-002
  0.64039764535544841       -5.4098435224847240E-003
  0.62197411894509158        1.0679439633908623E-003
  0.49571495743952199       -1.1953104522261194E-003
  0.56204840290906111        8.8012785027625573E-004
  0.67830626102065095        8.7154376573935952E-004
