 cosx vtec
   5.3974278951076038E-002  -9.6162401822252549E-004
  -4.6370074784166104E-003  -3.1685733285309186E-004
  0.18211848414047227        1.2930267714109428E-003
  0.10065159626672236        7.5567409252068395E-005
  -1.2695877063418959E-002   3.9073304018642291E-003
   1.6489213583965101E-002  -7.3190681211835254E-004
  0.10965682735124697       -5.0381838196475351E-004
  -6.1904390789501718E-003  -1.2897270245265243E-003
   5.2287432712274470E-002  -1.4334823602417959E-004
  -1.0185900779859119E-002   9.1280395362138908E-005
  0.17963122416944435        2.6484931139093269E-003
  0.13896723069802550        2.4790802105653944E-003
  -3.0544209356066387E-002   4.0766235908728171E-004
  0.10287699409914150       -1.5515789069554193E-003
  -2.9033941307483713E-002  -3.5281456368758475E-003
   1.5606508352147816E-002  -1.1035258684171378E-003
   9.7184207674287065E-002   4.7901094501673130E-004
  0.64036802172751228       0.23299099210043162     
  0.60997180096135295       0.23848472930534723     
  0.62446917800178403       0.24579306243113461     
  0.64948291077406894       0.24387617783107565     
  0.58338986901424950       0.23595003965126718     
  0.77718658605712010       0.24536648206127828     
  0.67288912324948535       0.18116790074331321     
  0.66338803289682990       0.18711093450550123     
  0.66488167763421835       0.18987606643068172     
  0.68581646072265312       0.21150504713415480     
  0.62625067181808602       0.18739092016021178     
  0.68252131797963500       0.18751340178758585     
  0.34927858486265961        1.7863194930720187E-002
  0.44120264919972907        1.9575283317887330E-002
  0.45765841758049730        3.0287222014354839E-002
  0.38934038698420131        1.6668697761839574E-002
  0.28355235757543473        1.3116161486377044E-002
  0.40819398721178490        2.5127913673000962E-002
  0.30113690082562888        1.0602088710713380E-002
  0.38309541000400948        1.3917213258329682E-002
  0.36171792809481879        1.0555076789434181E-002
   4.5158763145321218E-002   2.3041674179984772E-003
  -8.1859060904702907E-003  -2.7525199677435008E-004
  -8.8895779253485907E-002  -1.2724938539822386E-003
   8.5606648257628426E-003   1.6272398366837053E-003
  -4.5200077908968600E-002  -1.8118724865727565E-004
  0.32509988684314955       0.16537621692818413     
  0.23525361931215955       0.15934392381651821     
  0.18557442459166312        2.5444023499378923E-002
  0.29131098875154049       0.16245428121964881     
  0.25999756477346969       0.15838180996555629     
  0.31812272024710647       0.16540010551223430     
  0.14919493032059183       0.18163321329719903     
  0.19070169988694619       0.18364688198242726     
  0.10698006194578072       0.17466758563093754     
  0.16522699291434956       0.17416515867053778     
  0.10043996443181086       0.15282663361311893     
  0.21742439458277518       0.18282056158905738     
  0.13886935420425181       0.16106935157295429     
   5.5060951235903349E-002  0.15907872351079722     
  0.26881124925581362       0.19583999216562853     
   2.4623722053527058E-002  0.15789407856856472     
  0.11608587188107590       0.15939434382024795     
  0.39593491473139319        5.2849905566731969E-002
  0.29321373282839802        3.8106920053663500E-002
  0.48733299592976109        6.3276848475789002E-002
  0.38322243914254900        7.0919116972806243E-002
  0.43605283122467309       0.10519336145341916     
  0.31173056633699447        5.0497807114577992E-002
  0.48673282432126552       0.10388572255787835     
  0.31432624187030722        5.3512534605510184E-002
  0.48449449917526688        7.5890816554633062E-002
  0.24262021864354782        6.5135368128468984E-002
  0.47481267757151846        6.0586009130342254E-002
  0.25231145941356614       0.19077796878947312     
  0.21400638191755464       0.19748407119543368     
  0.30513285630399345       0.19677924073786038     
  0.33249143252754110       0.19784547479312053     
  0.50210229610737922        5.8068373183961623E-002
  0.58331125245360327        6.6928927599418278E-002
  0.59884711168762661        7.8420673010781289E-002
  0.54590427797470942        6.1524758571879119E-002
  0.41060591157481463        3.4345231023820519E-002
  0.55754341644177718        6.3733997491919478E-002
  0.44372569920468852        4.5257741978062357E-002
  0.68467741728086773       0.10812904251234406     
  0.54008649619679394        6.0545584113714725E-002
   2.1060440816642878E-002   9.8655685494388690E-002
  0.17214531089018031       0.13308650335389738     
  -8.4850570525869862E-002   5.5964969898950119E-002
   6.2415822968744622E-002  0.10687066290385225     
  -2.9375342290816175E-002  0.10745699758102502     
  0.18490643292183367       0.13555866064375602     
  -3.7555804017737004E-002   9.3728464902475037E-002
   3.8502533061689798E-002  0.10544067617861003     
  0.22227350635141649        4.4498150413293282E-003
  0.14529099544247556        1.7487307358282290E-002
  0.34011893838113294        4.1352447010887541E-002
  0.21576278476621513        2.9894771136291815E-002
  0.26507882979914987        4.3363388991551628E-002
  0.15827313002724086       -3.1374722056225199E-002
  0.33277078602893867        4.4487769866509388E-002
  0.15749153668368909        9.1331953273705319E-003
  0.33185321055472355        3.6179897849154104E-002
  0.11778794039876778        1.7362169594392445E-002
  0.32691946707194824        2.1612762921603676E-002
  0.27381722554509941        6.7539068959038440E-002
  0.17922108193426839        5.4977674025444352E-002
  0.24431833204909931        5.8772998018942098E-002
  0.37495370397423250       0.15621543594884907     
  0.38102112270374250       0.16669204073483934     
  0.29053967886865606       0.15831919765343447     
  0.35075308451115667       0.15216228660618406     
  0.31775231318512848       0.14958327736875440     
  0.37564455873210645       0.15520144799549179     
   8.5950185439755689E-003   1.2428388263224378E-003
  -4.7438859259397281E-002  -2.6804108066335843E-004
  0.15592069554405996        5.3309663252945824E-003
   5.6060109135856795E-002  -1.7674594537552189E-004
  -4.8943794888341524E-002   1.4058700887975260E-003
  -3.0594155175065862E-002   3.4385848994467221E-003
  0.23398784288895808        7.1561491682741601E-004
   8.4060152293361889E-002   4.6256906650562378E-004
  0.98775093269118885       0.26215514191980205     
  0.97335644736637938       0.25579646739042927     
  0.97614796617834720       0.25371490527562868     
  0.27082766087613985       0.17979436456887404     
  0.16394935292919494       0.16086609414302988     
  0.12553934857538607       0.16159190962225733     
  0.21796515564636909       0.16379153790527184     
  0.18885517074545788       0.16523917677199620     
  0.24815787317974214       0.16719070424129434     
  0.68043339373545941       0.14616974875789149     
  0.63679644162671623       0.13480062142992202     
  0.61567496551855472       0.13244874296649659     
  0.50326156669091737       0.12622566330818735     
  0.62007559582985550       0.13218300977472652     
  0.58587063371152437       0.13403129489593524     
  0.67797744416895878       0.16718654530471480     
   5.5985234639930326E-002   4.4968026919053892E-003
   2.0733005854874087E-002   4.2981282663374643E-003
  -6.5814826756981970E-002   1.4764253058574511E-003
   5.6576096353433775E-002   7.5457911314361602E-003
  -2.1639392019568549E-002   8.4268154823119001E-004
   6.9634673720816859E-003   4.5253359407055623E-004
  -6.0960012733079480E-002   9.6129781111855802E-004
  0.15202756312075347       -3.0777218663015225E-003
   7.3216389721184910E-002   1.1174027867113141E-003
  -5.5015077230400736E-002   4.3087592295885479E-004
   6.7418820052967135E-002  -2.2641791912794453E-003
  -9.3177159204049648E-002  -1.7650548315984085E-003
  -3.1162981392552178E-002   8.1385757764911872E-004
   4.6720272736932765E-002  -4.3943034735775886E-004
  0.71177592320477734       0.13828575727672404     
  0.78556167450666070       0.13496985917050677     
  0.83827226800070087       0.17457448895407282     
  0.75721983196525788       0.13312764346030101     
  0.78895402620163702       0.13731931094613789     
  0.76866345950706716       0.14286392655987321     
  -4.8062026084643529E-002  0.15366162381360923     
   2.9226499016229666E-002   9.2524625267465410E-002
  -8.3080397619244517E-002  0.11551612918117631     
  -7.4786629889695380E-002  0.16378948154012907     
  -1.4465779940742196E-002  0.16060041294835464     
   1.8209814386370149E-003   8.7806748522432240E-002
  -6.0507424352098688E-002   8.2339747719577638E-002
  0.28022606887956814        1.8039901042231622E-002
  0.24200112382251754        9.4478455624341824E-003
  0.16508039991599829        7.0401137222157381E-004
  0.21333407611694757        6.7728585436055448E-003
   3.8545976233699264E-003   7.8589178373334942E-004
  -5.4553887991114380E-002   8.1466062100912489E-003
  0.17224985019388539       -1.6584863994053397E-002
   5.4359470547021282E-003  -1.3931294641972591E-003
   5.2795839453833593E-002   5.5444735493517883E-003
  -4.9386514785904390E-002   9.1762047814772235E-003
  -4.2310098041419553E-002  -1.2828109273727184E-002
  0.18403712497720909        3.2156347579018912E-003
  -8.3321362507386698E-002  -1.6253284049114482E-003
  0.12228493782273492        7.0115968919918338E-003
  0.76406922307427727       0.15502508079457533     
  0.73723280477955866       0.15193625256534618     
  0.71608166459612033       0.14234849483706394     
  0.56841115226440009       0.14808115052818685     
  0.71847911014393551       0.15622842766649297     
  0.68315994646370148       0.16013105653987095     
  0.96884982832225608       0.24981006337795672     
  0.93863536279827797       0.23712981313967793     
  0.92949152083484499       0.27819200677065820     
  0.97093546358841654       0.24906902391523478     
  0.98453721080916512       0.25112652606919900     
  0.92802613550939461       0.25379079357669648     
  0.94188939668253679       0.23963081729763375     
  0.43059165537110278       0.20000990441896402     
  0.33330501638992888       0.18849306004408550     
  0.28660376326653270       0.20000520977718561     
  0.38627407385769508       0.19102871679253400     
  0.40992964990183955       0.19544743668399317     
  0.29844454586810309       0.21606207179078721     
  0.25909651344743634       0.22397928138036893     
  0.35346790550120122       0.21680856679272215     
  0.38088724326930273       0.23013724365828847     
  0.59028784887704144       0.12439328161424504     
  0.67555982895356881       0.12268714835724899     
  0.57691146163279683       0.13250280893800487     
  0.70992211098682856       0.14929554268333578     
  0.63483075778532139       0.12294461422415401     
  0.64608619402460055       0.13888483793408246     
  0.66332531085309510       0.16177407630208820     
  0.68022257742867276       0.14745223535839036     
  0.83509922973790895       0.24713170551468802     
  0.81995621591429635       0.23721193722235798     
   9.3304378000169663E-004   1.8930705919911962E-002
  -2.0469912319871775E-002   1.1916057871492762E-002
  -1.5582785667605570E-002   2.2596442649661611E-002
  -8.4632950113445821E-002   3.6811161512725413E-002
   5.1033576373625433E-002   1.8706940296745276E-002
  -2.8530222910607583E-002   4.3737613825485785E-002
  -8.9107982464857738E-003   5.4220707082015401E-002
  -9.0035146254720949E-002   3.1988908536078074E-002
  -2.6310250020352255E-002   4.5846785742042269E-002
  -6.9732728976679315E-002   3.0912012073850120E-003
  -2.7116588691914432E-003  -6.3503376515465252E-003
  -8.1210595324442955E-002  -7.8571204327096563E-004
  -9.7592119174361461E-002   9.8326762151727080E-003
  0.10521144466581686       0.16996716393424466     
   7.4090930641911107E-002  0.16878339842997775     
  0.16230160834425381       0.17779457800968479     
  0.19959961201615356       0.19331008144297543     
  0.32370929723971398        9.9820059252443555E-003
  0.23906857799338202       -3.7000416006854219E-004
  0.40851051939287747        1.8675346546876515E-002
  0.39219501327640616        1.4043305679535661E-002
  0.36555426573310046        1.3691458398637160E-002
  0.21025080190460180       -3.2657256707119119E-003
  0.27954509333144850        3.4037502207289396E-003
  0.48403575976199936        3.1281954673396055E-002
  0.36385797248390223        1.2257620280420930E-002
  -8.9827854763942797E-002  -3.0756226850504678E-003
  0.15827529449059002        1.0429660983790989E-003
   7.0834717090472316E-002  -3.9392958123306140E-003
  -1.1557700819744526E-002  -2.6960714250803385E-003
  -1.3631583622914986E-002  -1.8727780249503010E-003
   6.9276309456020424E-002  -1.1094276968550666E-003
  0.11704236330550644        9.8461162684642806E-002
  0.25181707697487937       0.13174878465105111     
   1.4793203386389731E-002   7.6485740926834231E-002
  0.15730531864458153       0.10454917800673171     
   5.4618679148341009E-002  0.11754210326410783     
  0.24491550813630161       0.11888509311478077     
   5.5228299134439857E-002   9.7090992999645923E-002
  0.13504071797523481       0.10509869906497141     
  -7.4507196301009521E-002  0.12187381817133008     
  0.95716496037862520       0.24900590984499346     
  0.82787887749574507       0.22365486852961142     
  0.98856213774912804       0.31946926041257023     
  0.93460547824725348       0.23657501750403848     
  0.93727874960961644       0.27576256098499924     
  0.90743965682819461       0.24673764574183799     
  0.93701567427228283       0.23544226493101264     
  0.94901038339935861       0.16105346369551943     
  0.95944401932337775       0.27503329833987039     
  0.87768579563005489       0.28070750620823104     
  0.60275652520829948       0.13561832585111258     
  0.69632930316014519       0.14488049082489490     
  0.59386912052330976       0.14099650179983431     
  0.70581327575825015       0.14005128467219471     
  0.65224122489410397       0.12712883641484735     
  0.65080084154123052       0.14563795754615758     
  0.67490370890241236       0.14434854905661090     
  0.37779277630134983        9.1890626038973619E-002
  0.36158498047566379        8.9232693140954458E-002
  0.26709373426759730        7.9305013365230340E-002
  0.37849891493790155       0.10785865931896235     
  0.38766691021104605        9.8507271950027134E-002
  0.32678859485500145        8.8057338305888105E-002
  0.40675374371698392       0.10911163290952455     
   8.9761208895467542E-002   5.4750847723127635E-004
   1.4451418177326869E-002  -4.2505274616567703E-004
  -6.5590160613046886E-002  -1.3171948025796579E-003
  -7.4806013767975771E-002  -1.8023279581236178E-003
   1.8614927789771779E-002   8.3129325865411764E-004
  -1.7602902118688063E-002   1.6411836388117915E-003
  0.12860692363411280       0.13246439172701949     
   4.7120612938818529E-003  0.11013581044319495     
  -2.9925497984693517E-002  0.11089543821439511     
   6.3525369688945399E-002  0.11116968048219136     
   2.9981096967418852E-002  0.10889889671508828     
  0.10414359779527110       0.12766311865842941     
   5.5728954544503009E-002  -1.3352013552095448E-003
  -8.6926889177482120E-002  -3.3303824079798957E-003
  -9.3825308029691634E-002  -2.3710797897497052E-003
   6.6337942419986945E-002   5.5251441139887595E-003
   2.7749546947908099E-002   4.3041167197905104E-003
  -5.5249181411942488E-002   1.1148198628110624E-003
  0.10868720439653567        6.9246880664974152E-003
   5.5164609407215681E-002   5.5167347462069475E-003
  -1.1676133461344884E-002   2.1253009273816455E-003
   9.0424423933715359E-002   8.4135536254450499E-002
   9.9753989325933989E-002   8.2703558476082906E-002
  -1.4895530458233219E-002   7.5380639790021020E-002
  -6.0380892107796347E-002   5.4533390711802091E-002
   5.1818336176945312E-002   6.4489324284025470E-002
   8.8131149724033908E-003   7.1651545479248444E-002
   9.6056470227541713E-002   9.0258191014254516E-002
  0.38432640936077866       0.22177906897442204     
  0.27700853772770989       0.19590597892690828     
  0.23599669164702211       0.20224077677783442     
  0.32952237488291475       0.19946131417052668     
  0.30278476387551290       0.21899558070053621     
  0.35537740677285057       0.20788173597004292     
  0.32209109051465173        8.3818313049875796E-003
  0.23567880851254699        2.6070822242617044E-003
  0.40711552260610834        1.8072617873496892E-002
  0.38554477061383469        1.3724598829335260E-002
  0.36482496911332174        1.3313824791760968E-002
  0.20091476300633593        2.0056339037771636E-004
  0.27845317578963225        4.3708906987681489E-003
  0.49281383176500382        3.5249432613144997E-002
  0.36094510346813524        1.1506305277751162E-002
