 cosx vtec
  0.55166702210665863       -9.6162401822252549E-004
  0.50344386760032256       -3.1685733285309186E-004
  0.60125980903284715        1.2930267714109428E-003
  0.57345348973721844        7.5567409252068395E-005
  0.52885313959110614        3.9073304018642291E-003
  0.49199464756380473       -7.3190681211835254E-004
  0.51815977174261296       -5.0381838196475351E-004
  0.43927126639954128       -1.4334823602417959E-004
  0.38459050128726968        9.1280395362138908E-005
  0.48352573454025671        2.6484931139093269E-003
  0.34379454419266431        2.4790802105653944E-003
  0.21161600852273424        4.0766235908728171E-004
  0.46116963669330197       -1.5515789069554193E-003
  0.41908297338276512       -3.5281456368758475E-003
  0.37201924633998384       -1.1035258684171378E-003
  0.39500803655839051        4.7901094501673130E-004
  0.16258363925306646       0.10729922832570163     
  0.17700504231767619       0.12261495911962182     
   8.1844497989330384E-002  0.10407521999405821     
  0.14027221574938623        7.9455081797138630E-002
  0.13850204030026014       0.11227182130513493     
  0.32379881297433438       0.23299099210043162     
  0.34017679981624011       0.23848472930534723     
  0.21153932563209527       0.24579306243113461     
  0.24738467237704381       0.24387617783107565     
  0.31373690970545232       0.23595003965126718     
   8.7201409681015196E-002   1.5687779507678255E-003
   1.3697935344720025E-002   4.0197458449612528E-003
  -1.2811503697251314E-002  -4.7835043372671920E-004
   2.2910955689618373E-002  -3.4377783499088652E-003
   7.9275907763521503E-002  0.24536648206127828     
  -9.9892787718036169E-002  0.18711093450550123     
  -3.7563553765959767E-002  0.21150504713415480     
  0.38683162920492248        1.7863194930720187E-002
  0.35012826654040685        1.9575283317887330E-002
  0.23317517896289730        3.0287222014354839E-002
  0.25164056239983607        1.6668697761839574E-002
  0.15344081966939402        1.3116161486377044E-002
  0.37259918653679708        2.5127913673000962E-002
  0.26754495543970064        1.0602088710713380E-002
  0.28330110533631248        1.3917213258329682E-002
  0.10214694688700794        1.0555076789434181E-002
  0.27865330717852477       0.18163321329719903     
  0.27307620633104168       0.18364688198242726     
  0.18832855294469697       0.17466758563093754     
  0.24490989007453337       0.17416515867053778     
  0.46960502822066280       0.15282663361311893     
  0.50130274126273977       0.18282056158905738     
  0.47513399882986712       0.16106935157295429     
  0.39265040514125238       0.15907872351079722     
  0.60090454961694062       0.19583999216562853     
  0.45331650953974384       0.15789407856856472     
  0.45153090869650669       0.15939434382024795     
  0.90977610195019587        5.2849905566731969E-002
  0.85855373889110498        3.8106920053663500E-002
  0.92833886009943767        6.3276848475789002E-002
  0.94724088187194311        7.0919116972806243E-002
  0.92045995010606596       0.10519336145341916     
  0.88682184981945134        5.0497807114577992E-002
  0.98011215473241986       0.10388572255787835     
  0.83580728410826399        5.3512534605510184E-002
  0.94857920872867152        7.5890816554633062E-002
  0.88764689290138588        6.5135368128468984E-002
  0.87701320975191566        6.0586009130342254E-002
  0.50343572086259414       -1.1004490245101013E-003
  0.45166440653018652       -8.3599036980587562E-005
  0.55514173415588985       -7.6881997226430749E-004
  0.56106587470385816       -1.8436084074217239E-004
  0.46685182077367948        8.0550389157429145E-004
  0.44106554684180310        9.8471546486337408E-004
  0.46818068995138540       -6.6271548454806327E-004
  0.50758935925726034        5.8068373183961623E-002
  0.46011066770888842        6.6928927599418278E-002
  0.35817698894750044        7.8420673010781289E-002
  0.37504255256514563        6.1524758571879119E-002
  0.23287357886406762        3.4345231023820519E-002
  0.48389620423258944        6.3733997491919478E-002
  0.39055992128534700        4.5257741978062357E-002
  0.60554647635779468       0.10812904251234406     
  0.40737475759476260        6.0545584113714725E-002
  0.55524065934745470        9.8655685494388690E-002
  0.60951991086232016       0.13308650335389738     
  0.57222697125257493        5.5964969898950119E-002
  0.56709080252477717       0.10687066290385225     
  0.47669444070745715       0.10745699758102502     
  0.67946353006876758       0.13555866064375602     
  0.53420118097814584        9.3728464902475037E-002
  0.54297093005464325       0.10544067617861003     
  0.84691844007534633        4.4498150413293282E-003
  0.79954141527739475        1.7487307358282290E-002
  0.88720719322393737        4.1352447010887541E-002
  0.87982515372686942        2.9894771136291815E-002
  0.86436471004557935        4.3363388991551628E-002
  0.82123423679958196       -3.1374722056225199E-002
  0.93716004002509434        4.4487769866509388E-002
  0.78081812080678437        9.1331953273705319E-003
  0.90822334483367906        3.6179897849154104E-002
  0.82114838880493846        1.7362169594392445E-002
  0.82359977747922597        2.1612762921603676E-002
  0.20143272513231231        3.9713315750270527E-003
   3.0317265547946282E-002   1.5067994553094507E-004
  0.18554227283064045       -6.6718014027117778E-004
  0.11452735000871556        4.4953568808341338E-003
  0.16240818439764987       -1.1062818537919612E-003
  0.20095473272646214       -4.5443046438902509E-003
  0.15780766458121170        6.7539068959038440E-002
   6.0703992391736974E-002   5.4977674025444352E-002
  0.12363315848026245        5.8772998018942098E-002
  0.60800696596393788        1.2428388263224378E-003
  0.56206366670734120       -2.6804108066335843E-004
  0.67295542764045457        5.3309663252945824E-003
  0.63276033362230344       -1.7674594537552189E-004
  0.58269276061498720        1.4058700887975260E-003
  0.55081244934556106        3.4385848994467221E-003
  0.78484066870416158        7.1561491682741601E-004
  0.59918187146363144       -1.9313477136490538E-003
  0.58307193096357446        4.6256906650562378E-004
  0.72384307703411410       0.26215514191980205     
  0.69781549988894320       0.25579646739042927     
  0.73126001172150468       0.25371490527562868     
  0.17799507246020552       0.14616974875789149     
   6.3692711888534537E-002  0.13480062142992202     
   6.9236572035334343E-002  0.13244874296649659     
  -3.7598534826388585E-002  0.12622566330818735     
  0.10351930303579368       0.13218300977472652     
  -1.5826105102136334E-003  0.13403129489593524     
   5.7493256774845236E-002  0.16718654530471480     
  0.30522161479293308        4.5253359407055623E-004
  0.23794493034123629        9.6129781111855802E-004
  0.35394598971372282       -3.0777218663015225E-003
  0.20331001186860997        1.1174027867113141E-003
  0.11279621141880833        4.3087592295885479E-004
  0.33161354450876851       -2.2641791912794453E-003
  0.28656519764482313       -1.7650548315984085E-003
  0.22314686233749734        8.1385757764911872E-004
  0.24538981036326724       -4.3943034735775886E-004
  0.92597333129810910       0.13828575727672404     
  0.90763760276874417       0.13496985917050677     
  0.93219897840805799       0.17457448895407282     
  0.91829027325078916       0.13312764346030101     
  0.92926163372089754       0.13731931094613789     
  0.86834514224907011       0.14286392655987321     
  -2.9390346332729057E-002   9.2524625267465410E-002
  -8.3567078752860860E-002  0.16060041294835464     
  0.15240741975395150        1.3401480297468547E-003
   7.2889915504351893E-002  -2.2287743463634928E-003
   4.0508448321172202E-002   4.6502114942599477E-003
  -3.6016194298838067E-002  -5.4593737072498264E-003
  0.21482415074747938       -2.8915610890522516E-003
  0.11451617735467810       -3.4230545147837048E-003
   5.9530723513314503E-002  -3.1479813156236563E-003
   9.1634570198988269E-002   1.0378312096303243E-003
  0.69552820755822609        7.8589178373334942E-004
  0.65005707561502124        8.1466062100912489E-003
  0.77405835755430019       -1.6584863994053397E-002
  0.75406042650248262       -1.3931294641972591E-003
  0.72230830531206436        5.5444735493517883E-003
  0.66806107438902540        9.1762047814772235E-003
  0.63705836109945335       -1.2828109273727184E-002
  0.82480207539971639        3.2156347579018912E-003
  0.67141505113601929       -1.6253284049114482E-003
  0.68153749178981127        7.0115968919918338E-003
  0.30664159813956565       0.15502508079457533     
  0.20915880632225883       0.15193625256534618     
  0.21493919212721133       0.14234849483706394     
   6.2736171352432701E-002  0.14808115052818685     
  0.24880738223846299       0.15622842766649297     
  0.12608608206690031       0.16013105653987095     
  0.44849952077943467       0.24981006337795672     
  0.34264801087145774       0.23712981313967793     
  0.34196217798935974       0.27819200677065820     
  0.43553309742917645       0.24906902391523478     
  0.49604517805576703       0.25112652606919900     
  0.30530146434232330       0.25379079357669648     
  0.34342759742741114       0.23963081729763375     
  0.98702463926178052       0.12439328161424504     
  0.98767429265691264       0.12268714835724899     
  0.99673157364761322       0.13250280893800487     
  0.99523953360419559       0.14929554268333578     
  0.98976528467158309       0.12294461422415401     
  0.99945577379377604       0.13888483793408246     
  0.99599450121638555       0.16177407630208820     
  0.94308225078204011       0.14745223535839036     
  0.30562705230260245       0.24713170551468802     
  0.23150501397298348       0.23721193722235798     
  0.26548548751923606        1.2527483998860428E-003
  0.33802528288314132       -1.7301745083221845E-004
  0.22527181845574779       -3.1242440398636237E-003
  0.19497582443247752       -1.7347450135841900E-003
  0.24987750092414521        2.6230552523900720E-003
   7.2902440073666655E-002  -1.9788785958775273E-003
  -9.3611030340862128E-002   3.0912012073850120E-003
  0.12887869096104562       -6.3503376515465252E-003
  -7.9299780643612330E-002  -6.4708599269172379E-004
  -5.4338667065805750E-002  -7.8571204327096563E-004
  0.62499271793639477        9.9820059252443555E-003
  0.57271936851669503       -3.7000416006854219E-004
  0.63396043799721591        1.8675346546876515E-002
  0.52974684472258993        1.4043305679535661E-002
  0.63280991192305436        1.3691458398637160E-002
  0.61547192698210473       -3.2657256707119119E-003
  0.55756151286476707        3.4037502207289396E-003
  0.73822627452053324        3.1281954673396055E-002
  0.57857259576046083        1.2257620280420930E-002
  -7.1352750326772296E-002  -3.0756226850504678E-003
  -9.5715559301819145E-002  -1.1094276968550666E-003
  0.66423502871296436        9.8461162684642806E-002
  0.70697658046263578       0.13174878465105111     
  0.67332401193621538        7.6485740926834231E-002
  0.67459858124213867       0.10454917800673171     
  0.57599972519666465       0.11754210326410783     
  0.75188695565999908       0.11888509311478077     
  0.64306985768941016        9.7090992999645923E-002
  0.65275101290881843       0.10509869906497141     
  0.78423253372268120       0.24900590984499346     
  0.82753550395834041       0.22365486852961142     
  0.64154325896192466       0.31946926041257023     
  0.75129344087921568       0.23657501750403848     
  0.84408687829231943       0.27576256098499924     
  0.77295613368568761       0.24673764574183799     
  0.78266060621123057       0.23544226493101264     
  0.57562574828648194       0.16105346369551943     
  0.66360672802004028       0.27503329833987039     
  0.75932512955308074       0.28070750620823104     
  0.99871245953361221       0.13561832585111258     
  0.99682632678035765       0.14488049082489490     
  0.98881385216923423       0.14099650179983431     
  0.98780710834779395       0.14005128467219471     
  0.99976610776518038       0.12712883641484735     
  0.98937163267473838       0.14563795754615758     
  0.99721227197834583       0.14434854905661090     
  0.31463367858386410        8.4916412160106983E-004
  0.25527464384604093       -5.4668864384596884E-005
  0.42185087682054828       -1.3352013552095448E-003
  0.10559286041283630       -4.2244938179285637E-004
  0.35541340469760102       -3.3303824079798957E-003
  0.28468488536470243        2.9710001599958600E-004
  0.24399350611945453        4.4567733278943306E-004
  0.27437251687722197       -2.3710797897497052E-003
  0.49205507503714951       -8.5020807505557317E-004
  0.54252239649591838       -1.5506346889086720E-004
  0.45789917745292930       -5.1013352026934482E-003
  0.43158648756253171       -2.5845571095877728E-003
  0.46260576852615481        4.6924016013175840E-003
  0.59712740471423242        8.3818313049875796E-003
  0.54332512346753370        2.6070822242617044E-003
  0.60419809400779989        1.8072617873496892E-002
  0.50250502926975704        1.3724598829335260E-002
  0.60425318100707026        1.3313824791760968E-002
  0.59009885293790965        2.0056339037771636E-004
  0.52764104087631669        4.3708906987681489E-003
  0.72056344974078690        3.5249432613144997E-002
  0.54798053899742116        1.1506305277751162E-002
