 cosx vtec
  0.58175324766322234       -9.6162401822252549E-004
  0.53986736086771558       -3.1685733285309186E-004
  0.60873247650208118        1.2930267714109428E-003
  0.59582121576143876        7.5567409252068395E-005
  0.57158689035427834        3.9073304018642291E-003
  0.52133716277346198       -7.3190681211835254E-004
  0.52931498250163556       -5.0381838196475351E-004
  0.45161605311545638       -1.4334823602417959E-004
  0.40336085145126660        9.1280395362138908E-005
  0.47295246275111114        2.6484931139093269E-003
  0.32193893708459254        2.4790802105653944E-003
  0.20979927463811004        4.0766235908728171E-004
  0.46497842180642912       -1.5515789069554193E-003
  0.44776780706304287       -3.5281456368758475E-003
  0.38275499569153976       -1.1035258684171378E-003
  0.39013544623352742        4.7901094501673130E-004
  0.25634394489396772       0.10729922832570163     
  0.26206633317680872       0.12261495911962182     
  0.17454221612215076       0.10407521999405821     
  0.24578189978544315        7.9455081797138630E-002
  0.22642741261593144       0.11227182130513493     
  0.25125115060333303       0.23299099210043162     
  0.27747425555453170       0.23848472930534723     
  0.12776791067599136       0.24579306243113461     
  0.16209512948387300       0.24387617783107565     
  0.25426770190402553       0.23595003965126718     
  0.21981034541185257        1.5687779507678255E-003
   7.9041627983859053E-003   2.7623175054397550E-003
  0.15343693748679063        4.0197458449612528E-003
  0.11793818330840171       -4.7835043372671920E-004
  0.17052024445704611       -3.4377783499088652E-003
  -9.3884839791797986E-002  0.24536648206127828     
  0.32479008793428843        1.7863194930720187E-002
  0.26394662484297365        1.9575283317887330E-002
  0.12896571674296203        3.0287222014354839E-002
  0.16350460171066006        1.6668697761839574E-002
   7.4935427340038829E-002   1.3116161486377044E-002
  0.29620611864270341        2.5127913673000962E-002
  0.19982990731551997        1.0602088710713380E-002
  0.20046521504804901        1.3917213258329682E-002
   1.4971140966117957E-003   1.0555076789434181E-002
  0.31602317009707881       0.18163321329719903     
  0.30067669497509053       0.18364688198242726     
  0.22449605973804262       0.17466758563093754     
  0.27487673154023234       0.17416515867053778     
  0.53741002690148743       0.15282663361311893     
  0.54770155570262680       0.18282056158905738     
  0.53551395227068599       0.16106935157295429     
  0.46227209272306680       0.15907872351079722     
  0.64590547474765092       0.19583999216562853     
  0.53498908991412875       0.15789407856856472     
  0.51434690861587429       0.15939434382024795     
  0.92411777779536786        5.2849905566731969E-002
  0.88715945796899709        3.8106920053663500E-002
  0.92461551448554302        6.3276848475789002E-002
  0.97630618353607102        7.0919116972806243E-002
  0.92733938166146346       0.10519336145341916     
  0.91740623471632921        5.0497807114577992E-002
  0.99265135397878246       0.10388572255787835     
  0.85404954949002510        5.3512534605510184E-002
  0.95062473086581245        7.5890816554633062E-002
  0.93854170693280559        6.5135368128468984E-002
  0.86513131224417139        6.0586009130342254E-002
  0.61602808434630141       -1.1004490245101013E-003
  0.56931904834625879       -8.3599036980587562E-005
  0.67949114194796989       -7.6881997226430749E-004
  0.66302368977664072       -1.8436084074217239E-004
  0.58664221202726363        8.0550389157429145E-004
  0.55322334423267705        9.8471546486337408E-004
  0.59421927141301478       -6.6271548454806327E-004
  0.43005007334099826        5.8068373183961623E-002
  0.35967004568476341        6.6928927599418278E-002
  0.24167610437683767        7.8420673010781289E-002
  0.27096676935293151        6.1524758571879119E-002
  0.13806833420788667        3.4345231023820519E-002
  0.39178097928447170        6.3733997491919478E-002
  0.30917640045272277        4.5257741978062357E-002
  0.50501556347195287       0.10812904251234406     
  0.30861568106570836        6.0545584113714725E-002
  0.64635116218074340        9.8655685494388690E-002
  0.67527633507567653       0.13308650335389738     
  0.68384804914216857        5.5964969898950119E-002
  0.65115629507971717       0.10687066290385225     
  0.57108322469507122       0.10745699758102502     
  0.74815142809648261       0.13555866064375602     
  0.63476721888423049        9.3728464902475037E-002
  0.62973521072981209       0.10544067617861003     
  0.89179625699523446        4.4498150413293282E-003
  0.85418045843062007        1.7487307358282290E-002
  0.91038899434318932        4.1352447010887541E-002
  0.93681292685881035        2.9894771136291815E-002
  0.90186504324639549        4.3363388991551628E-002
  0.87767486192251376       -3.1374722056225199E-002
  0.97922221461724024        4.4487769866509388E-002
  0.82777474885761548        9.1331953273705319E-003
  0.93910524288451169        3.6179897849154104E-002
  0.89010719311498110        1.7362169594392445E-002
  0.83623081087430640        2.1612762921603676E-002
  0.35582740380067690        3.9713315750270527E-003
  0.19411842815336905        1.5067994553094507E-004
  0.34765980194023438       -6.6718014027117778E-004
  0.26987698765629886        4.4953568808341338E-003
  0.32164271940934297       -1.1062818537919612E-003
  0.34987494423970111       -4.5443046438902509E-003
  0.15263213521652277        6.7539068959038440E-002
   6.4928125898041394E-002   5.4977674025444352E-002
  0.12094046362612237        5.8772998018942098E-002
  0.65943139732990097        1.2428388263224378E-003
  0.61953918473185265       -2.6804108066335843E-004
  0.69909348929494586        5.3309663252945824E-003
  0.67659052282978238       -1.7674594537552189E-004
  0.64439451742947296        1.4058700887975260E-003
  0.60191594783687530        3.4385848994467221E-003
  0.81277139399199672        7.1561491682741601E-004
  0.68222191788618791       -1.9313477136490538E-003
  0.61111357264834065        4.6256906650562378E-004
  0.60052470205126218       0.26215514191980205     
  0.57840884333666742       0.25579646739042927     
  0.61391177374717643       0.25371490527562868     
   2.6341502221471053E-002  0.14616974875789149     
  -9.1821597458603854E-002  0.13480062142992202     
  -8.2285054373422151E-002  0.13244874296649659     
  -4.5413930611456516E-002  0.13218300977472652     
  0.30808525880851256        4.5253359407055623E-004
  0.24695081131106397        9.6129781111855802E-004
  0.33059120139795733       -3.0777218663015225E-003
  0.17674273237179525        1.1174027867113141E-003
  0.10300992834450964        4.3087592295885479E-004
  0.32431246376319994       -2.2641791912794453E-003
  0.31033574172258416       -1.7650548315984085E-003
  0.22309739113594623        8.1385757764911872E-004
  0.23058054485734611       -4.3943034735775886E-004
  0.87259033682818421       0.13828575727672404     
  0.83644756003301080       0.13496985917050677     
  0.85788093438730195       0.17457448895407282     
  0.85451474861745425       0.13312764346030101     
  0.86207038066091080       0.13731931094613789     
  0.79274088989221125       0.14286392655987321     
  -2.8096608841188635E-003   9.2524625267465410E-002
  -5.4239120002442298E-002  0.16060041294835464     
  0.18848804175532546        1.3401480297468547E-003
  0.11301588534474777       -2.2287743463634928E-003
   3.7931377913581109E-002   4.6502114942599477E-003
  -1.2632525220633493E-002  -5.4593737072498264E-003
  0.23851382757646244       -2.8915610890522516E-003
  0.16562434386595154       -3.4230545147837048E-003
   9.2283928485013295E-002  -3.1479813156236563E-003
  0.10650737769700648        1.0378312096303243E-003
  0.76584266095456754        7.8589178373334942E-004
  0.72687520668373595        8.1466062100912489E-003
  0.81563958478993615       -1.6584863994053397E-002
  0.83917622213969545       -1.3931294641972591E-003
  0.78487919100829462        5.5444735493517883E-003
  0.74742826439752419        9.1762047814772235E-003
  0.70768682506739344       -1.2828109273727184E-002
  0.87478927830362130        3.2156347579018912E-003
  0.76187409030516950       -1.6253284049114482E-003
  0.71763361913101853        7.0115968919918338E-003
  0.15460492562414407       0.15502508079457533     
   5.1421643957793084E-002  0.15193625256534618     
   6.1153344751065666E-002  0.14234849483706394     
  -8.1322326998854111E-002  0.14808115052818685     
   9.8123037841229915E-002  0.15622842766649297     
  -3.1076905464483828E-002  0.16013105653987095     
  0.28705884821570044       0.24981006337795672     
  0.17540245614344380       0.23712981313967793     
  0.17365417093461716       0.27819200677065820     
  0.27682188326715196       0.24906902391523478     
  0.33995112153178275       0.25112652606919900     
  0.13857966806661268       0.25379079357669648     
  0.17769455237387427       0.23963081729763375     
  0.97509769098994570       0.12439328161424504     
  0.95730622767383644       0.12268714835724899     
  0.99552617948474620       0.13250280893800487     
  0.96359667899983537       0.14929554268333578     
  0.96871923753014888       0.12294461422415401     
  0.98353570522407274       0.13888483793408246     
  0.97169218423306447       0.16177407630208820     
  0.89978331087505292       0.14745223535839036     
  0.17700719468897280       0.24713170551468802     
   9.5639896456589685E-002  0.23721193722235798     
  0.35441391434711267        1.2527483998860428E-003
  0.41526479144546191       -1.7301745083221845E-004
  0.32260196217183601       -3.1242440398636237E-003
  0.28244472352947803       -1.7347450135841900E-003
  0.36467524973410748        2.6230552523900720E-003
   7.0829672362975257E-002  -1.9788785958775273E-003
  0.10937458231030638       -6.3503376515465252E-003
  -8.9355905197248855E-002  -6.4708599269172379E-004
  -7.9927448549546823E-002  -7.8571204327096563E-004
  0.60352194989076091        9.9820059252443555E-003
  0.56229222239528875       -3.7000416006854219E-004
  0.59497065356641965        1.8675346546876515E-002
  0.47864164405433807        1.4043305679535661E-002
  0.60316481852417769        1.3691458398637160E-002
  0.61864812629487187       -3.2657256707119119E-003
  0.53554009126211966        3.4037502207289396E-003
  0.69930908317733476        3.1281954673396055E-002
  0.54092341713397207        1.2257620280420930E-002
  -9.7142642263277679E-002  -3.0756226850504678E-003
  0.74500053449341075        9.8461162684642806E-002
  0.76434463134413888       0.13174878465105111     
  0.77312376613319567        7.6485740926834231E-002
  0.74833758766988534       0.10454917800673171     
  0.66228280079714330       0.11754210326410783     
  0.81369717476240133       0.11888509311478077     
  0.73402755998658897        9.7090992999645923E-002
  0.72925244241232301       0.10509869906497141     
  0.67831713690325912       0.24900590984499346     
  0.76373143814542865       0.22365486852961142     
  0.50966031808957046       0.31946926041257023     
  0.65032338387916677       0.23657501750403848     
  0.74848836278597530       0.27576256098499924     
  0.68227173828761500       0.24673764574183799     
  0.68363789331655200       0.23544226493101264     
  0.45018110618407819       0.16105346369551943     
  0.54545745944314206       0.27503329833987039     
  0.67595466267339188       0.28070750620823104     
  0.99021308352709159       0.13561832585111258     
  0.96787333088907102       0.14488049082489490     
  0.98712002938651577       0.14099650179983431     
  0.96056405652374277       0.14005128467219471     
  0.98099260222511331       0.12712883641484735     
  0.97527188100201956       0.14563795754615758     
  0.97554339543352420       0.14434854905661090     
  0.35702138369244080        8.4916412160106983E-004
  0.30241323695440592       -5.4668864384596884E-005
  0.43069782910430421       -1.3352013552095448E-003
  0.13385736167059692       -4.2244938179285637E-004
  0.38817538042320454       -3.3303824079798957E-003
  0.33935561558366761        2.9710001599958600E-004
  0.28450788921086845        4.4567733278943306E-004
  0.29648113261940556       -2.3710797897497052E-003
  0.59350795290107727       -8.5020807505557317E-004
  0.63416503188616369       -1.5506346889086720E-004
  0.56686692119690030       -5.1013352026934482E-003
  0.53249715998078528       -2.5845571095877728E-003
  0.58009899909097118        4.6924016013175840E-003
  0.57163770989689333        8.3818313049875796E-003
  0.52908051496489461        2.6070822242617044E-003
  0.56093830623047369        1.8072617873496892E-002
  0.44888969306645060        1.3724598829335260E-002
  0.57031938760053358        1.3313824791760968E-002
  0.59131407333297870        2.0056339037771636E-004
  0.50130388441708540        4.3708906987681489E-003
  0.67684564217610410        3.5249432613144997E-002
  0.50637390847700259        1.1506305277751162E-002
