 cosx vtec
  0.42182996658014310        3.1388095203105523E-002
  0.33038265952553481        1.1266557126342261E-002
  0.36502076074407674        1.6147304182509994E-002
  0.40285319360805072        2.6590208887822465E-002
  0.31072078462550612        2.7965496839924199E-002
  0.52405070146496335        4.8858144319178523E-002
  0.65299247308470021       -1.2897270245265243E-003
  0.54275115348187297       -1.5853890733796313E-003
  0.51784352849148174        2.7911010227498938E-003
  0.40340101463607025        2.5617719413499748E-004
  0.48414177666969671        1.3981685127904576E-003
  0.59704056604992517       -5.1007868414364495E-003
   9.0207167010027040E-002  0.23299099210043162     
   3.5150462876706812E-002  0.23848472930534723     
  0.21940312374608051       0.24579306243113461     
  0.20065699642735935       0.24387617783107565     
   3.9653925726410466E-002  0.23595003965126718     
  0.70762343376953796       0.24536648206127828     
  0.82803228246785798       0.18116790074331321     
  0.82201874668760355       0.18711093450550123     
  0.84375488927211184       0.18987606643068172     
  0.77682586656446406       0.21150504713415480     
  0.85806213383563501       0.18739092016021178     
  0.82896529604814462       0.18751340178758585     
  -8.8149913139107250E-004   1.7863194930720187E-002
  0.13166425610988725        1.9575283317887330E-002
  0.29420773444158316        3.0287222014354839E-002
  0.21019302968690665        1.6668697761839574E-002
  0.23741097928166105        1.3116161486377044E-002
   7.2532183850233661E-002   2.5127913673000962E-002
  0.10881764629162374        1.0602088710713380E-002
  0.16433900586354860        1.3917213258329682E-002
  0.37150939170132125        1.0555076789434181E-002
  0.49202317422096092       -2.7604670143527199E-003
  0.39697180159448536       -1.1527491207212459E-004
  0.42491499832663859       -1.3811317215394021E-003
  0.50615857961148714        4.4922859168688416E-003
  0.60080852701843568       -1.2436391499969313E-003
  0.79522021889890337        2.0479110461447654E-004
  0.78088468078243678       -4.5297425071958546E-003
  0.70930246031323363        3.3594982712548912E-003
  0.59448595300969420       -1.0845568661108529E-002
  0.64088701492973843        2.4618362171800252E-002
  0.73129830412780539       -3.8686800322529163E-002
  0.76268160333617541        4.1191537438215890E-004
  0.74965048442488813        2.3041674179984772E-003
  0.69831885561595697       -2.7525199677435008E-004
  0.68630214364460507       -1.2724938539822386E-003
  0.56024720795284322       -2.9124891541573404E-003
  0.65502855405534555        1.6272398366837053E-003
  0.73096897007701245       -1.8118724865727565E-004
  0.95489694410642079       0.16537621692818413     
  0.93022538088298357       0.15934392381651821     
  0.92296631755172587        2.5444023499378923E-002
  0.93929748775634736       0.16245428121964881     
  0.96566222473626362       0.15838180996555629     
  0.93746333420670491       0.16540010551223430     
  0.74439468214050808       0.19077796878947312     
  0.73727052102376156       0.19748407119543368     
  0.75993683410638346       0.19677924073786038     
  0.75954337546817363       0.19784547479312053     
  0.28743999028279293        7.1904269094688437E-003
  0.17035605036738816       -4.0428397746459149E-004
  0.19152728097408417        8.0264766956408590E-004
  0.24017864967338964       -4.8977605447199585E-004
  0.12495138988921778       -4.6278575108834206E-003
  -1.8228391149532397E-002   5.8068373183961623E-002
  0.11650100093397378        6.6928927599418278E-002
  0.25970375441480853        7.8420673010781289E-002
  0.19291943601592679        6.1524758571879119E-002
  0.25293535342844403        3.4345231023820519E-002
   6.2890569286431747E-002   6.3733997491919478E-002
   8.1798765389664435E-002   4.5257741978062357E-002
   1.3667836465935335E-002  0.10812904251234406     
  0.14651527063617667        6.0545584113714725E-002
  0.44319537403328818       -1.9673738106778019E-003
  0.34862580758490747        3.1601492638171458E-003
  0.37500076215805656       -3.5944424831929598E-003
  0.41619144289034948       -4.0640839485871225E-003
  0.30218567277908931        8.8320842817718771E-003
  -8.9181408779625299E-002   6.7539068959038440E-002
  -6.1722825163051095E-002   5.4977674025444352E-002
  -7.5877035031489501E-002   5.8772998018942098E-002
  0.35504723145986716        7.7012684142695968E-003
  0.26495610312009360        2.1670522914370286E-003
  0.29312645387378439        1.8489583781809297E-003
  0.33174094143978328        4.0539128396376491E-003
  0.24118734560108629        1.1603254861881261E-002
  0.96804835391014610       0.15621543594884907     
  0.97474353108981093       0.16669204073483934     
  0.95937818381250850       0.15831919765343447     
  0.96209633219155832       0.15216228660618406     
  0.98030869663648545       0.14958327736875440     
  0.95823238425516932       0.15520144799549179     
  0.62451636607257721       -2.0566632077150596E-002
  0.59088884458351132       -1.2701386721718732E-002
  0.48661355548685098       -4.1639714671229781E-003
  0.51652869943638569       -1.2944937963955926E-003
  0.57842356307275489       -5.6288340745692606E-003
  0.67414213620535768       -4.6381131940633384E-003
   3.9747973364031478E-002  -1.8425442309917390E-003
  0.23461581922151933       -6.4994435822044718E-003
  0.18942200326294553       -1.5193500429710259E-003
  0.10364415718355137       -1.0268789279195456E-003
  0.16017891192391848       -2.8028151825057441E-004
   1.7105571663371844E-002  -2.3291142227196697E-004
  -8.5039296595488534E-002   2.9107282886670050E-005
  0.67742421354358939        1.7706911728363754E-002
  0.69041152518912197        8.3064049308213578E-004
  0.56436610010654298       -9.0239836387568228E-003
  0.59972816840130450        2.1763725522982606E-002
  0.65012733618648011       -7.8960665841218552E-003
  0.79217964338130975        8.2147199687336817E-002
   3.0226270771893105E-002  0.26215514191980205     
   3.1444406367702737E-002  0.25579646739042927     
  -1.3754306048643361E-003  0.25371490527562868     
  0.91265277420844770       0.17979436456887404     
  0.86319018836494710       0.16086609414302988     
  0.85456764414273101       0.16159190962225733     
  0.87862427720485736       0.16379153790527184     
  0.92128215056187257       0.16523917677199620     
  0.87945545565198247       0.16719070424129434     
  0.54267344599128464       0.14616974875789149     
  0.64083770936481677       0.13480062142992202     
  0.61928901778794776       0.13244874296649659     
  0.65486955305372585       0.12622566330818735     
  0.58353623904993002       0.13218300977472652     
  0.67663746115434620       0.13403129489593524     
  0.67585473132373108       0.16718654530471480     
  0.87809878287892307        4.4968026919053892E-003
  0.84448085646160431        4.2981282663374643E-003
  0.83261180236742360        1.4764253058574511E-003
  0.79707868679256422        7.5457911314361602E-003
  0.86565597293049634        8.4268154823119001E-004
  -2.7110187916496054E-002   1.1174027867113141E-003
  -3.6891706432320405E-002   4.3087592295885479E-004
  0.57025840467011601       -6.3980360992366920E-003
  0.51406600744840347       -2.4152062409891399E-004
  0.41348921416619744       -1.6801410417189593E-004
  0.44064128969958988        3.3360350109583664E-003
  0.50871628328560103        4.1850298004085691E-003
   6.7411139478999946E-002  0.15366162381360923     
  -9.6398497851984830E-002   9.2524625267465410E-002
   4.6809095826434943E-002  0.11551612918117631     
  -4.4682606421505205E-002  0.16378948154012907     
  -7.0062951418940311E-002  0.16060041294835464     
  0.92244118762602390        8.7806748522432240E-002
  0.79385048925652490        4.9557197440978550E-002
  0.73035325687518060        3.7410694713585532E-002
  0.78022373849027193        4.7976232722304335E-002
  0.83062296981162220        6.5191784758076146E-002
  0.86731470364919006        6.2451256859090268E-002
  0.85051227823765907        8.2339747719577638E-002
  0.66699527454288465        1.8039901042231622E-002
  0.62757649265648929        9.4478455624341824E-003
  0.62933664227119901        7.0401137222157381E-004
  0.67361543873883156        6.7728585436055448E-003
  -1.7384536538345312E-002   4.6502114942599477E-003
  -7.7591865011910469E-002  -5.4593737072498264E-003
  0.45304917643148152       0.15502508079457533     
  0.54739078982651390       0.15193625256534618     
  0.52585670410490504       0.14234849483706394     
  0.59097965960478460       0.14808115052818685     
  0.48813459748218330       0.15622842766649297     
  0.60382350531293794       0.16013105653987095     
  0.39384280738019373       0.24981006337795672     
  0.49458512662242193       0.23712981313967793     
  0.49975891676738377       0.27819200677065820     
  0.39100554244956887       0.24906902391523478     
  0.33650806966203561       0.25112652606919900     
  0.51878345225103895       0.25379079357669648     
  0.48735937319701905       0.23963081729763375     
  0.85169115183945077       0.20000990441896402     
  0.81254181014300797       0.18849306004408550     
  0.80726654921162999       0.20000520977718561     
  0.82218915255676839       0.19102871679253400     
  0.81946005203380179       0.19544743668399317     
  0.60760531941967066       0.21606207179078721     
  0.60126007490415201       0.22397928138036893     
  0.62520602522773328       0.21680856679272215     
  0.62418642112397582       0.23013724365828847     
  0.35046664426519153       0.24713170551468802     
  0.43504132377459814       0.23721193722235798     
  0.96614627004592846        1.8930705919911962E-002
  0.94385155251251518        1.1916057871492762E-002
  0.96164436538520459        2.6299998063288428E-002
  0.92222336284537665        3.0246794274645942E-002
  0.94048512442883669        1.8192433725313806E-002
  0.97883385630498987        2.2596442649661611E-002
  0.94884001284206010        3.6811161512725413E-002
  0.98855200733030735        1.8706940296745276E-002
  0.97481050838612282        4.3737613825485785E-002
  0.98308481572779971        5.4220707082015401E-002
  0.91465265139935203        2.2100578287264510E-002
  0.92885248152442812        3.8172727753038857E-002
  0.82710242701821923        3.4166946097695702E-002
  0.89906402079429115        3.9101947776732475E-002
  0.94446580693183446        3.1988908536078074E-002
  0.94527477548544558        1.7970343024593889E-002
  0.95907642074048816        4.5846785742042269E-002
  -4.2602764651246905E-002  -1.9788785958775273E-003
  0.21202027729181008        3.0912012073850120E-003
  0.18963062451226823       -1.0990283110258188E-003
  -5.4372441773061775E-003  -6.3503376515465252E-003
  0.10064993739122738       -6.4708599269172379E-004
  0.15145425142234017       -7.8571204327096563E-004
  0.35096870025244398        9.8326762151727080E-003
  0.25715281076924318        4.4944733756782226E-003
  0.11261222997760145        4.1619556586150374E-005
  0.13311843591314437        1.0181072196445450E-004
  0.19002576199488053        9.7886086240164469E-004
   5.9344535035572799E-002   1.4547404301936036E-003
  0.69061916276174984       -6.6559077245274684E-002
  0.66840316445890369        1.2596067335274474E-002
  0.55894314278328627        7.0879289311199635E-003
  0.59387603864612248        6.6438648602652759E-003
  0.65403488077325844       -5.4175284405365660E-003
  0.73216534611080486        2.9433060817074527E-002
  0.64108204425617499       0.16996716393424466     
  0.63162793732828015       0.16878339842997775     
  0.66695354388109229       0.17779457800968479     
  0.67231800120936025       0.19331008144297543     
  0.65910549595847756        2.5771873650454365E-003
  0.58599799683183262       -1.3529777179666987E-003
  0.47597414206730149       -1.1808690353571833E-003
  0.44687739476452160        7.4402037411422828E-004
  0.65462595237549670        7.6328347695225137E-004
  0.39886929717971492        2.6846181032148721E-003
  0.42978179559244639        1.0945867007753183E-002
  0.27536986820803611        2.3432810183311586E-003
  0.29790621608048240       -3.2395965922499021E-004
  0.34986297372747160       -4.8797874420135490E-003
  0.19802035172732840       -5.2858658594888007E-004
  0.16441817495486716       -3.0756226850504678E-003
  0.48551087658149905        1.0429660983790989E-003
  0.39178558514013562       -3.9392958123306140E-003
  0.38461052007772140       -2.6960714250803385E-003
  0.29168066679938148       -1.8727780249503010E-003
  0.34744177380724106       -1.1094276968550666E-003
  0.73549493846975744       -6.5629287989389468E-002
  0.76216608408102982        3.7236779886469638E-002
  0.62052248494249362        2.3331244339242788E-002
  0.66448744285959205        5.3890500421188120E-002
  0.71389069338793243       -2.5957776823408510E-002
  0.81248899417529885        1.1119219847883991E-003
  0.80086258176102898        4.7128949035861690E-003
  0.58206838291856777        8.2660410074114427E-002
  0.47092411156569680        5.3228857593158180E-002
  0.52782480346143290        7.3020605151964693E-002
  0.56791199873143206        7.8166746204510071E-002
  0.45659163532886854        9.1071406014058096E-002
  0.63513928283709498        9.4915412526753465E-002
  0.66960549617315057       0.12187381817133008     
  0.30157009012677044        9.4451464532240188E-003
  0.20809323745577790        1.1453759532210719E-003
  0.23276825896699838        3.0972946582373577E-004
  0.27313670203575707        4.0459565148590155E-003
  0.18148900476998370       -2.9440414659286200E-003
  -8.9411422034328003E-002  0.24900590984499346     
  0.12642568638584784       0.31946926041257023     
  -8.7847231912540125E-002  0.23657501750403848     
  0.14481206747104791       0.16105346369551943     
   5.0179127476899066E-002  0.27503329833987039     
  0.91528994540686448        9.1890626038973619E-002
  0.89968657227243753        8.9232693140954458E-002
  0.90750771484515780        7.9305013365230340E-002
  0.94309533945723634       0.10785865931896235     
  0.85687051704624062        9.8507271950027134E-002
  0.92505900549491082        8.8057338305888105E-002
  0.93071173623190639       0.10911163290952455     
  0.91667382905449690       -3.3425157168294802E-003
  0.87207067317829801       -3.8818913480724538E-003
  0.88737737932052740        8.9833006876898162E-003
  0.82936583210496273       -1.3661553311033220E-002
  0.85293761884769004       -8.8073565653271145E-004
  0.93792350970416327        4.9149835120062069E-003
  0.86681229500043988       -2.4785332552559099E-003
  0.59147308307308499        5.4750847723127635E-004
  0.51498722546555553       -4.2505274616567703E-004
  0.50438071164526443       -1.3171948025796579E-003
  0.40761064329050206       -1.8023279581236178E-003
  0.47193036317542114        8.3129325865411764E-004
  0.56947453119811620        1.6411836388117915E-003
  0.94363328596485752       0.13246439172701949     
  0.88113483770299261       0.11013581044319495     
  0.80231643566204081       0.11128465476742398     
  0.87006920477874128       0.11089543821439511     
  0.90278511088076097       0.11116968048219136     
  0.93316190522893050       0.10889889671508828     
  0.90846088042980389       0.12766311865842941     
  0.53538630890285044        9.8087097748654267E-004
  0.50086864729211011        9.4037645013731136E-004
  0.40367299194959100        1.0679193046887114E-003
  0.47718088929201491       -1.1549248023281166E-003
  0.57449478216170902        1.8992592505824720E-003
  0.84311824671946667        5.5251441139887595E-003
  0.80627699318786639        4.3041167197905104E-003
  0.79551573061987946        1.1148198628110624E-003
  0.62069791359006854       -1.3085628101525500E-003
  0.92981412181688228        6.9246880664974152E-003
  0.76151659693280982        5.5167347462069475E-003
  0.83088541921610259        2.1253009273816455E-003
  0.99357484151844233        8.4135536254450499E-002
  0.99698881980976040        8.2703558476082906E-002
  0.96126968344653940        7.5380639790021020E-002
  0.94825040060952726        5.4533390711802091E-002
  0.97937649744406319        6.4489324284025470E-002
  0.98369880770090146        7.1651545479248444E-002
  0.98427798324517501        9.0258191014254516E-002
  0.83935000508626145       0.22177906897442204     
  0.78645565741289014       0.19590597892690828     
  0.77983222664633456       0.20224077677783442     
  0.79958106584532040       0.19946131417052668     
  0.86824319403590922       0.21899558070053621     
  0.79831336420327426       0.20788173597004292     
  0.56572856729593324        2.4799101011279450E-002
  0.55483168021013463        8.4751966823167141E-004
  0.44101283341981823       -1.8370760649632202E-002
  0.46817920939617580       -1.0370612665447969E-002
  0.52323427706573777       -6.4404368176136234E-003
  0.65405231119970908        2.5476774128805581E-002
  0.87135578958131321        1.9621664489074078E-003
  0.81505408459752737       -8.6461834010806492E-004
  0.78128250353486850       -6.8462720169913715E-004
  0.75042574048384325        3.7369930714168309E-003
  0.82263090632500357        8.6660225717047866E-004
  0.57878243786405381       -5.3442707312885435E-003
  0.60943734215619572        3.7478703672659777E-002
  0.47227768158130307       -2.1772687804446937E-003
  0.50134887060554612        1.0759656352642602E-003
  0.54856305726808541        4.2652573153633314E-002
  0.69126123507595427       -3.3462569972034603E-002
  0.64230575538365042       -5.4098435224847240E-003
  0.60166120270160794        1.0679439633908623E-003
  0.48255582534536551       -1.1953104522261194E-003
  0.57932451654323769        8.8012785027625573E-004
  0.66271356578901064        8.7154376573935952E-004
