 cosx vtec
  0.44263166175395280       -9.6162401822252549E-004
  0.38627771473215322       -3.1685733285309186E-004
  0.53228969277202509        1.2930267714109428E-003
  0.47765480688983358        7.5567409252068395E-005
  0.39696552026563764        3.9073304018642291E-003
  0.38980836507246031       -7.3190681211835254E-004
  0.44943459987553824       -5.0381838196475351E-004
  0.37532121837467008       -1.4334823602417959E-004
  0.31291842403859654        9.1280395362138908E-005
  0.46072235729332167        2.6484931139093269E-003
  0.35582101246511683        2.4790802105653944E-003
  0.19610010628859312        4.0766235908728171E-004
  0.41205633391907914       -1.5515789069554193E-003
  0.32477091063311914       -3.5281456368758475E-003
  0.31730655114337841       -1.1035258684171378E-003
  0.36896348445060334        4.7901094501673130E-004
  -3.6758078000212413E-002  0.10729922832570163     
  -6.5042076327638809E-003  0.12261495911962182     
  -8.0198093603655429E-002   7.9455081797138630E-002
  -4.7174212647525193E-002  0.11227182130513493     
  0.43747335945428201       0.23299099210043162     
  0.43298245886094411       0.23848472930534723     
  0.35744955300727038       0.24579306243113461     
  0.39305069278072935       0.24387617783107565     
  0.40255981753512238       0.23595003965126718     
  0.41318291437592469       0.24536648206127828     
  0.24160253024172784       0.18116790074331321     
  0.24447468420772384       0.18711093450550123     
  0.21553963727988307       0.18987606643068172     
  0.30075529166721443       0.21150504713415480     
  0.18462412808577139       0.18739092016021178     
  0.24203533322721932       0.18751340178758585     
  0.47412568868495730        1.7863194930720187E-002
  0.48828079639881911        1.9575283317887330E-002
  0.41738829223233909        3.0287222014354839E-002
  0.40252892132301871        1.6668697761839574E-002
  0.29422125107808617        1.3116161486377044E-002
  0.48944443250162534        2.5127913673000962E-002
  0.37677691069334940        1.0602088710713380E-002
  0.42089362410493991        1.3917213258329682E-002
  0.29117167152290446        1.0555076789434181E-002
  0.17990608280036008       0.18163321329719903     
  0.19407411630361698       0.18364688198242726     
  0.10009953474142140       0.17466758563093754     
  0.16378844914497581       0.17416515867053778     
  0.29368266333450299       0.15282663361311893     
  0.36468223555876017       0.18282056158905738     
  0.31333723766120081       0.16106935157295429     
  0.22009349800197361       0.15907872351079722     
  0.45805025036810437       0.19583999216562853     
  0.25155005817115383       0.15789407856856472     
  0.28706578579605402       0.15939434382024795     
  0.79943917206528170        5.2849905566731969E-002
  0.72474393591914021        3.8106920053663500E-002
  0.85190815389768826        6.3276848475789002E-002
  0.80452361310820752        7.0919116972806243E-002
  0.82385676577400346       0.10519336145341916     
  0.74656419670772245        5.0497807114577992E-002
  0.86697896971092459       0.10388572255787835     
  0.72446191895787038        5.3512534605510184E-002
  0.85895975905223332        7.5890816554633062E-002
  0.70731105980695341        6.5135368128468984E-002
  0.82128284111175542        6.0586009130342254E-002
  0.23624691535082970       -1.1004490245101013E-003
  0.17917619876766477       -8.3599036980587562E-005
  0.26013062437957879       -7.6881997226430749E-004
  0.30962305631662174       -1.8436084074217239E-004
  0.18878664332681666        8.0550389157429145E-004
  0.18036034704920945        9.8471546486337408E-004
  0.17768907597279066       -6.6271548454806327E-004
  0.61451201435758351        5.8068373183961623E-002
  0.61642416460696781        6.6928927599418278E-002
  0.55532053125760350        7.8420673010781289E-002
  0.54619163824770367        6.1524758571879119E-002
  0.39859121287194599        3.4345231023820519E-002
  0.62166569460139354        6.3733997491919478E-002
  0.51561383879640266        4.5257741978062357E-002
  0.74891509934070588       0.10812904251234406     
  0.56513463179169976        6.0545584113714725E-002
  0.32568848607849910        9.8655685494388690E-002
  0.42500789245380011       0.13308650335389738     
  0.30074417185035224        5.5964969898950119E-002
  0.35034534911683407       0.10687066290385225     
  0.24777256051841673       0.10745699758102502     
  0.48286660378039303       0.13555866064375602     
  0.28792363702951879        9.3728464902475037E-002
  0.32308624431329891       0.10544067617861003     
  0.68210871705250276        4.4498150413293282E-003
  0.61978067143540305        1.7487307358282290E-002
  0.76149501425357635        4.1352447010887541E-002
  0.68819429155372924        2.9894771136291815E-002
  0.71251161169919852        4.3363388991551628E-002
  0.63596772004750379       -3.1374722056225199E-002
  0.76975352591015300        4.4487769866509388E-002
  0.61787818876555889        9.1331953273705319E-003
  0.76544864254025768        3.6179897849154104E-002
  0.61123361832753464        1.7362169594392445E-002
  0.72440786846020144        2.1612762921603676E-002
  0.15376243937087450        6.7539068959038440E-002
   4.6906735957536395E-002   5.4977674025444352E-002
  0.11778127881569848        5.8772998018942098E-002
  0.45185997630148422        1.2428388263224378E-003
  0.39814383921364338       -2.6804108066335843E-004
  0.56075254661526897        5.3309663252945824E-003
  0.48933757802626665       -1.7674594537552189E-004
  0.40858749897454416        1.4058700887975260E-003
  0.40045825069213925        3.4385848994467221E-003
  0.65901149414845750        7.1561491682741601E-004
  0.38156056686087447       -1.9313477136490538E-003
  0.47522994131771235        4.6256906650562378E-004
  0.90142030451844868       0.26215514191980205     
  0.87003662140171967       0.25579646739042927     
  0.89640913277578871       0.25371490527562868     
  0.46063375234877574       0.14616974875789149     
  0.36424909617184253       0.13480062142992202     
  0.36142868210468160       0.13244874296649659     
  0.24626185989586402       0.12622566330818735     
  0.38751993453646838       0.13218300977472652     
  0.30016077327891477       0.13403129489593524     
  0.37227858513953027       0.16718654530471480     
  0.27204110860831077        4.5253359407055623E-004
  0.19873697238332380        9.6129781111855802E-004
  0.36800930087239092       -3.0777218663015225E-003
  0.23729262032887904        1.1174027867113141E-003
  0.12189379374699663        4.3087592295885479E-004
  0.31607228688250905       -2.2641791912794453E-003
  0.21388951049559618       -1.7650548315984085E-003
  0.20310970007630050        8.1385757764911872E-004
  0.25241678061194628       -4.3943034735775886E-004
  0.94756648172420299       0.13828575727672404     
  0.96595822927070296       0.13496985917050677     
  0.99446438519756120       0.17457448895407282     
  0.96104595661353720       0.13312764346030101     
  0.97775503994036961       0.13731931094613789     
  0.93890543375868085       0.14286392655987321     
  -7.9092177640568070E-002   9.2524625267465410E-002
   4.3612982806531975E-002   1.8039901042231622E-002
   3.3701713501491037E-002   9.4478455624341824E-003
  -3.8108081324066290E-002   7.0401137222157381E-004
  -2.1485607181426281E-002   6.7728585436055448E-003
   6.7590704709361030E-002   1.3401480297468547E-003
  -1.2719693533133708E-002  -2.2287743463634928E-003
   4.1929197946318150E-002   4.6502114942599477E-003
  -7.8823280548850724E-002  -5.4593737072498264E-003
  0.14878095497456756       -2.8915610890522516E-003
   3.5199146612452381E-003  -3.4230545147837048E-003
  -1.0351970036493158E-002  -3.1479813156236563E-003
   5.4072646001504382E-002   1.0378312096303243E-003
  0.49427807241927668        7.8589178373334942E-004
  0.44010006858298062        8.1466062100912489E-003
  0.62231583356013453       -1.6584863994053397E-002
  0.51837596031637834       -1.3931294641972591E-003
  0.53389364573897735        5.5444735493517883E-003
  0.45145889568787323        9.1762047814772235E-003
  0.44046549586851524       -1.2828109273727184E-002
  0.65192439206816755        3.2156347579018912E-003
  0.43266356413079576       -1.6253284049114482E-003
  0.54894668823456316        7.0115968919918338E-003
  0.57842703154128972       0.15502508079457533     
  0.50096791148152975       0.15193625256534618     
  0.49844416025448851       0.14234849483706394     
  0.34081532159382383       0.14808115052818685     
  0.52314764609354469       0.15622842766649297     
  0.42425995786294735       0.16013105653987095     
  0.72600733990131705       0.24981006337795672     
  0.64114022616144950       0.23712981313967793     
  0.64260889874041793       0.27819200677065820     
  0.70883489683678969       0.24906902391523478     
  0.75873216186468118       0.25112652606919900     
  0.60613186581900103       0.25379079357669648     
  0.63887040790711958       0.23963081729763375     
  -8.7465539948145488E-002  0.20000990441896402     
  -9.4283893101575922E-002  0.21680856679272215     
  -6.6557648731383257E-002  0.23013724365828847     
  0.92145664238216007       0.12439328161424504     
  0.95836958676818773       0.12268714835724899     
  0.90917037825959235       0.13250280893800487     
  0.96776305938949259       0.14929554268333578     
  0.94191111713742903       0.12294461422415401     
  0.94063102394562470       0.13888483793408246     
  0.95399186936206615       0.16177407630208820     
  0.94326994858002955       0.14745223535839036     
  0.53138190675575014       0.24713170551468802     
  0.47821829615129824       0.23721193722235798     
   6.6375852199290153E-002   1.2527483998860428E-003
  0.15539303692931222       -1.7301745083221845E-004
   1.3242521483302516E-002  -3.1242440398636237E-003
   5.1030034566283411E-003  -1.7347450135841900E-003
   1.2235607770086365E-003   2.6230552523900720E-003
   7.0406988685014923E-002  -1.9788785958775273E-003
  -2.0169046482527278E-002   3.0912012073850120E-003
  0.15566552675115758       -6.3503376515465252E-003
  -5.2337841237563146E-002  -6.4708599269172379E-004
   9.6438625042694071E-004  -7.8571204327096563E-004
  0.61088861425019492        9.9820059252443555E-003
  0.54158021426561531       -3.7000416006854219E-004
  0.65355290080689299        1.8675346546876515E-002
  0.58260523979245593        1.4043305679535661E-002
  0.63410073867065297        1.3691458398637160E-002
  0.55368183778469982       -3.2657256707119119E-003
  0.55062632076225870        3.4037502207289396E-003
  0.74826782233957445        3.1281954673396055E-002
  0.60052224051985037        1.2257620280420930E-002
  -1.4118401428283245E-002  -3.0756226850504678E-003
   4.2119863822435433E-002   1.0429660983790989E-003
   1.4334849088955576E-002  -3.9392958123306140E-003
  -5.9548614252674853E-002  -2.6960714250803385E-003
  -9.7989434440964029E-003  -1.8727780249503010E-003
   3.7711763612318927E-002  -1.1094276968550666E-003
  0.44522393071955130        9.8461162684642806E-002
  0.53019289067083275       0.13174878465105111     
  0.41600266174328238        7.6485740926834231E-002
  0.46849187917826596       0.10454917800673171     
  0.35408263134723161       0.11754210326410783     
  0.56230162721405830       0.11888509311478077     
  0.40589379049695634        9.7090992999645923E-002
  0.44317471150206933       0.10509869906497141     
  0.92208362864811932       0.24900590984499346     
  0.87853622975442813       0.22365486852961142     
  0.84341532296722210       0.31946926041257023     
  0.88237622104359748       0.23657501750403848     
  0.95621701019120864       0.27576256098499924     
  0.88182548467836441       0.24673764574183799     
  0.90707759945484701       0.23544226493101264     
  0.77076459396003272       0.16105346369551943     
  0.83643794538347405       0.27503329833987039     
  0.85501878271355014       0.28070750620823104     
  0.92533886800604404       0.13561832585111258     
  0.96390868836412369       0.14488049082489490     
  0.90292909150574552       0.14099650179983431     
  0.95233534409422371       0.14005128467219471     
  0.94653353009666064       0.12712883641484735     
  0.92787145321342135       0.14563795754615758     
  0.94991289522267652       0.14434854905661090     
  -4.9640810637904265E-002   9.1890626038973619E-002
  -4.9570392161054688E-002   8.9232693140954458E-002
  -7.6282071636308346E-002  0.10785865931896235     
   7.4314664761942484E-003   9.8507271950027134E-002
  -4.0962352664182244E-002  0.10911163290952455     
  -8.5115161035194786E-002   5.4750847723127635E-004
  -8.0996220992455792E-002   8.3129325865411764E-004
  0.20275671582452240        8.4916412160106983E-004
  0.13939624011927731       -5.4668864384596884E-005
  0.36636206416981010       -1.3352013552095448E-003
   4.0394988270318288E-002  -4.2244938179285637E-004
  0.25881586209779844       -3.3303824079798957E-003
  0.15131737358845099        2.9710001599958600E-004
  0.14218014924239189        4.4567733278943306E-004
  0.20607033841534167       -2.3710797897497052E-003
  0.24783365185134271       -8.5020807505557317E-004
  0.31306969897594417       -1.5506346889086720E-004
  0.20195825375774823       -5.1013352026934482E-003
  0.19388909756776024       -2.5845571095877728E-003
  0.18944823682606859        4.6924016013175840E-003
  0.59345333622762120        8.3818313049875796E-003
  0.52235715295965612        2.6070822242617044E-003
  0.63488628592882523        1.8072617873496892E-002
  0.56276546255499205        1.3724598829335260E-002
  0.61656777930723772        1.3313824791760968E-002
  0.53446055752725885        2.0056339037771636E-004
  0.53190591930834974        4.3708906987681489E-003
  0.74165408713846281        3.5249432613144997E-002
  0.58048517188831172        1.1506305277751162E-002
