 cosx vtec
  0.36699551139148906       -9.6162401822252549E-004
  0.30909508959497284       -3.1685733285309186E-004
  0.47288786617879514        1.2930267714109428E-003
  0.40713464473010319        7.5567409252068395E-005
  0.31181899050065232        3.9073304018642291E-003
  0.32006947644788186       -7.3190681211835254E-004
  0.39395281845397478       -5.0381838196475351E-004
  0.32565904702253207       -1.4334823602417959E-004
  0.26219441687419343        9.1280395362138908E-005
  0.42803857737428708        2.6484931139093269E-003
  0.34562645545643994        2.4790802105653944E-003
  0.17923891303395834        4.0766235908728171E-004
  0.36824409919308998       -1.5515789069554193E-003
  0.26200930602527367       -3.5281456368758475E-003
  0.27499202294820496       -1.1035258684171378E-003
  0.33883769259849977        4.7901094501673130E-004
  -9.9376330714952860E-002  0.12261495911962182     
  0.47514629979878953       0.23299099210043162     
  0.46026572049925518       0.23848472930534723     
  0.41515495675556940       0.24579306243113461     
  0.44900118172613773       0.24387617783107565     
  0.42921467830569843       0.23595003965126718     
  0.56378357743896890       0.24536648206127828     
  0.40621618466637360       0.18116790074331321     
  0.40811497572445254       0.18711093450550123     
  0.38180741877989272       0.18987606643068172     
  0.45874633801820885       0.21150504713415480     
  0.35205151158978287       0.18739092016021178     
  0.40684218070255945       0.18751340178758585     
  0.49672582092273887        1.7863194930720187E-002
  0.53605398961557382        1.9575283317887330E-002
  0.49179472074076408        3.0287222014354839E-002
  0.46069665286982608        1.6668697761839574E-002
  0.35221874774994327        1.3116161486377044E-002
  0.52634632670317638        2.5127913673000962E-002
  0.41497485995222394        1.0602088710713380E-002
  0.47146957329560796        1.3917213258329682E-002
  0.37380314244263013        1.0555076789434181E-002
  -9.0726398878453018E-002   1.6272398366837053E-003
  -4.2062996394063024E-002  0.16537621692818413     
  -8.1503423642483697E-002  0.16245428121964881     
  -5.3206103858805864E-002  0.16540010551223430     
  0.12152910595153585       0.18163321329719903     
  0.14507295358199523       0.18364688198242726     
   5.0718817552381404E-002  0.17466758563093754     
  0.11509868375116410       0.17416515867053778     
  0.19091060946195992       0.15282663361311893     
  0.27861168945761694       0.18282056158905738     
  0.21683654292126345       0.16106935157295429     
  0.12240133304098941       0.15907872351079722     
  0.36453743208585121       0.19583999216562853     
  0.13758675904336334       0.15789407856856472     
  0.19041385262834387       0.15939434382024795     
  0.70679644999302349        5.2849905566731969E-002
  0.62360559540304750        3.8106920053663500E-002
  0.77407641054310072        6.3276848475789002E-002
  0.69520803824229271        7.0919116972806243E-002
  0.73706825203264392       0.10519336145341916     
  0.64115258654545437        5.0497807114577992E-002
  0.76982247870534415       0.10388572255787835     
  0.63474199195367165        5.3512534605510184E-002
  0.77410887329289080        7.5890816554633062E-002
  0.58334945408236294        6.5135368128468984E-002
  0.75536391410805792        6.0586009130342254E-002
  -5.7784073205791764E-002  0.19677924073786038     
  -2.9356595561562115E-002  0.19784547479312053     
   8.9768870424870084E-002  -1.1004490245101013E-003
   3.2622049588014457E-002  -8.3599036980587562E-005
   9.8432686180688400E-002  -7.6881997226430749E-004
  0.16777801622678146       -1.8436084074217239E-004
   3.8960727311519949E-002   8.0550389157429145E-004
   3.9734340659737410E-002   9.8471546486337408E-004
   2.2062484640704039E-002  -6.6271548454806327E-004
  0.64064659259154277        5.8068373183961623E-002
  0.66754753271245704        6.6928927599418278E-002
  0.62997308189086410        7.8420673010781289E-002
  0.60806466206651222        6.1524758571879119E-002
  0.46446835549195764        3.4345231023820519E-002
  0.66313390353956614        6.3733997491919478E-002
  0.55548453526066066        4.5257741978062357E-002
  0.78739662613463535       0.10812904251234406     
  0.61934197524635426        6.0545584113714725E-002
  0.19422164265580338        9.8655685494388690E-002
  0.31185860288161948       0.13308650335389738     
  0.14913131827855997        5.5964969898950119E-002
  0.22425108955273651       0.10687066290385225     
  0.12019514019260885       0.10745699758102502     
  0.36093107397377178       0.13555866064375602     
  0.14969514995281530        9.3728464902475037E-002
  0.19664692452724625       0.10544067617861003     
  0.56718447126384608        4.4498150413293282E-003
  0.50012091028816275        1.7487307358282290E-002
  0.66278433755909549        4.1352447010887541E-002
  0.55937380961300032        2.9894771136291815E-002
  0.60277282636165208        4.3363388991551628E-002
  0.51277105809298751       -3.1374722056225199E-002
  0.64949574888933015        4.4487769866509388E-002
  0.50684573243349307        9.1331953273705319E-003
  0.65789397562019525        3.6179897849154104E-002
  0.47665580659320494        1.7362169594392445E-002
  0.64086088896558480        2.1612762921603676E-002
  0.14466459692370501        6.7539068959038440E-002
   3.7752835707917369E-002   5.4977674025444352E-002
  0.10941451070927889        5.8772998018942098E-002
   2.1913350015116684E-002  0.15621543594884907     
   4.1937742880461093E-002  0.16669204073483934     
  -7.8344642173997170E-002  0.15831919765343447     
  -1.0732723804468491E-002  0.15216228660618406     
  -3.7610710281700488E-002  0.14958327736875440     
   1.6501780149144274E-002  0.15520144799549179     
  0.35188186553507961        1.2428388263224378E-003
  0.29668015103191070       -2.6804108066335843E-004
  0.47809695519638634        5.3309663252945824E-003
  0.39410283973299715       -1.7674594537552189E-004
  0.30147409471569131        1.4058700887975260E-003
  0.30577598702683090        3.4385848994467221E-003
  0.56493630088907199        7.1561491682741601E-004
  0.25359162226640930       -1.9313477136490538E-003
  0.39870631782322913        4.6256906650562378E-004
  0.95028356252170298       0.26215514191980205     
  0.91761823444265178       0.25579646739042927     
  0.93919204310343107       0.25371490527562868     
  0.58303102825552733       0.14616974875789149     
  0.50015891695346704       0.13480062142992202     
  0.49322105586430021       0.13244874296649659     
  0.37910003068713993       0.12622566330818735     
  0.51395811643395850       0.13218300977472652     
  0.43960920661266367       0.13403129489593524     
  0.51504479037733653       0.16718654530471480     
  0.24273241938550880        4.5253359407055623E-004
  0.16972620942374034        9.6129781111855802E-004
  0.35829051709839477       -3.0777218663015225E-003
  0.24367540487297729        1.1174027867113141E-003
  0.12092866755009760        4.3087592295885479E-004
  0.29370216178561337       -2.2641791912794453E-003
  0.16719258152507346       -1.7650548315984085E-003
  0.18363188568336342        8.1385757764911872E-004
  0.24442097440766369       -4.3943034735775886E-004
  0.91512054069491366       0.13828575727672404     
  0.95131677021395444       0.13496985917050677     
  0.98051984498379863       0.17457448895407282     
  0.93872700546727439       0.13312764346030101     
  0.95758374540892732       0.13731931094613789     
  0.93171753404012514       0.14286392655987321     
  0.16896261600276907        1.8039901042231622E-002
  0.15129120457018530        9.4478455624341824E-003
   7.6359045786533464E-002   7.0401137222157381E-004
  0.10196196501038468        6.7728585436055448E-003
   2.1431724776510855E-002   1.3401480297468547E-003
  -5.5602127935769269E-002  -2.2287743463634928E-003
   4.0729708403050485E-002   4.6502114942599477E-003
  -9.6946025994177856E-002  -5.4593737072498264E-003
  0.10843412522612794       -2.8915610890522516E-003
  -5.2995616058569561E-002  -3.4230545147837048E-003
  -4.5358108215565254E-002  -3.1479813156236563E-003
   3.2524829424886312E-002   1.0378312096303243E-003
  0.36945727453484345        7.8589178373334942E-004
  0.31334063038909737        8.1466062100912489E-003
  0.51676515686369795       -1.6584863994053397E-002
  0.37496844340799929       -1.3931294641972591E-003
  0.41377475626864019        5.5444735493517883E-003
  0.32080525495441820        9.1762047814772235E-003
  0.32047446966637338       -1.2828109273727184E-002
  0.53428671285982632        3.2156347579018912E-003
  0.29162545981600979       -1.6253284049114482E-003
  0.45648071671601292        7.0115968919918338E-003
  0.68991772910530991       0.15502508079457533     
  0.62617338178639170       0.15193625256534618     
  0.61954912553130481       0.14234849483706394     
  0.46638667874963113       0.14808115052818685     
  0.63846787499428326       0.15622842766649297     
  0.55621098329186192       0.16013105653987095     
  0.83364255133309073       0.24981006337795672     
  0.76331735130270595       0.23712981313967793     
  0.76581261345417617       0.27819200677065820     
  0.81512134474376763       0.24906902391523478     
  0.85734347762951568       0.25112652606919900     
  0.73109989099119987       0.25379079357669648     
  0.75960329253980086       0.23963081729763375     
   6.5721363811721223E-002  0.20000990441896402     
  -3.5243620444440238E-002  0.18849306004408550     
  -8.3117361623283037E-002  0.20000520977718561     
   1.9746936357069533E-002  0.19102871679253400     
   4.5335829754579948E-002  0.19544743668399317     
  -3.6465468897524445E-002  0.21606207179078721     
  -7.5359851418642404E-002  0.22397928138036893     
   1.6722896168485657E-002  0.21680856679272215     
   4.5591877058451635E-002  0.23013724365828847     
  0.84595394774748178       0.12439328161424504     
  0.89958722460534835       0.12268714835724899     
  0.82306429147016102       0.13250280893800487     
  0.90947858938202231       0.14929554268333578     
  0.87446492720770685       0.12294461422415401     
  0.86767356588436906       0.13888483793408246     
  0.88896314930980980       0.16177407630208820     
  0.90015300336810267       0.14745223535839036     
  0.62165745619938417       0.24713170551468802     
  0.58157020216103061       0.23721193722235798     
  -3.7755510442070095E-002   1.2527483998860428E-003
   5.5549488222791210E-002  -1.7301745083221845E-004
  -9.5014228518906285E-002  -3.1242440398636237E-003
  -9.1531728516883404E-002  -1.7347450135841900E-003
   6.5914592617565854E-002  -1.9788785958775273E-003
   1.8042392344215979E-002   3.0912012073850120E-003
  -7.4417732271709905E-002  -1.0990283110258188E-003
  0.16213434939465779       -6.3503376515465252E-003
  -3.6251251316081860E-002  -6.4708599269172379E-004
   2.8998302699317330E-002  -7.8571204327096563E-004
  -6.4223335156217726E-002   9.8326762151727080E-003
  0.57574228859563581        9.9820059252443555E-003
  0.50096006139040006       -3.7000416006854219E-004
  0.63356027208451871        1.8675346546876515E-002
  0.58275235851835139        1.4043305679535661E-002
  0.60570725089966149        1.3691458398637160E-002
  0.49694540859725611       -3.2657256707119119E-003
  0.52188042937145895        3.4037502207289396E-003
  0.71908707144926609        3.1281954673396055E-002
  0.58415577776676941        1.2257620280420930E-002
   1.5587018707857420E-002  -3.0756226850504678E-003
  0.13386084878665078        1.0429660983790989E-003
   8.7422126076244860E-002  -3.9392958123306140E-003
   8.6655798352612279E-003  -2.6960714250803385E-003
   4.3631015231373804E-002  -1.8727780249503010E-003
  0.10372697319871135       -1.1094276968550666E-003
  0.31363288026356972        9.8461162684642806E-002
  0.41614873501618432       0.13174878465105111     
  0.26629964519609428        7.6485740926834231E-002
  0.34238663173697859       0.10454917800673171     
  0.22519145207374450       0.11754210326410783     
  0.44028697246032877       0.11888509311478077     
  0.26688190078650131        9.7090992999645923E-002
  0.31646770981984745       0.10509869906497141     
  0.94983079075832455       0.24900590984499346     
  0.86418325840587640       0.22365486852961142     
  0.90727066524704858       0.31946926041257023     
  0.90850606004261780       0.23657501750403848     
  0.96934160907745415       0.27576256098499924     
  0.89670249994996931       0.24673764574183799     
  0.92869153221225242       0.23544226493101264     
  0.83452960212125749       0.16105346369551943     
  0.88586850479571333       0.27503329833987039     
  0.86443436560496267       0.28070750620823104     
  0.84569532004545478       0.13561832585111258     
  0.90303823989827525       0.14488049082489490     
  0.81796007319737896       0.14099650179983431     
  0.89069831968370050       0.14005128467219471     
  0.87614489191333789       0.12712883641484735     
  0.85414017401546072       0.14563795754615758     
  0.88238180963004909       0.14434854905661090     
  0.11711466108906987        9.1890626038973619E-002
  0.11430507344683749        8.9232693140954458E-002
   2.2370385269096738E-002   7.9305013365230340E-002
   9.4332568349221435E-002  0.10785865931896235     
  0.16613153408019438        9.8507271950027134E-002
   6.4449003822083462E-002   8.8057338305888105E-002
  0.12905960834138247       0.10911163290952455     
   2.0098227893571463E-002   5.4750847723127635E-004
  -2.0453500341742981E-002  -4.2505274616567703E-004
  -9.6378027601115135E-002  -1.3171948025796579E-003
  -6.4376515065495465E-002  -1.8023279581236178E-003
   2.3243176412858779E-003   8.3129325865411764E-004
  -7.6956247336850608E-002   1.6411836388117915E-003
  0.13666678326343429        8.4916412160106983E-004
   7.4177336356273438E-002  -5.4668864384596884E-005
  0.32140620339012249       -1.3352013552095448E-003
   5.4426218488690392E-003  -4.2244938179285637E-004
  0.19791536283771569       -3.3303824079798957E-003
   7.6672896614227271E-002   2.9710001599958600E-004
   8.3974722957142603E-002   4.4567733278943306E-004
  0.16195210294084833       -2.3710797897497052E-003
  -9.7831720410845036E-002   5.5167347462069475E-003
   1.6310230953319071E-002  0.22177906897442204     
  -9.0426355898596211E-002  0.19590597892690828     
  -3.7746870822994716E-002  0.19946131417052668     
  -7.1443371674406730E-002  0.21899558070053621     
  -1.0518900436054135E-002  0.20788173597004292     
  0.11248565130290322       -8.5020807505557317E-004
  0.18223144133872299       -1.5506346889086720E-004
   6.2761709692369660E-002  -5.1013352026934482E-003
   6.4324695306487822E-002  -2.5845571095877728E-003
   4.2083689527875667E-002   4.6924016013175840E-003
  0.56440120764166535        8.3818313049875796E-003
  0.48778167515808390        2.6070822242617044E-003
  0.62138224483821480        1.8072617873496892E-002
  0.56757957676315451        1.3724598829335260E-002
  0.59457441134223332        1.3313824791760968E-002
  0.48172802405724197        2.0056339037771636E-004
  0.50970405510093286        4.3708906987681489E-003
  0.71838608859093012        3.5249432613144997E-002
  0.57039553738170423        1.1506305277751162E-002
