 cosx vtec
  -7.2360858012701673E-002   3.1388095203105523E-002
   7.4680853179758117E-002   4.8858144319178523E-002
  -9.5636820544164197E-002   1.2930267714109428E-003
  0.50594208855330536       -1.2897270245265243E-003
  0.36719246106053655       -1.5853890733796313E-003
  0.28122099111896681        2.7911010227498938E-003
  0.20590690598780798        2.5617719413499748E-004
  0.33994562380089166        1.3981685127904576E-003
  0.36617294248553273       -5.1007868414364495E-003
   1.8586001198348606E-002   2.6484931139093269E-003
   9.5783280570447840E-002   2.4790802105653944E-003
  -8.0518583518713674E-003   4.0766235908728171E-004
  -6.2281055141836864E-002  -1.5515789069554193E-003
  -9.4372198617259262E-002  -1.1035258684171378E-003
  -6.4986148670537619E-003   4.7901094501673130E-004
  0.38945658483111001       0.23299099210043162     
  0.33132792188587679       0.23848472930534723     
  0.46391303584536731       0.24579306243113461     
  0.46951952282327325       0.24387617783107565     
  0.31502107169920091       0.23595003965126718     
  0.99025722751429335       0.24536648206127828     
  0.99329817989743741       0.18116790074331321     
  0.98924931303173347       0.18711093450550123     
  0.99119271766995576       0.18987606643068172     
  0.98255463597002324       0.21150504713415480     
  0.98435250801678120       0.18739092016021178     
  0.99452724819828231       0.18751340178758585     
  0.32343958665269990        1.7863194930720187E-002
  0.46566801046211959        1.9575283317887330E-002
  0.57971816302866142        3.0287222014354839E-002
  0.48553904683144639        1.6668697761839574E-002
  0.43867018433544980        1.3116161486377044E-002
  0.40733191032815341        2.5127913673000962E-002
  0.36654824672712805        1.0602088710713380E-002
  0.45224721863937800        1.3917213258329682E-002
  0.57068256566007358        1.0555076789434181E-002
  -1.1923907076600793E-002  -1.2436391499969313E-003
  0.35520217255509523        2.0479110461447654E-004
  0.20305111378470375       -4.5297425071958546E-003
  0.16257841980724175        3.3594982712548912E-003
  -3.1560544437008509E-002  -1.0845568661108529E-002
   1.2458538087439630E-002   2.4618362171800252E-002
  0.13266155496821530       -3.8686800322529163E-002
  0.22791062092888509        4.1191537438215890E-004
  0.59292290200525211        2.3041674179984772E-003
  0.52987273435824100       -2.7525199677435008E-004
  0.46931548745467827       -1.2724938539822386E-003
  0.37981308337771352       -2.9124891541573404E-003
  0.51680500477512514        1.6272398366837053E-003
  0.52296675351266231       -1.8118724865727565E-004
  0.81226762926567919       0.16537621692818413     
  0.72619579803177847       0.15934392381651821     
  0.68674015971946734        2.5444023499378923E-002
  0.77280678579789763       0.16245428121964881     
  0.77803978981082877       0.15838180996555629     
  0.78966362253750066       0.16540010551223430     
  -5.9777276790669742E-002   6.3276848475789002E-002
  -9.4769663186556802E-002   7.5890816554633062E-002
  -8.3036353306843447E-003   6.0586009130342254E-002
  0.58309724158589382       0.19077796878947312     
  0.55225466373664955       0.19748407119543368     
  0.63056137702517145       0.19677924073786038     
  0.64877009415231957       0.19784547479312053     
  0.40212260062827304        5.8068373183961623E-002
  0.53815998485919958        6.6928927599418278E-002
  0.63956539424443781        7.8420673010781289E-002
  0.56653654286322286        6.1524758571879119E-002
  0.52558782060065412        3.4345231023820519E-002
  0.48813496933842049        6.3733997491919478E-002
  0.43449942110835271        4.5257741978062357E-002
  0.52595595795364170       0.10812904251234406     
  0.53309014729276516        6.0545584113714725E-002
   1.5998295966556553E-002   6.7539068959038440E-002
  -2.9636728649963213E-002   5.4977674025444352E-002
   4.6901057093801171E-003   5.8772998018942098E-002
  0.86559038104465569       0.15621543594884907     
  0.88454801581560960       0.16669204073483934     
  0.79252720224107687       0.15831919765343447     
  0.83904804881302542       0.15216228660618406     
  0.83752037343524544       0.14958327736875440     
  0.85342621049228651       0.15520144799549179     
  -2.3366436087294606E-002  -2.0566632077150596E-002
  -4.5077635987244624E-002  -1.2701386721718732E-002
  -8.1137329573454819E-002  -5.6288340745692606E-003
   5.3794014062445772E-002  -4.6381131940633384E-003
  0.10672861641798280       -6.4994435822044718E-003
  -1.9345065092824243E-003  -1.5193500429710259E-003
  -5.4189207303633136E-002  -1.0268789279195456E-003
   5.0300607852040130E-002  -2.8028151825057441E-004
   5.9059408547729508E-002   1.7706911728363754E-002
   6.6003063291326325E-002   8.3064049308213578E-004
  -9.5287626191073505E-002  -9.0239836387568228E-003
  -4.7967339988736313E-002   2.1763725522982606E-002
   1.9494106950271151E-002  -7.8960665841218552E-003
  0.23720178558715466        8.2147199687336817E-002
  0.64683410149585652       0.26215514191980205     
  0.62658453262061031       0.25579646739042927     
  0.61180455561222913       0.25371490527562868     
  0.73400439870689715       0.17979436456887404     
  0.62058023368255033       0.16086609414302988     
  0.58865121708769308       0.16159190962225733     
  0.66893637167260867       0.16379153790527184     
  0.68734486790512950       0.16523917677199620     
  0.68966966038666944       0.16719070424129434     
  0.85776552067889045       0.14616974875789149     
  0.88999879652737401       0.13480062142992202     
  0.86652082733568214       0.13244874296649659     
  0.82332261430137410       0.12622566330818735     
  0.84861551601282836       0.13218300977472652     
  0.88195955282590588       0.13403129489593524     
  0.93050831376959364       0.16718654530471480     
  0.66461331153105307        4.4968026919053892E-003
  0.62532226208327613        4.2981282663374643E-003
  0.56100549663205523        1.4764253058574511E-003
  0.62535201319914901        7.5457911314361602E-003
  0.60671252681939269        8.4268154823119001E-004
  -4.3194513422909274E-002   4.5253359407055623E-004
  -7.2680295006696996E-002   9.6129781111855802E-004
  0.10352858395032735       -3.0777218663015225E-003
  0.13520753016524506        1.1174027867113141E-003
   4.6488561561330410E-002   4.3087592295885479E-004
   1.3032806011604087E-002  -2.2641791912794453E-003
  -1.9237937768599438E-002   8.1385757764911872E-004
   6.3814320845101843E-002  -4.3943034735775886E-004
  0.22640819243015758       0.13828575727672404     
  0.33055906278077657       0.13496985917050677     
  0.34642366069327607       0.17457448895407282     
  0.28692856756688984       0.13312764346030101     
  0.30563909289590602       0.13731931094613789     
  0.35941712882432147       0.14286392655987321     
  -9.1182168190231949E-002  -6.3980360992366920E-003
  -9.2413055590297694E-002  0.15366162381360923     
  0.57138497881291705        8.7806748522432240E-002
  0.34171586311618962        4.9557197440978550E-002
  0.22458309958851019        3.7410694713585532E-002
  0.31358184795885263        4.7976232722304335E-002
  0.41339227069465023        6.5191784758076146E-002
  0.42329826313826457        6.2451256859090268E-002
  0.47006016644235926        8.2339747719577638E-002
  0.69682833429771918        1.8039901042231622E-002
  0.65062984337174745        9.4478455624341824E-003
  0.60326919831318515        7.0401137222157381E-004
  0.65891843865147781        6.7728585436055448E-003
   1.1296724712505772E-002   4.6502114942599477E-003
  -9.3666072771097925E-002   1.0378312096303243E-003
  0.84871660016407613       0.15502508079457533     
  0.89007305561450956       0.15193625256534618     
  0.86681262162138106       0.14234849483706394     
  0.82411109861839793       0.14808115052818685     
  0.84598869405282673       0.15622842766649297     
  0.89403444007973398       0.16013105653987095     
  0.89046110996384065       0.24981006337795672     
  0.93315090512882570       0.23712981313967793     
  0.93932932669312341       0.27819200677065820     
  0.87587720156619342       0.24906902391523478     
  0.85551146797131816       0.25112652606919900     
  0.93340210166348292       0.25379079357669648     
  0.92437250427802709       0.23963081729763375     
  0.79186122337280018       0.20000990441896402     
  0.69153365389586552       0.18849306004408550     
  0.65564730082730582       0.20000520977718561     
  0.73590992263525323       0.19102871679253400     
  0.75021195636491500       0.19544743668399317     
  0.51051801895493987       0.21606207179078721     
  0.47955159839842132       0.22397928138036893     
  0.56071206111024718       0.21680856679272215     
  0.57865832592869981       0.23013724365828847     
  -1.7668956345688880E-002  0.12439328161424504     
   8.8472361984768821E-002  0.12268714835724899     
  -8.0261171145572935E-002  0.13250280893800487     
   9.5151709456898603E-002  0.14929554268333578     
   3.4606064080334342E-002  0.12294461422415401     
   4.2389224078062115E-003  0.13888483793408246     
   5.2813188096579256E-002  0.16177407630208820     
  0.16683960097251177       0.14745223535839036     
  0.71395330271900914       0.24713170551468802     
  0.76216193193312420       0.23721193722235798     
  0.65862664549275596        1.8930705919911962E-002
  0.63829144427792572        1.1916057871492762E-002
  0.56500300920525692        2.6299998063288428E-002
  0.54816680068924617        3.0246794274645942E-002
  0.50426121898905785        1.8192433725313806E-002
  0.64516926436236144        2.2596442649661611E-002
  0.59191958947507550        3.6811161512725413E-002
  0.69462769481334541        1.8706940296745276E-002
  0.61226382042648497        4.3737613825485785E-002
  0.64785001696832856        5.4220707082015401E-002
  0.47090484346556649        2.2100578287264510E-002
  0.47455763583205002        3.8172727753038857E-002
  0.29757615264229909        3.4166946097695702E-002
  0.43504875479763422        3.9101947776732475E-002
  0.54192867917350374        3.1988908536078074E-002
  0.51948392951447664        1.7970343024593889E-002
  0.59265043657871808        4.5846785742042269E-002
   5.5584527670735212E-003  -1.9788785958775273E-003
  0.19822384311305688        3.0912012073850120E-003
  0.11818565015777806       -1.0990283110258188E-003
  0.10104425172614019       -6.3503376515465252E-003
   6.4848747145935179E-002  -6.4708599269172379E-004
  0.15211393531679254       -7.8571204327096563E-004
  0.26671789683284369        9.8326762151727080E-003
   6.4821295120770395E-002  -6.6559077245274684E-002
   5.0709512997859751E-002   1.2596067335274474E-002
  -6.2066107896969536E-002   6.6438648602652759E-003
   1.4807007056183263E-002  -5.4175284405365660E-003
  0.13105210502042861        2.9433060817074527E-002
  0.40847260521602557       0.16996716393424466     
  0.38147341071913987       0.16878339842997775     
  0.46479781725123215       0.17779457800968479     
  0.49320311225500296       0.19331008144297543     
   6.8965415411538944E-002   9.9820059252443555E-003
   9.9410610906669750E-003  -3.7000416006854219E-004
  0.16906883282829177        1.8675346546876515E-002
  0.24795624513294362        1.4043305679535661E-002
  0.11535556146353543        1.3691458398637160E-002
  -7.2137847085711027E-002  -3.2657256707119119E-003
   7.8035971898936685E-002   3.4037502207289396E-003
  0.15952870240808892        3.1281954673396055E-002
  0.16619440275505659        1.2257620280420930E-002
  0.24927686608505698        2.5771873650454365E-003
   8.8973757558462541E-002  -1.3529777179666987E-003
  -4.8926809707069974E-004   7.4402037411422828E-004
  0.16564726609719482        7.6328347695225137E-004
  0.15476062441508617       -3.0756226850504678E-003
  0.51432257698023531        1.0429660983790989E-003
  0.40159121230408423       -3.9392958123306140E-003
  0.34387687941750766       -2.6960714250803385E-003
  0.28497780371254700       -1.8727780249503010E-003
  0.37323815155295492       -1.1094276968550666E-003
  0.15399059983249633       -6.5629287989389468E-002
  0.16781509233783545        3.7236779886469638E-002
  -1.8148397253278936E-002   2.3331244339242788E-002
   4.7134763098242161E-002   5.3890500421188120E-002
  0.11931244136106084       -2.5957776823408510E-002
  0.28164276168963454        1.1119219847883991E-003
  0.23388804833109356        4.7128949035861690E-003
  0.14962976476987638        8.2660410074114427E-002
  -5.1481615436501871E-002   5.3228857593158180E-002
   5.7518977649671926E-002   7.3020605151964693E-002
  0.12358800176439974        7.8166746204510071E-002
   2.6837110487479027E-002   9.1071406014058096E-002
  0.23741749045068755        9.4915412526753465E-002
  0.31695207483674531       0.12187381817133008     
  0.54133095164577683       0.24900590984499346     
  0.29503294732795671       0.22365486852961142     
  0.70335577427312290       0.31946926041257023     
  0.51573367418034244       0.23657501750403848     
  0.47668182232301293       0.27576256098499924     
  0.45460567033688271       0.24673764574183799     
  0.50177509391335040       0.23544226493101264     
  0.67204612833092370       0.16105346369551943     
  0.62233640537229062       0.27503329833987039     
  0.41367899479280379       0.28070750620823104     
  -3.8430110106938253E-002  0.13561832585111258     
   7.9522604435376065E-002  0.14488049082489490     
  -7.6755711668142157E-002  0.14099650179983431     
   7.0464509067414027E-002  0.14005128467219471     
   2.0644059836900541E-002  0.12712883641484735     
  -5.3616160249949640E-003  0.14563795754615758     
   3.7541268255298299E-002  0.14434854905661090     
  0.88133365874592551        9.1890626038973619E-002
  0.86577845419215194        8.9232693140954458E-002
  0.81265014376941203        7.9305013365230340E-002
  0.89091535709465708       0.10785865931896235     
  0.86195396698641080        9.8507271950027134E-002
  0.85554935869233373        8.8057338305888105E-002
  0.90269186519459144       0.10911163290952455     
  0.53431240231009558       -3.3425157168294802E-003
  0.48446485847556842       -3.8818913480724538E-003
  0.39248649653621959        8.9833006876898162E-003
  0.36392135435650236       -1.3661553311033220E-002
  0.32756589802449698       -8.8073565653271145E-004
  0.51918428103684600        4.9149835120062069E-003
  0.41472721449372824       -2.4785332552559099E-003
  0.53325090026032052        5.4750847723127635E-004
  0.43952210252747853       -4.2505274616567703E-004
  0.38063867333909218       -1.3171948025796579E-003
  0.31642800577081615       -1.8023279581236178E-003
  0.41652569760644659        8.3129325865411764E-004
  0.45055788619115500        1.6411836388117915E-003
  0.66945723152151904       0.13246439172701949     
  0.53578269148501545       0.11013581044319495     
  0.35945626679073728       0.11128465476742398     
  0.50520633864190501       0.11089543821439511     
  0.59098994265534244       0.11116968048219136     
  0.59846075961189515       0.10889889671508828     
  0.62145628334845859       0.12766311865842941     
  -8.7854755166379056E-002  -1.3352013552095448E-003
  0.27159934816768427        9.8087097748654267E-004
  0.17941606717939551        9.4037645013731136E-004
  0.11619978905105507        1.0679193046887114E-003
  0.24951627180393440       -1.1549248023281166E-003
  0.25739131536870136        1.8992592505824720E-003
  0.65489833265162034        5.5251441139887595E-003
  0.61103826695429675        4.3041167197905104E-003
  0.54991219665687252        1.1148198628110624E-003
  0.41953655304259690       -1.3085628101525500E-003
  0.72144845617731002        6.9246880664974152E-003
  0.60581135105509920        5.5167347462069475E-003
  0.59697736670528423        2.1253009273816455E-003
  0.70398157554321461        8.4135536254450499E-002
  0.72526018745070897        8.2703558476082906E-002
  0.60146193741459952        7.5380639790021020E-002
  0.56185908742205470        5.4533390711802091E-002
  0.66089007205317263        6.4489324284025470E-002
  0.64462574260482031        7.1651545479248444E-002
  0.69308465654875784        9.0258191014254516E-002
  0.74875777325180004       0.22177906897442204     
  0.63257590189727075       0.19590597892690828     
  0.60003191655034771       0.20224077677783442     
  0.67850228565391357       0.19946131417052668     
  0.71688891975681568       0.21899558070053621     
  0.69515928358295453       0.20788173597004292     
  -9.2707387215764603E-002   2.4799101011279450E-002
   1.7867289567110312E-002   2.5476774128805581E-002
  0.52527220128968266        1.9621664489074078E-003
  0.45627374244436208       -8.6461834010806492E-004
  0.35667660395478318       -6.8462720169913715E-004
  0.48170134640593543        3.7369930714168309E-003
  0.40907527822063972        8.6660225717047866E-004
   9.4547391939618058E-002   8.3818313049875796E-003
   3.4496614738184522E-002   2.6070822242617044E-003
  0.19626267045871199        1.8072617873496892E-002
  0.26479489044616983        1.3724598829335260E-002
  0.14255159133906586        1.3313824791760968E-002
  -5.8625162378607903E-002   2.0056339037771636E-004
  0.10550700120695172        4.3708906987681489E-003
  0.18871964639315003        3.5249432613144997E-002
  0.19166091885532993        1.1506305277751162E-002
  -6.0640164451302381E-002  -5.3442707312885435E-003
  -4.1876333124354792E-002   3.7478703672659777E-002
   6.6683426527067491E-002  -3.3462569972034603E-002
  0.30565234643011396       -5.4098435224847240E-003
  0.20130900070629562        1.0679439633908623E-003
  0.12255631418455906       -1.1953104522261194E-003
  0.30088898940232700        8.8012785027625573E-004
  0.26942288808078402        8.7154376573935952E-004
