 cosx vtec
  0.50481867230983901       -9.6162401822252549E-004
  0.45172348632159570       -3.1685733285309186E-004
  0.57551816550411505        1.2930267714109428E-003
  0.53366166864152387        7.5567409252068395E-005
  0.47005045290201308        3.9073304018642291E-003
  0.44770312311935062       -7.3190681211835254E-004
  0.49126053764667788       -5.0381838196475351E-004
  0.41357944379511857       -1.4334823602417959E-004
  0.35413456270513261        9.1280395362138908E-005
  0.47940732074563408        2.6484931139093269E-003
  0.35520412746397784        2.4790802105653944E-003
  0.20700289671431771        4.0766235908728171E-004
  0.44334844475446422       -1.5515789069554193E-003
  0.37766451491557823       -3.5281456368758475E-003
  0.34997987981170364       -1.1035258684171378E-003
  0.38787850690985570        4.7901094501673130E-004
   6.3883311730512871E-002  0.10729922832570163     
   8.6565542518029726E-002  0.12261495911962182     
  -1.3340023937633227E-002  0.10407521999405821     
   3.0500431182345134E-002   7.9455081797138630E-002
   4.6368353341860291E-002  0.11227182130513493     
  0.38650801171704641       0.23299099210043162     
  0.39254324357950332       0.23848472930534723     
  0.28888322486611651       0.24579306243113461     
  0.32515755676544500       0.24387617783107565     
  0.36367337973481800       0.23595003965126718     
  -4.8057096904025209E-002   1.5687779507678255E-003
  0.25002789684327242       0.24536648206127828     
   6.9647904784942094E-002  0.18116790074331321     
   7.3406152709133865E-002  0.18711093450550123     
   4.2722792605880466E-002  0.18987606643068172     
  0.13362594746113182       0.21150504713415480     
   1.1587033562774685E-002  0.18739092016021178     
   6.9874364219303875E-002  0.18751340178758585     
  0.43711948651592364        1.7863194930720187E-002
  0.42567143744188046        1.9575283317887330E-002
  0.33029973096906912        3.0287222014354839E-002
  0.33213055151230553        1.6668697761839574E-002
  0.22728399007907868        1.3116161486377044E-002
  0.43767101606377212        2.5127913673000962E-002
  0.32713078502584292        1.0602088710713380E-002
  0.35752903441834877        1.3917213258329682E-002
  0.19969309621279471        1.0555076789434181E-002
  0.23281670405670818       0.18163321329719903     
  0.23717843488023896       0.18364688198242726     
  0.14643877805130839       0.17466758563093754     
  0.20750158511620054       0.17416515867053778     
  0.38753131759685411       0.15282663361311893     
  0.43967209585543571       0.18282056158905738     
  0.40031733846257178       0.16106935157295429     
  0.31109823302760753       0.15907872351079722     
  0.53764544280491400       0.19583999216562853     
  0.35787013564758141       0.15789407856856472     
  0.37499536984043758       0.15939434382024795     
  0.86779133808161735        5.2849905566731969E-002
  0.80386129745799040        3.8106920053663500E-002
  0.90385509764545935        6.3276848475789002E-002
  0.88939414374138581        7.0919116972806243E-002
  0.88561280718931301       0.10519336145341916     
  0.82929183027346609        5.0497807114577992E-002
  0.93779274197198315       0.10388572255787835     
  0.79216943592796296        5.3512534605510184E-002
  0.91771158573852829        7.5890816554633062E-002
  0.80978137570291420        6.5135368128468984E-002
  0.86224750319213816        6.0586009130342254E-002
  0.37554671690207053       -1.1004490245101013E-003
  0.32028616951306427       -8.3599036980587562E-005
  0.41392462475036607       -7.6881997226430749E-004
  0.44206035599484894       -1.8436084074217239E-004
  0.33287637239684176        8.0550389157429145E-004
  0.31550619525610657        9.8471546486337408E-004
  0.32791667434673677       -6.6271548454806327E-004
  0.56970579848892022        5.8068373183961623E-002
  0.54657105914581661        6.6928927599418278E-002
  0.46379484635113799        7.8420673010781289E-002
  0.46772285696575133        6.1524758571879119E-002
  0.32060307727337972        3.4345231023820519E-002
  0.56130848706217928        6.3733997491919478E-002
  0.46007647588379275        4.5257741978062357E-002
  0.68767816495939771       0.10812904251234406     
  0.49375595756873214        6.0545584113714725E-002
  0.44725944910866833        9.8655685494388690E-002
  0.52524353156125780       0.13308650335389738     
  0.44321906543708334        5.5964969898950119E-002
  0.46579454194037007       0.10687066290385225     
  0.36782153655390559       0.10745699758102502     
  0.59013047535895991       0.13555866064375602     
  0.41740370960581352        9.3728464902475037E-002
  0.43970875151045230       0.10544067617861003     
  0.77630743348663311        4.4498150413293282E-003
  0.72060870945981192        1.7487307358282290E-002
  0.83706804899057585        4.1352447010887541E-002
  0.79610433702789651        2.9894771136291815E-002
  0.80060109106170352        4.3363388991551628E-002
  0.73984082357084824       -3.1374722056225199E-002
  0.86662273026188752        4.4487769866509388E-002
  0.71013672795122273        9.1331953273705319E-003
  0.84974553850131140        3.6179897849154104E-002
  0.72723940483711469        1.7362169594392445E-002
  0.78594408021782403        2.1612762921603676E-002
   4.0917614700911431E-002   3.9713315750270527E-003
   1.7787135337042959E-002  -6.6718014027117778E-004
  -4.4302143408427141E-002   4.4953568808341338E-003
  -1.7610413884023846E-003  -1.1062818537919612E-003
   4.5928613008369201E-002  -4.5443046438902509E-003
  0.15818828764594878        6.7539068959038440E-002
   5.4635398691919107E-002   5.4977674025444352E-002
  0.12256932216683759        5.8772998018942098E-002
  0.53810854957797105        1.2428388263224378E-003
  0.48751012763980150       -2.6804108066335843E-004
  0.62636995471387380        5.3309663252945824E-003
  0.56970404080257686       -1.7674594537552189E-004
  0.50328617814311827        1.4058700887975260E-003
  0.48297279237634377        3.4385848994467221E-003
  0.73306295552245682        7.1561491682741601E-004
  0.49793598606663536       -1.9313477136490538E-003
  0.53731394272161326        4.6256906650562378E-004
  0.82516784518260822       0.26215514191980205     
  0.79601938441173004       0.25579646739042927     
  0.82638928304163828       0.25371490527562868     
  0.32424035219185521       0.14616974875789149     
  0.21727175030757331       0.13480062142992202     
  0.21865448012140809       0.13244874296649659     
  0.10594114669078247       0.12622566330818735     
  0.24930715486898461       0.13218300977472652     
  0.15159210623146813       0.13403129489593524     
  0.21820088284636996       0.16718654530471480     
  0.29308396594662528        4.5253359407055623E-004
  0.22170921266757954        9.6129781111855802E-004
  0.36654630764032903       -3.0777218663015225E-003
  0.22369981919169268        1.1174027867113141E-003
  0.11915523849652387        4.3087592295885479E-004
  0.32883871494963718       -2.2641791912794453E-003
  0.25408751456224532       -1.7650548315984085E-003
  0.21641612866828999        8.1385757764911872E-004
  0.25274303024062322       -4.3943034735775886E-004
  0.95122109309976421       0.13828575727672404     
  0.95124953470017370       0.13496985917050677     
  0.97819262661293660       0.17457448895407282     
  0.95416401105976645       0.13312764346030101     
  0.96821774070191280       0.13731931094613789     
  0.91756516539784827       0.14286392655987321     
  -5.5078020930677804E-002   9.2524625267465410E-002
  -8.3061808876611798E-002   1.8039901042231622E-002
  -8.4911787134902550E-002   9.4478455624341824E-003
  0.11169597516815508        1.3401480297468547E-003
   3.0549222342485652E-002  -2.2287743463634928E-003
   4.1854689956460515E-002   4.6502114942599477E-003
  -5.8305529477595638E-002  -5.4593737072498264E-003
  0.18460715044194356       -2.8915610890522516E-003
   5.9928494549303601E-002  -3.4230545147837048E-003
   2.4968707531249412E-002  -3.1479813156236563E-003
   7.3977492500238468E-002   1.0378312096303243E-003
  0.60408048035629658        7.8589178373334942E-004
  0.55348728815200854        8.1466062100912489E-003
  0.70895775751115753       -1.6584863994053397E-002
  0.64603288510706292       -1.3931294641972591E-003
  0.63779044604620727        5.5444735493517883E-003
  0.56839518556357516        9.1762047814772235E-003
  0.54707320012202942       -1.2828109273727184E-002
  0.74975367741353960        3.2156347579018912E-003
  0.56055540425799677       -1.6253284049114482E-003
  0.62473319148559414        7.0115968919918338E-003
  0.44936112034642289       0.15502508079457533     
  0.36054078384328592       0.15193625256534618     
  0.36219422055250106       0.14234849483706394     
  0.20488846277738981       0.14808115052818685     
  0.39193183980931340       0.15622842766649297     
  0.27941800758464147       0.16013105653987095     
  0.59631276159948476       0.24981006337795672     
  0.49948237859943867       0.23712981313967793     
  0.49987983673030051       0.27819200677065820     
  0.58101085808155895       0.24906902391523478     
  0.63706715201879138       0.25112652606919900     
  0.46274682959901881       0.25379079357669648     
  0.49872576813658709       0.23963081729763375     
  0.96896134166334291       0.12439328161424504     
  0.98803237237895014       0.12268714835724899     
  0.96765178163446697       0.13250280893800487     
  0.99664253691676985       0.14929554268333578     
  0.98073781281417882       0.12294461422415401     
  0.98500788273994166       0.13888483793408246     
  0.99003402759778281       0.16177407630208820     
  0.95772611213091075       0.14745223535839036     
  0.42496058607125003       0.24713170551468802     
  0.36033596839650528       0.23721193722235798     
  0.16849041804741693        1.2527483998860428E-003
  0.25051504657929657       -1.7301745083221845E-004
  0.12109690414894334       -3.1242440398636237E-003
  0.10158268324374720       -1.7347450135841900E-003
  0.12748735027123675        2.6230552523900720E-003
   7.2760103910165713E-002  -1.9788785958775273E-003
  -5.7767659003908595E-002   3.0912012073850120E-003
  0.14446688558531096       -6.3503376515465252E-003
  -6.6834172248985441E-002  -6.4708599269172379E-004
  -2.7098832588306344E-002  -7.8571204327096563E-004
  0.62747339745489583        9.9820059252443555E-003
  0.56574472546966770       -3.7000416006854219E-004
  0.65368765424959052        1.8675346546876515E-002
  0.56475595468523010        1.4043305679535661E-002
  0.64322739529801920        1.3691458398637160E-002
  0.59359492357365784       -3.2657256707119119E-003
  0.56264170909828715        3.4037502207289396E-003
  0.75471283282773727        3.1281954673396055E-002
  0.59864213786071718        1.2257620280420930E-002
  -4.3394841057467042E-002  -3.0756226850504678E-003
  -5.0900911961390932E-002   1.0429660983790989E-003
  -5.9187985058297338E-002  -3.9392958123306140E-003
  -6.2931166164993876E-002  -1.8727780249503010E-003
  -2.9449298891971093E-002  -1.1094276968550666E-003
  0.56328707658381427        9.8461162684642806E-002
  0.62812740273868961       0.13174878465105111     
  0.55306564721920970        7.6485740926834231E-002
  0.58036223714881952       0.10454917800673171     
  0.47221518844443877       0.11754210326410783     
  0.66723103061477540       0.11888509311478077     
  0.53257280209068569        9.7090992999645923E-002
  0.55641607308499752       0.10509869906497141     
  0.86631942052294053       0.24900590984499346     
  0.86619532084079753       0.22365486852961142     
  0.75393323146514679       0.31946926041257023     
  0.82943582558372575       0.23657501750403848     
  0.91403823970655251       0.27576256098499924     
  0.84015464679260854       0.24673764574183799     
  0.85790257131139969       0.23544226493101264     
  0.68358029233694395       0.16105346369551943     
  0.76159264084791412       0.27503329833987039     
  0.81962388532755837       0.28070750620823104     
  0.97686646114550879       0.13561832585111258     
  0.99549125746948020       0.14488049082489490     
  0.96046306474985488       0.14099650179983431     
  0.98503613937302292       0.14005128467219471     
  0.98816222434050183       0.12712883641484735     
  0.97340982626600936       0.14563795754615758     
  0.98858135657080926       0.14434854905661090     
  0.26268598783312991        8.4916412160106983E-004
  0.20037965942903038       -5.4668864384596884E-005
  0.40018619839988401       -1.3352013552095448E-003
   7.4119973345887727E-002  -4.2244938179285637E-004
  0.31185237191862575       -3.3303824079798957E-003
  0.22136414848123964        2.9710001599958600E-004
  0.19606550339971479        4.4567733278943306E-004
  0.24392723058611712       -2.3710797897497052E-003
  0.37565135188012311       -8.5020807505557317E-004
  0.43439549170262060       -1.5506346889086720E-004
  0.33501839813785061       -5.1013352026934482E-003
  0.31756227738500981       -2.5845571095877728E-003
  0.33105649499418188        4.6924016013175840E-003
  0.60447368449316752        8.3818313049875796E-003
  0.54106107211293319        2.6070822242617044E-003
  0.62909962741855197        1.8072617873496892E-002
  0.54085200359091268        1.3724598829335260E-002
  0.61982704625634244        1.3313824791760968E-002
  0.57095377650539669        2.0056339037771636E-004
  0.53794609041776908        4.3708906987681489E-003
  0.74238730029237998        3.5249432613144997E-002
  0.57293705720762600        1.1506305277751162E-002
