 cosx vtec
  -3.8240826594566679E-002   3.1388095203105523E-002
  -6.4057908967446398E-002   2.6590208887822465E-002
   9.9245604903807239E-002   4.8858144319178523E-002
  -8.0813901829333457E-002   1.2930267714109428E-003
  -7.1302353199115404E-002  -5.0381838196475351E-004
  0.67944843524932153       -1.2897270245265243E-003
  0.55533312026672754       -1.5853890733796313E-003
  0.48306725506219317        2.7911010227498938E-003
  0.40379284825535994        2.5617719413499748E-004
  0.52396942674977875        1.3981685127904576E-003
  0.56254868118519985       -5.1007868414364495E-003
  -5.0669293923653491E-002  -1.4334823602417959E-004
  -6.9178715674582614E-002   9.1280395362138908E-005
   6.3540402066678325E-002   2.6484931139093269E-003
  0.17237810014883123        2.4790802105653944E-003
  0.10144401722218764        4.0766235908728171E-004
  -9.6131712292422400E-003  -1.5515789069554193E-003
  -1.9179607635576551E-002  -1.1035258684171378E-003
   6.1461251210877532E-002   4.7901094501673130E-004
  0.19137208179127557       0.23299099210043162     
  0.12924974480502882       0.23848472930534723     
  0.28407616163669663       0.24579306243113461     
  0.28505175654045978       0.24387617783107565     
  0.11574571153662107       0.23595003965126718     
  0.96606328417802168       0.24536648206127828     
  0.99198050628788104       0.18116790074331321     
  0.99584727844484244       0.18711093450550123     
  0.98480176458302071       0.18987606643068172     
  0.98956261366456266       0.21150504713415480     
  0.99654758480558137       0.18739092016021178     
  0.98515656610276459       0.18751340178758585     
  0.37548011752215266        1.7863194930720187E-002
  0.51268599798139358        1.9575283317887330E-002
  0.63961464147358604        3.0287222014354839E-002
  0.55323391488176055        1.6668697761839574E-002
  0.53240464897408080        1.3116161486377044E-002
  0.45512226346512996        2.5127913673000962E-002
  0.44279232732713281        1.0602088710713380E-002
  0.51649560973239683        1.3917213258329682E-002
  0.65929133449482558        1.0555076789434181E-002
   9.0102898818686938E-002  -2.7604670143527199E-003
  -5.2571004194053972E-002  -1.1527491207212459E-004
  -3.7767759207197049E-002  -1.3811317215394021E-003
   3.7403129396073431E-002   4.4922859168688416E-003
  0.20487246117917743       -1.2436391499969313E-003
  0.55955880247747458        2.0479110461447654E-004
  0.38746353981209986       -4.5297425071958546E-003
  0.37761956878138808        3.3594982712548912E-003
  0.18130736790803326       -1.0845568661108529E-002
  0.21528053499260696        2.4618362171800252E-002
  0.32622106934701101       -3.8686800322529163E-002
  0.43472223030333018        4.1191537438215890E-004
  0.75790022496656650        2.3041674179984772E-003
  0.70394988241050949       -2.7525199677435008E-004
  0.65552867712114482       -1.2724938539822386E-003
  0.56801178360569438       -2.9124891541573404E-003
  0.68795879473572741        1.6272398366837053E-003
  0.70237116720985271       -1.8118724865727565E-004
  0.84162382132771762       0.16537621692818413     
  0.75472129117312781       0.15934392381651821     
  0.72013036993445168        2.5444023499378923E-002
  0.79769373587462000       0.16245428121964881     
  0.82101993948815066       0.15838180996555629     
  0.81046930550777574       0.16540010551223430     
  -9.2069537889968134E-002   6.0586009130342254E-002
  0.54916929962722649       0.19077796878947312     
  0.52256583449136373       0.19748407119543368     
  0.59283768238182100       0.19677924073786038     
  0.60710337673771853       0.19784547479312053     
  0.41520880564287932        5.8068373183961623E-002
  0.54755989733874533        6.6928927599418278E-002
  0.66042346663118057        7.8420673010781289E-002
  0.59445520783830452        6.1524758571879119E-002
  0.59266987521517989        3.4345231023820519E-002
  0.49770850293078878        6.3733997491919478E-002
  0.47499845061202473        4.5257741978062357E-002
  0.49339962592627851       0.10812904251234406     
  0.55734088956548322        6.0545584113714725E-002
  -6.8356934938342329E-002  -1.9673738106778019E-003
  0.90217287699392590       0.15621543594884907     
  0.93315538179201418       0.16669204073483934     
  0.82808950885299448       0.15831919765343447     
  0.87108789396095920       0.15216228660618406     
  0.88660079529876401       0.14958327736875440     
  0.88158705175992735       0.15520144799549179     
  0.15160936299547184       -2.0566632077150596E-002
  0.16355229261059062       -1.2701386721718732E-002
   9.7932577177667901E-003  -4.1639714671229781E-003
   3.4591815740551202E-002  -1.2944937963955926E-003
  0.10114582693950691       -5.6288340745692606E-003
  0.25268141053858528       -4.6381131940633384E-003
   6.7296670447492504E-002  -1.8425442309917390E-003
  0.29133707420648070       -6.4994435822044718E-003
  0.19462571508686949       -1.5193500429710259E-003
  0.13380603385547718       -1.0268789279195456E-003
  0.23010106957009610       -2.8028151825057441E-004
  0.20692631492452968        1.7706911728363754E-002
  0.25189610933361262        8.3064049308213578E-004
   7.0756271375539859E-002  -9.0239836387568228E-003
  0.11000158092375018        2.1763725522982606E-002
  0.17214033540050028       -7.8960665841218552E-003
  0.36912820110955585        8.2147199687336817E-002
  0.46394899711421411       0.26215514191980205     
  0.43281304640460394       0.25579646739042927     
  0.41931970386553852       0.25371490527562868     
  0.74996059838392692       0.17979436456887404     
  0.63563044519265666       0.16086609414302988     
  0.60773822013802992       0.16159190962225733     
  0.68018866456016192       0.16379153790527184     
  0.71948317621668967       0.16523917677199620     
  0.69650066134476640       0.16719070424129434     
  0.87494088398465708       0.14616974875789149     
  0.92202465853537263       0.13480062142992202     
  0.90464593250521186       0.13244874296649659     
  0.89249987832482103       0.12622566330818735     
  0.88480605383483135       0.13218300977472652     
  0.92881773358417430       0.13403129489593524     
  0.94902356961320322       0.16718654530471480     
  0.82049158704403002        4.4968026919053892E-003
  0.78976188303477679        4.2981282663374643E-003
  0.73852737495928489        1.4764253058574511E-003
  0.78700956361050178        7.5457911314361602E-003
  0.77522167773516149        8.4268154823119001E-004
   4.6681321043334306E-002   4.5253359407055623E-004
   3.2588019547513114E-002   9.6129781111855802E-004
  0.17740539758455418       -3.0777218663015225E-003
  0.24109472041384600        1.1174027867113141E-003
  0.17437347909918741        4.3087592295885479E-004
   9.5458137496726048E-002  -2.2641791912794453E-003
  -6.6545320481190121E-002  -1.7650548315984085E-003
   8.8102222046148246E-002   8.1385757764911872E-004
  0.16380962099778823       -4.3943034735775886E-004
  0.10065191967486947       0.13828575727672404     
  0.19866034691954659       0.13496985917050677     
  0.18657753370649705       0.17457448895407282     
  0.15645372746973013       0.13312764346030101     
  0.16287590117414275       0.13731931094613789     
  0.24621340422266041       0.14286392655987321     
   8.8368877920076250E-002  -6.3980360992366920E-003
   8.6864316463910074E-002  -2.4152062409891399E-004
  -5.9288437309730546E-002  -1.6801410417189593E-004
  -4.0547826764508910E-002   3.3360350109583664E-003
   2.6164415528654894E-002   4.1850298004085691E-003
  0.64129313062031890        8.7806748522432240E-002
  0.41284464841858282        4.9557197440978550E-002
  0.30670054942720348        3.7410694713585532E-002
  0.38804281031151588        4.7976232722304335E-002
  0.47892217589803993        6.5191784758076146E-002
  0.51293125200150136        6.2451256859090268E-002
  0.52629356582428688        8.2339747719577638E-002
  0.81780285997424029        1.8039901042231622E-002
  0.77862928668946008        9.4478455624341824E-003
  0.74636448166527003        7.0401137222157381E-004
  0.79355808737800115        6.7728585436055448E-003
  -9.7312613621973715E-002   1.3401480297468547E-003
  -9.8224531989976716E-002  -2.2287743463634928E-003
  0.15401962945720207        4.6502114942599477E-003
   2.7509101390779868E-002  -5.4593737072498264E-003
  -4.4205523116582018E-002  -2.8915610890522516E-003
  -5.1830758834330450E-002  -3.1479813156236563E-003
   4.1677518947732223E-002   1.0378312096303243E-003
  0.83549823074498486       0.15502508079457533     
  0.88919020644137325       0.15193625256534618     
  0.87229816409952610       0.14234849483706394     
  0.87488333842108890       0.14808115052818685     
  0.84927195030976343       0.15622842766649297     
  0.91158506650208526       0.16013105653987095     
  0.77444677212697943       0.24981006337795672     
  0.83004434430796714       0.23712981313967793     
  0.84848402662451361       0.27819200677065820     
  0.74291383959942192       0.24906902391523478     
  0.72124235726588637       0.25112652606919900     
  0.82493768979379301       0.25379079357669648     
  0.81273940298486680       0.23963081729763375     
  0.76622778135894576       0.20000990441896402     
  0.66469884545096081       0.18849306004408550     
  0.63378848665613652       0.20000520977718561     
  0.70533635017295038       0.19102871679253400     
  0.71608709428163597       0.19544743668399317     
  0.43748592911084760       0.21606207179078721     
  0.41108032653371834       0.22397928138036893     
  0.48369402069903222       0.21680856679272215     
  0.49773743185698022       0.23013724365828847     
  -7.0500214226295432E-002  0.12268714835724899     
  -8.7940551025626978E-002  0.14929554268333578     
   3.7496469671389199E-002  0.14745223535839036     
  0.54509565214927436       0.24713170551468802     
  0.60899916626013051       0.23721193722235798     
  0.80220402396644475        1.8930705919911962E-002
  0.79233101798281469        1.1916057871492762E-002
  0.70541591199265152        2.6299998063288428E-002
  0.71710231170859484        3.0246794274645942E-002
  0.65127704064498559        1.8192433725313806E-002
  0.78034487741335656        2.2596442649661611E-002
  0.74838100276395803        3.6811161512725413E-002
  0.81930878048482059        1.8706940296745276E-002
  0.72395083693389572        4.3737613825485785E-002
  0.77726153194149017        5.4220707082015401E-002
  0.58305448992480480        2.2100578287264510E-002
  0.62359400061367842        3.8172727753038857E-002
  0.42438008744507272        3.4166946097695702E-002
  0.55136242918861411        3.9101947776732475E-002
  0.64844812495017401        3.1988908536078074E-002
  0.64611898527021971        1.7970343024593889E-002
  0.68967979110148758        4.5846785742042269E-002
  0.14239910194936656       -1.9788785958775273E-003
  0.35616412944092701        3.0912012073850120E-003
  0.28991223231589158       -1.0990283110258188E-003
  0.22365382597232553       -6.3503376515465252E-003
  0.22678150701624222       -6.4708599269172379E-004
  0.30601157679492264       -7.8571204327096563E-004
  0.44082901848534051        9.8326762151727080E-003
  0.23491796175126012       -6.6559077245274684E-002
  0.25317421585637012        1.2596067335274474E-002
   8.7238091467855328E-002   7.0879289311199635E-003
  0.12039906665218186        6.6438648602652759E-003
  0.19119169361617477       -5.4175284405365660E-003
  0.32202914752866979        2.9433060817074527E-002
  0.37438496576122715       0.16996716393424466     
  0.35092555457074504       0.16878339842997775     
  0.42662495305188530       0.17779457800968479     
  0.45002741628567833       0.19331008144297543     
   7.2658879192651848E-002   9.9820059252443555E-003
   3.0906490710074785E-002  -3.7000416006854219E-004
  0.16495958909002639        1.8675346546876515E-002
  0.26872675562805537        1.4043305679535661E-002
  0.11458672045308005        1.3691458398637160E-002
  -6.1766430077070750E-002  -3.2657256707119119E-003
  0.10084320419049830        3.4037502207289396E-003
  0.12218335928725055        3.1281954673396055E-002
  0.17862752113099228        1.2257620280420930E-002
  0.46814469995814079        2.5771873650454365E-003
  0.31812356177075773       -1.3529777179666987E-003
  0.11757379919194844       -1.1808690353571833E-003
  0.23149061524313028        7.4402037411422828E-004
  0.38950716081996067        7.6328347695225137E-004
  -5.1893363505057744E-002   1.0945867007753183E-002
  0.31139136770359505       -3.0756226850504678E-003
  0.65269283973308123        1.0429660983790989E-003
  0.55015682789622589       -3.9392958123306140E-003
  0.50632467778850798       -2.6960714250803385E-003
  0.44058299621035396       -1.8727780249503010E-003
  0.51877669672338644       -1.1094276968550666E-003
  0.28616810932928172       -6.5629287989389468E-002
  0.34083024397623501        3.7236779886469638E-002
  0.13415767557650737        2.3331244339242788E-002
  0.18913333091247725        5.3890500421188120E-002
  0.25562925881170478       -2.5957776823408510E-002
  0.40279335965937790        1.1119219847883991E-003
  0.38481890857939238        4.7128949035861690E-003
  0.17431643769185559        8.2660410074114427E-002
   2.8700754425015074E-004   5.3228857593158180E-002
   9.1362806006722697E-002   7.3020605151964693E-002
  0.15128175170578520        7.8166746204510071E-002
   3.6524434007507045E-002   9.1071406014058096E-002
  0.25602343189816446        9.4915412526753465E-002
  0.32466120359528983       0.12187381817133008     
  0.34110588638365241       0.24900590984499346     
   6.7649864657950254E-002  0.22365486852961142     
  0.52364831590276084       0.31946926041257023     
  0.30575319203939766       0.23657501750403848     
  0.27624827198884405       0.27576256098499924     
  0.23782198622166734       0.24673764574183799     
  0.29312859489767246       0.23544226493101264     
  0.48092572167156800       0.16105346369551943     
  0.42454014164517095       0.27503329833987039     
  0.19147125306589097       0.28070750620823104     
  0.96710465509135168        9.1890626038973619E-002
  0.95847630986887289        8.9232693140954458E-002
  0.92611517281363165        7.9305013365230340E-002
  0.96937190067692491       0.10785865931896235     
  0.95349294930864192        9.8507271950027134E-002
  0.95233358129704015        8.8057338305888105E-002
  0.97659729500601844       0.10911163290952455     
  0.70568996975324405       -3.3425157168294802E-003
  0.66971501420533519       -3.8818913480724538E-003
  0.56130017452728931        8.9833006876898162E-003
  0.56150986416813820       -1.3661553311033220E-002
  0.50414472266368793       -8.8073565653271145E-004
  0.67796937808105984        4.9149835120062069E-003
  0.60261755075967094       -2.4785332552559099E-003
  0.68906860584016838        5.4750847723127635E-004
  0.60530237973229861       -4.2505274616567703E-004
  0.55897238951698780       -1.3171948025796579E-003
  0.49081750654614298       -1.8023279581236178E-003
  0.57936885584358533        8.3129325865411764E-004
  0.62388597339930529        1.6411836388117915E-003
  0.72222346608621235       0.13246439172701949     
  0.58825842138903173       0.11013581044319495     
  0.42855883672767514       0.11128465476742398     
  0.56136101713581754       0.11089543821439511     
  0.63919266837824629       0.11116968048219136     
  0.66683844912864521       0.10889889671508828     
  0.66377704535975079       0.12766311865842941     
  -2.4879704370919492E-002  -1.3352013552095448E-003
  -3.8789498586169549E-002  -4.2244938179285637E-004
  -5.3221270379799360E-002  -2.3710797897497052E-003
  0.47764492365460581        9.8087097748654267E-004
  0.39626557245483901        9.4037645013731136E-004
  0.33016898402148454        1.0679193046887114E-003
  0.45125677473445147       -1.1549248023281166E-003
  0.47030388751262364        1.8992592505824720E-003
  0.81231914632713997        5.5251441139887595E-003
  0.77687535256801499        4.3041167197905104E-003
  0.72853780741586971        1.1148198628110624E-003
  0.60811027251567151       -1.3085628101525500E-003
  0.86140006183521312        6.9246880664974152E-003
  0.76888142172219076        5.5167347462069475E-003
  0.76723082272117860        2.1253009273816455E-003
  0.79995605704725736        8.4135536254450499E-002
  0.83502405872908536        8.2703558476082906E-002
  0.69674523345221684        7.5380639790021020E-002
  0.66164398478230646        5.4533390711802091E-002
  0.75175051291437467        6.4489324284025470E-002
  0.75358934773473463        7.1651545479248444E-002
  0.77721564924782083        9.0258191014254516E-002
  0.72387133797235559       0.22177906897442204     
  0.60619270744557796       0.19590597892690828     
  0.57809912490614901       0.20224077677783442     
  0.64837218712664568       0.19946131417052668     
  0.71194446678479539       0.21899558070053621     
  0.66123783743154863       0.20788173597004292     
   7.1197556363308045E-002   2.4799101011279450E-002
  0.10112947504052028        8.4751966823167141E-004
  -5.7565998188633949E-002  -1.8370760649632202E-002
  -3.3539792497800480E-002  -1.0370612665447969E-002
   2.4907990201224528E-002  -6.4404368176136234E-003
  0.20761558878103409        2.5476774128805581E-002
  0.70663114813499595        1.9621664489074078E-003
  0.65047165480910418       -8.6461834010806492E-004
  0.56255504660527711       -6.8462720169913715E-004
  0.67111623649289665        3.7369930714168309E-003
  0.60702779844316768        8.6660225717047866E-004
  0.10535385979901940        8.3818313049875796E-003
   6.2897581511713374E-002   2.6070822242617044E-003
  0.19935702876785016        1.8072617873496892E-002
  0.29174774953358873        1.3724598829335260E-002
  0.14886829784050321        1.3313824791760968E-002
  -4.1045766951800511E-002   2.0056339037771636E-004
  0.13535835295263918        4.3708906987681489E-003
  0.15549032665930768        3.5249432613144997E-002
  0.21120602521859297        1.1506305277751162E-002
   8.0623813171075198E-002  -5.3442707312885435E-003
  0.14412313941728983        3.7478703672659777E-002
  -4.0280872099602183E-002  -2.1772687804446937E-003
  -9.5680585659402850E-003   1.0759656352642602E-003
   4.4673103458914676E-002   4.2652573153633314E-002
  0.23318031965534949       -3.3462569972034603E-002
  0.51704658523953562       -5.4098435224847240E-003
  0.42340694870368267        1.0679439633908623E-003
  0.34525037525008762       -1.1953104522261194E-003
  0.50720586366562426        8.8012785027625573E-004
  0.48632593116084344        8.7154376573935952E-004
