 cosx vtec
  0.60605148090764294       -9.6162401822252549E-004
  0.56494655683670725       -3.1685733285309186E-004
  0.63234826230020502        1.2930267714109428E-003
  0.61985378967685600        7.5567409252068395E-005
  0.59585995969489480        3.9073304018642291E-003
  0.54688020631876522       -7.3190681211835254E-004
  0.55469652473437969       -5.0381838196475351E-004
  0.47837784405608341       -1.4334823602417959E-004
  0.43086960265159685        9.1280395362138908E-005
  0.49885858758573431        2.6484931139093269E-003
  0.34955926613255728        2.4790802105653944E-003
  0.23909808701918450        4.0766235908728171E-004
  0.49140644511789550       -1.5515789069554193E-003
  0.47458288467301035       -3.5281456368758475E-003
  0.41049764664599597       -1.1035258684171378E-003
  0.41749596912782283        4.7901094501673130E-004
  0.23295439758245076       0.10729922832570163     
  0.23769231450866102       0.12261495911962182     
  0.15056962980582739       0.10407521999405821     
  0.22391160366642390        7.9455081797138630E-002
  0.20214369848548358       0.11227182130513493     
  0.22399346234725881       0.23299099210043162     
  0.24980897295111396       0.23848472930534723     
  0.10048719051703373       0.24579306243113461     
  0.13515102066661472       0.24387617783107565     
  0.22619414564235496       0.23595003965126718     
  0.24065493467009114        1.5687779507678255E-003
   2.5886365744777234E-002   2.7623175054397550E-003
  0.17326927489097088        4.0197458449612528E-003
  0.13969161556838375       -4.7835043372671920E-004
  0.18838083115002341       -3.4377783499088652E-003
  -9.2959195087514102E-002  0.24536648206127828     
  0.34967897488323629        1.7863194930720187E-002
  0.28698373801967453        1.9575283317887330E-002
  0.15086041083483925        3.0287222014354839E-002
  0.18731900925462605        1.6668697761839574E-002
  0.10040913776860769        1.3116161486377044E-002
  0.32000279845992291        2.5127913673000962E-002
  0.22554982530831180        1.0602088710713380E-002
  0.22458952145772570        1.3917213258329682E-002
   2.4559227826107519E-002   1.0555076789434181E-002
  0.28832190424936255       0.18163321329719903     
  0.27240467449802097       0.18364688198242726     
  0.19605511441533563       0.17466758563093754     
  0.24649252691591272       0.17416515867053778     
  0.51483138161410413       0.15282663361311893     
  0.52367345831573875       0.18282056158905738     
  0.51225548430100121       0.16106935157295429     
  0.43856775127863168       0.15907872351079722     
  0.62394197752844538       0.19583999216562853     
  0.51380098237251126       0.15789407856856472     
  0.49090337404469231       0.15939434382024795     
  0.93522079630037713        5.2849905566731969E-002
  0.90064398047228589        3.8106920053663500E-002
  0.93498938212545013        6.3276848475789002E-002
  0.98211075693928140        7.0919116972806243E-002
  0.93802121297194796       0.10519336145341916     
  0.92888136375496000        5.0497807114577992E-002
  0.99578069094034194       0.10388572255787835     
  0.86939611884177692        5.3512534605510184E-002
  0.95911079833493562        7.5890816554633062E-002
  0.94689725597507113        6.5135368128468984E-002
  0.87884624491805741        6.0586009130342254E-002
  0.63287380255330972       -1.1004490245101013E-003
  0.58669677769826711       -8.3599036980587562E-005
  0.69075400343498572       -7.6881997226430749E-004
  0.68006207107955430       -1.8436084074217239E-004
  0.60305307893569604        8.0550389157429145E-004
  0.57202561834827614        9.8471546486337408E-004
  0.60893938210248089       -6.6271548454806327E-004
  0.45157245209109498        5.8068373183961623E-002
  0.37921454464227844        6.6928927599418278E-002
  0.26027782560200491        7.8420673010781289E-002
  0.29134899231488121        6.1524758571879119E-002
  0.16122842531194692        3.4345231023820519E-002
  0.41203608002675307        6.3733997491919478E-002
  0.33221920899579016        4.5257741978062357E-002
  0.52117402554412695       0.10812904251234406     
  0.32928631585548496        6.0545584113714725E-002
  0.62910188737874728        9.8655685494388690E-002
  0.65575339882664818       0.13308650335389738     
  0.67181959936468250        5.5964969898950119E-002
  0.63305143151853804       0.10687066290385225     
  0.55232577767544822       0.10745699758102502     
  0.73131021991322387       0.13555866064375602     
  0.61870183332166540        9.3728464902475037E-002
  0.61139309750655035       0.10544067617861003     
  0.90436745324731660        4.4498150413293282E-003
  0.86832287314035861        1.7487307358282290E-002
  0.92248191781572753        4.1352447010887541E-002
  0.94451697863655304        2.9894771136291815E-002
  0.91416199710646340        4.3363388991551628E-002
  0.89027937702526450       -3.1374722056225199E-002
  0.98306705946436468        4.4487769866509388E-002
  0.84373956138072659        9.1331953273705319E-003
  0.94887554626211723        3.6179897849154104E-002
  0.90033656008257990        1.7362169594392445E-002
  0.85238223763220289        2.1612762921603676E-002
  0.34672296041672845        3.9713315750270527E-003
  0.18669930660416006        1.5067994553094507E-004
  0.34225475397236305       -6.6718014027117778E-004
  0.25963837310229787        4.4953568808341338E-003
  0.31396498719751831       -1.1062818537919612E-003
  0.33859284951897839       -4.5443046438902509E-003
  0.12267814168363758        6.7539068959038440E-002
   3.4862018460738581E-002   5.4977674025444352E-002
   9.0895274184795760E-002   5.8772998018942098E-002
  0.68124676418576469        1.2428388263224378E-003
  0.64212380001519054       -2.6804108066335843E-004
  0.72039715360593548        5.3309663252945824E-003
  0.69820851174665644       -1.7674594537552189E-004
  0.66609924619383032        1.4058700887975260E-003
  0.62521869253399431        3.4385848994467221E-003
  0.82998956391179679        7.1561491682741601E-004
  0.70107416814758672       -1.9313477136490538E-003
  0.63475889855845036        4.6256906650562378E-004
  0.59102763028548222       0.26215514191980205     
  0.56576100045072808       0.25579646739042927     
  0.60264137979262378       0.25371490527562868     
   3.8595824304845455E-002  0.14616974875789149     
  -8.0471222239589940E-002  0.13480062142992202     
  -6.9590200522365142E-002  0.13244874296649659     
  -3.1967851118271384E-002  0.13218300977472652     
  -9.6412385503321818E-002  0.16718654530471480     
  0.33660217742092685        4.5253359407055623E-004
  0.27612180891155469        9.6129781111855802E-004
  0.35804359049958712       -3.0777218663015225E-003
  0.20546515945094579        1.1174027867113141E-003
  0.13272134463638713        4.3087592295885479E-004
  0.35242567781948408       -2.2641791912794453E-003
  0.33895195264176781       -1.7650548315984085E-003
  0.25233136894719321        8.1385757764911872E-004
  0.25936925436676189       -4.3943034735775886E-004
  0.88030541457235290       0.13828575727672404     
  0.84260985138780686       0.13496985917050677     
  0.85934296233185747       0.17457448895407282     
  0.86120054508694110       0.13312764346030101     
  0.86673122254719948       0.13731931094613789     
  0.80137154844482250       0.14286392655987321     
  -3.2207103805560494E-002   9.2524625267465410E-002
  -8.3413717531633527E-002  0.16060041294835464     
  0.21794467624243674        1.3401480297468547E-003
  0.14274744635861417       -2.2287743463634928E-003
   6.7993830900749452E-002   4.6502114942599477E-003
   1.7598045101545026E-002  -5.4593737072498264E-003
  0.26778015667442800       -2.8915610890522516E-003
  0.19479046495993244       -3.4230545147837048E-003
  0.12223804250053118       -3.1479813156236563E-003
  0.13655058627938194        1.0378312096303243E-003
  0.78286615402104465        7.8589178373334942E-004
  0.74480031496176990        8.1466062100912489E-003
  0.83239580328734764       -1.6584863994053397E-002
  0.85041138591051368       -1.3931294641972591E-003
  0.80176285293751870        5.5444735493517883E-003
  0.76428415079966405        9.1762047814772235E-003
  0.72685329481198302       -1.2828109273727184E-002
  0.88808413707087375        3.2156347579018912E-003
  0.77662767792020182       -1.6253284049114482E-003
  0.73822070045092536        7.0115968919918338E-003
  0.16521666250615932       0.15502508079457533     
   6.1238574598238921E-002  0.15193625256534618     
   7.2377619541931629E-002  0.14234849483706394     
  -6.6447099475940963E-002  0.14808115052818685     
  0.11002153309506998       0.15622842766649297     
  -2.0444247433882179E-002  0.16013105653987095     
  0.28212524048470072       0.24981006337795672     
  0.16950146193985560       0.23712981313967793     
  0.17020664296142757       0.27819200677065820     
  0.26799390262595657       0.24906902391523478     
  0.33290622292266314       0.25112652606919900     
  0.13030477796386047       0.25379079357669648     
  0.17008429092733146       0.23963081729763375     
  0.97906325472408651       0.12439328161424504     
  0.96008920123728003       0.12268714835724899     
  0.99454891994812922       0.13250280893800487     
  0.96182713297581146       0.14929554268333578     
  0.97191503369837962       0.12294461422415401     
  0.98163696354633978       0.13888483793408246     
  0.97283819657853388       0.16177407630208820     
  0.90719342911447409       0.14745223535839036     
  0.15596560595479775       0.24713170551468802     
   7.5311352136377491E-002  0.23721193722235798     
  0.37967946397581465        1.2527483998860428E-003
  0.44064582161937838       -1.7301745083221845E-004
  0.34743812419143705       -3.1242440398636237E-003
  0.30862150799994703       -1.7347450135841900E-003
  0.38684007265144071        2.6230552523900720E-003
  0.10082309420534852       -1.9788785958775273E-003
  -9.7596777156739048E-002   3.0912012073850120E-003
  0.13875438730789613       -6.3503376515465252E-003
  -5.9450061811364516E-002  -6.4708599269172379E-004
  -5.0497802444326771E-002  -7.8571204327096563E-004
  0.62623390974790816        9.9820059252443555E-003
  0.58646753209403435       -3.7000416006854219E-004
  0.61673525975891375        1.8675346546876515E-002
  0.50200667989266057        1.4043305679535661E-002
  0.62539553202669929        1.3691458398637160E-002
  0.64193776175655914       -3.2657256707119119E-003
  0.55976436265901020        3.4037502207289396E-003
  0.71801078192123768        3.1281954673396055E-002
  0.56406768248279571        1.2257620280420930E-002
  -6.7749319566006883E-002  -3.0756226850504678E-003
  0.72959978467415565        9.8461162684642806E-002
  0.74693325986440284       0.13174878465105111     
  0.76259908844880320        7.6485740926834231E-002
  0.73211242795378184       0.10454917800673171     
  0.64480999226401348       0.11754210326410783     
  0.79878349462047260       0.11888509311478077     
  0.71980893276338198        9.7090992999645923E-002
  0.71267396145373751       0.10509869906497141     
  0.66712448443629790       0.24900590984499346     
  0.74785075274215473       0.22365486852961142     
  0.49810702468663970       0.31946926041257023     
  0.63594979313343158       0.23657501750403848     
  0.73914100796049009       0.27576256098499924     
  0.66710207898944274       0.24673764574183799     
  0.67058141757746215       0.23544226493101264     
  0.43394886084995010       0.16105346369551943     
  0.53079856395182723       0.27503329833987039     
  0.65909813431662978       0.28070750620823104     
  0.99040574499819389       0.13561832585111258     
  0.96666629795163450       0.14488049082489490     
  0.98256177467159345       0.14099650179983431     
  0.95531206161490634       0.14005128467219471     
  0.98023372146147492       0.12712883641484735     
  0.97001084214944144       0.14563795754615758     
  0.97260609556155253       0.14434854905661090     
  0.38483619573164685        8.4916412160106983E-004
  0.33068733313224186       -5.4668864384596884E-005
  0.45774563648605804       -1.3352013552095448E-003
  0.16372161784517852       -4.2244938179285637E-004
  0.41579433107313296       -3.3303824079798957E-003
  0.36697067453236598        2.9710001599958600E-004
  0.31313514996745245        4.4567733278943306E-004
  0.32524392426385307       -2.3710797897497052E-003
  0.61282111237525627       -8.5020807505557317E-004
  0.65356181479674458       -1.5506346889086720E-004
  0.58581134918891964       -5.1013352026934482E-003
  0.55343160148890125       -2.5845571095877728E-003
  0.59717911018087999        4.6924016013175840E-003
  0.59488361029481462        8.3818313049875796E-003
  0.55379807503969192        2.6070822242617044E-003
  0.58319387727803329        1.8072617873496892E-002
  0.47259713732426106        1.3724598829335260E-002
  0.59305937894108240        1.3313824791760968E-002
  0.61520670300047620        2.0056339037771636E-004
  0.52598248117079338        4.3708906987681489E-003
  0.69584658087418094        3.5249432613144997E-002
  0.52995661785794668        1.1506305277751162E-002
