 cosx vtec
  0.12044446670746180       -9.6162401822252549E-004
   7.8119148283830500E-002  -3.1685733285309186E-004
  0.25177167605507528        1.2930267714109428E-003
  0.16634334625852401        7.5567409252068395E-005
   4.5930577777924773E-002   3.9073304018642291E-003
  0.11613427455436606       -7.3190681211835254E-004
  0.22042225094989637       -5.0381838196475351E-004
  0.46063245033756112       -1.2897270245265243E-003
  0.34805108215439812       -1.5853890733796313E-003
  0.24701874045275030        2.7911010227498938E-003
  0.21824994983567841        2.5617719413499748E-004
  0.34906693793407173        1.3981685127904576E-003
  0.31010315671300892       -5.1007868414364495E-003
  0.20143759110219442       -1.4334823602417959E-004
  0.15676091347549109        9.1280395362138908E-005
  0.33202813373927137        2.6484931139093269E-003
  0.36665067618358593        2.4790802105653944E-003
  0.23353584063682079        4.0766235908728171E-004
  0.25139721490344324       -1.5515789069554193E-003
  0.10807564371661386       -3.5281456368758475E-003
  0.19832081424892711       -1.1035258684171378E-003
  0.28655701473946926        4.7901094501673130E-004
  0.31974439763144391       0.23299099210043162     
  0.26837568007248658       0.23848472930534723     
  0.35118293363835434       0.24579306243113461     
  0.37064960698969385       0.24387617783107565     
  0.24165812303736506       0.23595003965126718     
  0.96298195552441890       0.24536648206127828     
  0.89264563749395920       0.18116790074331321     
  0.90036786271256997       0.18711093450550123     
  0.87014043394579188       0.18987606643068172     
  0.92824851572908595       0.21150504713415480     
  0.86855567087085483       0.18739092016021178     
  0.88453051196944787       0.18751340178758585     
  0.57956742850630460        1.7863194930720187E-002
  0.69000119829484219        1.9575283317887330E-002
  0.75059404278936181        3.0287222014354839E-002
  0.67946534602985953        1.6668697761839574E-002
  0.61139227685325448        1.3116161486377044E-002
  0.64724287319140572        2.5127913673000962E-002
  0.58406359052504619        1.0602088710713380E-002
  0.66079444091394890        1.3917213258329682E-002
  0.70401196583431946        1.0555076789434181E-002
  0.13445428289643827        2.0479110461447654E-004
  -8.9621005469828777E-002   3.3594982712548912E-003
  -3.9397498515506064E-002   4.1191537438215890E-004
  0.50870152501588972        2.3041674179984772E-003
  0.46141469824537479       -2.7525199677435008E-004
  0.38844898204610551       -1.2724938539822386E-003
  0.35359185912194718       -2.9124891541573404E-003
  0.47361937670622434        1.6272398366837053E-003
  0.42893262327522164       -1.8118724865727565E-004
  0.53065055984528575       0.16537621692818413     
  0.41247293784399036       0.15934392381651821     
  0.36093816817835067        2.5444023499378923E-002
  0.47536905338588836       0.16245428121964881     
  0.48240134981405142       0.15838180996555629     
  0.49923947519176942       0.16540010551223430     
  0.22269693974887872        5.2849905566731969E-002
  0.14591401585187164        3.8106920053663500E-002
  0.32107906779868872        6.3276848475789002E-002
  0.12224152146276232        7.0919116972806243E-002
  0.26342890567985272       0.10519336145341916     
  0.13097915045933070        5.0497807114577992E-002
  0.20480622809242380       0.10388572255787835     
  0.20680897623271019        5.3512534605510184E-002
  0.28424817693862214        7.5890816554633062E-002
   3.3191936885150894E-003   6.5135368128468984E-002
  0.37113449362518330        6.0586009130342254E-002
  0.26770317202350047       0.19077796878947312     
  0.22914577566624145       0.19748407119543368     
  0.32632512538955721       0.19677924073786038     
  0.35130733364520900       0.19784547479312053     
  0.67541990195888357        5.8068373183961623E-002
  0.77562440205326011        6.6928927599418278E-002
  0.83062170401578816        7.8420673010781289E-002
  0.77801889616531905        6.1524758571879119E-002
  0.70691213807691966        3.4345231023820519E-002
  0.74084358984513921        6.3733997491919478E-002
  0.67457354355113719        4.5257741978062357E-002
  0.79439893176369070       0.10812904251234406     
  0.75930872824741602        6.0545584113714725E-002
   4.9575403576124631E-002   4.4498150413293282E-003
  -6.5078441563594467E-003   1.7487307358282290E-002
  0.17469589274468117        4.1352447010887541E-002
  -3.5436668114112349E-002   2.9894771136291815E-002
   9.2451840420609319E-002   4.3363388991551628E-002
  -1.9477509917469955E-002  -3.1374722056225199E-002
   3.8004571590492156E-002   4.4487769866509388E-002
   4.0695663568251959E-002   9.1331953273705319E-003
  0.12511173615562490        3.6179897849154104E-002
  0.23863739889858485        2.1612762921603676E-002
  0.61341359008356122       0.15621543594884907     
  0.65205202781038729       0.16669204073483934     
  0.50237478126096835       0.15831919765343447     
  0.57062329717162041       0.15216228660618406     
  0.57247820041207476       0.14958327736875440     
  0.59246518168569817       0.15520144799549179     
  -8.9555505557141011E-003  -1.8425442309917390E-003
  0.18631606514584356       -6.4994435822044718E-003
   6.3987851192143508E-002  -1.5193500429710259E-003
   4.2690854319478833E-002  -1.0268789279195456E-003
  0.15309202361779953       -2.8028151825057441E-004
   5.3126077484023822E-003   1.2428388263224378E-003
  -3.4939185451959613E-002  -2.6804108066335843E-004
  0.15607647061581234        5.3309663252945824E-003
   5.1703112029265128E-002  -1.7674594537552189E-004
  -5.7516836060713887E-002   1.4058700887975260E-003
   7.5522383715645903E-004   3.4385848994467221E-003
  0.15191673048044510        7.1561491682741601E-004
  0.13590797072448993        4.6256906650562378E-004
  0.80070269051667387       0.26215514191980205     
  0.75462779220769671       0.25579646739042927     
  0.76011026773743684       0.25371490527562868     
  0.42531439699827261       0.17979436456887404     
  0.28410654202336449       0.16086609414302988     
  0.24483777532533338       0.16159190962225733     
  0.34424779594064375       0.16379153790527184     
  0.36188391378748680       0.16523917677199620     
  0.37169302272789195       0.16719070424129434     
  0.93748368579447738       0.14616974875789149     
  0.92347372317144549       0.13480062142992202     
  0.91105030595810055       0.13244874296649659     
  0.84759396014171162       0.12622566330818735     
  0.91027633871759384       0.13218300977472652     
  0.89749122479587384       0.13403129489593524     
  0.94328675059305100       0.16718654530471480     
  0.50475770923579399        4.4968026919053892E-003
  0.48000306745698584        4.2981282663374643E-003
  0.40197580621964690        1.4764253058574511E-003
  0.51684715984472573        7.5457911314361602E-003
  0.43698344944769441        8.4268154823119001E-004
  0.22802480256202456        4.5253359407055623E-004
  0.18107394057422924        9.6129781111855802E-004
  0.37643375183119837       -3.0777218663015225E-003
  0.36199554291348679        1.1174027867113141E-003
  0.25336480107344972        4.3087592295885479E-004
  0.28756292980592374       -2.2641791912794453E-003
  0.11061237721181416       -1.7650548315984085E-003
  0.22659478111368669        8.1385757764911872E-004
  0.30968171459439903       -4.3943034735775886E-004
  0.57388502206173198       0.13828575727672404     
  0.65654149652654237       0.13496985917050677     
  0.65278208358733958       0.17457448895407282     
  0.62220041607436360       0.13312764346030101     
  0.63187373400219560       0.13731931094613789     
  0.68443515852879588       0.14286392655987321     
  0.21854212042113172        8.7806748522432240E-002
  -3.9857223741281603E-002   4.9557197440978550E-002
  -6.9629489849261372E-002   4.7976232722304335E-002
   3.7595256406608074E-002   6.5191784758076146E-002
   5.0345413512763594E-002   6.2451256859090268E-002
  0.10095734271238305        8.2339747719577638E-002
  0.69429837863124200        1.8039901042231622E-002
  0.66158756684194309        9.4478455624341824E-003
  0.60157615305262735        7.0401137222157381E-004
  0.64369002426073740        6.7728585436055448E-003
   1.3981299649285645E-002   1.3401480297468547E-003
  -2.6986012504588510E-002  -2.2287743463634928E-003
  0.19759295971512150        4.6502114942599477E-003
   3.8193553073075905E-002  -5.4593737072498264E-003
   9.6154997160837544E-002  -2.8915610890522516E-003
  -7.8857302650142805E-002  -3.4230545147837048E-003
   1.0722324802286187E-002  -3.1479813156236563E-003
  0.11633553210653459        1.0378312096303243E-003
   7.2585793684845301E-002  -1.6584863994053397E-002
  -5.3710340467071356E-002   5.5444735493517883E-003
   2.0347500306857520E-002   3.2156347579018912E-003
  0.10029170469446393        7.0115968919918338E-003
  0.96352091292284103       0.15502508079457533     
  0.96446508236105721       0.15193625256534618     
  0.95268900608416551       0.14234849483706394     
  0.88153120261777385       0.14808115052818685     
  0.94858720007212649       0.15622842766649297     
  0.94447260819450041       0.16013105653987095     
  0.96174409811904626       0.24981006337795672     
  0.96008507666695331       0.23712981313967793     
  0.97978527724637510       0.27819200677065820     
  0.92117812404749522       0.24906902391523478     
  0.93300530771390267       0.25112652606919900     
  0.93387712801577527       0.25379079357669648     
  0.94225943246025112       0.23963081729763375     
  0.52153496657859333       0.20000990441896402     
  0.39228566544205418       0.18849306004408550     
  0.34492941683549178       0.20000520977718561     
  0.45099649910702544       0.19102871679253400     
  0.47213685665481342       0.19544743668399317     
  0.22160135930790406       0.21606207179078721     
  0.18255938865416832       0.22397928138036893     
  0.28264443314945842       0.21680856679272215     
  0.30778058919483919       0.23013724365828847     
  0.34381570590859434       0.12439328161424504     
  0.43696784842231567       0.12268714835724899     
  0.25985363896582209       0.13250280893800487     
  0.41961492569206915       0.14929554268333578     
  0.38944259770883155       0.12294461422415401     
  0.33488288034117514       0.13888483793408246     
  0.39687797842019218       0.16177407630208820     
  0.52200425861444222       0.14745223535839036     
  0.65425356265294843       0.24713170551468802     
  0.67830988552369664       0.23721193722235798     
  0.40663775736674773        1.8930705919911962E-002
  0.40492228044435491        1.1916057871492762E-002
  0.25662995273409211        2.6299998063288428E-002
  0.29583561877327147        3.0246794274645942E-002
  0.18469573162803610        1.8192433725313806E-002
  0.36464459679176142        2.2596442649661611E-002
  0.32913722261040840        3.6811161512725413E-002
  0.42364554970621471        1.8706940296745276E-002
  0.28814439791049407        4.3737613825485785E-002
  0.35870024304740789        5.4220707082015401E-002
  0.11274218056714132        2.2100578287264510E-002
  0.14920856289531947        3.8172727753038857E-002
  -7.4425956410874169E-002   3.4166946097695702E-002
   7.3201681642841313E-002   3.9101947776732475E-002
  0.19498577705697390        3.1988908536078074E-002
  0.18153361535819040        1.7970343024593889E-002
  0.25304329224491851        4.5846785742042269E-002
  0.20288261123631537       -1.9788785958775273E-003
  0.32133360186487631        3.0912012073850120E-003
  0.22778497661547753       -1.0990283110258188E-003
  0.30822123952821123       -6.3503376515465252E-003
  0.20603669296296973       -6.4708599269172379E-004
  0.29383403977629563       -7.8571204327096563E-004
  0.33258020406919997        9.8326762151727080E-003
   7.4654825006597550E-002  0.16996716393424466     
   4.3420471500232379E-002  0.16878339842997775     
  0.13843563787286600       0.17779457800968479     
  0.17368749700387354       0.19331008144297543     
  0.40935939028511914        9.9820059252443555E-003
  0.34444319819029617       -3.7000416006854219E-004
  0.50103738157017919        1.8675346546876515E-002
  0.54874066167918722        1.4043305679535661E-002
  0.45285411871302933        1.3691458398637160E-002
  0.27683609368654916       -3.2657256707119119E-003
  0.40352915132497580        3.4037502207289396E-003
  0.51009502371114335        3.1281954673396055E-002
  0.48733768473910888        1.2257620280420930E-002
   9.6212303937441485E-002   2.5771873650454365E-003
  -8.7304219187940776E-002  -1.3529777179666987E-003
  -2.8367588324913314E-002   7.6328347695225137E-004
  0.29029277645584078       -3.0756226850504678E-003
  0.57486084725350906        1.0429660983790989E-003
  0.48494186478020401       -3.9392958123306140E-003
  0.41446538882305856       -2.6960714250803385E-003
  0.39053748089432183       -1.8727780249503010E-003
  0.47340137636424046       -1.1094276968550666E-003
  -9.4173658667057375E-002   1.1119219847883991E-003
  -4.7937626482222231E-002  0.12187381817133008     
  0.71245210684391036       0.24900590984499346     
  0.46882086364327547       0.22365486852961142     
  0.81382618259311013       0.31946926041257023     
  0.65881440273874947       0.23657501750403848     
  0.68279983631403651       0.27576256098499924     
  0.60419756829658477       0.24673764574183799     
  0.66401079506635152       0.23544226493101264     
  0.73491460571626810       0.16105346369551943     
  0.72735457602518294       0.27503329833987039     
  0.55136270082296346       0.28070750620823104     
  0.30657678977406666       0.13561832585111258     
  0.40871047056938248       0.14488049082489490     
  0.23981753922556998       0.14099650179983431     
  0.37381987788579618       0.14005128467219471     
  0.35696900642267410       0.12712883641484735     
  0.30304964363304182       0.14563795754615758     
  0.35942870695130397       0.14434854905661090     
  0.73999029670019179        9.1890626038973619E-002
  0.73621102788018644        8.9232693140954458E-002
  0.66838247036559506        7.9305013365230340E-002
  0.72344283875536941       0.10785865931896235     
  0.76487718566932716        9.8507271950027134E-002
  0.70310905611118169        8.8057338305888105E-002
  0.74752694892203397       0.10911163290952455     
  0.28111975900845199       -3.3425157168294802E-003
  0.25483937299488679       -3.8818913480724538E-003
   7.5426015652621761E-002   8.9833006876898162E-003
  0.11180303925941526       -1.3661553311033220E-002
   9.3410017528076251E-003  -8.8073565653271145E-004
  0.22438139580333660        4.9149835120062069E-003
  0.15048103225397072       -2.4785332552559099E-003
  0.53592940853534854        5.4750847723127635E-004
  0.46166734427811118       -4.2505274616567703E-004
  0.39067781571318105       -1.3171948025796579E-003
  0.36481920878400620       -1.8023279581236178E-003
  0.45773550067742230        8.3129325865411764E-004
  0.44209308615996262        1.6411836388117915E-003
  0.33814979190696182       0.13246439172701949     
  0.17617775268994029       0.11013581044319495     
  -2.0890358120190737E-002  0.11128465476742398     
  0.14072722500436932       0.11089543821439511     
  0.24151159188415791       0.11116968048219136     
  0.25115041011929584       0.10889889671508828     
  0.27879106380563323       0.12766311865842941     
   1.2543426511952522E-002   8.4916412160106983E-004
  -2.5942899779204005E-002  -5.4668864384596884E-005
  0.21748718415724239       -1.3352013552095448E-003
   4.6462653496346235E-002  -4.2244938179285637E-004
   7.4099775279205818E-002  -3.3303824079798957E-003
  -6.2857103313396820E-002   2.9710001599958600E-004
   9.0067090449532945E-003   4.4567733278943306E-004
  0.11728223238847008       -2.3710797897497052E-003
  0.22162987687616673        9.8087097748654267E-004
  0.11539562691526005        9.4037645013731136E-004
   9.2719520917987602E-002   1.0679193046887114E-003
  0.23036908353201255       -1.1549248023281166E-003
  0.17376365801042032        1.8992592505824720E-003
  0.52048261157655185        5.5251441139887595E-003
  0.49095325182154503        4.3041167197905104E-003
  0.41676904364245548        1.1148198628110624E-003
  0.36671118050613066       -1.3085628101525500E-003
  0.53387006226255485        6.9246880664974152E-003
  0.51715435490274886        5.5167347462069475E-003
  0.45273173412512929        2.1253009273816455E-003
  0.40126034474511924        8.4135536254450499E-002
  0.44842808503230397        8.2703558476082906E-002
  0.26330781784161023        7.5380639790021020E-002
  0.21597945619209383        5.4533390711802091E-002
  0.33822885858274226        6.4489324284025470E-002
  0.32939971390696443        7.1651545479248444E-002
  0.37795501440053864        9.0258191014254516E-002
  0.46368454546015225       0.22177906897442204     
  0.32026822804096222       0.19590597892690828     
  0.27880346103692671       0.20224077677783442     
  0.37852014498860165       0.19946131417052668     
  0.41121361023530273       0.21899558070053621     
  0.40192673343546914       0.20788173597004292     
  0.31639636336689436        1.9621664489074078E-003
  0.26808215032567845       -8.6461834010806492E-004
  0.15034005776305226       -6.8462720169913715E-004
  0.35788820337047017        3.7369930714168309E-003
  0.19032567139982257        8.6660225717047866E-004
  0.42694292817825091        8.3818313049875796E-003
  0.36058714301292361        2.6070822242617044E-003
  0.51923926354854377        1.8072617873496892E-002
  0.55721841467940225        1.3724598829335260E-002
  0.47157586498412452        1.3313824791760968E-002
  0.28432826729624588        2.0056339037771636E-004
  0.42172642681068351        4.3708906987681489E-003
  0.53320775127838327        3.5249432613144997E-002
  0.50333018148088282        1.1506305277751162E-002
  0.19217697529463282       -5.4098435224847240E-003
   7.1495974687364516E-002   1.0679439633908623E-003
   4.6409270187593527E-002  -1.1953104522261194E-003
  0.23183270293736744        8.8012785027625573E-004
  0.12320841735286478        8.7154376573935952E-004
