 cosx vtec
  0.57478265839569087       -9.6162401822252549E-004
  0.52393616533280696       -3.1685733285309186E-004
  0.64351712215112933        1.2930267714109428E-003
  0.60286071904620919        7.5567409252068395E-005
  0.53994198240232194        3.9073304018642291E-003
  0.52125139822302557       -7.3190681211835254E-004
  0.56434378817547659       -5.0381838196475351E-004
  0.49063696275824908       -1.4334823602417959E-004
  0.43334286838147251        9.1280395362138908E-005
  0.55400104693287067        2.6484931139093269E-003
  0.43473370880266160        2.4790802105653944E-003
  0.29136547901162002        4.0766235908728171E-004
  0.51944491796881109       -1.5515789069554193E-003
  0.45487546675404567       -3.5281456368758475E-003
  0.42986167310249424       -1.1035258684171378E-003
  0.46666000611690905        4.7901094501673130E-004
  -3.4642170464243560E-003  0.10729922832570163     
   1.6383340964500837E-002  0.12261495911962182     
  -8.2366346905467069E-002  0.10407521999405821     
  -3.2472587389524799E-002   7.9455081797138630E-002
  -2.3553826614395812E-002  0.11227182130513493     
  0.30802261309991164       0.23299099210043162     
  0.31288422361470275       0.23848472930534723     
  0.21033150851646770       0.24579306243113461     
  0.24757507430988604       0.24387617783107565     
  0.28283878242421268       0.23595003965126718     
   1.1962515969004384E-002   1.5687779507678255E-003
  -6.9352322325863053E-002   4.0197458449612528E-003
  -8.0535397180666768E-002  -4.7835043372671920E-004
  -7.3966952445416123E-002  -3.4377783499088652E-003
  0.25269318499651006       0.24536648206127828     
   6.7130607378017404E-002  0.18116790074331321     
   7.5877611644661780E-002  0.18711093450550123     
   3.4554146680234987E-002  0.18987606643068172     
  0.14252427488687042       0.21150504713415480     
   1.1040263379446247E-002  0.18739092016021178     
   6.2719767747598965E-002  0.18751340178758585     
  0.50878419245039219        1.7863194930720187E-002
  0.49200417240000721        1.9575283317887330E-002
  0.39334300071584488        3.0287222014354839E-002
  0.40070141678010973        1.6668697761839574E-002
  0.30063262839576188        1.3116161486377044E-002
  0.50619083636814410        2.5127913673000962E-002
  0.40118834988974661        1.0602088710713380E-002
  0.42699221805804860        1.3917213258329682E-002
  0.26609781740589922        1.0555076789434181E-002
  0.15305407445172917       0.18163321329719903     
  0.15577238253975390       0.18364688198242726     
   6.4546325920729786E-002  0.17466758563093754     
  0.12577251134290998       0.17416515867053778     
  0.32251868853722443       0.15282663361311893     
  0.37048593510312056       0.18282056158905738     
  0.33334723767209906       0.16106935157295429     
  0.24284429051622927       0.15907872351079722     
  0.47440406231507953       0.19583999216562853     
  0.29686140113114678       0.15789407856856472     
  0.30749239091837977       0.15939434382024795     
  0.89976121113293483        5.2849905566731969E-002
  0.84268843913962244        3.8106920053663500E-002
  0.93372546410025459        6.3276848475789002E-002
  0.90610774957154516        7.0919116972806243E-002
  0.91636991984275118       0.10519336145341916     
  0.86233315308554603        5.0497807114577992E-002
  0.94680331016573294       0.10388572255787835     
  0.83635812873500381        5.3512534605510184E-002
  0.94214624731910468        7.5890816554633062E-002
  0.83384022438759997        6.5135368128468984E-002
  0.90173808463120197        6.0586009130342254E-002
  0.42405203753117193       -1.1004490245101013E-003
  0.37032335544166617       -8.3599036980587562E-005
  0.44635474740322978       -7.6881997226430749E-004
  0.49112042799313749       -1.8436084074217239E-004
  0.38012958840183564        8.0550389157429145E-004
  0.36964519504977328        9.8471546486337408E-004
  0.37030155102070217       -6.6271548454806327E-004
  0.63167702875324261        5.8068373183961623E-002
  0.60284721055828672        6.6928927599418278E-002
  0.51735637701383907        7.8420673010781289E-002
  0.52641113892287772        6.1524758571879119E-002
  0.38728991312073940        3.4345231023820519E-002
  0.61963073511393452        6.3733997491919478E-002
  0.52642560999856658        4.5257741978062357E-002
  0.73420461008050308       0.10812904251234406     
  0.55327468842747607        6.0545584113714725E-002
  0.39759213337841848        9.8655685494388690E-002
  0.46902946750391994       0.13308650335389738     
  0.40858451878502844        5.5964969898950119E-002
  0.41366365614555844       0.10687066290385225     
  0.31381161126074242       0.10745699758102502     
  0.54163814082788830       0.13555866064375602     
  0.37114526765834210        9.3728464902475037E-002
  0.38689473242402028       0.10544067617861003     
  0.81250475659304244        4.4498150413293282E-003
  0.76133017657305124        1.7487307358282290E-002
  0.87188824028017131        4.1352447010887541E-002
  0.81828727378550781        2.9894771136291815E-002
  0.83600876453778672        4.3363388991551628E-002
  0.77613408450043697       -3.1374722056225199E-002
  0.87769352165155556        4.4487769866509388E-002
  0.75610558132399441        9.1331953273705319E-003
  0.87787801063165904        3.6179897849154104E-002
  0.75669369811798504        1.7362169594392445E-002
  0.83245026795538757        2.1612762921603676E-002
   1.4702410334961669E-002   3.9713315750270527E-003
   2.2239173444612015E-003  -6.6718014027117778E-004
  -7.3783064057627579E-002   4.4953568808341338E-003
  -2.3868193963470397E-002  -1.1062818537919612E-003
   1.3443110456814067E-002  -4.5443046438902509E-003
   7.1939186089081508E-002   6.7539068959038440E-002
  -3.1936522041544228E-002   5.4977674025444352E-002
   3.6057632412503496E-002   5.8772998018942098E-002
  -9.2362700510169454E-002  -2.8028151825057441E-004
  0.60092340561331181        1.2428388263224378E-003
  0.55253994662059502       -2.6804108066335843E-004
  0.68771142174312749        5.3309663252945824E-003
  0.63195056961683016       -1.7674594537552189E-004
  0.56578246443650060        1.4058700887975260E-003
  0.55007038294399391        3.4385848994467221E-003
  0.78264070829875554        7.1561491682741601E-004
  0.55221888646139439       -1.9313477136490538E-003
  0.60539795674556374        4.6256906650562378E-004
  0.79782211225653454       0.26215514191980205     
  0.75960136608148421       0.25579646739042927     
  0.79393747150923177       0.25371490527562868     
  0.35952527233845166       0.14616974875789149     
  0.24995385875159506       0.13480062142992202     
  0.25520786115380156       0.13244874296649659     
  0.14933275549883929       0.12622566330818735     
  0.28802360429587781       0.13218300977472652     
  0.18622291228670657       0.13403129489593524     
  0.24281642725232189       0.16718654530471480     
  0.37519517448350348        4.5253359407055623E-004
  0.30570376690949308        9.6129781111855802E-004
  0.44559232509391689       -3.0777218663015225E-003
  0.30640276587523479        1.1174027867113141E-003
  0.20470586660703449        4.3087592295885479E-004
  0.40978750234816497       -2.2641791912794453E-003
  0.33648462395040613       -1.7650548315984085E-003
  0.30059202723037332        8.1385757764911872E-004
  0.33563682960806895       -4.3943034735775886E-004
  0.97343577786777025       0.13828575727672404     
  0.96899314849575369       0.13496985917050677     
  0.98240236901441325       0.17457448895407282     
  0.97341499801254938       0.13312764346030101     
  0.98163810232246540       0.13731931094613789     
  0.94241616048101073       0.14286392655987321     
  -2.7879369915984775E-002   1.8039901042231622E-002
  -2.5450373171066187E-002   9.4478455624341824E-003
  -8.9588916592620083E-002   7.0401137222157381E-004
  -8.7102898501227766E-002   6.7728585436055448E-003
  0.19651298818557306        1.3401480297468547E-003
  0.11615785487804052       -2.2287743463634928E-003
  0.12841608811835303        4.6502114942599477E-003
   2.8739943339812963E-002  -5.4593737072498264E-003
  0.26887620083737507       -2.8915610890522516E-003
  0.14390900744795693       -3.4230545147837048E-003
  0.11121815600409000       -3.1479813156236563E-003
  0.16048347859757403        1.0378312096303243E-003
  0.65309768337903407        7.8589178373334942E-004
  0.60510058914950904        8.1466062100912489E-003
  0.75720537395354170       -1.6584863994053397E-002
  0.67838325535113386       -1.3931294641972591E-003
  0.68640502128762748        5.5444735493517883E-003
  0.61692978434864565        9.1762047814772235E-003
  0.60226085961300413       -1.2828109273727184E-002
  0.78803470403999232        3.2156347579018912E-003
  0.60303667391374571       -1.6253284049114482E-003
  0.68401133967544236        7.0115968919918338E-003
  0.47991640410272307       0.15502508079457533     
  0.38880751384891865       0.15193625256534618     
  0.39451323722307508       0.14234849483706394     
  0.24771998064817791       0.14808115052818685     
  0.42619219726033897       0.15622842766649297     
  0.31003353139765172       0.16013105653987095     
  0.58210700189784148       0.24981006337795672     
  0.48249114009252630       0.23712981313967793     
  0.48995307387801751       0.27819200677065820     
  0.55559169659217011       0.24906902391523478     
  0.61678217148927672       0.25112652606919900     
  0.43892022911382317       0.25379079357669648     
  0.47681288992031279       0.23963081729763375     
  0.98037972929371497       0.12439328161424504     
  0.99604562674651886       0.12268714835724899     
  0.96483787446951552       0.13250280893800487     
  0.99154733134533135       0.14929554268333578     
  0.98993974269929308       0.12294461422415401     
  0.97954067304674164       0.13888483793408246     
  0.99333383919256391       0.16177407630208820     
  0.97906270085249747       0.14745223535839036     
  0.36437373571824827       0.24713170551468802     
  0.30180224795444255       0.23721193722235798     
  0.24123968112726688        1.2527483998860428E-003
  0.32359682269321349       -1.7301745083221845E-004
  0.19260979467419706       -3.1242440398636237E-003
  0.17695574292432209       -1.7347450135841900E-003
  0.19130842510348856        2.6230552523900720E-003
  0.15912273477875957       -1.9788785958775273E-003
   2.5772824675152434E-002   3.0912012073850120E-003
  -4.6572770148845491E-002  -1.0990283110258188E-003
  0.22906267686690163       -6.3503376515465252E-003
   1.9276286461675146E-002  -6.4708599269172379E-004
   5.7640470467398647E-002  -7.8571204327096563E-004
  -9.8377859692355407E-002   9.8326762151727080E-003
  0.69286989058440140        9.9820059252443555E-003
  0.63535476725213269       -3.7000416006854219E-004
  0.71635635075514237        1.8675346546876515E-002
  0.63203290547601210        1.4043305679535661E-002
  0.70723819454105163        1.3691458398637160E-002
  0.66065476759586494       -3.2657256707119119E-003
  0.63239273049574285        3.4037502207289396E-003
  0.80856223733127952        3.1281954673396055E-002
  0.66528340525427088        1.2257620280420930E-002
   4.1239872895697499E-002  -3.0756226850504678E-003
   1.9224514847671070E-002   1.0429660983790989E-003
   1.6984135052512922E-002  -3.9392958123306140E-003
  -4.8049302951680584E-002  -2.6960714250803385E-003
   1.7962814109063585E-002  -1.8727780249503010E-003
   4.8255139885386350E-002  -1.1094276968550666E-003
  0.51894237731176052        9.8461162684642806E-002
  0.57799334814755721       0.13174878465105111     
  0.52276104047427308        7.6485740926834231E-002
  0.53364374378351054       0.10454917800673171     
  0.42190423287842638       0.11754210326410783     
  0.62428879282148497       0.11888509311478077     
  0.49163188975366218        9.7090992999645923E-002
  0.50868023157572351       0.10509869906497141     
  0.83409145672059015       0.24900590984499346     
  0.82046870189645205       0.22365486852961142     
  0.72066684329784980       0.31946926041257023     
  0.78804871349115158       0.23657501750403848     
  0.88712359960201148       0.27576256098499924     
  0.79647534626946692       0.24673764574183799     
  0.82030794137468610       0.23544226493101264     
  0.63684139674420170       0.16105346369551943     
  0.71938402634200938       0.27503329833987039     
  0.77108743810750902       0.28070750620823104     
  0.97742120783626163       0.13561832585111258     
  0.99201574405290849       0.14488049082489490     
  0.94733809116669010       0.14099650179983431     
  0.96991362017467031       0.14005128467219471     
  0.98597711389835829       0.12712883641484735     
  0.95826126606509743       0.14563795754615758     
  0.98012373723258917       0.14434854905661090     
  -8.8025307951164034E-002   8.3129325865411764E-004
  0.34277556072166299        8.4916412160106983E-004
  0.28179168851268332       -5.4668864384596884E-005
  0.47806726902234825       -1.3352013552095448E-003
  0.16011068643374246       -4.2244938179285637E-004
  0.39137798431767251       -3.3303824079798957E-003
  0.30087855517129625        2.9710001599958600E-004
  0.27849442953201309        4.4567733278943306E-004
  0.32674640242300218       -2.3710797897497052E-003
  0.43126138768532207       -8.5020807505557317E-004
  0.49024631163734922       -1.5506346889086720E-004
  0.38956671377484908       -5.1013352026934482E-003
  0.37784060954421006       -2.5845571095877728E-003
  0.38023672314569068        4.6924016013175840E-003
  0.67140759839683462        8.3818313049875796E-003
  0.61223246189068270        2.6070822242617044E-003
  0.69318200112206774        1.8072617873496892E-002
  0.60911488029884908        1.3724598829335260E-002
  0.68530425283916585        1.3313824791760968E-002
  0.63974987343952439        2.0056339037771636E-004
  0.60900528976475254        4.3708906987681489E-003
  0.79709833205003366        3.5249432613144997E-002
  0.64084077409098950        1.1506305277751162E-002
