 cosx vtec
  0.23738964074648772        3.1388095203105523E-002
  0.13647690084765807        1.1266557126342261E-002
  0.17461399802056810        1.6147304182509994E-002
  0.21614572889356282        2.6590208887822465E-002
  0.12023811243796251        2.7965496839924199E-002
  0.35328152062023882        4.8858144319178523E-002
  0.72588423753103304       -1.2897270245265243E-003
  0.61273873523380396       -1.5853890733796313E-003
  0.57113119891660036        2.7911010227498938E-003
  0.46935477368389089        2.5617719413499748E-004
  0.56399188291891289        1.3981685127904576E-003
  0.64975152570566408       -5.1007868414364495E-003
   1.3294736183818101E-002   2.4790802105653944E-003
  -4.3266729983045260E-003   4.0766235908728171E-004
   7.4480988495305184E-002  0.23299099210043162     
   1.4442319209041682E-002  0.23848472930534723     
  0.19500665303184647       0.24579306243113461     
  0.18318536229538543       0.24387617783107565     
   1.2028825419127420E-002  0.23595003965126718     
  0.82137636004548731       0.24536648206127828     
  0.90919672302656340       0.18116790074331321     
  0.90983864848527563       0.18711093450550123     
  0.91359271860540225       0.18987606643068172     
  0.88113849355935203       0.21150504713415480     
  0.93267240093030535       0.18739092016021178     
  0.90429291295745862       0.18751340178758585     
  0.17882144175863784        1.7863194930720187E-002
  0.31349189766333990        1.9575283317887330E-002
  0.46650991398068137        3.0287222014354839E-002
  0.38282185761848819        1.6668697761839574E-002
  0.39747429278830781        1.3116161486377044E-002
  0.25454755719216865        2.5127913673000962E-002
  0.27887417384716806        1.0602088710713380E-002
  0.33930716017954310        1.3917213258329682E-002
  0.52852037384931083        1.0555076789434181E-002
  0.39158649652245858       -2.7604670143527199E-003
  0.27110919664866423       -1.1527491207212459E-004
  0.29191456021226198       -1.3811317215394021E-003
  0.36931210404779408        4.4922859168688416E-003
  0.50260192153555616       -1.2436391499969313E-003
  0.76532167195845924        2.0479110461447654E-004
  0.67605231923989517       -4.5297425071958546E-003
  0.63985112010472722        3.3594982712548912E-003
  0.48749333628087044       -1.0845568661108529E-002
  0.52597607544694147        2.4618362171800252E-002
  0.62359157331313364       -3.8686800322529163E-002
  0.69298257062839164        4.1191537438215890E-004
  0.81319816840840631        2.3041674179984772E-003
  0.76288754315712914       -2.7525199677435008E-004
  0.73861344253269023       -1.2724938539822386E-003
  0.62837345966272906       -2.9124891541573404E-003
  0.73003928380584504        1.6272398366837053E-003
  0.78268785906128158       -1.8118724865727565E-004
  0.92645613518758774       0.16537621692818413     
  0.87415198974570807       0.15934392381651821     
  0.85640748267451561        2.5444023499378923E-002
  0.89696611740039645       0.16245428121964881     
  0.92789356046960569       0.15838180996555629     
  0.90021109535730770       0.16540010551223430     
  0.65825642173869214       0.19077796878947312     
  0.64387236116173074       0.19748407119543368     
  0.68506048746906623       0.19677924073786038     
  0.68982796221880349       0.19784547479312053     
   9.5793692978325296E-002   7.1904269094688437E-003
  -1.7516242721422992E-002  -4.0428397746459149E-004
   1.7173500623210436E-003   8.0264766956408590E-004
   4.9216221738514143E-002  -4.8977605447199585E-004
  -7.0709358228875474E-002  -4.6278575108834206E-003
  0.17412236948550480        5.8068373183961623E-002
  0.30835209010093789        6.6928927599418278E-002
  0.44364873918055514        7.8420673010781289E-002
  0.37856194334363558        6.1524758571879119E-002
  0.42446654234302567        3.4345231023820519E-002
  0.25576679992356988        6.3733997491919478E-002
  0.26630436285833980        4.5257741978062357E-002
  0.21253120589403623       0.10812904251234406     
  0.33449801771832988        6.0545584113714725E-002
  0.25642098975451888       -1.9673738106778019E-003
  0.15875205528045611        3.1601492638171458E-003
  0.18508845539627905       -3.5944424831929598E-003
  0.22801777163902009       -4.0640839485871225E-003
  0.10643418349214734        8.8320842817718771E-003
  0.16296178679053863        7.7012684142695968E-003
   6.7405894141636225E-002   2.1670522914370286E-003
   9.6989873554956252E-002   1.8489583781809297E-003
  0.13789267778000686        4.0539128396376491E-003
   4.4490213611572960E-002   1.1603254861881261E-002
  0.96260942298466134       0.15621543594884907     
  0.98364712596615811       0.16669204073483934     
  0.92506213727914410       0.15831919765343447     
  0.94425475045427154       0.15216228660618406     
  0.96675306552556783       0.14958327736875440     
  0.94539966438905543       0.15520144799549179     
  0.48027149333952812       -2.0566632077150596E-002
  0.47639071803590899       -1.2701386721718732E-002
  0.34501070719820776       -4.1639714671229781E-003
  0.37107927694985376       -1.2944937963955926E-003
  0.43395170644128855       -5.6288340745692606E-003
  0.56023754893690025       -4.6381131940633384E-003
  0.10923043775047531       -1.8425442309917390E-003
  0.31890659657648240       -6.4994435822044718E-003
  0.25441362547633656       -1.5193500429710259E-003
  0.17580047211677721       -1.0268789279195456E-003
  0.24781417781496257       -2.8028151825057441E-004
  -6.9201683174435036E-002  -2.3291142227196697E-004
  0.52655424355548930        1.7706911728363754E-002
  0.56529717315707606        8.3064049308213578E-004
  0.40762666657128477       -9.0239836387568228E-003
  0.44263503197922494        2.1763725522982606E-002
  0.49712981024550540       -7.8960665841218552E-003
  0.65847333946195818        8.2147199687336817E-002
  0.16309820006701159       0.26215514191980205     
  0.14691224294664446       0.25579646739042927     
  0.12248900876644642       0.25371490527562868     
  0.85807410985436383       0.17979436456887404     
  0.77950201537406605       0.16086609414302988     
  0.76363006603065631       0.16159190962225733     
  0.80663012709694648       0.16379153790527184     
  0.85476899627859693       0.16523917677199620     
  0.81284791513552490       0.16719070424129434     
  0.69921058786089341       0.14616974875789149     
  0.78093049408413562       0.13480062142992202     
  0.76280285908989154       0.13244874296649659     
  0.78760072160399186       0.12622566330818735     
  0.73293582639624222       0.13218300977472652     
  0.80911116448174081       0.13403129489593524     
  0.80874231650939987       0.16718654530471480     
  0.91179142703636384        4.4968026919053892E-003
  0.88164396155811786        4.2981282663374643E-003
  0.85652193174614299        1.4764253058574511E-003
  0.85222432002240978        7.5457911314361602E-003
  0.88879422660063701        8.4268154823119001E-004
  -8.4458218716690375E-002   4.5253359407055623E-004
  -7.3934128064633731E-002   9.6129781111855802E-004
   1.4304984795432601E-002  -3.0777218663015225E-003
  0.12175900458112054        1.1174027867113141E-003
   9.3843936678978529E-002   4.3087592295885479E-004
  -5.0454278371273975E-002  -2.2641791912794453E-003
  -2.0019524657876264E-002   8.1385757764911872E-004
   3.9136129440593415E-002  -4.3943034735775886E-004
  -9.0960404294671116E-002  0.14286392655987321     
  0.42283994210823811       -6.3980360992366920E-003
  0.40058599956767926       -2.4152062409891399E-004
  0.27452512853005229       -1.6801410417189593E-004
  0.29659430534650177        3.3360350109583664E-003
  0.36303480422544832        4.1850298004085691E-003
  -7.9481846131476686E-002  0.15366162381360923     
  0.83302645855389101        8.7806748522432240E-002
  0.65977864130358543        4.9557197440978550E-002
  0.58031883933209816        3.7410694713585532E-002
  0.64214545043846571        4.7976232722304335E-002
  0.70803466949382832        6.5191784758076146E-002
  0.75141797563553125        6.2451256859090268E-002
  0.73726962943042229        8.2339747719577638E-002
  0.77801860418112623        1.8039901042231622E-002
  0.74037672131439280        9.4478455624341824E-003
  0.73199439711080760        7.0401137222157381E-004
  0.77549161099837849        6.7728585436055448E-003
  0.10081021640707653        4.6502114942599477E-003
   1.6020459276120884E-002  -5.4593737072498264E-003
  -8.6743831331396834E-002  -3.1479813156236563E-003
  -1.5724527569912425E-002   1.0378312096303243E-003
  0.62097042514800294       0.15502508079457533     
  0.70258545405870831       0.15193625256534618     
  0.68476065445044343       0.14234849483706394     
  0.73739617562951709       0.14808115052818685     
  0.65228824894679649       0.15622842766649297     
  0.75057202787943589       0.16013105653987095     
  0.52864957727480455       0.24981006337795672     
  0.61496483681242875       0.23712981313967793     
  0.62974033814707420       0.27819200677065820     
  0.50808708260609936       0.24906902391523478     
  0.46679417541876361       0.25112652606919900     
  0.62506828095734157       0.25379079357669648     
  0.60064558745375130       0.23963081729763375     
  0.81717813388666927       0.20000990441896402     
  0.75003850943368811       0.18849306004408550     
  0.73507467440324259       0.20000520977718561     
  0.77213820293209778       0.19102871679253400     
  0.77414844216186685       0.19544743668399317     
  0.51868306905542916       0.21606207179078721     
  0.50493361984537932       0.22397928138036893     
  0.54772205049863620       0.21680856679272215     
  0.55204366114248427       0.23013724365828847     
  0.38759919134652004       0.24713170551468802     
  0.46904956061532638       0.23721193722235798     
  0.95089125512510941        1.8930705919911962E-002
  0.93693838778478311        1.1916057871492762E-002
  0.90521464700055776        2.6299998063288428E-002
  0.89630099496375626        3.0246794274645942E-002
  0.87147498959528402        1.8192433725313806E-002
  0.94612611343003428        2.2596442649661611E-002
  0.92144309100508626        3.6811161512725413E-002
  0.96546324719727916        1.8706940296745276E-002
  0.91205464922887425        4.3737613825485785E-002
  0.94546833156825971        5.4220707082015401E-002
  0.81617110611877586        2.2100578287264510E-002
  0.85333676493976429        3.8172727753038857E-002
  0.70109836498685174        3.4166946097695702E-002
  0.79466334657662430        3.9101947776732475E-002
  0.86010203368514204        3.1988908536078074E-002
  0.86573540524220094        1.7970343024593889E-002
  0.88355893146057474        4.5846785742042269E-002
   7.9388200698531031E-002  -1.9788785958775273E-003
  0.32586997229173631        3.0912012073850120E-003
  0.28835720603190040       -1.0990283110258188E-003
  0.13182179412660333       -6.3503376515465252E-003
  0.20651202609566000       -6.4708599269172379E-004
  0.26784261250092012       -7.8571204327096563E-004
  0.44789097821397766        9.8326762151727080E-003
   6.8873217540566301E-002   4.4944733756782226E-003
  -6.6874327444369885E-002   4.1619556586150374E-005
  -4.9282882242748904E-002   1.0181072196445450E-004
   4.5487216293877419E-003   9.7886086240164469E-004
  0.55317845123325760       -6.6559077245274684E-002
  0.55823748934554540        1.2596067335274474E-002
  0.41907202361026008        7.0879289311199635E-003
  0.45130476457392349        6.6438648602652759E-003
  0.51496615295877235       -5.4175284405365660E-003
  0.62147522759331542        2.9433060817074527E-002
  0.52252413445817392       0.16996716393424466     
  0.50794778762709702       0.16878339842997775     
  0.55893179243521407       0.17779457800968479     
  0.57067275423208574       0.19331008144297543     
  -8.9997002714752083E-002   1.8675346546876515E-002
   3.6352553674590227E-002   1.4043305679535661E-002
  -5.9685371477741889E-002   1.2257620280420930E-002
  0.65142619641102484        2.5771873650454365E-003
  0.54711317427653672       -1.3529777179666987E-003
  0.39656558575120304       -1.1808690353571833E-003
  0.42997371771136006        7.4402037411422828E-004
  0.61616416257965234        7.6328347695225137E-004
  0.21967149057099228        2.6846181032148721E-003
  0.28543788453398172        1.0945867007753183E-002
  0.10072693648358877        2.3432810183311586E-003
  0.12070906996699721       -3.2395965922499021E-004
  0.17152700116469727       -4.8797874420135490E-003
   6.8661476082638173E-003  -5.2858658594888007E-004
  0.27850729710267069       -3.0756226850504678E-003
  0.60675546171164163        1.0429660983790989E-003
  0.51116938493640862       -3.9392958123306140E-003
  0.49222338410869604       -2.6960714250803385E-003
  0.40786893791201423       -1.8727780249503010E-003
  0.47098639396707531       -1.1094276968550666E-003
  0.58973378781405383       -6.5629287989389468E-002
  0.64145719639141663        3.7236779886469638E-002
  0.46340951803133923        2.3331244339242788E-002
  0.50954202979851915        5.3890500421188120E-002
  0.56524699347820517       -2.5957776823408510E-002
  0.68153380334850677        1.1119219847883991E-003
  0.67615049148340212        4.7128949035861690E-003
  0.41947322841146467        8.2660410074114427E-002
  0.28791642686872987        5.3228857593158180E-002
  0.35488182829452863        7.3020605151964693E-002
  0.40220313857465767        7.8166746204510071E-002
  0.28247832895580915        9.1071406014058096E-002
  0.48379034505703322        9.4915412526753465E-002
  0.53020108721144243       0.12187381817133008     
  0.10555018387548831        9.4451464532240188E-003
   9.4081216966689363E-003   1.1453759532210719E-003
   3.4283940247418931E-002   3.0972946582373577E-004
   7.5871705702755143E-002   4.0459565148590155E-003
  -1.8049615150489695E-002  -2.9440414659286200E-003
   3.5258590920774657E-002  0.24900590984499346     
  0.24558586515954323       0.31946926041257023     
   1.7785471625269000E-002  0.23657501750403848     
  -4.3825691135937872E-002  0.27576256098499924     
  -4.8931058188981524E-002  0.24673764574183799     
  -5.1110749572819136E-003  0.23544226493101264     
  0.23410975141006860       0.16105346369551943     
  0.15289339621187648       0.27503329833987039     
  -8.3803323036511945E-002  0.28070750620823104     
  0.97550711128484302        9.1890626038973619E-002
  0.96487289165782575        8.9232693140954458E-002
  0.96169021946318778        7.9305013365230340E-002
  0.99029986092434386       0.10785865931896235     
  0.93762913354475197        9.8507271950027134E-002
  0.97810476781793776        8.8057338305888105E-002
  0.98489530557477889       0.10911163290952455     
  0.88888251371944837       -3.3425157168294802E-003
  0.85174252721757593       -3.8818913480724538E-003
  0.80836732161440883        8.9833006876898162E-003
  0.78380523508952638       -1.3661553311033220E-002
  0.76600490136884236       -8.8073565653271145E-004
  0.88522342979223967        4.9149835120062069E-003
  0.82032855909579117       -2.4785332552559099E-003
  0.68911704096101567        5.4750847723127635E-004
  0.61157798131833241       -4.2505274616567703E-004
  0.58915601609418178       -1.3171948025796579E-003
  0.50242500678108648       -1.8023279581236178E-003
  0.57453505720813458        8.3129325865411764E-004
  0.65343927965709991        1.6411836388117915E-003
  0.87520245947049191       0.13246439172701949     
  0.78075150463937026       0.11013581044319495     
  0.67088007423603235       0.11128465476742398     
  0.76379187986981889       0.11089543821439511     
  0.81409631984588915       0.11116968048219136     
  0.84985877308098512       0.10889889671508828     
  0.82626110971489863       0.12766311865842941     
  -9.1211286260134528E-002  -4.2244938179285637E-004
  0.58019071081379270        9.8087097748654267E-004
  0.52817881877822814        9.4037645013731136E-004
  0.44242434078241438        1.0679193046887114E-003
  0.53378375188667138       -1.1549248023281166E-003
  0.60168601310320913        1.8992592505824720E-003
  0.88851405478108314        5.5251441139887595E-003
  0.85441028428128929        4.3041167197905104E-003
  0.83109785602705077        1.1148198628110624E-003
  0.68083376420473840       -1.3085628101525500E-003
  0.95455282397385810        6.9246880664974152E-003
  0.82424026164631181        5.5167347462069475E-003
  0.86577906532102178        2.1253009273816455E-003
  0.95112553688480961        8.4135536254450499E-002
  0.97258819762943260        8.2703558476082906E-002
  0.88736246806818242        7.5380639790021020E-002
  0.86595874146575635        5.4533390711802091E-002
  0.92038643474784632        6.4489324284025470E-002
  0.92924318378972537        7.1651545479248444E-002
  0.93222699586864421        9.0258191014254516E-002
  0.79185631673107815       0.22177906897442204     
  0.70966473464980007       0.19590597892690828     
  0.69498644042424917       0.20224077677783442     
  0.73444078835771742       0.19946131417052668     
  0.80947552364999009       0.21899558070053621     
  0.73814105861432533       0.20788173597004292     
  0.40794816741988649        2.4799101011279450E-002
  0.42617713190845480        8.4751966823167141E-004
  0.28531626101417706       -1.8370760649632202E-002
  0.30962381342020112       -1.0370612665447969E-002
  0.36525305665946184       -6.4404368176136234E-003
  0.52622635403796425        2.5476774128805581E-002
  0.86619386405863608        1.9621664489074078E-003
  0.81320139708145212       -8.6461834010806492E-004
  0.75904567425560421       -6.8462720169913715E-004
  0.78339977272956873        3.7369930714168309E-003
  0.79983011210199340        8.6660225717047866E-004
  -4.9747888509582783E-002   1.8072617873496892E-002
   6.5823637815154268E-002   1.3724598829335260E-002
  -9.4497426803595241E-002   1.3313824791760968E-002
  -8.1096839092330397E-002   4.3708906987681489E-003
  -2.0711719748838286E-002   1.1506305277751162E-002
  0.41263014347342131       -5.3442707312885435E-003
  0.47169540701448642        3.7478703672659777E-002
  0.30351666050842180       -2.1772687804446937E-003
  0.33160461430679417        1.0759656352642602E-003
  0.38101590149268411        4.2652573153633314E-002
  0.55168737682035585       -3.3462569972034603E-002
  0.66070452960377379       -5.4098435224847240E-003
  0.59979095022163398        1.0679439633908623E-003
  0.49720844979095469       -1.1953104522261194E-003
  0.61850155417762576        8.8012785027625573E-004
  0.66081502935347469        8.7154376573935952E-004
