 cosx vtec
  0.22179000312115302       -9.6162401822252549E-004
  0.17415574681372309       -3.1685733285309186E-004
  0.35173780063222237        1.2930267714109428E-003
  0.26801992396651714        7.5567409252068395E-005
  0.14889263725135815        3.9073304018642291E-003
  0.20724377320551890       -7.3190681211835254E-004
  0.30813243047893318       -5.0381838196475351E-004
  0.35620769641491179       -1.2897270245265243E-003
  0.25458067625121594       -1.5853890733796313E-003
  0.14979367333355464        2.7911010227498938E-003
  0.14034094172079864        2.5617719413499748E-004
  0.26677913173867968        1.3981685127904576E-003
  0.20328982576437099       -5.1007868414364495E-003
  0.27656043597907765       -1.4334823602417959E-004
  0.22555346118624636        9.1280395362138908E-005
  0.40477978987511443        2.6484931139093269E-003
  0.41149073642636380        2.4790802105653944E-003
  0.26499675139941697        4.0766235908728171E-004
  0.32652864836448764       -1.5515789069554193E-003
  0.18680634841280086       -3.5281456368758475E-003
  0.26161733159686040       -1.1035258684171378E-003
  0.34704532772971741        4.7901094501673130E-004
  0.34459264659948102       0.23299099210043162     
  0.30012915766228282       0.23848472930534723     
  0.35281346020990556       0.24579306243113461     
  0.37750051246671668       0.24387617783107565     
  0.27047163003458002       0.23595003965126718     
  0.90247547775423687       0.24536648206127828     
  0.80305189366089402       0.18116790074331321     
  0.81163647913954851       0.18711093450550123     
  0.77661291256845932       0.18987606643068172     
  0.84966179686053867       0.21150504713415480     
  0.77049629987187340       0.18739092016021178     
  0.79498921896700059       0.18751340178758585     
  0.61467464587386478        1.7863194930720187E-002
  0.70899446107622921        1.9575283317887330E-002
  0.74280926489332089        3.0287222014354839E-002
  0.68136768672924830        1.6668697761839574E-002
  0.60108856422224444        1.3116161486377044E-002
  0.67401709325895998        2.5127913673000962E-002
  0.59707751514671448        1.0602088710713380E-002
  0.67012391334795574        1.3917213258329682E-002
  0.67609085743073405        1.0555076789434181E-002
  -2.1481639273878111E-002   2.0479110461447654E-004
  0.39075808680967505        2.3041674179984772E-003
  0.34870407161938560       -2.7525199677435008E-004
  0.27171766336197972       -1.2724938539822386E-003
  0.25730050822363465       -2.9124891541573404E-003
  0.36994775025645998        1.6272398366837053E-003
  0.30749420308753600       -1.8118724865727565E-004
  0.38989832207792219       0.16537621692818413     
  0.26815303212689590       0.15934392381651821     
  0.21391451034829020        2.5444023499378923E-002
  0.33408654603480514       0.16245428121964881     
  0.33502598652184568       0.15838180996555629     
  0.36033685993932119       0.16540010551223430     
  -9.4068411110580105E-002  0.19583999216562853     
  0.37739961056050331        5.2849905566731969E-002
  0.29803737125019181        3.8106920053663500E-002
  0.47123394048223621        6.3276848475789002E-002
  0.28981413090252023        7.0919116972806243E-002
  0.41675938932957446       0.10519336145341916     
  0.28876570111883965        5.0497807114577992E-002
  0.37100683569024984       0.10388572255787835     
  0.35063282526660111        5.3512534605510184E-002
  0.44034356984687151        7.5890816554633062E-002
  0.17013067541480867        6.5135368128468984E-002
  0.50909672208491874        6.0586009130342254E-002
  0.15342806672177770       0.19077796878947312     
  0.11309892004690984       0.19748407119543368     
  0.21362512691435784       0.19677924073786038     
  0.24078721103855960       0.19784547479312053     
  0.72410258158491991        5.8068373183961623E-002
  0.80695795163092254        6.6928927599418278E-002
  0.83846401366327872        7.8420673010781289E-002
  0.79374968346157448        6.1524758571879119E-002
  0.70295663703819999        3.4345231023820519E-002
  0.77955780906583372        6.3733997491919478E-002
  0.70224979835907420        4.5257741978062357E-002
  0.84990368664057825       0.10812904251234406     
  0.78258602278273837        6.0545584113714725E-002
  0.20676868555799152        4.4498150413293282E-003
  0.14689904101618304        1.7487307358282290E-002
  0.32935133632181046        4.1352447010887541E-002
  0.13273055517068860        2.9894771136291815E-002
  0.24940794802303573        4.3363388991551628E-002
  0.13839505403494387       -3.1374722056225199E-002
  0.20960479035473295        4.4487769866509388E-002
  0.18760540287207067        9.1331953273705319E-003
  0.28669259342818726        3.6179897849154104E-002
   6.2457314635586667E-002   1.7362169594392445E-002
  0.37800314649417066        2.1612762921603676E-002
  -7.7118810996638726E-002   6.7539068959038440E-002
  0.47526795621040724       0.15621543594884907     
  0.51418046314345456       0.16669204073483934     
  0.35824809930247514       0.15831919765343447     
  0.43105351746563181       0.15216228660618406     
  0.42805056099321881       0.14958327736875440     
  0.45548658363674355       0.15520144799549179     
  -3.4884922272724321E-002  -1.8425442309917390E-003
  0.13834301154434414       -6.4994435822044718E-003
   1.4668394002204627E-002  -1.5193500429710259E-003
   8.4119563056776481E-003  -1.0268789279195456E-003
  0.11689804843199100       -2.8028151825057441E-004
  0.12519141887244933        1.2428388263224378E-003
   7.9885170328054700E-002  -2.6804108066335843E-004
  0.27595189335538017        5.3309663252945824E-003
  0.17244753689206194       -1.7674594537552189E-004
   6.2569344865752108E-002   1.4058700887975260E-003
  0.11096355282028597        3.4385848994467221E-003
  0.29130681471146286        7.1561491682741601E-004
  -5.3031853384954447E-002  -1.9313477136490538E-003
  0.24160699938321431        4.6256906650562378E-004
  0.86823573873775173       0.26215514191980205     
  0.81981639358630731       0.25579646739042927     
  0.83155071694937321       0.25371490527562868     
  0.28631506502019360       0.17979436456887404     
  0.14448819186170195       0.16086609414302988     
  0.10369210673056653       0.16159190962225733     
  0.20632939017642302       0.16379153790527184     
  0.21535510548458478       0.16523917677199620     
  0.23594719650606155       0.16719070424129434     
  0.90134201167031192       0.14616974875789149     
  0.86697912760077922       0.13480062142992202     
  0.85704345854920627       0.13244874296649659     
  0.77968383338398817       0.12622566330818735     
  0.86293878301466753       0.13218300977472652     
  0.83121746140995956       0.13403129489593524     
  0.88307364118471510       0.16718654530471480     
  0.36395026300853117        4.4968026919053892E-003
  0.34279862326709643        4.2981282663374643E-003
  0.26028226795689691        1.4764253058574511E-003
  0.39112034582931615        7.5457911314361602E-003
  0.29254342884074014        8.4268154823119001E-004
  0.27693078226726364        4.5253359407055623E-004
  0.22146646994876601        9.6129781111855802E-004
  0.42232165394133847       -3.0777218663015225E-003
  0.38164118063994651        1.1174027867113141E-003
  0.26516023514475601        4.3087592295885479E-004
  0.33653151248222912       -2.2641791912794453E-003
  0.16531147812404701       -1.7650548315984085E-003
  0.26070705414782236        8.1385757764911872E-004
  0.34122865287331267       -4.3943034735775886E-004
  0.70281631665313160       0.13828575727672404     
  0.77503946207173424       0.13496985917050677     
  0.77440277096853327       0.17457448895407282     
  0.74554962526764124       0.13312764346030101     
  0.75575500553285002       0.13731931094613789     
  0.79438385912019593       0.14286392655987321     
   5.8233566338051990E-002   8.7806748522432240E-002
  -5.2991579933938091E-002   8.2339747719577638E-002
  0.60855283525281878        1.8039901042231622E-002
  0.58010546555716946        9.4478455624341824E-003
  0.51416172848719588        7.0401137222157381E-004
  0.55191211029445209        6.7728585436055448E-003
   5.1770328443201535E-002   1.3401480297468547E-003
  -5.7952683007022124E-004  -2.2287743463634928E-003
  0.20053015591910797        4.6502114942599477E-003
   3.9546874594644899E-002  -5.4593737072498264E-003
  0.13896689841066157       -2.8915610890522516E-003
  -4.0897947558147935E-002  -3.4230545147837048E-003
   3.1784988710048326E-002  -3.1479813156236563E-003
  0.13508362643371927        1.0378312096303243E-003
   4.0935605704705669E-002   7.8589178373334942E-004
  -5.6768252651786255E-003   8.1466062100912489E-003
  0.21603440037413985       -1.6584863994053397E-002
  -4.0878242728426301E-002  -1.3931294641972591E-003
   9.0122615370996584E-002   5.5444735493517883E-003
  -1.6815575058289012E-002   9.1762047814772235E-003
   2.6718173489865715E-002  -1.2828109273727184E-002
  0.17600855666873741        3.2156347579018912E-003
  -8.2633170622047614E-002  -1.6253284049114482E-003
  0.22586546122284329        7.0115968919918338E-003
  0.94851311532440508       0.15502508079457533     
  0.93107988864147506       0.15193625256534618     
  0.92180740158301600       0.14234849483706394     
  0.82943087135041416       0.14808115052818685     
  0.92453114157503036       0.15622842766649297     
  0.89760040603731728       0.16013105653987095     
  0.96743183536276967       0.24981006337795672     
  0.94599020427157032       0.23712981313967793     
  0.96491225942353942       0.27819200677065820     
  0.92623249702042809       0.24906902391523478     
  0.94896365807173233       0.25112652606919900     
  0.91407143751005115       0.25379079357669648     
  0.92908394092248336       0.23963081729763375     
  0.40436431123698818       0.20000990441896402     
  0.27346524240401898       0.18849306004408550     
  0.22332027781611724       0.20000520977718561     
  0.33482917780275012       0.19102871679253400     
  0.35827300328353895       0.19544743668399317     
  0.13294794647120170       0.21606207179078721     
   9.1927126144472918E-002  0.22397928138036893     
  0.19537550752016056       0.21680856679272215     
  0.22281270125218069       0.23013724365828847     
  0.50070040122084447       0.12439328161424504     
  0.58623950393121416       0.12268714835724899     
  0.42331526962236132       0.13250280893800487     
  0.56998798195218969       0.14929554268333578     
  0.54297665063417133       0.12294461422415401     
  0.49263061253930035       0.13888483793408246     
  0.55023418689855752       0.16177407630208820     
  0.65805335059844450       0.14745223535839036     
  0.65178243184350715       0.24713170551468802     
  0.66051518673598075       0.23721193722235798     
  -9.7867741172378411E-002  -1.7301745083221845E-004
  0.24416088864195382        1.8930705919911962E-002
  0.24538437302793240        1.1916057871492762E-002
   8.4928731301305599E-002   2.6299998063288428E-002
  0.13127191987755385        3.0246794274645942E-002
   1.1254112159522184E-002   1.8192433725313806E-002
  0.19776712408223052        2.2596442649661611E-002
  0.16322066101851723        3.6811161512725413E-002
  0.26008526535283094        1.8706940296745276E-002
  0.11900580909460262        4.3737613825485785E-002
  0.19119604487631503        5.4220707082015401E-002
  -5.7554146566089578E-002   2.2100578287264510E-002
  -2.4753093544262805E-002   3.8172727753038857E-002
  -9.7379894826773256E-002   3.9101947776732475E-002
   2.5465211654238123E-002   3.1988908536078074E-002
   8.9803476871051502E-003   1.7970343024593889E-002
   8.5782906910935403E-002   4.5846785742042269E-002
  0.21136616767954169       -1.9788785958775273E-003
  0.28940401050744952        3.0912012073850120E-003
  0.19214925878963796       -1.0990283110258188E-003
  0.31856742800015259       -6.3503376515465252E-003
  0.18611527517709700       -6.4708599269172379E-004
  0.27146905380128322       -7.8571204327096563E-004
  0.27445855611561665        9.8326762151727080E-003
  -3.4048141565627715E-002  0.16996716393424466     
  -6.6054884319324464E-002  0.16878339842997775     
   2.9804133525221418E-002  0.17779457800968479     
   6.6995459760733123E-002  0.19331008144297543     
  0.50102812288687915        9.9820059252443555E-003
  0.43207392754759627       -3.7000416006854219E-004
  0.58683137618314773        1.8675346546876515E-002
  0.61211957202114131        1.4043305679535661E-002
  0.54238248132025457        1.3691458398637160E-002
  0.37734487722695320       -3.2657256707119119E-003
  0.48374459880043252        3.4037502207289396E-003
  0.61333168518096082        3.1281954673396055E-002
  0.56447256246717536        1.2257620280420930E-002
  -3.8896794956541081E-002   2.5771873650454365E-003
  0.26504811166136866       -3.0756226850504678E-003
  0.51234901336171657        1.0429660983790989E-003
  0.43236178126731212       -3.9392958123306140E-003
  0.35698171643088733       -2.6960714250803385E-003
  0.34905243746867581       -1.8727780249503010E-003
  0.42842382058258399       -1.1094276968550666E-003
  -8.4930650174574795E-002  0.13174878465105111     
  -7.3867257480874415E-002  0.11888509311478077     
  0.79744594024234783       0.24900590984499346     
  0.57920993187994352       0.22365486852961142     
  0.86437361902867205       0.31946926041257023     
  0.74076849908973152       0.23657501750403848     
  0.78185052927739185       0.27576256098499924     
  0.69414671056499999       0.24673764574183799     
  0.75183332886731091       0.23544226493101264     
  0.77776425278673023       0.16105346369551943     
  0.78762777246014548       0.27503329833987039     
  0.64232095509282072       0.28070750620823104     
  0.46716742792440102       0.13561832585111258     
  0.56043634728701575       0.14488049082489490     
  0.40208338848510317       0.14099650179983431     
  0.52514207280161207       0.14005128467219471     
  0.51345751943206053       0.12712883641484735     
  0.46020569251446319       0.14563795754615758     
  0.51445958209961040       0.14434854905661090     
  0.61544126331682592        9.1890626038973619E-002
  0.61357932183984842        8.9232693140954458E-002
  0.53761951429469157        7.9305013365230340E-002
  0.59338085535334895       0.10785865931896235     
  0.65216252681527320        9.8507271950027134E-002
  0.57315759455964954        8.8057338305888105E-002
  0.62183343737759711       0.10911163290952455     
  0.11631704004762619       -3.3425157168294802E-003
   9.5025598077362800E-002  -3.8818913480724538E-003
  -9.7971688894473066E-002   8.9833006876898162E-003
  -5.1279113336686638E-002  -1.3661553311033220E-002
   5.3002866953032357E-002   4.9149835120062069E-003
  -1.5832193873827310E-002  -2.4785332552559099E-003
  0.44966654957480218        5.4750847723127635E-004
  0.38328878531965621       -4.2505274616567703E-004
  0.30811664353337909       -1.3171948025796579E-003
  0.29854340183561134       -1.8023279581236178E-003
  0.38724072297899276        8.3129325865411764E-004
  0.35167058983335020        1.6411836388117915E-003
  0.18389141391855640       0.13246439172701949     
   2.2189746376657826E-002  0.11013581044319495     
  -1.4043202947984251E-002  0.11089543821439511     
   8.8492032474341509E-002  0.11116968048219136     
   9.1282179398520708E-002  0.10889889671508828     
  0.12787953312448319       0.12766311865842941     
   7.9825804203132067E-002   8.4916412160106983E-004
   3.3554673228560594E-002  -5.4668864384596884E-005
  0.28823676457077624       -1.3352013552095448E-003
   7.3202687352017598E-002  -4.2244938179285637E-004
  0.14402094353106426       -3.3303824079798957E-003
   4.7292821572083796E-003   2.9710001599958600E-004
   6.3808278480914887E-002   4.4567733278943306E-004
  0.16925868458891449       -2.3710797897497052E-003
  0.11903753547909639        9.8087097748654267E-004
   1.0728168701652274E-002   9.4037645013731136E-004
   4.5314331363190408E-003   1.0679193046887114E-003
  0.13943695093454073       -1.1549248023281166E-003
   6.0051425890827986E-002   1.8992592505824720E-003
  0.38700406662444459        5.5251441139887595E-003
  0.36135135397873253        4.3041167197905104E-003
  0.28276942776951963        1.1148198628110624E-003
  0.26024032357001325       -1.3085628101525500E-003
  0.38716901832934036        6.9246880664974152E-003
  0.39781110580391532        5.5167347462069475E-003
  0.31556422815624796        2.1253009273816455E-003
  0.23802853096539911        8.4135536254450499E-002
  0.28648721970500013        8.2703558476082906E-002
   9.6524924246267380E-002   7.5380639790021020E-002
   4.7871291221794704E-002   5.4533390711802091E-002
  0.17373842430654932        6.4489324284025470E-002
  0.16174927409412113        7.1651545479248444E-002
  0.21596543662332332        9.0258191014254516E-002
  0.34470348201884438       0.22177906897442204     
  0.20120037825220854       0.19590597892690828     
  0.15765110027257467       0.20224077677783442     
  0.26143881940807179       0.19946131417052668     
  0.28139030700057605       0.21899558070053621     
  0.28706155595250826       0.20788173597004292     
  0.16134090051749023        1.9621664489074078E-003
  0.11873333301213349       -8.6461834010806492E-004
  -2.0998654750623014E-003  -6.8462720169913715E-004
  0.22701598112287208        3.7369930714168309E-003
   3.3859423780047804E-002   8.6660225717047866E-004
  0.51227823579557719        8.3818313049875796E-003
  0.44171779364703317        2.6070822242617044E-003
  0.59828515909122404        1.8072617873496892E-002
  0.61502325387346324        1.3724598829335260E-002
  0.55454482743037881        1.3313824791760968E-002
  0.37978041913863214        2.0056339037771636E-004
  0.49515157977964586        4.3708906987681489E-003
  0.63147744652936355        3.5249432613144997E-002
  0.57371772417349121        1.1506305277751162E-002
   6.7489561652038163E-002  -5.4098435224847240E-003
  -5.5134237295719465E-002   1.0679439633908623E-003
  -6.0241589700687867E-002  -1.1953104522261194E-003
  0.12188762905385134        8.8012785027625573E-004
  -1.0505535949374492E-002   8.7154376573935952E-004
