 cosx vtec
  0.14963739846098190       -9.6162401822252549E-004
  0.11960260776412864       -3.1685733285309186E-004
  0.27055366674901621        1.2930267714109428E-003
  0.19093056617717458        7.5567409252068395E-005
   7.7858012454167597E-002   3.9073304018642291E-003
  0.16288285205526465       -7.3190681211835254E-004
  0.26336489302767979       -5.0381838196475351E-004
  0.66178549451397406       -1.2897270245265243E-003
  0.56049810530698707       -1.5853890733796313E-003
  0.47083360480600650        2.7911010227498938E-003
  0.43611234660549258        2.5617719413499748E-004
  0.55671076208194803        1.3981685127904576E-003
  0.53061089733922528       -5.1007868414364495E-003
  0.26594026409764482       -1.4334823602417959E-004
  0.23452444019583460        9.1280395362138908E-005
  0.38617369696950782        2.6484931139093269E-003
  0.45634157771946299        2.4790802105653944E-003
  0.35415285306250188        4.0766235908728171E-004
  0.31098547446805536       -1.5515789069554193E-003
  0.17490307535347382       -3.5281456368758475E-003
  0.28040051421233125       -1.1035258684171378E-003
  0.36395646836797690        4.7901094501673130E-004
  0.12102713517865069       0.23299099210043162     
   6.3539518978905862E-002  0.23848472930534723     
  0.17365679732393008       0.24579306243113461     
  0.18863812585477249       0.24387617783107565     
   3.9057762985206239E-002  0.23595003965126718     
  0.97066310526229438       0.24536648206127828     
  0.92344815114530809       0.18116790074331321     
  0.93966824124899206       0.18711093450550123     
  0.89510297083613755       0.18987606643068172     
  0.96838128081577934       0.21150504713415480     
  0.91315779568775912       0.18739092016021178     
  0.90663628017226428       0.18751340178758585     
  0.65065993956897417        1.7863194930720187E-002
  0.76004575911036476        1.9575283317887330E-002
  0.83728346642214202        3.0287222014354839E-002
  0.77164447498144051        1.6668697761839574E-002
  0.72929314410674528        1.3116161486377044E-002
  0.71639283681408816        2.5127913673000962E-002
  0.68169125485578885        1.0602088710713380E-002
  0.74842995573683646        1.3917213258329682E-002
  0.82026773032885081        1.0555076789434181E-002
  -5.0361947738615020E-002  -1.2436391499969313E-003
  0.36010067034578874        2.0479110461447654E-004
   7.6855461071720088E-002  -4.5297425071958546E-003
  0.14022842041021771        3.3594982712548912E-003
  -8.6108133005971255E-002  -1.0845568661108529E-002
  -7.5894478327913351E-002   2.4618362171800252E-002
   2.3881504843995705E-002  -3.8686800322529163E-002
  0.18365890096181689        4.1191537438215890E-004
  0.70305386842224749        2.3041674179984772E-003
  0.66357621834937075       -2.7525199677435008E-004
  0.60122658624804670       -1.2724938539822386E-003
  0.56640490858957127       -2.9124891541573404E-003
  0.67267940860502606        1.6272398366837053E-003
  0.63606412637424536       -1.8118724865727565E-004
  0.58462111752458090       0.16537621692818413     
  0.46203038525262274       0.15934392381651821     
  0.41410250791784997        2.5444023499378923E-002
  0.52294565783363123       0.16245428121964881     
  0.54944413609909726       0.15838180996555629     
  0.54317717414318956       0.16540010551223430     
  0.11753236021396277        5.2849905566731969E-002
   6.1465512187357907E-002   3.8106920053663500E-002
  0.21039389680812090        6.3276848475789002E-002
  -1.9783775335647513E-002   7.0919116972806243E-002
  0.15479140325270815       0.10519336145341916     
   3.0372295048037318E-002   5.0497807114577992E-002
   4.4001648664274196E-002  0.10388572255787835     
  0.13754775801931743        5.3512534605510184E-002
  0.15913741120995725        7.5890816554633062E-002
  0.28857138068954569        6.0586009130342254E-002
  0.24586700830144317       0.19077796878947312     
  0.21062472955725287       0.19748407119543368     
  0.30227730328331870       0.19677924073786038     
  0.32380968837300728       0.19784547479312053     
  0.70806391804501423        5.8068373183961623E-002
  0.80835736089750776        6.6928927599418278E-002
  0.87818240007527426        7.8420673010781289E-002
  0.83096118157761634        6.1524758571879119E-002
  0.79958305083479719        3.4345231023820519E-002
  0.77232344266063346        6.3733997491919478E-002
  0.73689781385119768        4.5257741978062357E-002
  0.78262526892006279       0.10812904251234406     
  0.80746853278933484        6.0545584113714725E-002
  -3.9312828829194235E-002   4.4498150413293282E-003
  -7.9316621248000249E-002   1.7487307358282290E-002
   7.8087389225857229E-002   4.1352447010887541E-002
  -3.4028951723191758E-004   4.3363388991551628E-002
  -1.8127353796386275E-002   9.1331953273705319E-003
   1.1395873630966141E-002   3.6179897849154104E-002
  0.17647936743902931        2.1612762921603676E-002
  0.67743328979235162       0.15621543594884907     
  0.72987369786270218       0.16669204073483934     
  0.56211915763789311       0.15831919765343447     
  0.62860571698599432       0.15216228660618406     
  0.64860367576407496       0.14958327736875440     
  0.64694717522250200       0.15520144799549179     
  -4.5121864980181475E-002  -4.6381131940633384E-003
  0.18644553011313972       -1.8425442309917390E-003
  0.38786780904789425       -6.4994435822044718E-003
  0.27428898406727331       -1.5193500429710259E-003
  0.24264729807140312       -1.0268789279195456E-003
  0.34801397469226175       -2.8028151825057441E-004
   8.8345277511988618E-003   1.2428388263224378E-003
  -1.9572704235727670E-002  -2.6804108066335843E-004
  0.14760759507570015        5.3309663252945824E-003
   5.0442342242900950E-002  -1.7674594537552189E-004
  -5.1040666492638040E-002   1.4058700887975260E-003
   2.2657810637331521E-002   3.4385848994467221E-003
  0.10101406133778823        7.1561491682741601E-004
  0.15611202447313205        4.6256906650562378E-004
  -6.8073944899900429E-002   8.3064049308213578E-004
   5.9070811366966347E-003   8.2147199687336817E-002
  0.63102077657351230       0.26215514191980205     
  0.57220006673090373       0.25579646739042927     
  0.57891196347502838       0.25371490527562868     
  0.46185439690786967       0.17979436456887404     
  0.31529453594182938       0.16086609414302988     
  0.27909514942280622       0.16159190962225733     
  0.37326372831910037       0.16379153790527184     
  0.41374289011639764       0.16523917677199620     
  0.39683553410225325       0.16719070424129434     
  0.98658590195569629       0.14616974875789149     
  0.98864722641137504       0.13480062142992202     
  0.98211020370698310       0.13244874296649659     
  0.94985270348988282       0.12622566330818735     
  0.97897403396074001       0.13218300977472652     
  0.97784901754188225       0.13403129489593524     
  0.99509586544869155       0.16718654530471480     
  0.69051475120862116        4.4968026919053892E-003
  0.67378792169138735        4.2981282663374643E-003
  0.60723135386269889        1.4764253058574511E-003
  0.70833829999540043        7.5457911314361602E-003
  0.63402001551256248        8.4268154823119001E-004
  0.32709476143800453        4.5253359407055623E-004
  0.29519830046311635        9.6129781111855802E-004
  0.46353438484075538       -3.0777218663015225E-003
  0.48341191576819598        1.1174027867113141E-003
  0.39479145105973695        4.3087592295885479E-004
  0.38069017428341645       -2.2641791912794453E-003
  0.21153316570872852       -1.7650548315984085E-003
  0.34461133320184356        8.1385757764911872E-004
  0.42272760337726911       -4.3943034735775886E-004
  0.45409861366445059       0.13828575727672404     
  0.53339733039804371       0.13496985917050677     
  0.50008539170008803       0.17457448895407282     
  0.49924497266442280       0.13312764346030101     
  0.49631876513622109       0.13731931094613789     
  0.58215687269521144       0.14286392655987321     
  0.30612745769796212        8.7806748522432240E-002
   4.0640132486127856E-002   4.9557197440978550E-002
  -7.3333982590576524E-002   3.7410694713585532E-002
   1.3420535476682927E-002   4.7976232722304335E-002
  0.11469415177552625        6.5191784758076146E-002
  0.15348504774406391        6.2451256859090268E-002
  0.17022533777660281        8.2339747719577638E-002
  0.84686079692507987        1.8039901042231622E-002
  0.82028718241616594        9.4478455624341824E-003
  0.77448926993768474        7.0401137222157381E-004
  0.80926627842280119        6.7728585436055448E-003
  0.14240600757173941        1.3401480297468547E-003
  0.11685105605796917       -2.2287743463634928E-003
  0.35323212980528829        4.6502114942599477E-003
  0.20598299983297469       -5.4593737072498264E-003
  0.21352187628659050       -2.8915610890522516E-003
   5.3348348390785325E-002  -3.4230545147837048E-003
  0.15889128507803488       -3.1479813156236563E-003
  0.26095508637722681        1.0378312096303243E-003
   1.9788985957816474E-002  -1.6584863994053397E-002
  -9.8552140291196230E-002   5.5444735493517883E-003
  -6.1141753168610577E-002   3.2156347579018912E-003
   8.5424783602053189E-002   7.0115968919918338E-003
  0.98060344990731740       0.15502508079457533     
  0.99536050390185205       0.15193625256534618     
  0.98977246978947708       0.14234849483706394     
  0.96483032036178451       0.14808115052818685     
  0.98291618205101816       0.15622842766649297     
  0.99468695289331199       0.16013105653987095     
  0.87007620567648136       0.24981006337795672     
  0.88281352258606582       0.23712981313967793     
  0.91601810254223259       0.27819200677065820     
  0.81050393245973829       0.24906902391523478     
  0.82082623518260145       0.25112652606919900     
  0.85043388922031415       0.25379079357669648     
  0.85544977709827807       0.23963081729763375     
  0.51649198269320251       0.20000990441896402     
  0.38200437852763386       0.18849306004408550     
  0.33850672608260562       0.20000520977718561     
  0.43851588519555218       0.19102871679253400     
  0.45649064295269859       0.19544743668399317     
  0.15614415098138409       0.21606207179078721     
  0.12074888253507876       0.22397928138036893     
  0.21486108951832628       0.21680856679272215     
  0.23658871089165839       0.23013724365828847     
  0.18868621974456870       0.12439328161424504     
  0.27712683656171633       0.12268714835724899     
   7.5178600041111959E-002  0.13250280893800487     
  0.23390039519244829       0.14929554268333578     
  0.23054654575385974       0.12294461422415401     
  0.14617093665273234       0.13888483793408246     
  0.22608645828350574       0.16177407630208820     
  0.39649933419743211       0.14745223535839036     
  0.49793556774629555       0.24713170551468802     
  0.53990856143864807       0.23721193722235798     
  0.57743291208374814        1.8930705919911962E-002
  0.58649127756052233        1.1916057871492762E-002
  0.41983061908819597        2.6299998063288428E-002
  0.48982635354355952        3.0246794274645942E-002
  0.35263992957127510        1.8192433725313806E-002
  0.52552165354714853        2.2596442649661611E-002
  0.51116300949852977        3.6811161512725413E-002
  0.57522135839638566        1.8706940296745276E-002
  0.42210971379159407        4.3737613825485785E-002
  0.51337909582076913        5.4220707082015401E-002
  0.24174181907587816        2.2100578287264510E-002
  0.31818087357850289        3.8172727753038857E-002
   6.3980772075565656E-002   3.4166946097695702E-002
  0.20533769751108924        3.9101947776732475E-002
  0.32062973371654269        3.1988908536078074E-002
  0.32797796936196449        1.7970343024593889E-002
  0.37045825940869259        4.5846785742042269E-002
  0.35226492088707323       -1.9788785958775273E-003
  0.49842704497205426        3.0912012073850120E-003
  0.41656341812420822       -1.0990283110258188E-003
  0.44590822537811325       -6.3503376515465252E-003
  0.38313708021248943       -6.4708599269172379E-004
  0.46538251746183468       -7.8571204327096563E-004
  0.52819307587066588        9.8326762151727080E-003
  -3.7264332928992949E-002   1.2596067335274474E-002
   1.4698387615335096E-002   2.9433060817074527E-002
   4.6333725771474120E-002  0.16996716393424466     
   1.7864872553896835E-002  0.16878339842997775     
  0.10783140136068074       0.17779457800968479     
  0.13885621650714500       0.19331008144297543     
  0.42180921763706813        9.9820059252443555E-003
  0.37314502559020452       -3.7000416006854219E-004
  0.50846037642592790        1.8675346546876515E-002
  0.58477837039042058        1.4043305679535661E-002
  0.46209197853307604        1.3691458398637160E-002
  0.29171416511558124       -3.2657256707119119E-003
  0.43636061707800594        3.4037502207289396E-003
  0.48215849387937432        3.1281954673396055E-002
  0.51207042694519911        1.2257620280420930E-002
  0.33489696393248813        2.5771873650454365E-003
  0.15641124407736789       -1.3529777179666987E-003
  -7.9326198911689710E-002  -1.1808690353571833E-003
  0.13477341148308433        7.4402037411422828E-004
  0.21202409517321813        7.6328347695225137E-004
  0.46472849695422219       -3.0756226850504678E-003
  0.74082446298765281        1.0429660983790989E-003
  0.65830617008696579       -3.9392958123306140E-003
  0.60039496943169290       -2.6960714250803385E-003
  0.56780027686221501       -1.8727780249503010E-003
  0.64287720934487513       -1.1094276968550666E-003
  -8.2034786925452380E-002  -6.5629287989389468E-002
   9.3097362092363911E-003   3.7236779886469638E-002
   3.7602125978105416E-002   1.1119219847883991E-003
   3.5547067743005811E-002   4.7128949035861690E-003
  -3.5476577134124887E-002  0.12187381817133008     
  0.52101545131696880       0.24900590984499346     
  0.24009457406228110       0.22365486852961142     
  0.64867702203105326       0.31946926041257023     
  0.45561223240960885       0.23657501750403848     
  0.48955977730707972       0.27576256098499924     
  0.39177942027805573       0.24673764574183799     
  0.46209653849845517       0.23544226493101264     
  0.55568652432575893       0.16105346369551943     
  0.54008178319075395       0.27503329833987039     
  0.33155506144304348       0.28070750620823104     
  0.12858994562429654       0.13561832585111258     
  0.22549090970018243       0.14488049082489490     
   3.7237769120809894E-002  0.14099650179983431     
  0.17016803481352652       0.14005128467219471     
  0.17464879936656799       0.12712883641484735     
   9.7780623419456647E-002  0.14563795754615758     
  0.16606336825919257       0.14434854905661090     
  0.85889930442614704        9.1890626038973619E-002
  0.86217160240374213        8.9232693140954458E-002
  0.81435721213546763        7.9305013365230340E-002
  0.83442357373201725       0.10785865931896235     
  0.89006118452518235        9.8507271950027134E-002
  0.83265413869071114        8.8057338305888105E-002
  0.85429050818537400       0.10911163290952455     
  0.47721911326887601       -3.3425157168294802E-003
  0.46442037950198256       -3.8818913480724538E-003
  0.26278348677348295        8.9833006876898162E-003
  0.32997820144475593       -1.3661553311033220E-002
  0.20271705992366532       -8.8073565653271145E-004
  0.40580927985141541        4.9149835120062069E-003
  0.35985659834328343       -2.4785332552559099E-003
  0.72006204643466321        5.4750847723127635E-004
  0.65354336710410488       -4.2505274616567703E-004
  0.59367691322824023       -1.3171948025796579E-003
  0.56211512875473424       -1.8023279581236178E-003
  0.64604300032738615        8.3129325865411764E-004
  0.64182568687946584        1.6411836388117915E-003
  0.41124206081250608       0.13246439172701949     
  0.24387003152295217       0.11013581044319495     
   5.8080624108878737E-002  0.11128465476742398     
  0.21119900727836838       0.11089543821439511     
  0.30673091895752025       0.11116968048219136     
  0.33813461132660894       0.10889889671508828     
  0.33891779038971376       0.12766311865842941     
  0.10225026005882329        8.4916412160106983E-004
   7.6474478410326896E-002  -5.4668864384596884E-005
  0.28701729286683764       -1.3352013552095448E-003
  0.18628922889814731       -4.2244938179285637E-004
  0.15634473061275833       -3.3303824079798957E-003
   2.9960074730399855E-002   2.9710001599958600E-004
  0.11601526767185327        4.4567733278943306E-004
  0.22135472887433691       -2.3710797897497052E-003
  0.44929877517410166        9.8087097748654267E-004
  0.35114995027450446        9.4037645013731136E-004
  0.32397649136005191        1.0679193046887114E-003
  0.45325766821484997       -1.1549248023281166E-003
  0.40764476990197779        1.8992592505824720E-003
  0.70800855018731479        5.5251441139887595E-003
  0.68619238689465190        4.3041167197905104E-003
  0.62328738533476447        1.1148198628110624E-003
  0.58080283400574306       -1.3085628101525500E-003
  0.70412373793067207        6.9246880664974152E-003
  0.70983830533156433        5.5167347462069475E-003
  0.65175200937498601        2.1253009273816455E-003
  0.52203355434259868        8.4135536254450499E-002
  0.58507282642476044        8.2703558476082906E-002
  0.37919278713994892        7.5380639790021020E-002
  0.33515860208111903        5.4533390711802091E-002
  0.45172305793134226        6.4489324284025470E-002
  0.46173625046617017        7.1651545479248444E-002
  0.48552693482566334        9.0258191014254516E-002
  0.45769326776904984       0.22177906897442204     
  0.30821172858272622       0.19590597892690828     
  0.27020683486515978       0.20224077677783442     
  0.36427241644628355       0.19946131417052668     
  0.42497983990655191       0.21899558070053621     
  0.38433700477293076       0.20788173597004292     
  0.52360959495961956        1.9621664489074078E-003
  0.48696891824666411       -8.6461834010806492E-004
  0.37791709812889845       -6.8462720169913715E-004
  0.57372045904875446        3.7369930714168309E-003
  0.41103850911857920        8.6660225717047866E-004
  0.44769389131488968        8.3818313049875796E-003
  0.39789070545435651        2.6070822242617044E-003
  0.53509705028300725        1.8072617873496892E-002
  0.60026081851586566        1.3724598829335260E-002
  0.48913232422893027        1.3313824791760968E-002
  0.30723088787076402        2.0056339037771636E-004
  0.46282736471824526        4.3708906987681489E-003
  0.51054139404691079        3.5249432613144997E-002
  0.53633233331779084        1.1506305277751162E-002
  0.42555561226666577       -5.4098435224847240E-003
  0.31239548176834742        1.0679439633908623E-003
  0.28621617377795472       -1.1953104522261194E-003
  0.46044838940235000        8.8012785027625573E-004
  0.36061619237160847        8.7154376573935952E-004
