 cosx vtec
  0.57857415956296676       -9.6162401822252549E-004
  0.52854929164600040       -3.1685733285309186E-004
  0.67538855908028872        1.2930267714109428E-003
  0.61530105738741137        7.5567409252068395E-005
  0.52490999467175836        3.9073304018642291E-003
  0.54273134722130212       -7.3190681211835254E-004
  0.61276237744782036       -5.0381838196475351E-004
   7.8352021266699490E-002  -1.2897270245265243E-003
   4.0973106983903218E-002  -1.5853890733796313E-003
  -5.2468268003466656E-002   2.7911010227498938E-003
   5.0923848444726083E-003   2.5617719413499748E-004
   8.8188980861380606E-002   1.3981685127904576E-003
  -4.4627534438883565E-002  -5.1007868414364495E-003
  0.55708835597532003       -1.4334823602417959E-004
  0.50125400759700911        9.1280395362138908E-005
  0.64887877803503025        2.6484931139093269E-003
  0.58078512435283614        2.4790802105653944E-003
  0.43230512064524740        4.0766235908728171E-004
  0.59556573913081001       -1.5515789069554193E-003
  0.49608184149413781       -3.5281456368758475E-003
  0.51514795651923639       -1.1035258684171378E-003
  0.57356835472315260        4.7901094501673130E-004
  0.22721074746503075       0.23299099210043162     
  0.20992963537677550       0.23848472930534723     
  0.16628443570020493       0.24579306243113461     
  0.20264746189697252       0.24387617783107565     
  0.17589828956986267       0.23595003965126718     
  0.54953624808184787       0.24536648206127828     
  0.37772563054275327       0.18116790074331321     
  0.39473111688132967       0.18711093450550123     
  0.33652395582386613       0.18987606643068172     
  0.46440660086465035       0.21150504713415480     
  0.33015971841116476       0.18739092016021178     
  0.36433100401135005       0.18751340178758585     
  0.70282928916736809        1.7863194930720187E-002
  0.72324890787713314        1.9575283317887330E-002
  0.66749978107958374        3.0287222014354839E-002
  0.65499483167898476        1.6668697761839574E-002
  0.56274133319683228        1.3116161486377044E-002
  0.72123810087207918        2.5127913673000962E-002
  0.62830582149246239        1.0602088710713380E-002
  0.66893655594829859        1.3917213258329682E-002
  0.56089252647746601        1.0555076789434181E-002
   5.3167087343307606E-002   2.3041674179984772E-003
   4.2681391867677776E-002  -2.7525199677435008E-004
  -2.8794431297920364E-002  -1.2724938539822386E-003
   3.3308354167793375E-002  -2.9124891541573404E-003
   9.1083451366532286E-002   1.6272398366837053E-003
  -2.0026152141985054E-002  -1.8118724865727565E-004
  -9.8754968187116487E-002  0.18364688198242726     
   4.2748202685499725E-004  0.15282663361311893     
   7.2646465567321461E-002  0.18282056158905738     
   1.9477827742147069E-002  0.16106935157295429     
  -7.7168678398359003E-002  0.15907872351079722     
  0.17573294173775927       0.19583999216562853     
  -3.8968894834773116E-002  0.15789407856856472     
  -8.1033191462621112E-003  0.15939434382024795     
  0.79957436189485120        5.2849905566731969E-002
  0.73918258777718593        3.8106920053663500E-002
  0.85813113079403491        6.3276848475789002E-002
  0.74357622126308542        7.0919116972806243E-002
  0.82518197825922890       0.10519336145341916     
  0.73934842277840929        5.0497807114577992E-002
  0.79266541853161232       0.10388572255787835     
  0.76533034726813298        5.3512534605510184E-002
  0.84236489808450354        7.5890816554633062E-002
  0.65699278883951684        6.5135368128468984E-002
  0.86773160051903575        6.0586009130342254E-002
  0.24727716378318809       -1.1004490245101013E-003
  0.19570364209870308       -8.3599036980587562E-005
  0.20860024244017306       -7.6881997226430749E-004
  0.32527234431028529       -1.8436084074217239E-004
  0.19381850948438947        8.0550389157429145E-004
  0.21456540295736720        9.8471546486337408E-004
  0.16300840480529927       -6.6271548454806327E-004
  0.81481647707070792        5.8068373183961623E-002
  0.82193433527861814        6.6928927599418278E-002
  0.77476169335743150        7.8420673010781289E-002
  0.76978692774201329        6.1524758571879119E-002
  0.65235468496642390        3.4345231023820519E-002
  0.82459986395384055        6.3733997491919478E-002
  0.74308879559821062        4.5257741978062357E-002
  0.91147160079180545       0.10812904251234406     
  0.78404437957930750        6.0545584113714725E-002
   5.2462559977095036E-002   9.8655685494388690E-002
  0.14682212292399327       0.13308650335389738     
   5.5216237979997307E-002   5.5964969898950119E-002
   7.4098845845526673E-002  0.10687066290385225     
  -3.3780404169794220E-002  0.10745699758102502     
  0.21914215923985247       0.13555866064375602     
   1.9540993666555317E-002   9.3728464902475037E-002
   4.4919029532738464E-002  0.10544067617861003     
  0.67694559710858182        4.4498150413293282E-003
  0.62505020470159522        1.7487307358282290E-002
  0.76541339785615481        4.1352447010887541E-002
  0.62817109308732910        2.9894771136291815E-002
  0.70911633875058777        4.3363388991551628E-002
  0.62443342138478541       -3.1374722056225199E-002
  0.68253403334089513        4.4487769866509388E-002
  0.64675524885339564        9.1331953273705319E-003
  0.74118478938593846        3.6179897849154104E-002
  0.56925799118841447        1.7362169594392445E-002
  0.77780962663124897        2.1612762921603676E-002
  -5.0132404216276683E-002  0.15621543594884907     
  -5.4838037420570918E-003  0.16669204073483934     
  -9.7405069240774356E-002  0.15216228660618406     
  -7.0044246512536545E-002  0.15520144799549179     
   2.8268060826045868E-002  -1.8425442309917390E-003
   9.9490517662338185E-002  -6.4994435822044718E-003
  -3.2143127576603758E-003  -1.5193500429710259E-003
   3.8098086154652239E-002  -1.0268789279195456E-003
  0.11899341988046519       -2.8028151825057441E-004
  0.54423410217029711        1.2428388263224378E-003
  0.49675632377728213       -2.6804108066335843E-004
  0.66242530520710119        5.3309663252945824E-003
  0.58363384115277817       -1.7674594537552189E-004
  0.49431258719272470        1.4058700887975260E-003
  0.51135736116203678        3.4385848994467221E-003
  0.71331535951828284        7.1561491682741601E-004
  0.42423317546628225       -1.9313477136490538E-003
  0.60416447062675616        4.6256906650562378E-004
  0.84785431797476174       0.26215514191980205     
  0.78846232717757792       0.25579646739042927     
  0.82206168955675696       0.25371490527562868     
  0.66932954811967116       0.14616974875789149     
  0.57880805290037274       0.13480062142992202     
  0.58402162552277670       0.13244874296649659     
  0.49233114850435533       0.12622566330818735     
  0.61140472717742222       0.13218300977472652     
  0.52483426401925604       0.13403129489593524     
  0.56851537373041183       0.16718654530471480     
  -5.9274975724928958E-002   4.4968026919053892E-003
  -5.7831044841796020E-002   4.2981282663374643E-003
   2.2966137784004970E-002   7.5457911314361602E-003
  0.48902829155290339        4.5253359407055623E-004
  0.42288581016837634        9.6129781111855802E-004
  0.59173975060290185       -3.0777218663015225E-003
  0.48866618194927242        1.1174027867113141E-003
  0.37717372248097997        4.3087592295885479E-004
  0.53505036688804841       -2.2641791912794453E-003
  0.41709738153691284       -1.7650548315984085E-003
  0.43628762034782770        8.1385757764911872E-004
  0.49121420811543315       -4.3943034735775886E-004
  0.96983261102951734       0.13828575727672404     
  0.99040478212907357       0.13496985917050677     
  0.97822517120111629       0.17457448895407282     
  0.98323319551398680       0.13312764346030101     
  0.98399870737631112       0.13731931094613789     
  0.99193457710814881       0.14286392655987321     
  0.32189102331803160        1.8039901042231622E-002
  0.31809252515047887        9.4478455624341824E-003
  0.25181004154034081        7.0401137222157381E-004
  0.26218139938054302        6.7728585436055448E-003
  0.28100071270891736        1.3401480297468547E-003
  0.20734607299395003       -2.2287743463634928E-003
  0.30137008089863832        4.6502114942599477E-003
  0.16888779780536450       -5.4593737072498264E-003
  0.36441139361164809       -2.8915610890522516E-003
  0.20617108629537467       -3.4230545147837048E-003
  0.21867597223670729       -3.1479813156236563E-003
  0.29488674711868268        1.0378312096303243E-003
  0.52202341656435358        7.8589178373334942E-004
  0.47483498314704031        8.1466062100912489E-003
  0.66291493802863211       -1.6584863994053397E-002
  0.47875068591163505       -1.3931294641972591E-003
  0.56398861733217076        5.5444735493517883E-003
  0.47322143206448802        9.1762047814772235E-003
  0.49205387590574101       -1.2828109273727184E-002
  0.65111298191770939        3.2156347579018912E-003
  0.42715176412518779       -1.6253284049114482E-003
  0.63578512995027758        7.0115968919918338E-003
  0.76111776256556785       0.15502508079457533     
  0.69033890310452861       0.15193625256534618     
  0.69640567246403162       0.14234849483706394     
  0.57711165933874620       0.14808115052818685     
  0.72136850851714218       0.15622842766649297     
  0.62803896893588018       0.16013105653987095     
  0.76772814258670818       0.24981006337795672     
  0.68890635519759946       0.23712981313967793     
  0.71258988798374900       0.27819200677065820     
  0.71579128679956594       0.24906902391523478     
  0.77347017536702123       0.25112652606919900     
  0.63635414283189162       0.25379079357669648     
  0.67052642436060417       0.23963081729763375     
  -8.7617224839795504E-002  0.20000990441896402     
  0.87293930757777782       0.12439328161424504     
  0.91397045292075352       0.12268714835724899     
  0.80839365891109005       0.13250280893800487     
  0.88409906918579229       0.14929554268333578     
  0.89359666047932906       0.12294461422415401     
  0.84312637127222367       0.13888483793408246     
  0.88983667730546312       0.16177407630208820     
  0.95338200131962880       0.14745223535839036     
  0.42078024642058193       0.24713170551468802     
  0.38642421570197832       0.23721193722235798     
  0.19137024827099514        1.2527483998860428E-003
  0.28376768208338621       -1.7301745083221845E-004
  0.13168205544690625       -3.1242440398636237E-003
  0.14575421952303486       -1.7347450135841900E-003
   8.0459220652575408E-002   2.6230552523900720E-003
  0.32582278550970312       -1.9788785958775273E-003
  0.26654597395692259        3.0912012073850120E-003
  0.17989931175957069       -1.0990283110258188E-003
  0.41417678290605175       -6.3503376515465252E-003
  0.22281082722062914       -6.4708599269172379E-004
  0.28181535645809797       -7.8571204327096563E-004
  0.17313715666341958        9.8326762151727080E-003
  0.76660057863070930        9.9820059252443555E-003
  0.70624039507928105       -3.7000416006854219E-004
  0.81392622270665438        1.8675346546876515E-002
  0.77612848445181104        1.4043305679535661E-002
  0.79130715057863288        1.3691458398637160E-002
  0.69598509715098544       -3.2657256707119119E-003
  0.72621747249632240        3.4037502207289396E-003
  0.87221831809209638        3.1281954673396055E-002
  0.77701326463236098        1.2257620280420930E-002
  0.26816601885015223       -3.0756226850504678E-003
  0.33535724177909926        1.0429660983790989E-003
  0.30953960579148965       -3.9392958123306140E-003
  0.23773071115366373       -2.6960714250803385E-003
  0.28241445891213934       -1.8727780249503010E-003
  0.33080836482336007       -1.1094276968550666E-003
  0.18597332527112859        9.8461162684642806E-002
  0.26781353306762617       0.13174878465105111     
  0.18335036965045504        7.6485740926834231E-002
  0.20661614739496342       0.10454917800673171     
   8.0756522524570440E-002  0.11754210326410783     
  0.31394192174315316       0.11888509311478077     
  0.15090546958484102        9.7090992999645923E-002
  0.17810731278276970       0.10509869906497141     
  0.83449563180671038       0.24900590984499346     
  0.71315654903756598       0.22365486852961142     
  0.78639401914770146       0.31946926041257023     
  0.76635410595145825       0.23657501750403848     
  0.87097760155816117       0.27576256098499924     
  0.74879812731878459       0.24673764574183799     
  0.79803946747129439       0.23544226493101264     
  0.67420753271389444       0.16105346369551943     
  0.73960398876817390       0.27503329833987039     
  0.70287660922006734       0.28070750620823104     
  0.84025931995079861       0.13561832585111258     
  0.88287555529082029       0.14488049082489490     
  0.77216085675601653       0.14099650179983431     
  0.83565924665217384       0.14005128467219471     
  0.86114055933626021       0.12712883641484735     
  0.80066854575274038       0.14563795754615758     
  0.84810014238037079       0.14434854905661090     
  0.16054351444441139        9.1890626038973619E-002
  0.17142043752270819        8.9232693140954458E-002
   9.3187269580813692E-002   7.9305013365230340E-002
  0.11568323856113238       0.10785865931896235     
  0.23948922306295223        9.8507271950027134E-002
  0.11341815087176615        8.8057338305888105E-002
  0.15234468534523088       0.10911163290952455     
  0.21016411829302623        5.4750847723127635E-004
  0.18868587795862146       -4.2505274616567703E-004
  0.11855078178840761       -1.3171948025796579E-003
  0.16519104059875475       -1.8023279581236178E-003
  0.21789967077578315        8.3129325865411764E-004
  0.12428787530468111        1.6411836388117915E-003
  0.38178352149070505        8.4916412160106983E-004
  0.32424211846932516       -5.4668864384596884E-005
  0.55498545281760081       -1.3352013552095448E-003
  0.26785200368246975       -4.2244938179285637E-004
  0.43987124801140698       -3.3303824079798957E-003
  0.32178223650801729        2.9710001599958600E-004
  0.33634197582988334        4.4567733278943306E-004
  0.41299493066430565       -2.3710797897497052E-003
  -9.4990064331566149E-002   9.8087097748654267E-004
  -3.9083619276178261E-002  -1.1549248023281166E-003
  -1.1767051943763374E-002   5.5251441139887595E-003
  -1.3381058238863430E-002   4.3041167197905104E-003
  -8.7060703998830535E-002   1.1148198628110624E-003
  -1.9860889422590455E-004  -1.3085628101525500E-003
  -7.3108385494170536E-002   6.9246880664974152E-003
   5.2749199723280571E-002   5.5167347462069475E-003
  -7.6662401808625658E-002   2.1253009273816455E-003
  0.29009904660777308       -8.5020807505557317E-004
  0.35903057798952825       -1.5506346889086720E-004
  0.23832432809171913       -5.1013352026934482E-003
  0.25632263788191939       -2.5845571095877728E-003
  0.20249280786432189        4.6924016013175840E-003
  0.75956115619400721        8.3818313049875796E-003
  0.69747049241232051        2.6070822242617044E-003
  0.80565628915017251        1.8072617873496892E-002
  0.76377942797258147        1.3724598829335260E-002
  0.78423187894946578        1.3313824791760968E-002
  0.68591351348635132        2.0056339037771636E-004
  0.71762603067264152        4.3708906987681489E-003
  0.87361954547694132        3.5249432613144997E-002
  0.76674915471105076        1.1506305277751162E-002
