 cosx vtec
  0.51940140992863859       -9.6162401822252549E-004
  0.47061722722661536       -3.1685733285309186E-004
  0.62804783006563447        1.2930267714109428E-003
  0.55957933769924972        7.5567409252068395E-005
  0.45810076287443935        3.9073304018642291E-003
  0.49232821982292141       -7.3190681211835254E-004
  0.57386866129129799       -5.0381838196475351E-004
  0.21575974611006243       -1.2897270245265243E-003
  0.16143512553808537       -1.5853890733796313E-003
   6.2703209726851894E-002   2.7911010227498938E-003
  0.10313166212406683        2.5617719413499748E-004
  0.20019542698792636        1.3981685127904576E-003
   8.2832778614567060E-002  -5.1007868414364495E-003
  0.52773639950884355       -1.4334823602417959E-004
  0.47376442906632027        9.1280395362138908E-005
  0.63201241577874212        2.6484931139093269E-003
  0.59078082330379400        2.4790802105653944E-003
  0.44302700315269811        4.0766235908728171E-004
  0.57023367790580581       -1.5515789069554193E-003
  0.45590940009593350       -3.5281456368758475E-003
  0.49582209830727841       -1.1035258684171378E-003
  0.56378323028422150        4.7901094501673130E-004
  0.21808707939448208       0.23299099210043162     
  0.19055511983878104       0.23848472930534723     
  0.17889400946692843       0.24579306243113461     
  0.21280220292130131       0.24387617783107565     
  0.15644986646098635       0.23595003965126718     
  0.68114712869934946       0.24536648206127828     
  0.52627814121600469       0.18116790074331321     
  0.54422423452331348       0.18711093450550123     
  0.48528050027641956       0.18987606643068172     
  0.60919762530576693       0.21150504713415480     
  0.48403296755442682       0.18739092016021178     
  0.51122777321609181       0.18751340178758585     
  0.73723643415912843        1.7863194930720187E-002
  0.77916628116503794        1.9575283317887330E-002
  0.74989557626117198        3.0287222014354839E-002
  0.72452352629640882        1.6668697761839574E-002
  0.63751338214778275        1.3116161486377044E-002
  0.76758369953739991        2.5127913673000962E-002
  0.68173804789920545        1.0602088710713380E-002
  0.73095971768975498        1.3917213258329682E-002
  0.65658431373761095        1.0555076789434181E-002
  0.20398185825134046        2.3041674179984772E-003
  0.18623445819593454       -2.7525199677435008E-004
  0.11212560690059875       -1.2724938539822386E-003
  0.15634259786947136       -2.9124891541573404E-003
  0.22891213430125767        1.6272398366837053E-003
  0.12738009601150119       -1.8118724865727565E-004
   1.5354185008344512E-002  0.16537621692818413     
  -4.4032269935518564E-002  0.16245428121964881     
  -4.3229972920960036E-002  0.15838180996555629     
  -1.5932404386019783E-002  0.16540010551223430     
  -4.8771289424720421E-002  0.18282056158905738     
   4.6501852514769404E-002  0.19583999216562853     
  0.69756497731945033        5.2849905566731969E-002
  0.63418093905528128        3.8106920053663500E-002
  0.76774994219923220        6.3276848475789002E-002
  0.61944991692788642        7.0919116972806243E-002
  0.72749825826151016       0.10519336145341916     
  0.62727183097943473        5.0497807114577992E-002
  0.67509962624027575       0.10388572255787835     
  0.67336795956612339        5.3512534605510184E-002
  0.74290160002044336        7.5890816554633062E-002
  0.52491802907703522        6.5135368128468984E-002
  0.79352708984229925        6.0586009130342254E-002
  0.11862887111132076       -1.1004490245101013E-003
   6.9443026567342581E-002  -8.3599036980587562E-005
   5.8290092682536487E-002  -7.6881997226430749E-004
  0.19888496523211180       -1.8436084074217239E-004
   6.3020191717423735E-002   8.0550389157429145E-004
   9.5550319271991063E-002   9.8471546486337408E-004
   2.5107137337835983E-002  -6.6271548454806327E-004
  0.84421726808919062        5.8068373183961623E-002
  0.87292453825072369        6.6928927599418278E-002
  0.84917004320139378        7.8420673010781289E-002
  0.83429153790311150        6.1524758571879119E-002
  0.72864134119259882        3.4345231023820519E-002
  0.86699295619795369        6.3733997491919478E-002
  0.79056671044655946        4.5257741978062357E-002
  0.94222223318502574       0.10812904251234406     
  0.84092960933347838        6.0545584113714725E-002
   2.6572849499993390E-003  0.13308650335389738     
  -7.8406422763249828E-002  0.10687066290385225     
   6.7734215266957165E-002  0.13555866064375602     
  0.55911330755583510        4.4498150413293282E-003
  0.50649977919368616        1.7487307358282290E-002
  0.65995907583678382        4.1352447010887541E-002
  0.49133345830813713        2.9894771136291815E-002
  0.59494212258729806        4.3363388991551628E-002
  0.50023018146829445       -3.1374722056225199E-002
  0.54685367644854366        4.4487769866509388E-002
  0.53858295474554130        9.1331953273705319E-003
  0.62451111998558684        3.6179897849154104E-002
  0.43228328912732733        1.7362169594392445E-002
  0.69266439776276134        2.1612762921603676E-002
  0.11149557902319496       0.15621543594884907     
  0.16084747884666267       0.16669204073483934     
  -1.8732132389099432E-002  0.15831919765343447     
   6.0760790870160786E-002  0.15216228660618406     
   6.0193043627515097E-002  0.14958327736875440     
   8.7876918266289961E-002  0.15520144799549179     
   6.5983490283974669E-002  -1.8425442309917390E-003
  0.17140495188130903       -6.4994435822044718E-003
   5.9479136710733266E-002  -1.5193500429710259E-003
   8.6971767535583278E-002  -1.0268789279195456E-003
  0.17873569910554846       -2.8028151825057441E-004
  0.45866926054569118        1.2428388263224378E-003
  0.41239127733979192       -2.6804108066335843E-004
  0.58930075643164637        5.3309663252945824E-003
  0.50116129298647649       -1.7674594537552189E-004
  0.40320753088041145        1.4058700887975260E-003
  0.43421588307634179        3.4385848994467221E-003
  0.62144068564438837        7.1561491682741601E-004
  0.31083041044813575       -1.9313477136490538E-003
  0.54234190913790026        4.6256906650562378E-004
  0.85447504581905820       0.26215514191980205     
  0.79130567557410691       0.25579646739042927     
  0.82102035171565479       0.25371490527562868     
  -9.2031420340889736E-002  0.17979436456887404     
  0.78527504786514635       0.14616974875789149     
  0.70978575872488370       0.13480062142992202     
  0.71267864284534044       0.13244874296649659     
  0.62842901546934660       0.12622566330818735     
  0.73494488143668124       0.13218300977472652     
  0.66204861700798379       0.13403129489593524     
  0.70261096321089511       0.16718654530471480     
  0.10678937720593284        4.4968026919053892E-003
  0.10420931462746558        4.2981282663374643E-003
   2.4351295167168219E-002   1.4764253058574511E-003
  0.17983813594091114        7.5457911314361602E-003
   3.9584534452510145E-002   8.4268154823119001E-004
  0.48448982361000947        4.5253359407055623E-004
  0.42175935095979655        9.6129781111855802E-004
  0.60160332319159948       -3.0777218663015225E-003
  0.51962019999561160        1.1174027867113141E-003
  0.40597828951441450        4.3087592295885479E-004
  0.53525602401463124       -2.2641791912794453E-003
  0.39793693612916786       -1.7650548315984085E-003
  0.44420583021914856        8.1385757764911872E-004
  0.50800223087930574       -4.3943034735775886E-004
  0.91672198811335170       0.13828575727672404     
  0.95195964921400411       0.13496985917050677     
  0.93418853863390372       0.17457448895407282     
  0.93820026246898469       0.13312764346030101     
  0.93817928579198118       0.13731931094613789     
  0.96429619061182104       0.14286392655987321     
  0.46206639887490752        1.8039901042231622E-002
  0.45285533103902686        9.4478455624341824E-003
  0.38685617932388572        7.0401137222157381E-004
  0.40344208976207618        6.7728585436055448E-003
  0.26806841648579371        1.3401480297468547E-003
  0.20047199803540836       -2.2287743463634928E-003
  0.33295074826842153        4.6502114942599477E-003
  0.18840624491442143       -5.4593737072498264E-003
  0.35417894706295905       -2.8915610890522516E-003
  0.18509117184225010       -3.4230545147837048E-003
  0.21950865865452504       -3.1479813156236563E-003
  0.30659307755782483        1.0378312096303243E-003
  0.40588915058414149        7.8589178373334942E-004
  0.35963242610168011        8.1466062100912489E-003
  0.56073748051596584       -1.6584863994053397E-002
  0.33749517306058707       -1.3931294641972591E-003
  0.45090268540540790        5.5444735493517883E-003
  0.35271301750916517        9.1762047814772235E-003
  0.38471923241150113       -1.2828109273727184E-002
  0.53248895415320296        3.2156347579018912E-003
  0.29494110267204188       -1.6253284049114482E-003
  0.55285129603113559        7.0115968919918338E-003
  0.86093839317344800       0.15502508079457533     
  0.80489303072876917       0.15193625256534618     
  0.80871695016966028       0.14234849483706394     
  0.70296346117366959       0.14808115052818685     
  0.82810906248856742       0.15622842766649297     
  0.75246449718107500       0.16013105653987095     
  0.84143066822311419       0.24981006337795672     
  0.77817865067064618       0.23712981313967793     
  0.80557836161463714       0.27819200677065820     
  0.78434653344578398       0.24906902391523478     
  0.83508474378552677       0.25112652606919900     
  0.72674224148345112       0.25379079357669648     
  0.75655319987249814       0.23963081729763375     
   4.3559647013132363E-002  0.20000990441896402     
  -8.8288538860274879E-002  0.18849306004408550     
  -2.5268120268325311E-002  0.19102871679253400     
   4.0402617403645369E-004  0.19544743668399317     
  -9.3746613112939636E-002  0.23013724365828847     
  0.77525474697422059       0.12439328161424504     
  0.82973182638898924       0.12268714835724899     
  0.69536442815380384       0.13250280893800487     
  0.79486812041628563       0.14929554268333578     
  0.80207728983791649       0.12294461422415401     
  0.74060129071324809       0.13888483793408246     
  0.79791126957736969       0.16177407630208820     
  0.88986159079104143       0.14745223535839036     
  0.46594938102014294       0.24713170551468802     
  0.44663575354071827       0.23721193722235798     
  0.11829061866487421        1.2527483998860428E-003
  0.21202238945610241       -1.7301745083221845E-004
   5.5899730707248851E-002  -3.1242440398636237E-003
   8.2870218171285523E-002  -1.7347450135841900E-003
  -1.5215537745785102E-002   2.6230552523900720E-003
  -7.9706566500464815E-002   1.8930705919911962E-002
  -6.0791853559790832E-002   1.1916057871492762E-002
  -8.4752468922790924E-002   1.8706940296745276E-002
  0.35324975528211261       -1.9788785958775273E-003
  0.33664286836493440        3.0912012073850120E-003
  0.24538070807521303       -1.0990283110258188E-003
  0.44861477606991734       -6.3503376515465252E-003
  0.27381060926094469       -6.4708599269172379E-004
  0.34196481530684009       -7.8571204327096563E-004
  0.26501097547369257        9.8326762151727080E-003
  0.73887065230367865        9.9820059252443555E-003
  0.67719116756291997       -3.7000416006854219E-004
  0.79822380609203325        1.8675346546876515E-002
  0.78380762264353088        1.4043305679535661E-002
  0.76873328840350796        1.3691458398637160E-002
  0.65012707320769070       -3.2657256707119119E-003
  0.70828373723259097        3.4037502207289396E-003
  0.84117452918626578        3.1281954673396055E-002
  0.76806848852274001        1.2257620280420930E-002
  0.33036340670827019       -3.0756226850504678E-003
  0.44932941217106270        1.0429660983790989E-003
  0.40896046473312631       -3.9392958123306140E-003
  0.33557824402267145       -2.6960714250803385E-003
  0.36568374337524368       -1.8727780249503010E-003
  0.42330961115722449       -1.1094276968550666E-003
   2.8191098284203464E-002   9.8461162684642806E-002
  0.12176480800307155       0.13174878465105111     
   1.4729774683338137E-002   7.6485740926834231E-002
   5.2387450073589692E-002  0.10454917800673171     
  -7.3828037924432599E-002  0.11754210326410783     
  0.16205933343071027       0.11888509311478077     
  -1.1352258496725609E-002   9.7090992999645923E-002
   2.3726369846752249E-002  0.10509869906497141     
  0.81832959417530415       0.24900590984499346     
  0.65283442077704357       0.22365486852961142     
  0.80690607754243848       0.31946926041257023     
  0.74632635859263763       0.23657501750403848     
  0.84181117915592441       0.27576256098499924     
  0.71712541946344066       0.24673764574183799     
  0.77438340670103067       0.23544226493101264     
  0.69169120322348121       0.16105346369551943     
  0.74302803786610860       0.27503329833987039     
  0.66494093652555730       0.28070750620823104     
  0.73421026185012117       0.13561832585111258     
  0.79193519474121921       0.14488049082489490     
  0.65636100894198379       0.14099650179983431     
  0.73977532975239835       0.14005128467219471     
  0.76217239675839965       0.12712883641484735     
  0.69400575132326270       0.14563795754615758     
  0.74928402842244912       0.14434854905661090     
  0.32940867143614261        9.1890626038973619E-002
  0.33927726334124825        8.9232693140954458E-002
  0.26279319837438792        7.9305013365230340E-002
  0.28621823262454082       0.10785865931896235     
  0.40271581139892776        9.8507271950027134E-002
  0.28391650001087465        8.8057338305888105E-002
  0.32148430764467922       0.10911163290952455     
  0.33957345036278908        5.4750847723127635E-004
  0.30647250620704247       -4.2505274616567703E-004
  0.23405154925174887       -1.3171948025796579E-003
  0.26603289756922777       -1.8023279581236178E-003
  0.32928559392274387        8.3129325865411764E-004
  0.24977998329718634        1.6411836388117915E-003
  0.34353266536192595        8.4916412160106983E-004
  0.28940679978778844       -5.4668864384596884E-005
  0.53074962881357468       -1.3352013552095448E-003
  0.26698285831955454       -4.2244938179285637E-004
  0.40453627645349166       -3.3303824079798957E-003
  0.27679875435472967        2.9710001599958600E-004
  0.30852295498147086        4.4567733278943306E-004
  0.39672093874393294       -2.3710797897497052E-003
   2.2141636406868337E-002   9.8087097748654267E-004
  -7.8035297783944108E-002   9.4037645013731136E-004
  -4.1283965662765543E-002   1.0679193046887114E-003
   6.9950122166378637E-002  -1.1549248023281166E-003
  -5.9018758500765434E-002   1.8992592505824720E-003
  0.15061878095622000        5.5251441139887595E-003
  0.14431914609654245        4.3041167197905104E-003
   6.8235176033316469E-002   1.1148198628110624E-003
  0.13149066219307803       -1.3085628101525500E-003
   9.8266675002952275E-002   6.9246880664974152E-003
  0.20516911590626197        5.5167347462069475E-003
   8.3412794069211815E-002   2.1253009273816455E-003
  -6.8587022810022658E-002   8.2703558476082906E-002
  -1.8255483655231053E-002  0.22177906897442204     
  -9.8130964988215913E-002  0.19946131417052668     
  -9.0772989201243381E-002  0.21899558070053621     
  -7.0819856378161267E-002  0.20788173597004292     
  0.17451459553213380       -8.5020807505557317E-004
  0.24573040548244809       -1.5506346889086720E-004
  0.12013451142708964       -5.1013352026934482E-003
  0.14986254335160509       -2.5845571095877728E-003
   7.4785506728014373E-002   4.6924016013175840E-003
   3.3039566062274262E-002   3.7369930714168309E-003
  0.73883145472367273        8.3818313049875796E-003
  0.67544173571751509        2.6070822242617044E-003
  0.79732255168512378        1.8072617873496892E-002
  0.77695511996789990        1.3724598829335260E-002
  0.76892597935966756        1.3313824791760968E-002
  0.64519336656396575        2.0056339037771636E-004
  0.70707418621003992        4.3708906987681489E-003
  0.84878417975225529        3.5249432613144997E-002
  0.76495560536943430        1.1506305277751162E-002
  -8.3469939143267613E-002  -5.4098435224847240E-003
   4.8918327311074927E-003   8.8012785027625573E-004
