 cosx vtec
   2.6343634367536339E-002   3.1388095203105523E-002
  -7.4445995768772533E-002   1.1266557126342261E-002
  -3.7280416887959578E-002   1.6147304182509994E-002
   4.6480586956693104E-003   2.6590208887822465E-002
  -9.2686411268864177E-002   2.7965496839924199E-002
  0.14777688919125664        4.8858144319178523E-002
  -9.3011491441346683E-002   1.2930267714109428E-003
  -6.1376863468482090E-002  -5.0381838196475351E-004
  0.79963437068413956       -1.2897270245265243E-003
  0.69381916855046910       -1.5853890733796313E-003
  0.63953823652133512        2.7911010227498938E-003
  0.55733139991124003        2.5617719413499748E-004
  0.65813228090325215        1.3981685127904576E-003
  0.71126876604450118       -5.1007868414364495E-003
  -2.1727393380098325E-002  -1.4334823602417959E-004
  -2.5671514676990359E-002   9.1280395362138908E-005
   7.2929783054485442E-002   2.6484931139093269E-003
  0.20758084667545937        2.4790802105653944E-003
  0.17312299638500106        4.0766235908728171E-004
   1.1067283695430807E-002  -1.5515789069554193E-003
  -9.8943371144248476E-002  -3.5281456368758475E-003
   2.4236997298620860E-002  -1.1035258684171378E-003
   9.3523252923437217E-002   4.7901094501673130E-004
   7.2882000544488013E-003  0.23299099210043162     
  -5.5337008854456748E-002  0.23848472930534723     
  0.11471441453549251       0.24579306243113461     
  0.11023975914246187       0.24387617783107565     
  -6.4597763711981948E-002  0.23595003965126718     
  0.88917610386438961       0.24536648206127828     
  0.94061914649385603       0.18116790074331321     
  0.95037174913865829       0.18711093450550123     
  0.93107176897866206       0.18987606643068172     
  0.94180707821851750       0.21150504713415480     
  0.95843656505906483       0.18739092016021178     
  0.92774894367042071       0.18751340178758585     
  0.37773304238768002        1.7863194930720187E-002
  0.50502877981954652        1.9575283317887330E-002
  0.64071131942228710        3.0287222014354839E-002
  0.56448948583263225        1.6668697761839574E-002
  0.57025786007421453        1.3116161486377044E-002
  0.45022212648858101        2.5127913673000962E-002
  0.46626787100635009        1.0602088710713380E-002
  0.52554566127803370        1.3917213258329682E-002
  0.68841925502206025        1.0555076789434181E-002
  0.30633789532383265       -2.7604670143527199E-003
  0.16283799734947385       -1.1527491207212459E-004
  0.17312594193429770       -1.3811317215394021E-003
  0.23970901288605440        4.4922859168688416E-003
  0.41147090789042617       -1.2436391499969313E-003
  0.73006238042166083        2.0479110461447654E-004
  0.55918564021706030       -4.5297425071958546E-003
  0.57133469432019246        3.3594982712548912E-003
  0.38672763924627118       -1.0845568661108529E-002
  0.41172808972107772        2.4618362171800252E-002
  0.50897386699585678       -3.8686800322529163E-002
  0.61893536220811518        4.1191537438215890E-004
  0.86912626704921658        2.3041674179984772E-003
  0.82521883076995728       -2.7525199677435008E-004
  0.79171622040004919       -1.2724938539822386E-003
  0.70641562049641538       -2.9124891541573404E-003
  0.80532946562378993        1.6272398366837053E-003
  0.83077941029409752       -1.8118724865727565E-004
  0.84271545295684214       0.16537621692818413     
  0.76303730690779847       0.15934392381651821     
  0.73595041065720146        2.5444023499378923E-002
  0.79874642528616824       0.16245428121964881     
  0.83686053225154711       0.15838180996555629     
  0.80646510794228909       0.16540010551223430     
  0.51347748350188016       0.19077796878947312     
  0.49295679611103715       0.19748407119543368     
  0.55014766056821995       0.19677924073786038     
  0.55941366319862185       0.19784547479312053     
  -9.6072623052625206E-002   7.1904269094688437E-003
  0.37843572755608601        5.8068373183961623E-002
  0.50272463859183336        6.6928927599418278E-002
  0.62327973289651495        7.8420673010781289E-002
  0.56582035305274370        6.1524758571879119E-002
  0.60212985951859599        3.4345231023820519E-002
  0.45466052658642447        6.3733997491919478E-002
  0.46232078832921036        4.5257741978062357E-002
  0.41120279943251636       0.10812904251234406     
  0.52631289551850990        6.0545584113714725E-002
   5.6251566226927618E-002  -1.9673738106778019E-003
  -3.5306671280224633E-002   3.1601492638171458E-003
  -1.2197311567627711E-002  -3.5944424831929598E-003
   2.8997903269342928E-002  -4.0640839485871225E-003
  -9.7854887386390310E-002   8.8320842817718771E-003
  -4.8335501223951249E-002   7.7012684142695968E-003
  -7.3005898497781052E-002   4.0539128396376491E-003
  0.90361304146290089       0.15621543594884907     
  0.94188682525971013       0.16669204073483934     
  0.83633423677473584       0.15831919765343447     
  0.87169656559446684       0.15216228660618406     
  0.90137325417160619       0.14958327736875440     
  0.87741738066898356       0.15520144799549179     
  0.33020189232070352       -2.0566632077150596E-002
  0.36707887138472295       -1.2701386721718732E-002
  0.21095742221811387       -4.1639714671229781E-003
  0.22964249972657086       -1.2944937963955926E-003
  0.28824491214545866       -5.6288340745692606E-003
  0.44402313512947489       -4.6381131940633384E-003
  0.22123908361588929       -1.8425442309917390E-003
  0.43369541315662385       -6.4994435822044718E-003
  0.35471710975671006       -1.5193500429710259E-003
  0.28707458942041286       -1.0268789279195456E-003
  0.36973069658380797       -2.8028151825057441E-004
  0.36005043633656292        1.7706911728363754E-002
  0.43342343972608577        8.3064049308213578E-004
  0.24635295705183163       -9.0239836387568228E-003
  0.27690302928166338        2.1763725522982606E-002
  0.33123834899984489       -7.8960665841218552E-003
  0.49889387396109075        8.2147199687336817E-002
  0.25782705612253948       0.26215514191980205     
  0.22097397923143774       0.25579646739042927     
  0.20767220085403654       0.25371490527562868     
  0.74677368855081705       0.17979436456887404     
  0.64085257895837167       0.16086609414302988     
  0.61890432134921169       0.16159190962225733     
  0.67830287622239793       0.16379153790527184     
  0.73418182522108544       0.16523917677199620     
  0.68906719432502217       0.16719070424129434     
  0.83145653251840013       0.14616974875789149     
  0.89319023025927691       0.13480062142992202     
  0.88138347810678608       0.13244874296649659     
  0.89976074457161803       0.12622566330818735     
  0.85947864571268739       0.13218300977472652     
  0.91453720960116258       0.13403129489593524     
  0.90819850993246476       0.16718654530471480     
  0.92639763363969752        4.4968026919053892E-003
  0.90395157744986698        4.2981282663374643E-003
  0.86877089750956127        1.4764253058574511E-003
  0.89563207118178423        7.5457911314361602E-003
  0.89608394380769674        8.4268154823119001E-004
  0.10131436421113341        4.5253359407055623E-004
  0.10348050382749732        9.6129781111855802E-004
  0.20967761662912973       -3.0777218663015225E-003
  0.30250817172206662        1.1174027867113141E-003
  0.26135143490591778        4.3087592295885479E-004
  0.14017652145299567       -2.2641791912794453E-003
  -2.9919020045310329E-004  -1.7650548315984085E-003
  0.15825726297950432        8.1385757764911872E-004
  0.22283081858935105       -4.3943034735775886E-004
  -4.9235366028791749E-002  0.13828575727672404     
   3.9281566632499487E-002  0.13496985917050677     
   4.4062407942983550E-003  0.17457448895407282     
   5.7063185298023011E-005  0.13312764346030101     
  -4.2044490338221108E-003  0.13731931094613789     
  0.10096712230658056       0.14286392655987321     
  0.27396500722264655       -6.3980360992366920E-003
  0.29864220686097842       -2.4152062409891399E-004
  0.14919818404187662       -1.6801410417189593E-004
  0.16294456046465416        3.3360350109583664E-003
  0.22195207047236259        4.1850298004085691E-003
  0.69712828382162850        8.7806748522432240E-002
  0.48587570773059097        4.9557197440978550E-002
  0.39634955187859011        3.7410694713585532E-002
  0.46569946501156245        4.7976232722304335E-002
  0.54246582043970659        6.5191784758076146E-002
  0.59596120158394761        6.2451256859090268E-002
  0.57804390123322924        8.2339747719577638E-002
  0.87860379493389762        1.8039901042231622E-002
  0.84692070870440284        9.4478455624341824E-003
  0.83130686695951495        7.0401137222157381E-004
  0.86924590357185960        6.7728585436055448E-003
  -3.3655828237777463E-004   1.3401480297468547E-003
   1.4885281785768423E-002  -2.2287743463634928E-003
  0.25740111547009831        4.6502114942599477E-003
  0.15457295491277767       -5.4593737072498264E-003
   3.6645783311154950E-002  -2.8915610890522516E-003
  -6.5985306345731867E-002  -3.4230545147837048E-003
   6.1536091134339083E-002  -3.1479813156236563E-003
  0.14300373233483771        1.0378312096303243E-003
  0.76385513812054207       0.15502508079457533     
  0.82902406055032007       0.15193625256534618     
  0.81788041997606420       0.14234849483706394     
  0.86367904871976453       0.14808115052818685     
  0.79277281232957497       0.15622842766649297     
  0.86882155436843045       0.16013105653987095     
  0.61744943464026569       0.24981006337795672     
  0.68527148155705364       0.23712981313967793     
  0.71250013789780609       0.27819200677065820     
  0.57476417269647539       0.24906902391523478     
  0.55038704813313277       0.25112652606919900     
  0.67794604856575280       0.25379079357669648     
  0.66208997682885218       0.23963081729763375     
  0.72117736724074777       0.20000990441896402     
  0.62712932730606719       0.18849306004408550     
  0.60355134554411738       0.20000520977718561     
  0.66072243885009385       0.19102871679253400     
  0.66703039148283505       0.19544743668399317     
  0.37082047788734579       0.21606207179078721     
  0.35080782802527122       0.22397928138036893     
  0.40973469543546348       0.21680856679272215     
  0.41879147324468202       0.23013724365828847     
  0.36548881630385938       0.24713170551468802     
  0.44187256272308889       0.23721193722235798     
  0.90615113793638813        1.8930705919911962E-002
  0.90468054738261383        1.1916057871492762E-002
  0.81719174246061244        2.6299998063288428E-002
  0.84902855499359842        3.0246794274645942E-002
  0.77321050613122499        1.8192433725313806E-002
  0.88050315390165501        2.2596442649661611E-002
  0.86810180336058473        3.6811161512725413E-002
  0.90684307809147513        1.8706940296745276E-002
  0.81007208167581368        4.3737613825485785E-002
  0.87315438672607637        5.4220707082015401E-002
  0.68094698785003804        2.2100578287264510E-002
  0.74950291595884699        3.8172727753038857E-002
  0.54614412689900182        3.4166946097695702E-002
  0.65521997768136964        3.9101947776732475E-002
  0.73638952402026903        3.1988908536078074E-002
  0.75156999853138506        1.7970343024593889E-002
  0.76596204522536759        4.5846785742042269E-002
  0.24019732617054868       -1.9788785958775273E-003
  0.46678991949634840        3.0912012073850120E-003
  0.41810266336544250       -1.0990283110258188E-003
  0.30291385985445163       -6.3503376515465252E-003
  0.34712208957727075       -6.4708599269172379E-004
  0.41434231270915034       -7.8571204327096563E-004
  0.56602466646884564        9.8326762151727080E-003
  0.40486877648655328       -6.6559077245274684E-002
  0.44709375357917980        1.2596067335274474E-002
  0.28118494347524131        7.0879289311199635E-003
  0.30663300001129384        6.6438648602652759E-003
  0.36872361877519005       -5.4175284405365660E-003
  0.50310983350494520        2.9433060817074527E-002
  0.35055134685085676       0.16996716393424466     
  0.33205222940950724       0.16878339842997775     
  0.39534601395602531       0.17779457800968479     
  0.41224255520501407       0.19331008144297543     
   4.1904476055627804E-002   9.9820059252443555E-003
   1.8740309523758991E-002  -3.7000416006854219E-004
  0.12241143649316838        1.8675346546876515E-002
  0.24519467863811900        1.4043305679535661E-002
   7.7564924895030307E-002   1.3691458398637160E-002
  -7.9251515011234397E-002  -3.2657256707119119E-003
   8.6969595016027801E-002   3.4037502207289396E-003
   5.0550925227587251E-002   3.1281954673396055E-002
  0.15114565030624860        1.2257620280420930E-002
  0.65126249659994273        2.5771873650454365E-003
  0.52147151978815631       -1.3529777179666987E-003
  0.33592244727127374       -1.1808690353571833E-003
  0.43671288597085944        7.4402037411422828E-004
  0.58538744109625596        7.6328347695225137E-004
   4.0218933693304981E-002   2.6846181032148721E-003
  0.15220708814642459        1.0945867007753183E-002
  -6.2582445096324657E-002   2.3432810183311586E-003
  -4.7817905006967532E-002  -3.2395965922499021E-004
  -2.4808938883414400E-003  -4.8797874420135490E-003
  0.42241049261025654       -3.0756226850504678E-003
  0.73349666360243537        1.0429660983790989E-003
  0.64426445772686691       -3.9392958123306140E-003
  0.61668518172462550       -2.6960714250803385E-003
  0.54561700807994373       -1.8727780249503010E-003
  0.61054717179934292       -1.1094276968550666E-003
  0.42127697775822170       -6.5629287989389468E-002
  0.50666673366784076        3.7236779886469638E-002
  0.29504356150828931        2.3331244339242788E-002
  0.33828551220241126        5.3890500421188120E-002
  0.39610856731421618       -2.5957776823408510E-002
  0.52107128300077710        1.1119219847883991E-003
  0.52970310031709789        4.7128949035861690E-003
  0.21880726658424915        8.2660410074114427E-002
   7.9250730293649652E-002   5.3228857593158180E-002
  0.14898636944125038        7.3020605151964693E-002
  0.19988291680067899        7.8166746204510071E-002
   7.4404626861208856E-002   9.1071406014058096E-002
  0.29006366005355255        9.4915412526753465E-002
  0.34422938944047904       0.12187381817133008     
  0.12512620107866823       0.24900590984499346     
  0.32064084868456394       0.31946926041257023     
   8.5521667216371777E-002  0.23657501750403848     
   6.0875651872739134E-002  0.27576256098499924     
   1.4918638162009223E-002  0.24673764574183799     
   7.3176579279200182E-002  0.23544226493101264     
  0.27431909974791790       0.16105346369551943     
  0.21157352608903957       0.27503329833987039     
  -3.2531161734412728E-002  0.28070750620823104     
  0.99939230925760847        9.1890626038973619E-002
  0.99649968702064906        8.9232693140954458E-002
  0.98609376669135085        7.9305013365230340E-002
  0.99720738253882457       0.10785865931896235     
  0.98792509756365265        9.8507271950027134E-002
  0.99641107172572130        8.8057338305888105E-002
  0.99881876076050768       0.10911163290952455     
  0.84057437716303895       -3.3425157168294802E-003
  0.81719938595188668       -3.8818913480724538E-003
  0.70803987314729233        8.9833006876898162E-003
  0.72853158865792222       -1.3661553311033220E-002
  0.66139350673372577       -8.8073565653271145E-004
  0.80677404071238668        4.9149835120062069E-003
  0.75950183827849060       -2.4785332552559099E-003
  0.78851902413226105        5.4750847723127635E-004
  0.71702318533152920       -4.2505274616567703E-004
  0.68583778990973754       -1.3171948025796579E-003
  0.61482047539857398       -1.8023279581236178E-003
  0.68831295065863585        8.3129325865411764E-004
  0.74399203745567144        1.6411836388117915E-003
  0.75589052498951881       0.13246439172701949     
  0.63210234823651235       0.11013581044319495     
  0.49871942513275935       0.11128465476742398     
  0.61055113372072889       0.11089543821439511     
  0.67526581402606189       0.11116968048219136     
  0.71928957694999385       0.10889889671508828     
  0.69248336851034109       0.12766311865842941     
   6.7412846991902753E-003  -1.3352013552095448E-003
   6.4660833183989450E-002  -4.2244938179285637E-004
  -8.6112659519464479E-002  -3.3303824079798957E-003
  -7.0385283374734792E-002   4.4567733278943306E-004
   1.5004852499608479E-002  -2.3710797897497052E-003
  0.63960772514357744        9.8087097748654267E-004
  0.57404756550761105        9.4037645013731136E-004
  0.50573516498044513        1.0679193046887114E-003
  0.60820683923875185       -1.1549248023281166E-003
  0.64184522405957511        1.8992592505824720E-003
  0.91787863264202341        5.5251441139887595E-003
  0.89088578190697043        4.3041167197905104E-003
  0.85810764537972650        1.1148198628110624E-003
  0.74679535339003511       -1.3085628101525500E-003
  0.95292212651213237        6.9246880664974152E-003
  0.87812092767324268        5.5167347462069475E-003
  0.88791405040878457        2.1253009273816455E-003
  0.86550426001386227        8.4135536254450499E-002
  0.90867047585002125        8.2703558476082906E-002
  0.77090426751492946        7.5380639790021020E-002
  0.74262887298527347        5.4533390711802091E-002
  0.81729216945772953        6.4489324284025470E-002
  0.83471247172008711        7.1651545479248444E-002
  0.83451029967781498        9.0258191014254516E-002
  0.68330303337849752       0.22177906897442204     
  0.57365121787700701       0.19590597892690828     
  0.55202519150161833       0.20224077677783442     
  0.60886298164361252       0.19946131417052668     
  0.69188780746834200       0.21899558070053621     
  0.61695117590031678       0.20788173597004292     
  0.24501757440156513        2.4799101011279450E-002
  0.30277003043658096        8.4751966823167141E-004
  0.13649002589802683       -1.8370760649632202E-002
  0.15473709722346818       -1.0370612665447969E-002
  0.20628421415363829       -6.4404368176136234E-003
  0.39472410327148894        2.5476774128805581E-002
  0.84659373802360427        1.9621664489074078E-003
  0.80355331307010247       -8.6461834010806492E-004
  0.73299385097607628       -6.8462720169913715E-004
  0.81302297214543007        3.7369930714168309E-003
  0.76875379222306839        8.6660225717047866E-004
   7.9775827350414052E-002   8.3818313049875796E-003
   5.6276889375279471E-002   2.6070822242617044E-003
  0.16205269966688252        1.8072617873496892E-002
  0.27315880422556138        1.3724598829335260E-002
  0.11694537837652125        1.3313824791760968E-002
  -5.2729841623682883E-002   2.0056339037771636E-004
  0.12660225487801613        4.3708906987681489E-003
   8.6124691617843474E-002   3.5249432613144997E-002
  0.18903557747918182        1.1506305277751162E-002
  0.23500291694838538       -5.3442707312885435E-003
  0.33186254335807547        3.7478703672659777E-002
  0.13364332230102949       -2.1772687804446937E-003
  0.15733228694240986        1.0759656352642602E-003
  0.20495277225545822        4.2652573153633314E-002
  0.40029764354818442       -3.3462569972034603E-002
  0.68704876583545249       -5.4098435224847240E-003
  0.61006672268457751        1.0679439633908623E-003
  0.53240144927694733       -1.1953104522261194E-003
  0.66932533585971976        8.8012785027625573E-004
  0.66599022701448818        8.7154376573935952E-004
