 cosx vtec
  0.35598811566459010       -9.6162401822252549E-004
  0.31404941574608958       -3.1685733285309186E-004
  0.47813587130230589        1.2930267714109428E-003
  0.39933798027601214        7.5567409252068395E-005
  0.28517770884229654        3.9073304018642291E-003
  0.34863053071901651       -7.3190681211835254E-004
  0.44548267101362377       -5.0381838196475351E-004
  0.46693207135789017       -1.2897270245265243E-003
  0.38413265009661590       -1.5853890733796313E-003
  0.28388901041541853        2.7911010227498938E-003
  0.28692574502982127        2.5617719413499748E-004
  0.40274137255268805        1.3981685127904576E-003
  0.32640656346197383       -5.1007868414364495E-003
  0.42230653346448821       -1.4334823602417959E-004
  0.37687263691286566        9.1280395362138908E-005
  0.54176551663056971        2.6484931139093269E-003
  0.55716219408511314        2.4790802105653944E-003
  0.42417054332452475        4.0766235908728171E-004
  0.46888691897590229       -1.5515789069554193E-003
  0.33564830867355988       -3.5281456368758475E-003
  0.41301942682849624       -1.1035258684171378E-003
  0.49363998471983794        4.7901094501673130E-004
  0.18043890537761501       0.23299099210043162     
  0.13520093384553847       0.23848472930534723     
  0.18758836679085505       0.24579306243113461     
  0.21360193818464471       0.24387617783107565     
  0.10402743717083421       0.23595003965126718     
  0.87890987077247396       0.24536648206127828     
  0.77138325097961991       0.18116790074331321     
  0.78956269752204977       0.18711093450550123     
  0.73448670632232504       0.18987606643068172     
  0.83941220607842892       0.21150504713415480     
  0.74342967970387275       0.18739092016021178     
  0.75442970767151296       0.18751340178758585     
  0.73848423832157806        1.7863194930720187E-002
  0.81899762308973811        1.9575283317887330E-002
  0.84452033206737198        3.0287222014354839E-002
  0.79609436823937274        1.6668697761839574E-002
  0.72726256482876128        1.3116161486377044E-002
  0.78960742522216165        2.5127913673000962E-002
  0.72546558173196452        1.0602088710713380E-002
  0.78716680642849857        1.3917213258329682E-002
  0.78581656204380868        1.0555076789434181E-002
   5.2314151580605900E-002   2.0479110461447654E-004
  0.48262363129008923        2.3041674179984772E-003
  0.45217481799476894       -2.7525199677435008E-004
  0.37956677528981558       -1.2724938539822386E-003
  0.38456591710267579       -2.9124891541573404E-003
  0.47972684160262791        1.6272398366837053E-003
  0.40622018743021632       -1.8118724865727565E-004
  0.31924019162369133       0.16537621692818413     
  0.18592335600918733       0.15934392381651821     
  0.13102211646311721        2.5444023499378923E-002
  0.25482449207207902       0.16245428121964881     
  0.26935093123561793       0.15838180996555629     
  0.28054108330672656       0.16540010551223430     
  0.43370423603702835        5.2849905566731969E-002
  0.37014574676572409        3.8106920053663500E-002
  0.52045946771801344        6.3276848475789002E-002
  0.31907569052251150        7.0919116972806243E-002
  0.46945652499411628       0.10519336145341916     
  0.34992513179604379        5.0497807114577992E-002
  0.38262579780902078       0.10388572255787835     
  0.43147924252837500        5.3512534605510184E-002
  0.47996493452567579        7.5890816554633062E-002
  0.21741803933520035        6.5135368128468984E-002
  0.57577257202071563        6.0586009130342254E-002
   2.5450823567140429E-002  0.19077796878947312     
  -1.4506502854635853E-002  0.19748407119543368     
   8.6792530689831560E-002  0.19677924073786038     
  0.11344373931499964       0.19784547479312053     
  -6.7995020147424756E-002  -1.8436084074217239E-004
  0.82595157037841493        5.8068373183961623E-002
  0.89459141633262507        6.6928927599418278E-002
  0.91910504093296885        7.8420673010781289E-002
  0.88606246794588106        6.1524758571879119E-002
  0.81315121755041186        3.4345231023820519E-002
  0.87226203994414464        6.3733997491919478E-002
  0.81274690037503072        4.5257741978062357E-002
  0.91777218957017936       0.10812904251234406     
  0.87709433461979025        6.0545584113714725E-002
  0.27658005876945707        4.4498150413293282E-003
  0.22729941153454464        1.7487307358282290E-002
  0.39270632297544528        4.1352447010887541E-002
  0.17748278095667624        2.9894771136291815E-002
  0.31638102823185626        4.3363388991551628E-002
  0.21046165039872330       -3.1374722056225199E-002
  0.23027278732529971        4.4487769866509388E-002
  0.27692864202441669        9.1331953273705319E-003
  0.33835904518061921        3.6179897849154104E-002
  0.12349075460622040        1.7362169594392445E-002
  0.46246173964190712        2.1612762921603676E-002
  0.41978028461315814       0.15621543594884907     
  0.47394284053946156       0.16669204073483934     
  0.28913019808299978       0.15831919765343447     
  0.36680425867175870       0.15216228660618406     
  0.37714285832356809       0.14958327736875440     
  0.39099173486760930       0.15520144799549179     
  0.13431467679210532       -1.8425442309917390E-003
  0.29758282151814358       -6.4994435822044718E-003
  0.17759430827438566       -1.5193500429710259E-003
  0.17538664212169258       -1.0268789279195456E-003
  0.28027764824819862       -2.8028151825057441E-004
  0.24875357090637984        1.2428388263224378E-003
  0.20901439779549019       -2.6804108066335843E-004
  0.39210074539925527        5.3309663252945824E-003
  0.29350216495167730       -1.7674594537552189E-004
  0.18738407530449569        1.4058700887975260E-003
  0.24309741569899473        3.4385848994467221E-003
  0.38441014303814375        7.1561491682741601E-004
   5.9424254557964157E-002  -1.9313477136490538E-003
  0.37163957693753652        4.6256906650562378E-004
  0.79041582044249603       0.26215514191980205     
  0.72550625436714111       0.25579646739042927     
  0.74488842903186958       0.25371490527562868     
  0.19677869640243661       0.17979436456887404     
   4.4690269612255640E-002  0.16086609414302988     
   4.2430845556221397E-003  0.16159190962225733     
  0.10788671245318754       0.16379153790527184     
  0.13168093371934028       0.16523917677199620     
  0.13663758669539017       0.16719070424129434     
  0.94278752269190236       0.14616974875789149     
  0.90371731860603055       0.13480062142992202     
  0.90177831295875222       0.13244874296649659     
  0.83978616497978764       0.12622566330818735     
  0.91195721002018293       0.13218300977472652     
  0.87257130899685242       0.13403129489593524     
  0.90333093881375748       0.16718654530471480     
  0.42423666718090325        4.4968026919053892E-003
  0.41396368443266529        4.2981282663374643E-003
  0.33605810947764558        1.4764253058574511E-003
  0.47258881225097610        7.5457911314361602E-003
  0.35841749602291184        8.4268154823119001E-004
  0.43183513947283458        4.5253359407055623E-004
  0.38148519957413041        9.6129781111855802E-004
  0.56674793876070906       -3.0777218663015225E-003
  0.53370224322455684        1.1174027867113141E-003
  0.42608068090155554        4.3087592295885479E-004
  0.48736479422936507       -2.2641791912794453E-003
  0.32429226882878770       -1.7650548315984085E-003
  0.41972084741397275        8.1385757764911872E-004
  0.49523100264889597       -4.3943034735775886E-004
  0.72939840981076653       0.13828575727672404     
  0.79034194374178446       0.13496985917050677     
  0.76316122084968807       0.17457448895407282     
  0.76484863689429616       0.13312764346030101     
  0.76328047292746626       0.13731931094613789     
  0.82285049098348295       0.14286392655987321     
  -7.8493583582227300E-003   8.7806748522432240E-002
  0.69646561624212433        1.8039901042231622E-002
  0.67742498440158583        9.4478455624341824E-003
  0.61793900881981678        7.0401137222157381E-004
  0.64526864724027277        6.7728585436055448E-003
  0.21840887989811877        1.3401480297468547E-003
  0.16884407102711621       -2.2287743463634928E-003
  0.36511028464063433        4.6502114942599477E-003
  0.20985013472379088       -5.4593737072498264E-003
  0.30206729988038433       -2.8915610890522516E-003
  0.12687101920445792       -3.4230545147837048E-003
  0.20134240532500444       -3.1479813156236563E-003
  0.30198607150226325        1.0378312096303243E-003
  0.14052581231669051        7.8589178373334942E-004
  0.10027795290993671        8.1466062100912489E-003
  0.30889168206977030       -1.6584863994053397E-002
   2.8823844486040417E-002  -1.3931294641972591E-003
  0.18748180977799511        5.5444735493517883E-003
   8.3532385203455975E-002   9.1762047814772235E-003
  0.13859793444485186       -1.2828109273727184E-002
  0.25079860808996235        3.2156347579018912E-003
   7.9243188808993947E-003  -1.6253284049114482E-003
  0.33961960952506953        7.0115968919918338E-003
  0.97986395170972351       0.15502508079457533     
  0.95789490157416601       0.15193625256534618     
  0.95695623576010147       0.14234849483706394     
  0.88741453882922228       0.14808115052818685     
  0.96362640872276883       0.15622842766649297     
  0.92963987244583057       0.16013105653987095     
  0.91067378954150768       0.24981006337795672     
  0.88379547864276442       0.23712981313967793     
  0.91604234840307852       0.27819200677065820     
  0.84860221111996803       0.24906902391523478     
  0.88109183162343441       0.25112652606919900     
  0.83919789375422005       0.25379079357669648     
  0.85772887166113021       0.23963081729763375     
  0.29799724893975826       0.20000990441896402     
  0.15628293455158576       0.18849306004408550     
  0.10576895441350818       0.20000520977718561     
  0.21988454375784952       0.19102871679253400     
  0.24310857648320869       0.19544743668399317     
  -1.4429429151360890E-002  0.21606207179078721     
  -5.4968667531630017E-002  0.22397928138036893     
   4.8911246812744891E-002  0.21680856679272215     
   7.6004692983684508E-002  0.23013724365828847     
  0.51290227719389325       0.12439328161424504     
  0.58894719527448325       0.12268714835724899     
  0.40999738312019085       0.13250280893800487     
  0.54739629560223335       0.14929554268333578     
  0.54944766852535376       0.12294461422415401     
  0.47184164847410121       0.13888483793408246     
  0.54485781245402298       0.16177407630208820     
  0.68445835429703039       0.14745223535839036     
  0.51287247066391228       0.24713170551468802     
  0.52492926763763359       0.23721193722235798     
  -3.6321547249445529E-002   1.2527483998860428E-003
   5.1580911412508111E-002  -1.7301745083221845E-004
  -9.8406158816413764E-002  -3.1242440398636237E-003
  -4.8464487977601306E-002  -1.7347450135841900E-003
  0.26483465780901394        1.8930705919911962E-002
  0.27971882200142362        1.1916057871492762E-002
   8.4225747908298537E-002   2.6299998063288428E-002
  0.16968777182750641        3.0246794274645942E-002
   1.1368577290752108E-002   1.8192433725313806E-002
  0.20284625029760173        2.2596442649661611E-002
  0.18933055482746808        3.6811161512725413E-002
  0.26097304605703631        1.8706940296745276E-002
   9.2587658368250281E-002   4.3737613825485785E-002
  0.18926962545753784        5.4220707082015401E-002
  -9.5425220894178542E-002   2.2100578287264510E-002
  -2.5208812368584826E-002   3.8172727753038857E-002
  -1.2486852591723163E-002   3.1988908536078074E-002
  -1.1612758631786124E-002   1.7970343024593889E-002
   4.3626081556326440E-002   4.5846785742042269E-002
  0.37539651959460002       -1.9788785958775273E-003
  0.44433142168922823        3.0912012073850120E-003
  0.35221311410644834       -1.0990283110258188E-003
  0.47596574923748203       -6.3503376515465252E-003
  0.34955456564436022       -6.4708599269172379E-004
  0.42958054461884065       -7.8571204327096563E-004
  0.42205506173142004        9.8326762151727080E-003
  -6.9250450979818884E-002  0.19331008144297543     
  0.61758486145904457        9.9820059252443555E-003
  0.55887221716614033       -3.7000416006854219E-004
  0.69527213379885455        1.8675346546876515E-002
  0.72820939932886963        1.4043305679535661E-002
  0.65490844775323553        1.3691458398637160E-002
  0.50114325728418740       -3.2657256707119119E-003
  0.60905254177698087        3.4037502207289396E-003
  0.70413079685434188        3.1281954673396055E-002
  0.68114769216938253        1.2257620280420930E-002
   6.7602128476173945E-002   2.5771873650454365E-003
  -9.2244363247272004E-002   7.4402037411422828E-004
  -7.5588835339864421E-002   7.6328347695225137E-004
  0.42305956697230912       -3.0756226850504678E-003
  0.63326765212389136        1.0429660983790989E-003
  0.56788071704808318       -3.9392958123306140E-003
  0.49802094645623490       -2.6960714250803385E-003
  0.49669647440513787       -1.8727780249503010E-003
  0.56730615984824739       -1.1094276968550666E-003
  0.71265061606386781       0.24900590984499346     
  0.47511759603340109       0.22365486852961142     
  0.77449959301707649       0.31946926041257023     
  0.63953816847387579       0.23657501750403848     
  0.70840769189852104       0.27576256098499924     
  0.59003594320799035       0.24673764574183799     
  0.65791723922281442       0.23544226493101264     
  0.66371582811625962       0.16105346369551943     
  0.68272847802089964       0.27503329833987039     
  0.53022444757428944       0.28070750620823104     
  0.45908640306402954       0.13561832585111258     
  0.54136112465561737       0.14488049082489490     
  0.36905620262022876       0.14099650179983431     
  0.48417075310327584       0.14005128467219471     
  0.49847214861258049       0.12712883641484735     
  0.42130073176474131       0.14563795754615758     
  0.48704617854308774       0.14434854905661090     
  0.63228546961967624        9.1890626038973619E-002
  0.63927759110625859        8.9232693140954458E-002
  0.57313976426526847        7.9305013365230340E-002
  0.59628105272408993       0.10785865931896235     
  0.68787227434726683        9.8507271950027134E-002
  0.59411482965320928        8.8057338305888105E-002
  0.62561671443350431       0.10911163290952455     
  0.15615535744541495       -3.3425157168294802E-003
  0.15253599549029126       -3.8818913480724538E-003
  -8.1720140875281996E-002   8.9833006876898162E-003
   7.2109752139662975E-003  -1.3661553311033220E-002
   6.9869937698303242E-002   4.9149835120062069E-003
   3.1802436359472608E-002  -2.4785332552559099E-003
  0.56382027330253326        5.4750847723127635E-004
  0.51081377860685739       -4.2505274616567703E-004
  0.44042511726554601       -1.3171948025796579E-003
  0.44064836252478046       -1.8023279581236178E-003
  0.51896150726535939        8.3129325865411764E-004
  0.47441346968501907        1.6411836388117915E-003
  0.11299981572111356       0.13246439172701949     
  -5.8752908941204385E-002  0.11013581044319495     
  -9.4065922868620325E-002  0.11089543821439511     
   8.0300080538964480E-003  0.11116968048219136     
   2.6029228431923429E-002  0.10889889671508828     
   4.5565654896315089E-002  0.12766311865842941     
  0.23719614112962570        8.4916412160106983E-004
  0.19468136250004636       -5.4668864384596884E-005
  0.43512469209754567       -1.3352013552095448E-003
  0.24118104090311060       -4.2244938179285637E-004
  0.29843855141702663       -3.3303824079798957E-003
  0.16322296428863708        2.9710001599958600E-004
  0.22589207085568480        4.4567733278943306E-004
  0.32887119475650278       -2.3710797897497052E-003
  0.25084820441254996        9.8087097748654267E-004
  0.14532127177274867        9.4037645013731136E-004
  0.15041755167786167        1.0679193046887114E-003
  0.27839305143922205       -1.1549248023281166E-003
  0.18550002677588312        1.8992592505824720E-003
  0.45686606193687146        5.5251441139887595E-003
  0.44190595815941036        4.3041167197905104E-003
  0.36795147078764467        1.1148198628110624E-003
  0.37900345440692840       -1.3085628101525500E-003
  0.42694302265531292        6.9246880664974152E-003
  0.48686528138720020        5.5167347462069475E-003
  0.39117302284895222        2.1253009273816455E-003
  0.20776201998753580        8.4135536254450499E-002
  0.27481635697468842        8.2703558476082906E-002
   5.3627475198331886E-002   7.5380639790021020E-002
   5.5046989903440868E-003   5.4533390711802091E-002
  0.13301910266544201        6.4489324284025470E-002
  0.13644401501886591        7.1651545479248444E-002
  0.17303175176684552        9.0258191014254516E-002
  0.23381996194666230       0.22177906897442204     
   7.9807217590914872E-002  0.19590597892690828     
   3.6373415888977592E-002  0.20224077677783442     
  0.14161090898873835       0.19946131417052668     
  0.17782775159358838       0.21899558070053621     
  0.16681899089565758       0.20788173597004292     
  -6.8888830337708554E-002  -8.5020807505557317E-004
   4.0030837937171659E-004  -1.5506346889086720E-004
  -7.3345047089692902E-002  -2.5845571095877728E-003
  0.22311221319111302        1.9621664489074078E-003
  0.19641682455329565       -8.6461834010806492E-004
   7.7605258485646811E-002  -6.8462720169913715E-004
  0.32285026711647113        3.7369930714168309E-003
  0.10388896341610956        8.6660225717047866E-004
  0.63133695209884111        8.3818313049875796E-003
  0.57110826520534752        2.6070822242617044E-003
  0.70896566451937515        1.8072617873496892E-002
  0.73280129740779010        1.3724598829335260E-002
  0.66939884394551341        1.3313824791760968E-002
  0.50677436255987995        2.0056339037771636E-004
  0.62249161544229326        4.3708906987681489E-003
  0.72328203315471562        3.5249432613144997E-002
  0.69240085241893834        1.1506305277751162E-002
  0.18201998545371784       -5.4098435224847240E-003
   6.1307426934942427E-002   1.0679439633908623E-003
   7.4324576270099280E-002  -1.1953104522261194E-003
  0.24760236139210687        8.8012785027625573E-004
   9.6931911389751824E-002   8.7154376573935952E-004
