 cosx vtec
  0.62016722515571210       -9.6162401822252549E-004
  0.57042165240603471       -3.1685733285309186E-004
  0.70220794735117387        1.2930267714109428E-003
  0.65232716476635189        7.5567409252068395E-005
  0.57577010101285431        3.9073304018642291E-003
  0.57664385635422111       -7.3190681211835254E-004
  0.63303761780473411       -5.0381838196475351E-004
  -6.1436390226977167E-002  -1.2897270245265243E-003
  -8.0733858761704080E-002  -1.5853890733796313E-003
  -9.3101621980339583E-002   2.5617719413499748E-004
  -2.6497042971614038E-002   1.3981685127904576E-003
  0.56951346370612421       -1.4334823602417959E-004
  0.51351323590813602        9.1280395362138908E-005
  0.64602928587472852        2.6484931139093269E-003
  0.55314256231022785        2.4790802105653944E-003
  0.40844786507474379        4.0766235908728171E-004
  0.60280183573855561       -1.5515789069554193E-003
  0.52118108633129778       -3.5281456368758475E-003
  0.51882130388087222       -1.1035258684171378E-003
  0.56592589397594240        4.7901094501673130E-004
  0.22943073156479116       0.23299099210043162     
  0.22292554481926771       0.23848472930534723     
  0.14862239321823381       0.24579306243113461     
  0.18633537994565091       0.24387617783107565     
  0.19000213186229042       0.23595003965126718     
  -1.6307419243085763E-002   1.5687779507678255E-003
  -9.6696902089811770E-002  -4.7835043372671920E-004
  0.40122798571820451       0.24536648206127828     
  0.21769611708672065       0.18116790074331321     
  0.23324429333067437       0.18711093450550123     
  0.17754230069530869       0.18987606643068172     
  0.30550481607399954       0.21150504713415480     
  0.16625473273595898       0.18739092016021178     
  0.20636422099556923       0.18751340178758585     
  0.64706703068753635        1.7863194930720187E-002
  0.64535598128504312        1.9575283317887330E-002
  0.56482234169516954        3.0287222014354839E-002
  0.56556444943955519        1.6668697761839574E-002
  0.47087067264834315        1.3116161486377044E-002
  0.65297804625929634        2.5127913673000962E-002
  0.55578283957795849        1.0602088710713380E-002
  0.58658809432425030        1.3917213258329682E-002
  0.44815830267952750        1.0555076789434181E-002
  -9.9263138699487552E-002   2.3041674179984772E-003
  -9.0737947076615866E-002  -2.9124891541573404E-003
  -4.9512756301150596E-002   1.6272398366837053E-003
  -1.9524312873063165E-002  0.18163321329719903     
  -1.0521800337629755E-002  0.18364688198242726     
  -4.1232363174337539E-002  0.17416515867053778     
  0.13384834337839646       0.15282663361311893     
  0.19185689434144892       0.18282056158905738     
  0.14773361463788698       0.16106935157295429     
   5.2634377125727383E-002  0.15907872351079722     
  0.29962447415478810       0.19583999216562853     
  0.10340227599222190       0.15789407856856472     
  0.12049010228301599       0.15939434382024795     
  0.87728908273953954        5.2849905566731969E-002
  0.82172454636709757        3.8106920053663500E-002
  0.92243843776750722        6.3276848475789002E-002
  0.84510933712869707        7.0919116972806243E-002
  0.89779296001788922       0.10519336145341916     
  0.82896028563251523        5.0497807114577992E-002
  0.88614647185188833       0.10388572255787835     
  0.83403855835331664        5.3512534605510184E-002
  0.91623336355660778        7.5890816554633062E-002
  0.76910515405931557        6.5135368128468984E-002
  0.91557052414372619        6.0586009130342254E-002
  0.36841206454468967       -1.1004490245101013E-003
  0.31601790116561146       -8.3599036980587562E-005
  0.35257217903622329       -7.6881997226430749E-004
  0.44177648725368401       -1.8436084074217239E-004
  0.31872774959064576        8.0550389157429145E-004
  0.32706102508729712        9.8471546486337408E-004
  0.29595674410403106       -6.6271548454806327E-004
  0.76065789833906705        5.8068373183961623E-002
  0.74597007206151078        6.6928927599418278E-002
  0.67681260020230294        7.8420673010781289E-002
  0.68189273001401152        6.1524758571879119E-002
  0.55624656064457922        3.4345231023820519E-002
  0.75715172072025572        6.3733997491919478E-002
  0.67303250246327451        4.5257741978062357E-002
  0.85302636349798000       0.10812904251234406     
  0.70333635677472672        6.0545584113714725E-002
  0.20673849359020324        9.8655685494388690E-002
  0.28652584474086767       0.13308650335389738     
  0.22194006360586793        5.5964969898950119E-002
  0.22435265839412555       0.10687066290385225     
  0.11857173966660395       0.10745699758102502     
  0.36389157922588883       0.13555866064375602     
  0.17871133387388888        9.3728464902475037E-002
  0.19577142519326524       0.10544067617861003     
  0.77420923610234260        4.4498150413293282E-003
  0.72460879497600383        1.7487307358282290E-002
  0.84761101980846865        4.1352447010887541E-002
  0.74592206601340205        2.9894771136291815E-002
  0.80174441259501594        4.3363388991551628E-002
  0.72966356671779020       -3.1374722056225199E-002
  0.79747593785780091        4.4487769866509388E-002
  0.73527621090786854        9.1331953273705319E-003
  0.83533793276820056        3.6179897849154104E-002
  0.68893607628548503        1.7362169594392445E-002
  0.83932150227323299        2.1612762921603676E-002
  -6.5975714659801329E-002   6.7539068959038440E-002
  -1.0306279403434745E-002  -1.8425442309917390E-003
   2.4553114241011947E-002  -6.4994435822044718E-003
  -6.5810096954011549E-002  -1.5193500429710259E-003
  -1.1933186359788350E-002  -1.0268789279195456E-003
   5.5635585605176757E-002  -2.8028151825057441E-004
  0.61326266507821225        1.2428388263224378E-003
  0.56602767984972158       -2.6804108066335843E-004
  0.71542239516986661        5.3309663252945824E-003
  0.64837296940417843       -1.7674594537552189E-004
  0.57039820484364068        1.4058700887975260E-003
  0.57296150372559840        3.4385848994467221E-003
  0.78351630594501376        7.1561491682741601E-004
  0.52474582940465275       -1.9313477136490538E-003
  0.64762979937851339        4.6256906650562378E-004
  0.81547196428366497       0.26215514191980205     
  0.76166194862100323       0.25579646739042927     
  0.79812509755734584       0.25371490527562868     
  0.53304680762267775       0.14616974875789149     
  0.43024355630318278       0.13480062142992202     
  0.43761940565280311       0.13244874296649659     
  0.34127404789319848       0.12622566330818735     
  0.46928734863730648       0.13218300977472652     
  0.37167308661198739       0.13403129489593524     
  0.41714573134284305       0.16718654530471480     
  0.47870788149234639        4.5253359407055623E-004
  0.41116309731222977        9.6129781111855802E-004
  0.56389646412877603       -3.0777218663015225E-003
  0.44286428841716319        1.1174027867113141E-003
  0.33690892211287332        4.3087592295885479E-004
  0.51858747420962203       -2.2641791912794453E-003
  0.42358453336457602       -1.7650548315984085E-003
  0.41511303116851550        8.1385757764911872E-004
  0.45950088937579747       -4.3943034735775886E-004
  0.99347535918266094       0.13828575727672404     
  0.99875696523758128       0.13496985917050677     
  0.99253892529717658       0.17457448895407282     
  0.99839108379482533       0.13312764346030101     
  0.99991982450461725       0.13731931094613789     
  0.98943353174900905       0.14286392655987321     
  0.17193515135940246        1.8039901042231622E-002
  0.17366463831127310        9.4478455624341824E-003
  0.10911278264187968        7.0401137222157381E-004
  0.11295445940678528        6.7728585436055448E-003
  0.28539494399562237        1.3401480297468547E-003
  0.20792004209700377       -2.2287743463634928E-003
  0.26063243561303134        4.6502114942599477E-003
  0.14423778013646826       -5.4593737072498264E-003
  0.36357138375183662       -2.8915610890522516E-003
  0.22098659627125744       -3.4230545147837048E-003
  0.21119892668900531       -3.1479813156236563E-003
  0.27422043159083143        1.0378312096303243E-003
  0.62229626430832607        7.8589178373334942E-004
  0.57560991870664213        8.1466062100912489E-003
  0.74495005948226711       -1.6584863994053397E-002
  0.60545960062325876       -1.3931294641972591E-003
  0.65993803956199515        5.5444735493517883E-003
  0.57935125206992122        9.1762047814772235E-003
  0.58443771054188542       -1.2828109273727184E-002
  0.74995327010744395        3.2156347579018912E-003
  0.54638363465411122       -1.6253284049114482E-003
  0.69940095334626518        7.0115968919918338E-003
  0.63817095260248424       0.15502508079457533     
  0.55480917607336344       0.15193625256534618     
  0.56293445962419031       0.14234849483706394     
  0.43372461079395858       0.14808115052818685     
  0.59270953622772882       0.15622842766649297     
  0.48453079336327221       0.16013105653987095     
  0.67069858453201969       0.24981006337795672     
  0.57870198756329272       0.23712981313967793     
  0.59794972999239104       0.27819200677065820     
  0.62548708290444555       0.24906902391523478     
  0.68835410576012701       0.25112652606919900     
  0.52663074448774394       0.25379079357669648     
  0.56412604161624069       0.23963081729763375     
  0.94410004757675214       0.12439328161424504     
  0.97043854819024022       0.12268714835724899     
  0.89686025604572917       0.13250280893800487     
  0.94646711362254443       0.14929554268333578     
  0.95796454726652602       0.12294461422415401     
  0.92003348226047388       0.13888483793408246     
  0.95472484637177768       0.16177407630208820     
  0.98793438056456684       0.14745223535839036     
  0.36282591624885635       0.24713170551468802     
  0.31447137295741828       0.23721193722235798     
  0.25863518939862506        1.2527483998860428E-003
  0.34689083680529514       -1.7301745083221845E-004
  0.20346328734402919       -3.1242440398636237E-003
  0.20420955242391886       -1.7347450135841900E-003
  0.17368926621002259        2.6230552523900720E-003
  0.28849585472428241       -1.9788785958775273E-003
  0.18835021455940221        3.0912012073850120E-003
  0.10895176558611167       -1.0990283110258188E-003
  0.36715423707853506       -6.3503376515465252E-003
  0.16504105056710594       -6.4708599269172379E-004
  0.21310308013347373       -7.8571204327096563E-004
   7.6002652667516962E-002   9.8326762151727080E-003
  0.77103773300158773        9.9820059252443555E-003
  0.71383086437478649       -3.7000416006854219E-004
  0.80489790153798035        1.8675346546876515E-002
  0.74486707369084648        1.4043305679535661E-002
  0.78983754406942253        1.3691458398637160E-002
  0.72069596492884258       -3.2657256707119119E-003
  0.72208545611707375        3.4037502207289396E-003
  0.87676019329524424        3.1281954673396055E-002
  0.76234888457317906        1.2257620280420930E-002
  0.19782054175549457       -3.0756226850504678E-003
  0.21119541072896419        1.0429660983790989E-003
  0.20071354204035871       -3.9392958123306140E-003
  0.13265985052280235       -2.6960714250803385E-003
  0.19056415354723683       -1.8727780249503010E-003
  0.22825567316345424       -1.1094276968550666E-003
  0.33810484656304235        9.8461162684642806E-002
  0.40572487899837179       0.13174878465105111     
  0.34639995610623947        7.6485740926834231E-002
  0.35456691728204565       0.10454917800673171     
  0.23288733676522011       0.11754210326410783     
  0.45628554309616459       0.11888509311478077     
  0.30857801108038380        9.7090992999645923E-002
  0.32707655484610826       0.10509869906497141     
  0.82530594053324369       0.24900590984499346     
  0.75180977522728698       0.22365486852961142     
  0.74198777508928093       0.31946926041257023     
  0.76309657030218037       0.23657501750403848     
  0.87367980880385854       0.27576256098499924     
  0.75771898172264263       0.24673764574183799     
  0.79744750150380050       0.23544226493101264     
  0.63623840635104523       0.16105346369551943     
  0.71370744548166298       0.27503329833987039     
  0.71945573063057000       0.28070750620823104     
  0.92077752238919042       0.13561832585111258     
  0.94699018736030149       0.14488049082489490     
  0.86449898636731726       0.14099650179983431     
  0.90615207879685189       0.14005128467219471     
  0.93394340032430323       0.12712883641484735     
  0.88300343022682193       0.14563795754615758     
  0.92114716124090634       0.14434854905661090     
  -1.3199676265573390E-002   9.1890626038973619E-002
  -1.6449118361773762E-003   8.9232693140954458E-002
  -7.9250107401124426E-002   7.9305013365230340E-002
  -5.8366732362542417E-002  0.10785865931896235     
   6.8985875467642899E-002   9.8507271950027134E-002
  -6.0526351580536430E-002   8.8057338305888105E-002
  -2.1423853385270364E-002  0.10911163290952455     
   7.4369055482609137E-002   5.4750847723127635E-004
   6.5166124469821785E-002  -4.2505274616567703E-004
  -5.5209138995077067E-004  -1.3171948025796579E-003
   5.9329937171751390E-002  -1.8023279581236178E-003
   9.9892976027310176E-002   8.3129325865411764E-004
  -4.9806570959007868E-003   1.6411836388117915E-003
  0.40843407786679697        8.4916412160106983E-004
  0.34922550390868279       -5.4668864384596884E-005
  0.56235832373782857       -1.3352013552095448E-003
  0.26058260100134589       -4.2244938179285637E-004
  0.46184095354213150       -3.3303824079798957E-003
  0.35698852769190903        2.9710001599958600E-004
  0.35394141537262980        4.4567733278943306E-004
  0.41672027990534033       -2.3710797897497052E-003
  0.39686898446010954       -8.5020807505557317E-004
  0.46142178745703827       -1.5506346889086720E-004
  0.34927278024321579       -5.1013352026934482E-003
  0.35499449833335106       -2.5845571095877728E-003
  0.32404746715842092        4.6924016013175840E-003
  0.75721197500868298        8.3818313049875796E-003
  0.69830695995581371        2.6070822242617044E-003
  0.78951056659220076        1.8072617873496892E-002
  0.72739668326104534        1.3724598829335260E-002
  0.77570928841505493        1.3313824791760968E-002
  0.70579252423347050        2.0056339037771636E-004
  0.70637317011908785        4.3708906987681489E-003
  0.87191042191154744        3.5249432613144997E-002
  0.74524541768724628        1.1506305277751162E-002
