 cosx vtec
   6.5691302753337899E-003   4.8858144319178523E-002
  -7.4761798404088614E-002  -9.6162401822252549E-004
  -8.9270040655385685E-002  -3.1685733285309186E-004
   3.0338695241234670E-002   1.2930267714109428E-003
  -4.0505893306321705E-002   7.5567409252068395E-005
  -4.2510903543505285E-002  -7.3190681211835254E-004
   4.9481420340803828E-002  -5.0381838196475351E-004
  0.77681781572073039       -1.2897270245265243E-003
  0.66925921322205928       -1.5853890733796313E-003
  0.60098871456458269        2.7911010227498938E-003
  0.53269735995003598        2.5617719413499748E-004
  0.64353261382924676        1.3981685127904576E-003
  0.67081572248888843       -5.1007868414364495E-003
   7.7497672253290573E-002  -1.4334823602417959E-004
   6.3889133220774996E-002   9.1280395362138908E-005
  0.18400362757121042        2.6484931139093269E-003
  0.30047942916427184        2.4790802105653944E-003
  0.24141909962851676        4.0766235908728171E-004
  0.11557459001621992       -1.5515789069554193E-003
  -6.9380513108653064E-003  -3.5281456368758475E-003
  0.11396115944818005       -1.1035258684171378E-003
  0.19037442808722069        4.7901094501673130E-004
   4.7017705502690743E-002  0.23299099210043162     
  -1.5785700042200257E-002  0.23848472930534723     
  0.13877965404450079       0.24579306243113461     
  0.14092177029117137       0.24387617783107565     
  -3.0622854107147837E-002  0.23595003965126718     
  0.94534003734615990       0.24536648206127828     
  0.96413156950378021       0.18116790074331321     
  0.97643592081140440       0.18711093450550123     
  0.94775660080666824       0.18987606643068172     
  0.98054927486672838       0.21150504713415480     
  0.97274559867045629       0.18739092016021178     
  0.94948913073364583       0.18751340178758585     
  0.48435644506303749        1.7863194930720187E-002
  0.60942115445138834        1.9575283317887330E-002
  0.72905785217514463        3.0287222014354839E-002
  0.65412286465397018        1.6668697761839574E-002
  0.64336020213915912        1.3116161486377044E-002
  0.55677069469391394        2.5127913673000962E-002
  0.55569489742306399        1.0602088710713380E-002
  0.61942140176060023        1.3917213258329682E-002
  0.75578249902355699        1.0555076789434181E-002
  0.15994366011033989       -2.7604670143527199E-003
   6.0838330019306608E-003  -1.1527491207212459E-004
   1.2079206356599204E-002  -1.3811317215394021E-003
   7.4952397067270304E-002   4.4922859168688416E-003
  0.26397215725302348       -1.2436391499969313E-003
  0.62445373135469051        2.0479110461447654E-004
  0.40919712775979888       -4.5297425071958546E-003
  0.43951676807887846        3.3594982712548912E-003
  0.23463224476333236       -1.0845568661108529E-002
  0.25528072514986311        2.4618362171800252E-002
  0.35645258999449075       -3.8686800322529163E-002
  0.48716079027375636        4.1191537438215890E-004
  0.83868542838119930        2.3041674179984772E-003
  0.79494052901992851       -2.7525199677435008E-004
  0.75036959375050483       -1.2724938539822386E-003
  0.67992710509090803       -2.9124891541573404E-003
  0.78449690676928219        1.6272398366837053E-003
  0.78918934014446895       -1.8118724865727565E-004
  0.77948810467870044       0.16537621692818413     
  0.68240972812236134       0.15934392381651821     
  0.64723602266405300        2.5444023499378923E-002
  0.72799185592978832       0.16245428121964881     
  0.76326626556640820       0.15838180996555629     
  0.74029807772751566       0.16540010551223430     
  -3.3435779930200360E-002   6.0586009130342254E-002
  0.43662800159033832       0.19077796878947312     
  0.41035150969509132       0.19748407119543368     
  0.48130296995447730       0.19677924073786038     
  0.49511940793963855       0.19784547479312053     
  0.50477330258015418        5.8068373183961623E-002
  0.62462347228294479        6.6928927599418278E-002
  0.73133799534151533        7.8420673010781289E-002
  0.67563370750882923        6.1524758571879119E-002
  0.68957336228662591        3.4345231023820519E-002
  0.57923123478046645        6.3733997491919478E-002
  0.57216797062711189        4.5257741978062357E-002
  0.55308218531918951       0.10812904251234406     
  0.64045010357289112        6.0545584113714725E-002
  0.85337783787081045       0.15621543594884907     
  0.89777101058548592       0.16669204073483934     
  0.76730824705142464       0.15831919765343447     
  0.81458804442260457       0.15216228660618406     
  0.84183331322700450       0.14958327736875440     
  0.82487123402348195       0.15520144799549179     
  0.16222216396318923       -2.0566632077150596E-002
  0.21122760529266302       -1.2701386721718732E-002
   4.4634319323698268E-002  -4.1639714671229781E-003
   6.1360044167576400E-002  -1.2944937963955926E-003
  0.11987708939027703       -5.6288340745692606E-003
  0.28805905378492774       -4.6381131940633384E-003
  0.21608829962072168       -1.8425442309917390E-003
  0.43137021191006797       -6.4994435822044718E-003
  0.33790035848485556       -1.5193500429710259E-003
  0.28064110716870455       -1.0268789279195456E-003
  0.37377467733679914       -2.8028151825057441E-004
  -7.8244943148123830E-002   4.6256906650562378E-004
  0.19296737951411280        1.7706911728363754E-002
  0.27283726137040992        8.3064049308213578E-004
   7.4680940824931985E-002  -9.0239836387568228E-003
  0.10584361960883781        2.1763725522982606E-002
  0.16246423920471437       -7.8960665841218552E-003
  0.34331501680236282        8.2147199687336817E-002
  0.39551530998211781       0.26215514191980205     
  0.34987810247133166       0.25579646739042927     
  0.34311016744586775       0.25371490527562868     
  0.67122363783246386       0.17979436456887404     
  0.54786962589007149       0.16086609414302988     
  0.52028421840942674       0.16159190962225733     
  0.59361962728364270       0.16379153790527184     
  0.64590134502156338       0.16523917677199620     
  0.60916925679087131       0.16719070424129434     
  0.91138745443106017       0.14616974875789149     
  0.95433168126332935       0.13480062142992202     
  0.94398510295958871       0.13244874296649659     
  0.94535298131487133       0.12622566330818735     
  0.92791213478284296       0.13218300977472652     
  0.96518369655952152       0.13403129489593524     
  0.96683753804771067       0.16718654530471480     
  0.87350656074007327        4.4968026919053892E-003
  0.85234338706647583        4.2981282663374643E-003
  0.80516353115682171        1.4764253058574511E-003
  0.85865173009387963        7.5457911314361602E-003
  0.83315035977977203        8.4268154823119001E-004
  0.18290192559581675        4.5253359407055623E-004
  0.17330612769188139        9.6129781111855802E-004
  0.30441173999011273       -3.0777218663015225E-003
  0.37481497365810756        1.1174027867113141E-003
  0.31588454309563541        4.3087592295885479E-004
  0.22809869840078598       -2.2641791912794453E-003
   7.3260039501625240E-002  -1.7650548315984085E-003
  0.22793660399418209        8.1385757764911872E-004
  0.29923701353454485       -4.3943034735775886E-004
  0.12402781991115552       0.13828575727672404     
  0.21211712335793420       0.13496985917050677     
  0.17669188051428958       0.17457448895407282     
  0.17342499334290068       0.13312764346030101     
  0.16949368608689508       0.13731931094613789     
  0.27124653997134579       0.14286392655987321     
  0.10466807592854943       -6.3980360992366920E-003
  0.14469833822195821       -2.4152062409891399E-004
  -1.4158636775240929E-002  -1.6801410417189593E-004
  -3.3014477258815345E-003   3.3360350109583664E-003
   5.3692983511032355E-002   4.1850298004085691E-003
  0.58318078236160265        8.7806748522432240E-002
  0.34647272880057112        4.9557197440978550E-002
  0.24565043654002020        3.7410694713585532E-002
  0.32321809907061977        4.7976232722304335E-002
  0.41090133683230357        6.5191784758076146E-002
  0.46096626955893372        6.2451256859090268E-002
  0.45452395600217238        8.2339747719577638E-002
  0.89511206153763256        1.8039901042231622E-002
  0.86421063463146841        9.4478455624341824E-003
  0.83762468971068749        7.0401137222157381E-004
  0.87565444755210031        6.7728585436055448E-003
   4.9226868097152682E-002   1.3401480297468547E-003
   5.0764078413892549E-002  -2.2287743463634928E-003
  0.29874896461734579        4.6502114942599477E-003
  0.17727127380833302       -5.4593737072498264E-003
   9.9222561746606125E-002  -2.8915610890522516E-003
  -2.6608920931058724E-002  -3.4230545147837048E-003
   9.7275529809277811E-002  -3.1479813156236563E-003
  0.18844906481427356        1.0378312096303243E-003
  0.86306769336485534       0.15502508079457533     
  0.91277093288876610       0.15193625256534618     
  0.90320752989976283       0.14234849483706394     
  0.92587331946888674       0.14808115052818685     
  0.88365175099502280       0.15622842766649297     
  0.93976010019668088       0.16013105653987095     
  0.72453458466843490       0.24981006337795672     
  0.77535122089964104       0.23712981313967793     
  0.80550854844090958       0.27819200677065820     
  0.67464691239537289       0.24906902391523478     
  0.66155687521970530       0.25112652606919900     
  0.75909500092823234       0.25379079357669648     
  0.74999080863921841       0.23963081729763375     
  0.67269015729217019       0.20000990441896402     
  0.56165045413082637       0.18849306004408550     
  0.53041558850971882       0.20000520977718561     
  0.60425573615974359       0.19102871679253400     
  0.61481319776456034       0.19544743668399317     
  0.30788444102603235       0.21606207179078721     
  0.28190233450202729       0.22397928138036893     
  0.35489551238838912       0.21680856679272215     
  0.36863663701658056       0.23013724365828847     
  -6.8119110438284114E-002  0.12268714835724899     
   6.0716640052126236E-002  0.14745223535839036     
  0.42294028330361499       0.24713170551468802     
  0.48976691094099734       0.23721193722235798     
  0.82038423132225258        1.8930705919911962E-002
  0.82252422545946735        1.1916057871492762E-002
  0.70479771877644204        2.6299998063288428E-002
  0.75088464470053595        3.0246794274645942E-002
  0.65137769959130321        1.8192433725313806E-002
  0.78481138601348610        2.2596442649661611E-002
  0.77134165786506892        3.6811161512725413E-002
  0.82008948172795226        1.8706940296745276E-002
  0.70071910525105763        4.3737613825485785E-002
  0.77556746714834035        5.4220707082015401E-002
  0.54975122632984930        2.2100578287264510E-002
  0.62319324820829114        3.8172727753038857E-002
  0.39580487466366115        3.4166946097695702E-002
  0.51950989612609511        3.9101947776732475E-002
  0.61507364001726361        3.1988908536078074E-002
  0.62800971163209873        1.7970343024593889E-002
  0.65260770133323587        4.5846785742042269E-002
  0.28664497150339679       -1.9788785958775273E-003
  0.49240500731969294        3.0912012073850120E-003
  0.43067002332703330       -1.0990283110258188E-003
  0.36206758567077618       -6.3503376515465252E-003
  0.37050760586014675       -6.4708599269172379E-004
  0.44505248729222513       -7.8571204327096563E-004
  0.57062320625074148        9.8326762151727080E-003
  0.24027857516197018       -6.6559077245274684E-002
  0.29288837276210306        1.2596067335274474E-002
  0.11451129075019578        7.0879289311199635E-003
  0.13890714644728663        6.6438648602652759E-003
  0.20272056308148317       -5.4175284405365660E-003
  0.34925209168713633        2.9433060817074527E-002
  0.25588277826046935       0.16996716393424466     
  0.23334150765891293       0.16878339842997775     
  0.30788205387492934       0.17779457800968479     
  0.33021477406121486       0.19331008144297543     
  0.17515715412429467        9.9820059252443555E-003
  0.14241103441465730       -3.7000416006854219E-004
  0.26032079020160842        1.8675346546876515E-002
  0.37081443568773120        1.4043305679535661E-002
  0.21354039388016777        1.3691458398637160E-002
   4.7100037453178589E-002  -3.2657256707119119E-003
  0.21103715906318632        3.4037502207289396E-003
  0.20203075743733634        3.1281954673396055E-002
  0.28122990747434023        1.2257620280420930E-002
  0.56179828076052274        2.5771873650454365E-003
  0.41102858352072080       -1.3529777179666987E-003
  0.20223478762943817       -1.1808690353571833E-003
  0.34553552284936134        7.4402037411422828E-004
  0.47406378925723003        7.6328347695225137E-004
  -1.3870239843040422E-002   1.0945867007753183E-002
  0.45034430845341006       -3.0756226850504678E-003
  0.75902690528804495        1.0429660983790989E-003
  0.66933017907489611       -3.9392958123306140E-003
  0.63035249421831285       -2.6960714250803385E-003
  0.57041898231733867       -1.8727780249503010E-003
  0.64090777526577392       -1.1094276968550666E-003
  0.25968004246800036       -6.5629287989389468E-002
  0.34981369569986315        3.7236779886469638E-002
  0.12471871115230787        2.3331244339242788E-002
  0.17054621937691011        5.3890500421188120E-002
  0.23227141140417862       -2.5957776823408510E-002
  0.36949283164203522        1.1119219847883991E-003
  0.37468362820528617        4.7128949035861690E-003
   8.0859348457101021E-002   8.2660410074114427E-002
  -7.5541201618201548E-002   5.3228857593158180E-002
   3.6596794905274788E-003   7.3020605151964693E-002
   5.9564437345370591E-002   7.8166746204510071E-002
  -6.2460507745971561E-002   9.1071406014058096E-002
  0.15930820644296942        9.4915412526753465E-002
  0.22314588460156257       0.12187381817133008     
  0.26653813031022361       0.24900590984499346     
  -2.3887398554592321E-002  0.22365486852961142     
  0.44461442442469201       0.31946926041257023     
  0.21673273396900566       0.23657501750403848     
  0.21166372518669863       0.27576256098499924     
  0.14626851461096246       0.24673764574183799     
  0.21054017234219413       0.23544226493101264     
  0.38063322094963836       0.16105346369551943     
  0.33229325096100737       0.27503329833987039     
   9.2895239467178148E-002  0.28070750620823104     
  0.98191720140814742        9.1890626038973619E-002
  0.98107498842493990        8.9232693140954458E-002
  0.95735115617868360        7.9305013365230340E-002
  0.97192229142312958       0.10785865931896235     
  0.98489557403125860        9.8507271950027134E-002
  0.97076306440321669        8.8057338305888105E-002
  0.97992425298862251       0.10911163290952455     
  0.74072319785720664       -3.3425157168294802E-003
  0.72028880854506538       -3.8818913480724538E-003
  0.57559154590007788        8.9833006876898162E-003
  0.61294518442917234       -1.3661553311033220E-002
  0.52282270082998406       -8.8073565653271145E-004
  0.69280203105092519        4.9149835120062069E-003
  0.64450674125805607       -2.4785332552559099E-003
  0.78945370499830447        5.4750847723127635E-004
  0.71744597591326553       -4.2505274616567703E-004
  0.67532250777282110       -1.3171948025796579E-003
  0.61578251078612189       -1.8023279581236178E-003
  0.69520216867805917        8.3129325865411764E-004
  0.73182424963331771        1.6411836388117915E-003
  0.65988244135098273       0.13246439172701949     
  0.51707864542669446       0.11013581044319495     
  0.36131536813655851       0.11128465476742398     
  0.49099021877888799       0.11089543821439511     
  0.56843555213054753       0.11116968048219136     
  0.60945596751318487       0.10889889671508828     
  0.59139143621629653       0.12766311865842941     
  -4.5028512107597202E-002   8.4916412160106983E-004
  -5.0956356926911861E-002  -5.4668864384596884E-005
  0.10429137028519192       -1.3352013552095448E-003
  0.10892818531405844       -4.2244938179285637E-004
  -4.6065731447233471E-003  -3.3303824079798957E-003
  -7.8546897670659643E-003   4.4567733278943306E-004
   8.7139614371260388E-002  -2.3710797897497052E-003
  0.59355727972057459        9.8087097748654267E-004
  0.51462476001860857        9.4037645013731136E-004
  0.45845908264777002        1.0679193046887114E-003
  0.57345271782134133       -1.1549248023281166E-003
  0.58062153487322821        1.8992592505824720E-003
  0.87375475348744791        5.5251441139887595E-003
  0.84771388208991549        4.3041167197905104E-003
  0.80344563832695060        1.1148198628110624E-003
  0.71254881622739319       -1.3085628101525500E-003
  0.89637673397340767        6.9246880664974152E-003
  0.84719434883875422        5.5167347462069475E-003
  0.83372008040459189        2.1253009273816455E-003
  0.77334013418055947        8.4135536254450499E-002
  0.82476087436518597        8.2703558476082906E-002
  0.65902185014341641        7.5380639790021020E-002
  0.62438742911978340        5.4533390711802091E-002
  0.71594254268692947        6.4489324284025470E-002
  0.73133627653794531        7.1651545479248444E-002
  0.73946040070401264        9.0258191014254516E-002
  0.62636200762411431       0.22177906897442204     
  0.49944135433887948       0.19590597892690828     
  0.47144931993304129       0.20224077677783442     
  0.54299729197169333       0.19946131417052668     
  0.62087308466855062       0.21899558070053621     
  0.55549830111076948       0.20788173597004292     
   7.3174732259482456E-002   2.4799101011279450E-002
  0.14075343447147737        8.4751966823167141E-004
  -3.3985486557159383E-002  -1.8370760649632202E-002
  -1.7073188639803005E-002  -1.0370612665447969E-002
   3.4171730192848082E-002  -6.4404368176136234E-003
  0.23264835794428884        2.5476774128805581E-002
  0.76095192844225701        1.9621664489074078E-003
  0.71878537026800149       -8.6461834010806492E-004
  0.63264655576437434       -6.8462720169913715E-004
  0.75539149259546723        3.7369930714168309E-003
  0.66861074160787615        8.6660225717047866E-004
  0.21005233700550718        8.3818313049875796E-003
  0.17668165174037503        2.6070822242617044E-003
  0.29668783103565655        1.8072617873496892E-002
  0.39532002201629979        1.3724598829335260E-002
  0.24986922413600821        1.3313824791760968E-002
   7.0630831818037032E-002   2.0056339037771636E-004
  0.24733930012948643        4.3708906987681489E-003
  0.23622192463624597        3.5249432613144997E-002
  0.31557421583262169        1.1506305277751162E-002
   6.3181445067686193E-002  -5.3442707312885435E-003
  0.16583274458726660        3.7478703672659777E-002
  -4.0286513587468209E-002  -2.1772687804446937E-003
  -1.6543293575275564E-002   1.0759656352642602E-003
   3.2039362425718310E-002   4.2652573153633314E-002
  0.23522640677872525       -3.3462569972034603E-002
  0.61776294888069827       -5.4098435224847240E-003
  0.52580402895848843        1.0679439633908623E-003
  0.46358587472557350       -1.1953104522261194E-003
  0.61775754309672293        8.8012785027625573E-004
  0.58080483602914978        8.7154376573935952E-004
