 cosx vtec
  0.44444691040732021       -9.6162401822252549E-004
  0.39838569570794069       -3.1685733285309186E-004
  0.56162418448260887        1.2930267714109428E-003
  0.48685508205203010        7.5567409252068395E-005
  0.37737237043464722        3.9073304018642291E-003
  0.42696594776488356       -7.3190681211835254E-004
  0.51753823528501730       -5.0381838196475351E-004
  0.34661171988363670       -1.2897270245265243E-003
  0.27699201922060634       -1.5853890733796313E-003
  0.17596948205321022        2.7911010227498938E-003
  0.19803733586320252        2.5617719413499748E-004
  0.30611903603153723        1.3981685127904576E-003
  0.20777625946550393       -5.1007868414364495E-003
  0.48234943870063174       -1.4334823602417959E-004
  0.43187975729569483        9.1280395362138908E-005
  0.59594267501667986        2.6484931139093269E-003
  0.58282594489168393        2.4790802105653944E-003
  0.44028773360455609        4.0766235908728171E-004
  0.52757535396795252       -1.5515789069554193E-003
  0.40188438150809419       -3.5281456368758475E-003
  0.46143093570001065       -1.1035258684171378E-003
  0.53686783673021943        4.7901094501673130E-004
  0.20233694540605934       0.23299099210043162     
  0.16539068308860844       0.23848472930534723     
  0.18606797897898544       0.24579306243113461     
  0.21649105633403143       0.24387617783107565     
  0.13224779306325252       0.23595003965126718     
  0.79206169733947029       0.24536648206127828     
  0.65883995599029399       0.18116790074331321     
  0.67718137327208316       0.18711093450550123     
  0.61929204147330608       0.18987606643068172     
  0.73547848714327269       0.21150504713415480     
  0.62319911909460202       0.18739092016021178     
  0.64259114436308151       0.18751340178758585     
  0.74924302191506165        1.7863194930720187E-002
  0.81140907996264222        1.9575283317887330E-002
  0.80950617255864499        3.0287222014354839E-002
  0.77203793897181650        1.6668697761839574E-002
  0.69291490850418014        1.3116161486377044E-002
  0.79060665461364366        2.5127913673000962E-002
  0.71445600754670302        1.0602088710713380E-002
  0.77077303705972178        1.3917213258329682E-002
  0.73232611776503487        1.0555076789434181E-002
  0.34859874327213969        2.3041674179984772E-003
  0.32412888443695870       -2.7525199677435008E-004
  0.24963876508260946       -1.2724938539822386E-003
  0.27462645058434554       -2.9124891541573404E-003
  0.35978543748424952        1.6272398366837053E-003
  0.27091596419025760       -1.8118724865727565E-004
  0.16987801725522711       0.16537621692818413     
   3.7222788258369333E-002  0.15934392381651821     
  -1.8703833435457395E-002   2.5444023499378923E-002
  0.10702201605964995       0.16245428121964881     
  0.11480461938722281       0.15838180996555629     
  0.13434534727105990       0.16540010551223430     
  -8.4142172044246372E-002  0.19583999216562853     
  0.57436043271648640        5.2849905566731969E-002
  0.50991002234151239        3.8106920053663500E-002
  0.65404105881591512        6.3276848475789002E-002
  0.47650193927875495        7.0919116972806243E-002
  0.60770987059128423       0.10519336145341916     
  0.49613590095295751        5.0497807114577992E-002
  0.53702127228379393       0.10388572255787835     
  0.56094562601751830        5.3512534605510184E-002
  0.62086561151301634        7.5890816554633062E-002
  0.37689389973697812        6.5135368128468984E-002
  0.69521165874630020        6.0586009130342254E-002
  -8.7623336801217921E-002  0.19077796878947312     
  -2.6588017710925782E-002  0.19677924073786038     
   1.4411643284145403E-003  0.19784547479312053     
  -1.3623899980256926E-002  -1.1004490245101013E-003
  -5.8927580303533178E-002  -8.3599036980587562E-005
  -9.3791172143370127E-002  -7.6881997226430749E-004
   6.6454566790538405E-002  -1.8436084074217239E-004
  -6.9692962791420010E-002   8.0550389157429145E-004
  -2.6368012674840263E-002   9.8471546486337408E-004
  0.84796694318734467        5.8068373183961623E-002
  0.89739136937679986        6.6928927599418278E-002
  0.89777678955111428        7.8420673010781289E-002
  0.87344662044966570        6.1524758571879119E-002
  0.78278859774790577        3.4345231023820519E-002
  0.88304290472519065        6.3733997491919478E-002
  0.81402365451055425        4.5257741978062357E-002
  0.94434391822107544       0.10812904251234406     
  0.87226361702052291        6.0545584113714725E-002
  -8.5731798675909132E-002  0.13555866064375602     
  0.42429264213490148        4.4498150413293282E-003
  0.37255961334189036        1.7487307358282290E-002
  0.53445223014032806        4.1352447010887541E-002
  0.33956690419621882        2.9894771136291815E-002
  0.46269089008091108        4.3363388991551628E-002
  0.36082769977280843       -3.1374722056225199E-002
  0.39455744639620643        4.4487769866509388E-002
  0.41404608918541053        9.1331953273705319E-003
  0.48886199516895001        3.6179897849154104E-002
  0.28217387734284866        1.7362169594392445E-002
  0.58647291050499384        2.1612762921603676E-002
  0.26973582532546619       0.15621543594884907     
  0.32229149191206768       0.16669204073483934     
  0.13728469597157722       0.15831919765343447     
  0.21708046499446132       0.15216228660618406     
  0.22204125677724607       0.14958327736875440     
  0.24312798720323475       0.15520144799549179     
  0.10169404466758400       -1.8425442309917390E-003
  0.23811133308333868       -6.4994435822044718E-003
  0.12036534260773998       -1.5193500429710259E-003
  0.13320285562308337       -1.0268789279195456E-003
  0.23304718425645404       -2.8028151825057441E-004
  0.35916798476358586        1.2428388263224378E-003
  0.31549592992478387       -2.6804108066335843E-004
  0.49827060137858042        5.3309663252945824E-003
  0.40346121168729449       -1.7674594537552189E-004
  0.29985121709503937        1.4058700887975260E-003
  0.34388097437479437        3.4385848994467221E-003
  0.51068384995313010        7.1561491682741601E-004
  0.18798322017200447       -1.9313477136490538E-003
  0.46404056226333856        4.6256906650562378E-004
  0.83513298034008743       0.26215514191980205     
  0.77010560010356954       0.25579646739042927     
  0.79503272455915530       0.25371490527562868     
   5.3181585863262770E-002  0.17979436456887404     
  -9.4746427952259127E-002  0.16086609414302988     
  -3.1791139589755657E-002  0.16379153790527184     
  -1.7558124297523292E-002  0.16523917677199620     
  -1.7278927932653509E-003  0.16719070424129434     
  0.87736036132501916       0.14616974875789149     
  0.81919698224222770       0.13480062142992202     
  0.81968127903572763       0.13244874296649659     
  0.74543238373972098       0.12622566330818735     
  0.83615410613386831       0.13218300977472652     
  0.77914695666497447       0.13403129489593524     
  0.81535807292738449       0.16718654530471480     
  0.26960898876829714        4.4968026919053892E-003
  0.26308332662845363        4.2981282663374643E-003
  0.18298465048182688        1.4764253058574511E-003
  0.33124584303639748        7.5457911314361602E-003
  0.20207092683770367        8.4268154823119001E-004
  0.46523037672318934        4.5253359407055623E-004
  0.40781794658142745        9.6129781111855802E-004
  0.59318748221633266       -3.0777218663015225E-003
  0.53478582032911981        1.1174027867113141E-003
  0.42244741097109406        4.3087592295885479E-004
  0.51919819680130019       -2.2641791912794453E-003
  0.36668537761172126       -1.7650548315984085E-003
  0.43862706996898959        8.1385757764911872E-004
  0.50935486206256686       -4.3943034735775886E-004
  0.83575722992578383       0.13828575727672404     
  0.88458970246666890       0.13496985917050677     
  0.86176705846676160       0.17457448895407282     
  0.86466058761858733       0.13312764346030101     
  0.86385375976800738       0.13731931094613789     
  0.90735815069463710       0.14286392655987321     
  0.58820211993945593        1.8039901042231622E-002
  0.57385835608595204        9.4478455624341824E-003
  0.51014788720481474        7.0401137222157381E-004
  0.53244439571722824        6.7728585436055448E-003
  0.24699099662474711        1.3401480297468547E-003
  0.18750668252213915       -2.2287743463634928E-003
  0.35441487507166991        4.6502114942599477E-003
  0.20220006329211829       -5.4593737072498264E-003
  0.33318495183354335       -2.8915610890522516E-003
  0.15838735548114727       -3.4230545147837048E-003
  0.21367168518560825       -3.1479813156236563E-003
  0.30898373196180762        1.0378312096303243E-003
  0.27742214746861465        7.8589178373334942E-004
  0.23350261916539650        8.1466062100912489E-003
  0.44152229745885052       -1.6584863994053397E-002
  0.18598503958761881       -1.3931294641972591E-003
  0.32411630278980685        5.5444735493517883E-003
  0.22148759580328412        9.1762047814772235E-003
  0.26569508906883504       -1.2828109273727184E-002
  0.39768551807098435        3.2156347579018912E-003
  0.15376880456411138       -1.6253284049114482E-003
  0.45311935430581629        7.0115968919918338E-003
  0.93459984490840742       0.15502508079457533     
  0.89499088955218387       0.15193625256534618     
  0.89645577121079800       0.14234849483706394     
  0.80745607277177800       0.14808115052818685     
  0.90968794024286448       0.15622842766649297     
  0.85402677117560666       0.16013105653987095     
  0.88956674737073504       0.24981006337795672     
  0.84380638030786503       0.23712981313967793     
  0.87408974301137032       0.27819200677065820     
  0.82906980624874715       0.24906902391523478     
  0.87132568342879468       0.25112652606919900     
  0.79504864365101757       0.25379079357669648     
  0.81959248796453676       0.23963081729763375     
  0.17341298096033678       0.20000990441896402     
   3.4521659451587250E-002  0.18849306004408550     
  -1.7240502197443469E-002  0.20000520977718561     
   9.8809347845263629E-002  0.19102871679253400     
  0.12363458863974233       0.19544743668399317     
  -3.7584374950743321E-002  0.21680856679272215     
  -9.0078089303126940E-003  0.23013724365828847     
  0.65401446187401635       0.12439328161424504     
  0.72028221677740323       0.12268714835724899     
  0.56120689994553263       0.13250280893800487     
  0.68148550468985791       0.14929554268333578     
  0.68618720526256194       0.12294461422415401     
  0.61557341344907235       0.13888483793408246     
  0.68174173033987040       0.16177407630208820     
  0.79930318461698069       0.14745223535839036     
  0.49696087867322736       0.24713170551468802     
  0.49327648926335438       0.23721193722235798     
   4.1616788269034852E-002   1.2527483998860428E-003
  0.13383490345607063       -1.7301745083221845E-004
  -2.1581079157608929E-002  -3.1242440398636237E-003
   1.7468247034973530E-002  -1.7347450135841900E-003
   9.3991995341651091E-002   1.8930705919911962E-002
  0.11115213500274179        1.1916057871492762E-002
  -9.0023785743887724E-002   2.6299998063288428E-002
  -6.2443090695490922E-004   3.0246794274645942E-002
   2.9727042862521202E-002   2.2596442649661611E-002
   1.7258492592799379E-002   3.6811161512725413E-002
   8.9469531868609453E-002   1.8706940296745276E-002
  -7.8956617170749727E-002   4.3737613825485785E-002
   1.6044283299095574E-002   5.4220707082015401E-002
  0.36994340939743015       -1.9788785958775273E-003
  0.39651103899935425        3.0912012073850120E-003
  0.30340633533072214       -1.0990283110258188E-003
  0.46942183551622496       -6.3503376515465252E-003
  0.31649079403186847       -6.4708599269172379E-004
  0.39172384570821867       -7.8571204327096563E-004
  0.34883256944921265        9.8326762151727080E-003
  0.68869051384669655        9.9820059252443555E-003
  0.62756582795316818       -3.7000416006854219E-004
  0.75826776170363208        1.8675346546876515E-002
  0.76767116152492920        1.4043305679535661E-002
  0.72280185296139021        1.3691458398637160E-002
  0.58451526602854709       -3.2657256707119119E-003
  0.66882915782720975        3.4037502207289396E-003
  0.78457207644710403        3.1281954673396055E-002
  0.73578633875521993        1.2257620280420930E-002
  -7.1203944647915490E-002   2.5771873650454365E-003
  0.38252286906826505       -3.0756226850504678E-003
  0.54964893498795286        1.0429660983790989E-003
  0.49595526620801078       -3.9392958123306140E-003
  0.42322940119179675       -2.6960714250803385E-003
  0.43784191172397469       -1.8727780249503010E-003
  0.50294880844705536       -1.1094276968550666E-003
  -2.7983679342078349E-002  0.13174878465105111     
   5.2526540046001768E-003  0.11888509311478077     
  0.77729902453931410       0.24900590984499346     
  0.57267624789019478       0.22365486852961142     
  0.80290070172417149       0.31946926041257023     
  0.70362186122846881       0.23657501750403848     
  0.78706674863211512       0.27576256098499924     
  0.66366321741105605       0.24673764574183799     
  0.72719809666887136       0.23544226493101264     
  0.68815818536904527       0.16105346369551943     
  0.72387555477050336       0.27503329833987039     
  0.60680136882947411       0.28070750620823104     
  0.60585259523301294       0.13561832585111258     
  0.67693228270214911       0.14488049082489490     
  0.52061796289882423       0.14099650179983431     
  0.62141371255465494       0.14005128467219471     
  0.64004601029727803       0.12712883641484735     
  0.56625594215306407       0.14563795754615758     
  0.62770129715306477       0.14434854905661090     
  0.48826491207948547        9.1890626038973619E-002
  0.49682532062346563        8.9232693140954458E-002
  0.42441428837186335        7.9305013365230340E-002
  0.44805663004028640       0.10785865931896235     
  0.55370608291029699        9.8507271950027134E-002
  0.44578818948693610        8.8057338305888105E-002
  0.48085579139298751       0.10911163290952455     
  -1.4006633591682471E-002  -3.3425157168294802E-003
  -1.2799699350853511E-002  -3.8818913480724538E-003
  0.45866501440295804        5.4750847723127635E-004
  0.41494712191998923       -4.2505274616567703E-004
  0.34244077843208653       -1.3171948025796579E-003
  0.35879147911746884       -1.8023279581236178E-003
  0.43066634036948798        8.3129325865411764E-004
  0.36768265247065901        1.6411836388117915E-003
  -4.3598387444915843E-002  0.13246439172701949     
  0.29484374245258516        8.4916412160106983E-004
  0.24577800145344786       -5.4668864384596884E-005
  0.49038724501507391       -1.3352013552095448E-003
  0.25800157345610963       -4.2244938179285637E-004
  0.35690967415841596       -3.3303824079798957E-003
  0.22340488165040967        2.9710001599958600E-004
  0.27132961974569153        4.4567733278943306E-004
  0.36839278118113572       -2.3710797897497052E-003
  0.13860057468994139        9.8087097748654267E-004
   3.4161984326697981E-002   9.4037645013731136E-004
   5.5408573792576549E-002   1.0679193046887114E-003
  0.17685846442539108       -1.1549248023281166E-003
   6.4216222910801452E-002   1.8992592505824720E-003
  0.30842813815957248        5.5251441139887595E-003
  0.29763428596338548        4.3041167197905104E-003
  0.22145776465526029        1.1148198628110624E-003
  0.25918465582533828       -1.3085628101525500E-003
  0.26665595213969556        6.9246880664974152E-003
  0.35135507197694338        5.5167347462069475E-003
  0.24095353426746979        2.1253009273816455E-003
   3.8684371757016334E-002   8.4135536254450499E-002
  0.10470537712080830        8.2703558476082906E-002
  -3.4884888752079790E-002   6.4489324284025470E-002
  -3.4961832944042759E-002   7.1651545479248444E-002
   6.4470128090641787E-003   9.0258191014254516E-002
  0.10944495401092055       0.22177906897442204     
  -3.9812848973884235E-002  0.19590597892690828     
  -8.4013228899826931E-002  0.20224077677783442     
   2.2075346129621337E-002  0.19946131417052668     
   4.4198861250140137E-002  0.21899558070053621     
   4.8740037995273017E-002  0.20788173597004292     
   5.3627606485533330E-002  -8.5020807505557317E-004
  0.12496383853588135       -1.5506346889086720E-004
  -1.7055317788936541E-003  -5.1013352026934482E-003
   3.8848951022876638E-002  -2.5845571095877728E-003
  -5.5194114313076442E-002   4.6924016013175840E-003
   6.0324676147783085E-002   1.9621664489074078E-003
   3.9901587944611794E-002  -8.6461834010806492E-004
  -7.8422241474258275E-002  -6.8462720169913715E-004
  0.18069000390937909        3.7369930714168309E-003
  -5.6814216551347579E-002   8.6660225717047866E-004
  0.69565273212208623        8.3818313049875796E-003
  0.63289002253363713        2.6070822242617044E-003
  0.76476257060691244        1.8072617873496892E-002
  0.76652342249072070        1.3724598829335260E-002
  0.73025665168535481        1.3313824791760968E-002
  0.58486934459384665        2.0056339037771636E-004
  0.67503824920358668        4.3708906987681489E-003
  0.79815893479962419        3.5249432613144997E-002
  0.73991926575458744        1.1506305277751162E-002
   5.0035169855951411E-002  -5.4098435224847240E-003
  -6.8981880758589909E-002   1.0679439633908623E-003
  -3.6660498515869028E-002  -1.1953104522261194E-003
  0.12819466213946301        8.8012785027625573E-004
  -4.1384665049175179E-002   8.7154376573935952E-004
