 cosx vtec
  0.57065287366325701        3.1388095203105523E-002
  0.52812066152497861        1.1266557126342261E-002
  0.54004484757899018        1.6147304182509994E-002
  0.56131179933415731        2.6590208887822465E-002
  0.47384555264505307        2.7965496839924199E-002
  0.62759719053975815        4.8858144319178523E-002
  0.65204598507263289       -1.2897270245265243E-003
  0.58339101573473418       -1.5853890733796313E-003
  0.59664669415386706        2.7911010227498938E-003
  0.48678516969480190        2.5617719413499748E-004
  0.52119052122283360        1.3981685127904576E-003
  0.65460778517408613       -5.1007868414364495E-003
  -7.6562999495600886E-003  0.24579306243113461     
  -3.5325525820568214E-002  0.24387617783107565     
  0.42324399338221136       0.24536648206127828     
  0.58062366210813010       0.18116790074331321     
  0.57810041350009478       0.18711093450550123     
  0.59912032325933839       0.18987606643068172     
  0.52509132551789861       0.21150504713415480     
  0.62733848111896939       0.18739092016021178     
  0.57804851784604805       0.18751340178758585     
  -2.7952368311966819E-002   1.9575283317887330E-002
  0.12775250856218706        3.0287222014354839E-002
   6.8886181915749550E-002   1.6668697761839574E-002
  0.13417300056029843        1.3116161486377044E-002
  -7.4836067356894881E-002   2.5127913673000962E-002
  -6.8438562402517444E-005   1.0602088710713380E-002
   2.5539744347215565E-002   1.3917213258329682E-002
  0.23928910609631149        1.0555076789434181E-002
  0.75934363379943493       -2.7604670143527199E-003
  0.69583528760079483       -1.1527491207212459E-004
  0.71902741715286056       -1.3811317215394021E-003
  0.78002133884164215        4.4922859168688416E-003
  0.83805641355578742       -1.2436391499969313E-003
  0.90913194823156451        2.0479110461447654E-004
  0.95212174998381960       -4.5297425071958546E-003
  0.89348379673650968        3.3594982712548912E-003
  0.83750869010690709       -1.0845568661108529E-002
  0.87136374583157106        2.4618362171800252E-002
  0.92585649090912381       -3.8686800322529163E-002
  0.92711063885711364        4.1191537438215890E-004
  0.72959442910039107        2.3041674179984772E-003
  0.69782693097030002       -2.7525199677435008E-004
  0.71501776209627643       -1.2724938539822386E-003
  0.59947096140363509       -2.9124891541573404E-003
  0.64874431634564411        1.6272398366837053E-003
  0.74364626553075153       -1.8118724865727565E-004
  0.83221254491462515       0.16537621692818413     
  0.84006622228552552       0.15934392381651821     
  0.85077440117727565        2.5444023499378923E-002
  0.82886624674386800       0.16245428121964881     
  0.86643154901074970       0.15838180996555629     
  0.81736348886186694       0.16540010551223430     
  0.64894145948522286       0.19077796878947312     
  0.65568178308536651       0.19748407119543368     
  0.64533917098799365       0.19677924073786038     
  0.63507205872833528       0.19784547479312053     
  0.56274048143228217        7.1904269094688437E-003
  0.48091535205841651       -4.0428397746459149E-004
  0.49435591238205157        8.0264766956408590E-004
  0.53029741886334736       -4.8977605447199585E-004
  0.41895616947308578       -4.6278575108834206E-003
  -9.4390935210450333E-002   6.6928927599418278E-002
   4.2413187036193192E-002   7.8420673010781289E-002
  -4.8686938403841584E-003   6.1524758571879119E-002
  0.10370980309169628        3.4345231023820519E-002
  -7.8458711441098644E-002   4.5257741978062357E-002
  -4.8916858450500339E-002   6.0545584113714725E-002
  0.66536072380937217       -1.9673738106778019E-003
  0.60942741467792494        3.1601492638171458E-003
  0.62297847339818302       -3.5944424831929598E-003
  0.64961503520666419       -4.0640839485871225E-003
  0.54194667271428065        8.8320842817718771E-003
  0.54250927187235620        7.7012684142695968E-003
  0.49364156408960569        2.1670522914370286E-003
  0.50542141684215058        1.8489583781809297E-003
  0.52941526666986172        4.0539128396376491E-003
  0.44247582029686855        1.1603254861881261E-002
  0.82734554405315341       0.15621543594884907     
  0.83186063856622161       0.16669204073483934     
  0.84914774351031364       0.15831919765343447     
  0.83013370860573465       0.15216228660618406     
  0.86019875822937364       0.14958327736875440     
  0.81730599974137397       0.15520144799549179     
  0.85618477746224464       -2.0566632077150596E-002
  0.83746482479351414       -1.2701386721718732E-002
  0.76541184796915918       -4.1639714671229781E-003
  0.78592753142991978       -1.2944937963955926E-003
  0.82783998166952533       -5.6288340745692606E-003
  0.89249806769457063       -4.6381131940633384E-003
  0.17610371048162732       -1.8425442309917390E-003
  0.31644750567465341       -6.4994435822044718E-003
  0.31403097230594929       -1.5193500429710259E-003
  0.22758238684906062       -1.0268789279195456E-003
  0.24746826465046373       -2.8028151825057441E-004
  0.14045579466008129        5.2825112062993246E-004
  0.34879483822398366       -2.3291142227196697E-004
  0.24121121200296700       -1.0360885492778609E-003
  0.27226885539192397        2.9107282886670050E-005
   6.1533029179398818E-002  -2.7870839953360914E-003
  0.18181326366618936        1.0504469837238101E-003
  0.87405232798800880        1.7706911728363754E-002
  0.90208378196088168        8.3064049308213578E-004
  0.81033576684896635       -9.0239836387568228E-003
  0.82975278133850905        2.1763725522982606E-002
  0.85986099749112643       -7.8960665841218552E-003
  0.93001977466056374        8.2147199687336817E-002
  0.80972686461845322       0.17979436456887404     
  0.79907402206002121       0.16086609414302988     
  0.80436182533009204       0.16159190962225733     
  0.79493380007322900       0.16379153790527184     
  0.84791286358596285       0.16523917677199620     
  0.78486077106313390       0.16719070424129434     
  0.29429673143052032       0.14616974875789149     
  0.40766814274625585       0.13480062142992202     
  0.39388254166511250       0.13244874296649659     
  0.46988994742689494       0.12622566330818735     
  0.35674670557517679       0.13218300977472652     
  0.46166924986479774       0.13403129489593524     
  0.42758427117484299       0.16718654530471480     
  0.85334936717977750        4.4968026919053892E-003
  0.83266817846894015        4.2981282663374643E-003
  0.85211360275986869        1.4764253058574511E-003
  0.77261551129762707        7.5457911314361602E-003
  0.86900649870923663        8.4268154823119001E-004
  -5.2932992289427716E-002   1.1174027867113141E-003
  -1.6354081936971271E-002   4.3087592295885479E-004
  0.82114324355349100       -6.3980360992366920E-003
  0.78182739771946785       -2.4152062409891399E-004
  0.71059447266646236       -1.6801410417189593E-004
  0.73104656538420221        3.3360350109583664E-003
  0.78038230201835856        4.1850298004085691E-003
   8.3932352894278611E-002  0.15366162381360923     
   7.6088216409821177E-002  0.11551612918117631     
  -1.7904166075859276E-002  0.16378948154012907     
  -6.4930488443787571E-002  0.16060041294835464     
  0.91662271847848642        8.7806748522432240E-002
  0.86090167547435659        4.9557197440978550E-002
  0.83916983928283406        3.7410694713585532E-002
  0.85797558248931061        4.7976232722304335E-002
  0.87205428485575376        6.5191784758076146E-002
  0.92272409888681972        6.2451256859090268E-002
  0.86752968748590442        8.2339747719577638E-002
  0.56253173163226489        1.8039901042231622E-002
  0.53714938796163592        9.4478455624341824E-003
  0.56668162585814064        7.0401137222157381E-004
  0.59327523021049378        6.7728585436055448E-003
   2.9649379538677273E-002   4.6502114942599477E-003
   2.5695486827124338E-002  -5.4593737072498264E-003
  -8.8616678230589302E-002  -3.1479813156236563E-003
  -6.6718291133870844E-002   1.0378312096303243E-003
  0.17493856221214729       0.15502508079457533     
  0.27844476877364599       0.15193625256534618     
  0.26468541357530095       0.14234849483706394     
  0.38282368856862137       0.14808115052818685     
  0.22631282051534279       0.15622842766649297     
  0.35410549082864939       0.16013105653987095     
   4.1876933301165500E-002  0.24981006337795672     
  0.15296590674411659       0.23712981313967793     
  0.16145205588816747       0.27819200677065820     
   3.8239521052790576E-002  0.24906902391523478     
  -2.0844583053947374E-002  0.25112652606919900     
  0.18082505044986252       0.25379079357669648     
  0.14457708247590467       0.23963081729763375     
  0.69138079054294366       0.20000990441896402     
  0.68752222543220454       0.18849306004408550     
  0.69912961902039716       0.20000520977718561     
  0.67800683024415842       0.19102871679253400     
  0.66675400007552021       0.19544743668399317     
  0.49617947371660825       0.21606207179078721     
  0.50407127530765095       0.22397928138036893     
  0.49382923793993522       0.21680856679272215     
  0.48291792071658057       0.23013724365828847     
  0.11441275931528891       -9.8763709137592026E-004
  0.21359176102459398       -4.1869643802628563E-004
  0.24342631028657627        2.6979917087478181E-003
   4.2885430074681832E-002  -2.0610140261236542E-002
  0.15362334297701169        1.2452667861203354E-003
   4.6760653080863551E-002  0.24713170551468802     
  0.13635569648931550       0.23721193722235798     
  0.96067361228793779        1.8930705919911962E-002
  0.94626459597963486        1.1916057871492762E-002
  0.99609424145127035        2.6299998063288428E-002
  0.96594309480475271        3.0246794274645942E-002
  0.99981524128644073        1.8192433725313806E-002
  0.97920699767902786        2.2596442649661611E-002
  0.97435919973059937        3.6811161512725413E-002
  0.96481715299759285        1.8706940296745276E-002
  0.97978370855224495        4.3737613825485785E-002
  0.98100600456345055        5.4220707082015401E-002
  0.96898441135468016        2.2100578287264510E-002
  0.99955925515130906        3.8172727753038857E-002
  0.94416310373745549        3.4166946097695702E-002
  0.96743368522503126        3.9101947776732475E-002
  0.97176594628938662        3.1988908536078074E-002
  0.99084919604648625        1.7970343024593889E-002
  0.96328578776922857        4.5846785742042269E-002
  -1.4397479395041185E-003  -1.9788785958775273E-003
  0.23651261798593298        3.0912012073850120E-003
  0.25025235836208348       -1.0990283110258188E-003
  -3.9567331105082731E-003  -6.3503376515465252E-003
  0.15982458886629708       -6.4708599269172379E-004
  0.18042458671665834       -7.8571204327096563E-004
  0.38474646287568443        9.8326762151727080E-003
  0.55078210060544763        4.4944733756782226E-003
  0.44338444582929715        4.1619556586150374E-005
  0.45787805102300139        1.0181072196445450E-004
  0.50218168385712902        9.7886086240164469E-004
  0.37542996851957244        1.4547404301936036E-003
  0.89663701617757752       -6.6559077245274684E-002
  0.88816749414783214        1.2596067335274474E-002
  0.81655750874522903        7.0879289311199635E-003
  0.83851563412380814        6.6438648602652759E-003
  0.87621081674447543       -5.4175284405365660E-003
  0.92664130097313624        2.9433060817074527E-002
  0.59925552966157647       0.16996716393424466     
  0.60108741395160037       0.16878339842997775     
  0.60438207721554671       0.17779457800968479     
  0.59625245360925638       0.19331008144297543     
  0.79343787177810843        2.5771873650454365E-003
  0.77896744658585293       -1.3529777179666987E-003
  0.73330747694917098       -1.1808690353571833E-003
  0.64749038446895057        7.4402037411422828E-004
  0.82759558115017184        7.6328347695225137E-004
  0.67306812593798426        2.6846181032148721E-003
  0.72280062597741312        1.0945867007753183E-002
  0.58705657888725415        2.3432810183311586E-003
  0.60208960355557051       -3.2395965922499021E-004
  0.64003604312999030       -4.8797874420135490E-003
  0.49616130299366723       -5.2858658594888007E-004
  0.19642859730990109       -3.0756226850504678E-003
  0.42613721704788865        1.0429660983790989E-003
  0.36451900068651805       -3.9392958123306140E-003
  0.38713612139275611       -2.6960714250803385E-003
  0.29547457538053501       -1.8727780249503010E-003
  0.32098632149291817       -1.1094276968550666E-003
  0.89720361340701538       -6.5629287989389468E-002
  0.94025360325812435        3.7236779886469638E-002
  0.83990997912177301        2.3331244339242788E-002
  0.86103258179171616        5.3890500421188120E-002
  0.88763142855607413       -2.5957776823408510E-002
  0.93095330522983111        1.1119219847883991E-003
  0.94981774702931066        4.7128949035861690E-003
  0.66594826358635384        8.2660410074114427E-002
  0.62924086388494282        5.3228857593158180E-002
  0.64370259724633405        7.3020605151964693E-002
  0.66129063949595512        7.8166746204510071E-002
  0.55944204047266843        9.1071406014058096E-002
  0.68990250389331642        9.4915412526753465E-002
  0.69254743424512910       0.12187381817133008     
  0.51903375948347841        9.4451464532240188E-003
  0.46293406232104389        1.1453759532210719E-003
  0.47479072233409481        3.0972946582373577E-004
  0.50164892666225513        4.0459565148590155E-003
  0.41299780946925979       -2.9440414659286200E-003
  0.77406347299436251        9.1890626038973619E-002
  0.76442033634107132        8.9232693140954458E-002
  0.80633259863097739        7.9305013365230340E-002
  0.80142254680882274       0.10785865931896235     
  0.71245122409107042        9.8507271950027134E-002
  0.80220071387487490        8.8057338305888105E-002
  0.77891050865337885       0.10911163290952455     
  0.96626199361277998       -3.3425157168294802E-003
  0.93878511560951006       -3.8818913480724538E-003
  0.99285173296905638        8.9833006876898162E-003
  0.94497970030467171       -1.3661553311033220E-002
  0.98240515119953442       -8.8073565653271145E-004
  0.99454085301405237        4.9149835120062069E-003
  0.96477380305341176       -2.4785332552559099E-003
  0.55623707621317942        5.4750847723127635E-004
  0.50738361926016917       -4.2505274616567703E-004
  0.52573707751988585       -1.3171948025796579E-003
  0.43284323436206507       -1.8023279581236178E-003
  0.46306831427216738        8.3129325865411764E-004
  0.57313244056641199        1.6411836388117915E-003
  0.89192687719395236       0.13246439172701949     
  0.87445054053806970       0.11013581044319495     
  0.86261890429926813       0.11128465476742398     
  0.87594856563296630       0.11089543821439511     
  0.87475892108936559       0.11116968048219136     
  0.91712472172046666       0.10889889671508828     
  0.86573869425073269       0.12766311865842941     
  0.62446193331378308        9.8087097748654267E-004
  0.62742683528221832        9.4037645013731136E-004
  0.53397504489875336        1.0679193046887114E-003
  0.56035811775232536       -1.1549248023281166E-003
  0.68221641255432119        1.8992592505824720E-003
  0.81484928822492131        5.5251441139887595E-003
  0.79216564243042054        4.3041167197905104E-003
  0.81143200819872918        1.1148198628110624E-003
  0.65685041839955038       -1.3085628101525500E-003
  0.88570373092902921        6.9246880664974152E-003
  0.73777695736285875        5.5167347462069475E-003
  0.83085630997550819        2.1253009273816455E-003
  0.95550251211972692        8.4135536254450499E-002
  0.95558673418598261        8.2703558476082906E-002
  0.96134523490049995        7.5380639790021020E-002
  0.96481413340430022        5.4533390711802091E-002
  0.95528285348841413        6.4489324284025470E-002
  0.97514959988013739        7.1651545479248444E-002
  0.94418492653177544        9.0258191014254516E-002
  0.69579049804335791       0.22177906897442204     
  0.68188225906015709       0.19590597892690828     
  0.69009677425557070       0.20224077677783442     
  0.67598849641343994       0.19946131417052668     
  0.75398016767563503       0.21899558070053621     
  0.66539479164903570       0.20788173597004292     
  0.81002024236229742        2.4799101011279450E-002
  0.81463990175627010        8.4751966823167141E-004
  0.72792514382465456       -1.8370760649632202E-002
  0.74581794309698590       -1.0370612665447969E-002
  0.78352512521516215       -6.4404368176136234E-003
  0.88012857099105268        2.5476774128805581E-002
  0.91793623788021139        1.9621664489074078E-003
  0.88415104537713052       -8.6461834010806492E-004
  0.89173695264879294       -6.8462720169913715E-004
  0.79042255179194709        3.7369930714168309E-003
  0.91636359249315391        8.6660225717047866E-004
  0.80283265482285115       -5.3442707312885435E-003
  0.85014553188646003        3.7478703672659777E-002
  0.73869128404366791       -2.1772687804446937E-003
  0.75530506061530955        1.0759656352642602E-003
  0.78554481766786854        4.2652573153633314E-002
  0.89517302306244684       -3.3462569972034603E-002
  0.74414554568778934       -5.4098435224847240E-003
  0.74494249107139354        1.0679439633908623E-003
  0.63263499386655686       -1.1953104522261194E-003
  0.66597910386255887        8.8012785027625573E-004
  0.78805294793121317        8.7154376573935952E-004
