 cosx vtec
   3.8015338471897531E-002  -9.6162401822252549E-004
   1.5400247937702533E-002  -3.1685733285309186E-004
  0.15276705596985779        1.2930267714109428E-003
   7.6372608024040473E-002   7.5567409252068395E-005
  -3.0967717925987875E-002   3.9073304018642291E-003
   6.1114439974028323E-002  -7.3190681211835254E-004
  0.15883623614837825       -5.0381838196475351E-004
  0.73039804320512625       -1.2897270245265243E-003
  0.62436415423252267       -1.5853890733796313E-003
  0.54417845361702732        2.7911010227498938E-003
  0.49187757936609000        2.5617719413499748E-004
  0.60937953284177226        1.3981685127904576E-003
  0.60998028152308248       -5.1007868414364495E-003
  0.17436801020025802       -1.4334823602417959E-004
  0.15150854202732314        9.1280395362138908E-005
  0.28948661466414322        2.6484931139093269E-003
  0.38424809574102026        2.4790802105653944E-003
  0.30237980528656383        4.0766235908728171E-004
  0.21657022070798460       -1.5515789069554193E-003
   8.5278077712478029E-002  -3.5281456368758475E-003
  0.20022266924281090       -1.1035258684171378E-003
  0.28144117226656762        4.7901094501673130E-004
   8.5318601682033077E-002  0.23299099210043162     
   2.4245249304515507E-002  0.23848472930534723     
  0.15862814375717291       0.24579306243113461     
  0.16732194452173949       0.24387617783107565     
   4.2825154754734113E-003  0.23595003965126718     
  0.97278029056374926       0.24536648206127828     
  0.95834934102219194       0.18116790074331321     
  0.97283157948370336       0.18711093450550123     
  0.93564432630850991       0.18987606643068172     
  0.98949797632604031       0.21150504713415480     
  0.95749824785848503       0.18739092016021178     
  0.94237956942265544       0.18751340178758585     
  0.57626292143435065        1.7863194930720187E-002
  0.69529657465926376        1.9575283317887330E-002
  0.79525232978099170        3.0287222014354839E-002
  0.72388105013159232        1.6668697761839574E-002
  0.69691436893288405        1.3116161486377044E-002
  0.64640206614140161        2.5127913673000962E-002
  0.62823741463944249        1.0602088710713380E-002
  0.69447633534821118        1.3917213258329682E-002
  0.80018167296179987        1.0555076789434181E-002
   8.6896174500056267E-003  -2.7604670143527199E-003
  -9.2081609535086428E-002   4.4922859168688416E-003
  0.10845274574858765       -1.2436391499969313E-003
  0.49987137059604136        2.0479110461447654E-004
  0.24677536694907787       -4.5297425071958546E-003
  0.29434434650434593        3.3594982712548912E-003
   7.5407667857136734E-002  -1.0845568661108529E-002
   9.1076784492653301E-002   2.4618362171800252E-002
  0.19310068081860721       -3.8686800322529163E-002
  0.34058408342046220        4.1191537438215890E-004
  0.78276155595246555        2.3041674179984772E-003
  0.74050836021407518       -2.7525199677435008E-004
  0.68622336543449625       -1.2724938539822386E-003
  0.63277934751005860       -2.9124891541573404E-003
  0.73982780505392398        1.6272398366837053E-003
  0.72362014991245571       -1.8118724865727565E-004
  0.69257640346510296       0.16537621692818413     
  0.58104747391285139       0.15934392381651821     
  0.53885569454775828        2.5444023499378923E-002
  0.63511762118469095       0.16245428121964881     
  0.66648053834595622       0.15838180996555629     
  0.65163746378119169       0.16540010551223430     
  -4.8376595940144984E-002   5.2849905566731969E-002
  -9.8071353566623526E-002   3.8106920053663500E-002
   4.3331102990482651E-002   6.3276848475789002E-002
  -1.2059431864890391E-002  0.10519336145341916     
  -1.7986383084506230E-002   5.3512534605510184E-002
  -1.1041252627875031E-002   7.5890816554633062E-002
  0.12953573943618102        6.0586009130342254E-002
  0.34651179805841864       0.19077796878947312     
  0.31527789961278024       0.19748407119543368     
  0.39783413133788137       0.19677924073786038     
  0.41578119917777268       0.19784547479312053     
  0.61577359538151089        5.8068373183961623E-002
  0.72754343678987943        6.6928927599418278E-002
  0.81717492163935701        7.8420673010781289E-002
  0.76491827250978195        6.1524758571879119E-002
  0.75606452621939291        3.4345231023820519E-002
  0.68620229403382926        6.3733997491919478E-002
  0.66463011770336411        4.5257741978062357E-002
  0.67815644794511443       0.10812904251234406     
  0.73512755823331632        6.0545584113714725E-002
  -8.5226099731043725E-002   4.1352447010887541E-002
   2.3197596246942287E-002   2.1612762921603676E-002
  0.77721317906559717       0.15621543594884907     
  0.82637687653435221       0.16669204073483934     
  0.67496798322390150       0.15831919765343447     
  0.73272867634838945       0.15216228660618406     
  0.75671469162824356       0.14958327736875440     
  0.74726179094580480       0.15520144799549179     
  -1.0686603031600184E-002  -2.0566632077150596E-002
   4.8958294943821590E-002  -1.2701386721718732E-002
  -5.2133138267497603E-002  -5.6288340745692606E-003
  0.12334244337015457       -4.6381131940633384E-003
  0.20437178162304578       -1.8425442309917390E-003
  0.41593804433086790       -6.4994435822044718E-003
  0.31081667523631484       -1.5193500429710259E-003
  0.26568048641355441       -1.0268789279195456E-003
  0.36646170302755782       -2.8028151825057441E-004
   1.6713101796948016E-002   5.3309663252945824E-003
  -7.5273183601474281E-002  -1.7674594537552189E-004
  -9.0300289524727989E-002   3.4385848994467221E-003
  -4.7497466432432384E-002   7.1561491682741601E-004
   3.9534153317499016E-002   4.6256906650562378E-004
   2.0021106185842907E-002   1.7706911728363754E-002
  0.10396106043010006        8.3064049308213578E-004
  -9.9260218124522348E-002  -9.0239836387568228E-003
  -6.8431795064879009E-002   2.1763725522982606E-002
  -1.1246264561817321E-002  -7.8960665841218552E-003
  0.17730470600478718        8.2147199687336817E-002
  0.52118603062115543       0.26215514191980205     
  0.46815135602433777       0.25579646739042927     
  0.46812290464323536       0.25371490527562868     
  0.57527879540192983       0.17979436456887404     
  0.43823993055038674       0.16086609414302988     
  0.40585554189219664       0.16159190962225733     
  0.49089954535460745       0.16379153790527184     
  0.53799547820593396       0.16523917677199620     
  0.51076201861612724       0.16719070424129434     
  0.96362632818784855       0.14616974875789149     
  0.98647624543760248       0.13480062142992202     
  0.97790421654620208       0.13244874296649659     
  0.96222114449798268       0.12622566330818735     
  0.96815148161865661       0.13218300977472652     
  0.98650356367640635       0.13403129489593524     
  0.99609969518195862       0.16718654530471480     
  0.79407443153461665        4.4968026919053892E-003
  0.77483717273593933        4.2981282663374643E-003
  0.71709167698417331        1.4764253058574511E-003
  0.79558168923747685        7.5457911314361602E-003
  0.74490192225904162        8.4268154823119001E-004
  0.25893210421560042        4.5253359407055623E-004
  0.23786593227115460        9.6129781111855802E-004
  0.38989646615780083       -3.0777218663015225E-003
  0.43573321165285367        1.1174027867113141E-003
  0.36081965875586353        4.3087592295885479E-004
  0.30909021143643223       -2.2641791912794453E-003
  0.14459329985124370       -1.7650548315984085E-003
  0.29069020625351016        8.1385757764911872E-004
  0.36655104273998668       -4.3943034735775886E-004
  0.29352248309500273       0.13828575727672404     
  0.37850760826879187       0.13496985917050677     
  0.34360882655722375       0.17457448895407282     
  0.34152349254253483       0.13312764346030101     
  0.33804184103791107       0.13731931094613789     
  0.43328426831892691       0.14286392655987321     
  -6.7809142064584216E-002  -6.3980360992366920E-003
  -1.3642116447115049E-002  -2.4152062409891399E-004
  0.45151362694955044        8.7806748522432240E-002
  0.19654235074519122        4.9557197440978550E-002
   8.7487356577947928E-002   3.7410694713585532E-002
  0.17091591420047603        4.7976232722304335E-002
  0.26685182333826951        6.5191784758076146E-002
  0.31196510991602122        6.2451256859090268E-002
  0.31719352960153779        8.2339747719577638E-002
  0.88442279959026904        1.8039901042231622E-002
  0.85524195627922595        9.4478455624341824E-003
  0.81849170871067678        7.0401137222157381E-004
  0.85545667276898540        6.7728585436055448E-003
   9.7294560916514602E-002   1.3401480297468547E-003
   8.5100434121647084E-002  -2.2287743463634928E-003
  0.33101947714504898        4.6502114942599477E-003
  0.19458329445380154       -5.4593737072498264E-003
  0.15878451268506136       -2.8915610890522516E-003
   1.3575963126223722E-002  -3.4230545147837048E-003
  0.13005930057067466       -3.1479813156236563E-003
  0.22816846750128805        1.0378312096303243E-003
  -4.7546715954569246E-002   7.0115968919918338E-003
  0.93605637202381820       0.15502508079457533     
  0.96878372077614339       0.15193625256534618     
  0.96109113454902928       0.14234849483706394     
  0.95993539635872993       0.14808115052818685     
  0.94768137686534348       0.15622842766649297     
  0.98214450933686526       0.16013105653987095     
  0.80960511675153091       0.24981006337795672     
  0.84187230443401329       0.23712981313967793     
  0.87404198798793242       0.27819200677065820     
  0.75403084591098213       0.24906902391523478     
  0.75262563030077334       0.25112652606919900     
  0.81717923452770402       0.25379079357669648     
  0.81510354797769147       0.23963081729763375     
  0.60376359617724973       0.20000990441896402     
  0.47910611516829604       0.18849306004408550     
  0.44116342132700903       0.20000520977718561     
  0.52942902767510347       0.19102871679253400     
  0.54391521510565888       0.19544743668399317     
  0.23559349070186139       0.21606207179078721     
  0.20443138071890291       0.22397928138036893     
  0.28927300818456569       0.21680856679272215     
  0.30728096249006909       0.23013724365828847     
   1.5433488366597192E-002  0.12439328161424504     
  0.10611600368860680       0.12268714835724899     
  -9.8257366350489039E-002  0.13250280893800487     
   6.4019118696450161E-002  0.14929554268333578     
   5.8074609501139629E-002  0.12294461422415401     
  -2.5872669862977871E-002  0.13888483793408246     
   5.3884728826908312E-002  0.16177407630208820     
  0.23213463401493212       0.14745223535839036     
  0.46754092309990314       0.24713170551468802     
  0.52277993857786154       0.23721193722235798     
  0.70969036359005377        1.8930705919911962E-002
  0.71537591977567827        1.1916057871492762E-002
  0.57098877186328145        2.6299998063288428E-002
  0.62992548317765218        3.0246794274645942E-002
  0.50975311016360447        1.8192433725313806E-002
  0.66527351997123518        2.2596442649661611E-002
  0.65114468511196955        3.6811161512725413E-002
  0.70841788006413542        1.8706940296745276E-002
  0.57007513221228190        4.3737613825485785E-002
  0.65441532122918333        5.4220707082015401E-002
  0.40185155105787512        2.2100578287264510E-002
  0.47794816791075090        3.8172727753038857E-002
  0.23343929093096927        3.4166946097695702E-002
  0.36801476838543434        3.9101947776732475E-002
  0.47506905366713370        3.1988908536078074E-002
  0.48536766637381934        1.7970343024593889E-002
  0.51942420157073443        4.5846785742042269E-002
  0.32438305394296846       -1.9788785958775273E-003
  0.50305861733401780        3.0912012073850120E-003
  0.43015169183294399       -1.0990283110258188E-003
  0.41022007050081322       -6.3503376515465252E-003
  0.38263543539990114       -6.4708599269172379E-004
  0.46223996650565563       -7.8571204327096563E-004
  0.55788364769748111        9.8326762151727080E-003
   6.8387630512624753E-002  -6.6559077245274684E-002
  0.12978372645328617        1.2596067335274474E-002
  -5.5641729791938155E-002   7.0879289311199635E-003
  -3.3039330705416203E-002   6.6438648602652759E-003
   3.0557945318159752E-002  -5.4175284405365660E-003
  0.18478250120439640        2.9433060817074527E-002
  0.15343934050395922       0.16996716393424466     
  0.12754082188101235       0.16878339842997775     
  0.21106325286335809       0.17779457800968479     
  0.23815358354731198       0.19331008144297543     
  0.30308777040324425        9.9820059252443555E-003
  0.26175467184811413       -3.7000416006854219E-004
  0.39032042798935074        1.8675346546876515E-002
  0.48516718312465640        1.4043305679535661E-002
  0.34302754569371890        1.3691458398637160E-002
  0.17202047903389955       -3.2657256707119119E-003
  0.32869246546619690        3.4037502207289396E-003
  0.34737198697407146        3.1281954673396055E-002
  0.40276913573865758        1.2257620280420930E-002
  0.45526410749622459        2.5771873650454365E-003
  0.28809675104020205       -1.3529777179666987E-003
   6.2402325960101562E-002  -1.1808690353571833E-003
  0.24385923713266233        7.4402037411422828E-004
  0.34833594826984526        7.6328347695225137E-004
  0.46459463960980141       -3.0756226850504678E-003
  0.76149449726233065        1.0429660983790989E-003
  0.67405864050015085       -3.9392958123306140E-003
  0.62486686408567871       -2.6960714250803385E-003
  0.57788906346079605       -1.8727780249503010E-003
  0.65179471921468191       -1.1094276968550666E-003
   9.0192860053813578E-002  -6.5629287989389468E-002
  0.18233174501226579        3.7236779886469638E-002
  -4.9395654341693573E-002   2.3331244339242788E-002
  -2.3750343114773975E-003   5.3890500421188120E-002
   6.1376805801845069E-002  -2.5957776823408510E-002
  0.20668752694299999        1.1119219847883991E-003
  0.20827958301752095        4.7128949035861690E-003
  -5.9545440192501631E-002   8.2660410074114427E-002
  -8.2563877498088134E-002   7.8166746204510071E-002
   2.3712253324744553E-002   9.4915412526753465E-002
   9.5282204599900749E-002  0.12187381817133008     
  0.39985143287752001       0.24900590984499346     
  0.10977125993958636       0.22365486852961142     
  0.55507861511447454       0.31946926041257023     
  0.34135848590647133       0.23657501750403848     
  0.35602050296084820       0.27576256098499924     
  0.27317409601218212       0.24673764574183799     
  0.34150660845190850       0.23544226493101264     
  0.47538199370047196       0.16105346369551943     
  0.44291641299052564       0.27503329833987039     
  0.21549906566812663       0.28070750620823104     
  -4.5098351468956854E-002  0.13561832585111258     
   5.4789409967454961E-002  0.14488049082489490     
   2.9490902069941871E-003  0.14005128467219471     
   2.2385209557828634E-003  0.12712883641484735     
  -7.0954279208808230E-002  0.14563795754615758     
  -4.5114226079687736E-003  0.14434854905661090     
  0.93460703461172345        9.1890626038973619E-002
  0.93584082109900280        8.9232693140954458E-002
  0.89951991361376882        7.9305013365230340E-002
  0.91710583165955684       0.10785865931896235     
  0.95194049520185386        9.8507271950027134E-002
  0.91561891096119241        8.8057338305888105E-002
  0.93125524100238255       0.10911163290952455     
  0.61836551775908721       -3.3425157168294802E-003
  0.60149261895937434       -3.8818913480724538E-003
  0.42565415982318267        8.9833006876898162E-003
  0.47873474990288201       -1.3661553311033220E-002
  0.36836619084070077       -8.8073565653271145E-004
  0.55777958108213643        4.9149835120062069E-003
  0.50992863195351723       -2.4785332552559099E-003
  0.76640123318920872        5.4750847723127635E-004
  0.69606953235190216       -4.2505274616567703E-004
  0.64428789182780088       -1.3171948025796579E-003
  0.59803430514574385       -1.8023279581236178E-003
  0.68096801941883478        8.3129325865411764E-004
  0.69742035107238520        1.6411836388117915E-003
  0.54382416253556320       0.13246439172701949     
  0.38634376875782039       0.11013581044319495     
  0.21293292590447566       0.11128465476742398     
  0.35651081366430848       0.11089543821439511     
  0.44433366266700247       0.11116968048219136     
  0.48110434587508422       0.10889889671508828     
  0.47233037339379280       0.12766311865842941     
   2.9052242849026827E-002   8.4916412160106983E-004
   1.2955889830891784E-002  -5.4668864384596884E-005
  0.19867261518314383       -1.3352013552095448E-003
  0.14988580946994584       -4.2244938179285637E-004
   7.7039481631751949E-002  -3.3303824079798957E-003
  -3.9071771776331685E-002   2.9710001599958600E-004
   5.4914564627759399E-002   4.4567733278943306E-004
  0.15662668300803081       -2.3710797897497052E-003
  0.52947189570655162        9.8087097748654267E-004
  0.43956534074108788        9.4037645013731136E-004
  0.39725295230702329        1.0679193046887114E-003
  0.52127452478673109       -1.1549248023281166E-003
  0.50175595317906441        1.8992592505824720E-003
  0.80308227681558420        5.5251441139887595E-003
  0.77878462349959399        4.3041167197905104E-003
  0.72437134076150334        1.1148198628110624E-003
  0.65665184264888454       -1.3085628101525500E-003
  0.81259538644944529        6.9246880664974152E-003
  0.79052619698681537        5.5167347462069475E-003
  0.75419394623374025        2.1253009273816455E-003
  0.65767845839473382        8.4135536254450499E-002
  0.71579132967073389        8.2703558476082906E-002
  0.52711538622483334        7.5380639790021020E-002
  0.48717428812258345        5.4533390711802091E-002
  0.59283936283337346        6.4489324284025470E-002
  0.60573879743362435        7.1651545479248444E-002
  0.62194237039254707        9.0258191014254516E-002
  0.55038928816602162       0.22177906897442204     
  0.41005621713624885       0.19590597892690828     
  0.37654869854794548       0.20224077677783442     
  0.46063290343719787       0.19946131417052668     
  0.53099344632078371       0.21899558070053621     
  0.47716689060068451       0.20788173597004292     
  -2.5539883612784364E-002   8.4751966823167141E-004
   6.3503709594279922E-002   2.5476774128805581E-002
  0.65218897829190658        1.9621664489074078E-003
  0.61217749650083886       -8.6461834010806492E-004
  0.51307661402325533       -6.8462720169913715E-004
  0.67480782351536894        3.7369930714168309E-003
  0.54815229081450523        8.6660225717047866E-004
  0.33394651233799211        8.3818313049875796E-003
  0.29171803122455020        2.6070822242617044E-003
  0.42230825228925861        1.8072617873496892E-002
  0.50546964031284802        1.3724598829335260E-002
  0.37520091953858231        1.3313824791760968E-002
  0.19184542305675448        2.0056339037771636E-004
  0.36056106548904615        4.3708906987681489E-003
  0.37914167361018902        3.5249432613144997E-002
  0.43252429079394905        1.1506305277751162E-002
  -5.2357984921282408E-003   3.7478703672659777E-002
   6.3007934272829969E-002  -3.3462569972034603E-002
  0.52970671628532395       -5.4098435224847240E-003
  0.42556504499526909        1.0679439633908623E-003
  0.38068447717447818       -1.1953104522261194E-003
  0.54741949894512576        8.8012785027625573E-004
  0.47797198302281763        8.7154376573935952E-004
