 cosx vtec
  0.64291682238578796       -9.6162401822252549E-004
  0.59496203894283284       -3.1685733285309186E-004
  0.70769110129170631        1.2930267714109428E-003
  0.66953264023702252        7.5567409252068395E-005
  0.60913572321722009        3.9073304018642291E-003
  0.59303533273503029       -7.3190681211835254E-004
  0.63407832940936182       -5.0381838196475351E-004
  0.56463419206930521       -1.4334823602417959E-004
  0.51016962353025797        9.1280395362138908E-005
  0.62355051968002106        2.6484931139093269E-003
  0.50869304248244873        2.4790802105653944E-003
  0.37218012711958448        4.0766235908728171E-004
  0.59172210258305247       -1.5515789069554193E-003
  0.53044450671153065       -3.5281456368758475E-003
  0.50673052758520987       -1.1035258684171378E-003
  0.54108806035801438        4.7901094501673130E-004
  -6.1698888345447955E-002  0.10729922832570163     
  -4.5371962505755759E-002  0.12261495911962182     
  -8.5411656003667624E-002   7.9455081797138630E-002
  -8.4669572216685696E-002  0.11227182130513493     
  0.22467957859651361       0.23299099210043162     
  0.22914797401217402       0.23848472930534723     
  0.12644453427419672       0.24579306243113461     
  0.16436159145063017       0.24387617783107565     
  0.19833285520331304       0.23595003965126718     
   8.0716379384322801E-002   1.5687779507678255E-003
  -2.5482588616670687E-003   4.0197458449612528E-003
  -9.0022338856386441E-003  -4.7835043372671920E-004
  -1.2057142782631369E-002  -3.4377783499088652E-003
  0.24072861336289711       0.24536648206127828     
   5.1052016905358488E-002  0.18116790074331321     
   6.4670459561047777E-002  0.18711093450550123     
   1.3166112301392863E-002  0.18987606643068172     
  0.13732042152452439       0.21150504713415480     
  -2.7018191449059703E-003  0.18739092016021178     
   4.2127165202086481E-002  0.18751340178758585     
  0.57164396682053564        1.7863194930720187E-002
  0.54785423867893246        1.9575283317887330E-002
  0.44498306031952584        3.0287222014354839E-002
  0.45894967663935571        1.6668697761839574E-002
  0.36469284418924725        1.3116161486377044E-002
  0.56487758303234448        2.5127913673000962E-002
  0.46637267638509505        1.0602088710713380E-002
  0.48641644929262640        1.3917213258329682E-002
  0.32180701487778118        1.0555076789434181E-002
   7.7687398222419379E-002  0.18163321329719903     
   7.8031067108575630E-002  0.18364688198242726     
  -1.2627790479739470E-002  0.17466758563093754     
   4.8023707186504921E-002  0.17416515867053778     
  0.26320229032114545       0.15282663361311893     
  0.30523784814166843       0.18282056158905738     
  0.27150059016048012       0.16106935157295429     
  0.18083816364634708       0.15907872351079722     
  0.41441206803652963       0.19583999216562853     
  0.24263162081285505       0.15789407856856472     
  0.24542249272212072       0.15939434382024795     
  0.92834781725510984        5.2849905566731969E-002
  0.87929881904227958        3.8106920053663500E-002
  0.95871791802985684        6.3276848475789002E-002
  0.92096423200611854        7.0919116972806243E-002
  0.94312495547720632       0.10519336145341916     
  0.89338460828356769        5.0497807114577992E-002
  0.95270241154198243       0.10388572255787835     
  0.87740492847998952        5.3512534605510184E-002
  0.96226254036803471        7.5890816554633062E-002
  0.85784864706171549        6.5135368128468984E-002
  0.93559029914900482        6.0586009130342254E-002
  0.47835295052907906       -1.1004490245101013E-003
  0.42673011568533137       -8.3599036980587562E-005
  0.48583138778768564       -7.6881997226430749E-004
  0.54485747443639909       -1.8436084074217239E-004
  0.43395260777199751        8.0550389157429145E-004
  0.42961906291914143        9.8471546486337408E-004
  0.41991258699529355       -6.6271548454806327E-004
  0.68338711299481791        5.8068373183961623E-002
  0.64733988442561519        6.6928927599418278E-002
  0.55829889753211037        7.8420673010781289E-002
  0.57327956558871784        6.1524758571879119E-002
  0.44323716511363770        3.4345231023820519E-002
  0.66669790431271292        6.3733997491919478E-002
  0.58252645617662902        4.5257741978062357E-002
  0.76866235036258856       0.10812904251234406     
  0.60125781348855822        6.0545584113714725E-002
  0.35473278234158107        9.8655685494388690E-002
  0.41752362327106474       0.13308650335389738     
  0.38192035233180655        5.5964969898950119E-002
  0.36778962856691355       0.10687066290385225     
  0.26732114099342591       0.10745699758102502     
  0.49758433710137390       0.13555866064375602     
  0.33245162033232006        9.3728464902475037E-002
  0.34067540483419717       0.10544067617861003     
  0.84794891792000804        4.4498150413293282E-003
  0.80215051246257052        1.7487307358282290E-002
  0.90405440840606022        4.1352447010887541E-002
  0.84100857316024658        2.9894771136291815E-002
  0.87001188681264519        4.3363388991551628E-002
  0.81272325257289069       -3.1374722056225199E-002
  0.88818693820004557        4.4487769866509388E-002
  0.80145617612138920        9.1331953273705319E-003
  0.90410975435567897        3.6179897849154104E-002
  0.78768118616102956        1.7362169594392445E-002
  0.87533101737008701        2.1612762921603676E-002
   1.1818391618268476E-003   3.9713315750270527E-003
  -2.7068762586607287E-004  -6.6718014027117778E-004
  -9.0048593940703026E-002   4.4953568808341338E-003
  -3.2853605690602639E-002  -1.1062818537919612E-003
  -6.6054217492080847E-003  -4.5443046438902509E-003
  -1.2737649621443539E-002   6.7539068959038440E-002
  -4.8534804077713128E-002   5.8772998018942098E-002
  -4.8567468531086774E-002  -1.8425442309917390E-003
  -5.1130323173467190E-002  -6.4994435822044718E-003
  -6.1601875025042024E-002  -1.0268789279195456E-003
  -9.4127078796038544E-003  -2.8028151825057441E-004
  0.66365755119918313        1.2428388263224378E-003
  0.61810057033900256       -2.6804108066335843E-004
  0.74668173646985214        5.3309663252945824E-003
  0.69341161197913870       -1.7674594537552189E-004
  0.62915256071367809        1.4058700887975260E-003
  0.61715649996452138        3.4385848994467221E-003
  0.82991050457238547        7.1561491682741601E-004
  0.60931434596564638       -1.9313477136490538E-003
  0.67141722330025178        4.6256906650562378E-004
  0.75831190623103095       0.26215514191980205     
  0.71171885589038397       0.25579646739042927     
  0.74993787699319880       0.25371490527562868     
  0.38056770871164874       0.14616974875789149     
  0.26860632623574909       0.13480062142992202     
  0.27792034085001605       0.13244874296649659     
  0.17984750745416145       0.12622566330818735     
  0.31291091068812948       0.13218300977472652     
  0.20721880991674840       0.13403129489593524     
  0.25310132629072396       0.16718654530471480     
  0.45384217388305720        4.5253359407055623E-004
  0.38694740110928549        9.6129781111855802E-004
  0.51891946798632049       -3.0777218663015225E-003
  0.38360618683463732        1.1174027867113141E-003
  0.28640731406222442        4.3087592295885479E-004
  0.48636756267052950       -2.2641791912794453E-003
  0.41720128277558899       -1.7650548315984085E-003
  0.38132544189428264        8.1385757764911872E-004
  0.41382586785608133       -4.3943034735775886E-004
  0.98693185959407681       0.13828575727672404     
  0.97676242166809557       0.13496985917050677     
  0.97669488472284116       0.17457448895407282     
  0.98321336252078106       0.13312764346030101     
  0.98545888206257493       0.13731931094613789     
  0.95686904753626734       0.14286392655987321     
   1.6755116540089932E-002   1.8039901042231622E-002
   2.3960039022596802E-002   9.4478455624341824E-003
  -3.6899813127469594E-002   7.0401137222157381E-004
  -3.9704544848859880E-002   6.7728585436055448E-003
  0.28111759384443857        1.3401480297468547E-003
  0.20217646558284752       -2.2287743463634928E-003
  0.21197560521807510        4.6502114942599477E-003
  0.11520517026266995       -5.4593737072498264E-003
  0.35168444075946648       -2.8915610890522516E-003
  0.22908753997130088       -3.4230545147837048E-003
  0.19730470826943036       -3.1479813156236563E-003
  0.24522206654878342        1.0378312096303243E-003
  0.70366095390873173        7.8589178373334942E-004
  0.65889523718810183        8.1466062100912489E-003
  0.80435024908490305       -1.6584863994053397E-002
  0.71377193072602285       -1.3931294641972591E-003
  0.73583557729133475        5.5444735493517883E-003
  0.66787777646986446        9.1762047814772235E-003
  0.65906370009716175       -1.2828109273727184E-002
  0.82600660641464108        3.2156347579018912E-003
  0.64901391400591302       -1.6253284049114482E-003
  0.74176583150906650        7.0115968919918338E-003
  0.49583364009821884       0.15502508079457533     
  0.40242185203837100       0.15193625256534618     
  0.41235876713771608       0.14234849483706394     
  0.27715905869385177       0.14808115052818685     
  0.44604138360577639       0.15622842766649297     
  0.32630039400144784       0.16013105653987095     
  0.55329018824488063       0.24981006337795672     
  0.45091405189808142       0.23712981313967793     
  0.46514117102378189       0.27819200677065820     
  0.51617776945196514       0.24906902391523478     
  0.58232274381261007       0.25112652606919900     
  0.40090593657205381       0.25379079357669648     
  0.44058497360737553       0.23963081729763375     
  0.98657478377531527       0.12439328161424504     
  0.99742035760167269       0.12268714835724899     
  0.95807620662082149       0.13250280893800487     
  0.98007723215088460       0.14929554268333578     
  0.99322516442262754       0.12294461422415401     
  0.96898583989777287       0.13888483793408246     
  0.99060418248478033       0.16177407630208820     
  0.99246887190856392       0.14745223535839036     
  0.29384730359868277       0.24713170551468802     
  0.23296347614530352       0.23721193722235798     
  0.31804163073584402        1.2527483998860428E-003
  0.39947388840098802       -1.7301745083221845E-004
  0.26906238986940190       -3.1242440398636237E-003
  0.25646008106496981       -1.7347450135841900E-003
  0.26164185101171628        2.6230552523900720E-003
  0.24240312289238858       -1.9788785958775273E-003
  0.10443152888460097        3.0912012073850120E-003
   3.4693774963797164E-002  -1.0990283110258188E-003
  0.30897589492709587       -6.3503376515465252E-003
  0.10225658482851838       -6.4708599269172379E-004
  0.13791577419490270       -7.8571204327096563E-004
  -2.3441153598688119E-002   9.8326762151727080E-003
  0.75204729471857878        9.9820059252443555E-003
  0.69973194286805163       -3.7000416006854219E-004
  0.77141316357139877        1.8675346546876515E-002
  0.69097325256030229        1.4043305679535661E-002
  0.76436912212848163        1.3691458398637160E-002
  0.72350884928645331       -3.2657256707119119E-003
  0.69601323732859699        3.4037502207289396E-003
  0.85466215220830000        3.1281954673396055E-002
  0.72452091813749353        1.2257620280420930E-002
  0.12146438726794537       -3.0756226850504678E-003
   8.0616513637629006E-002   1.0429660983790989E-003
   8.5788898541729747E-002  -3.9392958123306140E-003
   2.3558187239164141E-002  -2.6960714250803385E-003
   9.2923652485480845E-002  -1.8727780249503010E-003
  0.11876754799240910       -1.1094276968550666E-003
  0.47996322261114499        9.8461162684642806E-002
  0.53130847910308776       0.13174878465105111     
  0.49892435459827889        7.6485740926834231E-002
  0.49174435020896201       0.10454917800673171     
  0.37794198673211282       0.11754210326410783     
  0.58476515834418197       0.11888509311478077     
  0.45687456533676107        9.7090992999645923E-002
  0.46610774074747185       0.10509869906497141     
  0.79103974448954106       0.24900590984499346     
  0.76761964056270959       0.22365486852961142     
  0.67503660669715049       0.31946926041257023     
  0.73665273022260924       0.23657501750403848     
  0.84983569568868089       0.27576256098499924     
  0.74361692701307602       0.24673764574183799     
  0.77262549538592018       0.23544226493101264     
  0.57893749689020857       0.16105346369551943     
  0.66612526141373474       0.27503329833987039     
  0.71417455251448225       0.28070750620823104     
  0.97331836419256734       0.13561832585111258     
  0.98233100018965458       0.14488049082489490     
  0.93056975027724276       0.14099650179983431     
  0.94911193703390651       0.14005128467219471     
  0.97836884211632125       0.12712883641484735     
  0.93850870080534499       0.14563795754615758     
  0.96620558817634028       0.14434854905661090     
  -6.3685673571531487E-002   5.4750847723127635E-004
  -6.0333668845262700E-002  -4.2505274616567703E-004
  -4.8333876473893922E-002  -1.8023279581236178E-003
  -2.1148916417962793E-002   8.3129325865411764E-004
  0.42267457077559323        8.4916412160106983E-004
  0.36359784853934840       -5.4668864384596884E-005
  0.55264422060976337       -1.3352013552095448E-003
  0.24539552741041526       -4.2244938179285637E-004
  0.46977785462326416       -3.3303824079798957E-003
  0.38134790250464062        2.9710001599958600E-004
  0.36078652351526402        4.4567733278943306E-004
  0.40778379360918193       -2.3710797897497052E-003
  0.49158025837560049       -8.5020807505557317E-004
  0.54979292862505058       -1.5506346889086720E-004
  0.44960875511843890       -5.1013352026934482E-003
  0.44288002999001830       -2.5845571095877728E-003
  0.43575610759225247        4.6924016013175840E-003
  0.73185528985323534        8.3818313049875796E-003
  0.67792572270354745        2.6070822242617044E-003
  0.74937596364823655        1.8072617873496892E-002
  0.66891235718216346        1.3724598829335260E-002
  0.74361716237155995        1.3313824791760968E-002
  0.70422638508950564        2.0056339037771636E-004
  0.67365751704205734        4.3708906987681489E-003
  0.84370873991363293        3.5249432613144997E-002
  0.70109777450234501        1.1506305277751162E-002
