 cosx vtec
  -7.5550536596702633E-002   4.8858144319178523E-002
   3.6494965147885083E-002  -9.6162401822252549E-004
   2.7956865295434952E-002  -3.1685733285309186E-004
  0.13148892105063786        1.2930267714109428E-003
   6.7087374081802764E-002   7.5567409252068395E-005
  -2.3855528697213080E-002   3.9073304018642291E-003
   7.4988787280441449E-002  -7.3190681211835254E-004
  0.16079510495498811       -5.0381838196475351E-004
  0.85910771188114721       -1.2897270245265243E-003
  0.77056519191099682       -1.5853890733796313E-003
  0.70882720186959070        2.7911010227498938E-003
  0.65194219956311161        2.5617719413499748E-004
  0.75027767541051271        1.3981685127904576E-003
  0.76763314898622337       -5.1007868414364495E-003
  0.19646977241615610       -1.4334823602417959E-004
  0.18878881595055558        9.1280395362138908E-005
  0.29206973511095918        2.6484931139093269E-003
  0.41504051154214650        2.4790802105653944E-003
  0.37099590721431513        4.0766235908728171E-004
  0.23034338209074515       -1.5515789069554193E-003
  0.11713048688024383       -3.5281456368758475E-003
  0.23783794815681739       -1.1035258684171378E-003
  0.30783025491380989        4.7901094501673130E-004
  -1.1343030573196416E-002  0.24579306243113461     
  -8.5820782229871322E-003  0.24387617783107565     
  0.89990679439351717       0.24536648206127828     
  0.91363995902444195       0.18116790074331321     
  0.93392231723113572       0.18711093450550123     
  0.88894038223939997       0.18987606643068172     
  0.94738410717263921       0.21150504713415480     
  0.92681187152210620       0.18739092016021178     
  0.89163012214854320       0.18751340178758585     
  0.57467403083398660        1.7863194930720187E-002
  0.68506054646424919        1.9575283317887330E-002
  0.79603243586114003        3.0287222014354839E-002
  0.73406707678331340        1.6668697761839574E-002
  0.73485640637135097        1.3116161486377044E-002
  0.63829920574923660        2.5127913673000962E-002
  0.64979807953920443        1.0602088710713380E-002
  0.70183186915558071        1.3917213258329682E-002
  0.83081663690430096        1.0555076789434181E-002
  0.23741558521519604       -2.7604670143527199E-003
   7.6483889326019794E-002  -1.1527491207212459E-004
   7.3866904390022303E-002  -1.3811317215394021E-003
  0.12336307950063047        4.4922859168688416E-003
  0.32853580822241557       -1.2436391499969313E-003
  0.68383886484562140        2.0479110461447654E-004
  0.43344103800432704       -4.5297425071958546E-003
  0.50189151646872310        3.3594982712548912E-003
  0.29440418862223483       -1.0845568661108529E-002
  0.30161094256324694        2.4618362171800252E-002
  0.39052758302136947       -3.8686800322529163E-002
  0.53904272677199117        4.1191537438215890E-004
  0.90363017197185691        2.3041674179984772E-003
  0.87102492205781890       -2.7525199677435008E-004
  0.83210726953837844       -1.2724938539822386E-003
  0.77913760999504866       -2.9124891541573404E-003
  0.86563905749654491        1.6272398366837053E-003
  0.86208276305052789       -1.8118724865727565E-004
  0.70527694697806287       0.16537621692818413     
  0.60144160777946232       0.15934392381651821     
  0.56705889848875290        2.5444023499378923E-002
  0.64789909244802724       0.16245428121964881     
  0.69457362183935922       0.15838180996555629     
  0.65912210711745911       0.16540010551223430     
  -9.1524165570053606E-002   6.3276848475789002E-002
   1.3650482475064118E-002   6.0586009130342254E-002
  0.32046194115702697       0.19077796878947312     
  0.29551707707726893       0.19748407119543368     
  0.36457034740800953       0.19677924073786038     
  0.37729380399551948       0.19784547479312053     
  0.57384360044590876        5.8068373183961623E-002
  0.67893592671204084        6.6928927599418278E-002
  0.77824105423114953        7.8420673010781289E-002
  0.73387304864451530        6.1524758571879119E-002
  0.76493098010500604        3.4345231023820519E-002
  0.63878257030136631        6.3733997491919478E-002
  0.64863448763919718        4.5257741978062357E-002
  0.59004770940314077       0.10812904251234406     
  0.70105382984975750        6.0545584113714725E-002
  -6.5053532386500246E-002   2.1612762921603676E-002
  0.78992420267253327       0.15621543594884907     
  0.84630384492884547       0.16669204073483934     
  0.69515443139541022       0.15831919765343447     
  0.74478967843975608       0.15216228660618406     
  0.78336202319166359       0.14958327736875440     
  0.75428872015000770       0.15520144799549179     
  0.18205230496391067       -2.0566632077150596E-002
  0.26614097070489584       -1.2701386721718732E-002
   9.1111485523184488E-002  -4.1639714671229781E-003
   9.9550932834252370E-002  -1.2944937963955926E-003
  0.14877132961369649       -5.6288340745692606E-003
  0.32902087283243797       -4.6381131940633384E-003
  0.36059462425553690       -1.8425442309917390E-003
  0.56224583993886246       -6.4994435822044718E-003
  0.47513791410880502       -1.5193500429710259E-003
  0.42189131458349555       -1.0268789279195456E-003
  0.50905441053529699       -2.8028151825057441E-004
  -1.9760041336755518E-002   5.3309663252945824E-003
  -9.6842962234326480E-002  -1.7674594537552189E-004
  -8.7868539767244208E-002   3.4385848994467221E-003
   2.9053109487674589E-002   4.6256906650562378E-004
  0.18749260238665888        1.7706911728363754E-002
  0.30004215192040989        8.3064049308213578E-004
   8.9996860583054394E-002  -9.0239836387568228E-003
  0.11235621694532988        2.1763725522982606E-002
  0.16206043341166237       -7.8960665841218552E-003
  0.32186123133464450        8.2147199687336817E-002
  0.30809145957811757       0.26215514191980205     
  0.24960601176108213       0.25579646739042927     
  0.24921487167126630       0.25371490527562868     
  0.58368744557098384       0.17979436456887404     
  0.45529946774871738       0.16086609414302988     
  0.42904486365437222       0.16159190962225733     
  0.50062249785880264       0.16379153790527184     
  0.56503273966516210       0.16523917677199620     
  0.51471073753739216       0.16719070424129434     
  0.92205790765672602       0.14616974875789149     
  0.96135701942281260       0.13480062142992202     
  0.95815582721478254       0.13244874296649659     
  0.97429679817754178       0.12622566330818735     
  0.94575567983264763       0.13218300977472652     
  0.97682834294826293       0.13403129489593524     
  0.95928883110972185       0.16718654530471480     
  0.91162863559895146        4.4968026919053892E-003
  0.90039270539046523        4.2981282663374643E-003
  0.85919749253321465        1.4764253058574511E-003
  0.91451690116229822        7.5457911314361602E-003
  0.87782023702029555        8.4268154823119001E-004
  0.30898334929388610        4.5253359407055623E-004
  0.30498385360879954        9.6129781111855802E-004
  0.41765367701704137       -3.0777218663015225E-003
  0.49494674607530614        1.1174027867113141E-003
  0.44642888803896102        4.3087592295885479E-004
  0.34914218517881679       -2.2641791912794453E-003
  0.20590685825335969       -1.7650548315984085E-003
  0.35755963150380093        8.1385757764911872E-004
  0.42240062741111967       -4.3943034735775886E-004
  0.13159239113369048       0.13828575727672404     
  0.20788895697290033       0.13496985917050677     
  0.14992945668358842       0.17457448895407282     
  0.17350817283438907       0.13312764346030101     
  0.15928342869497480       0.13731931094613789     
  0.27750900435101095       0.14286392655987321     
  0.13152972975340010       -6.3980360992366920E-003
  0.21106540746694674       -2.4152062409891399E-004
   4.3654641329787192E-002  -1.6801410417189593E-004
   4.6612394930660661E-002   3.3360350109583664E-003
   9.2808335601398284E-002   4.1850298004085691E-003
  0.52108348688907058        8.7806748522432240E-002
  0.28316627930438032        4.9557197440978550E-002
  0.19070319434796940        3.7410694713585532E-002
  0.26219526662088299        4.7976232722304335E-002
  0.34395800466944715        6.5191784758076146E-002
  0.40925544053175444        6.2451256859090268E-002
  0.38227846381612640        8.2339747719577638E-002
  0.95180267157931153        1.8039901042231622E-002
  0.92978279001301112        9.4478455624341824E-003
  0.91028228092920516        7.0401137222157381E-004
  0.93831845613133102        6.7728585436055448E-003
  0.19094592121723328        1.3401480297468547E-003
  0.19593584808021322       -2.2287743463634928E-003
  0.43388136118444998        4.6502114942599477E-003
  0.32147798273516276       -5.4593737072498264E-003
  0.23576245852093286       -2.8915610890522516E-003
  0.11851692968630030       -3.4230545147837048E-003
  0.24156915455274783       -3.1479813156236563E-003
  0.32769980776702456        1.0378312096303243E-003
  -8.4718338514746805E-002   7.0115968919918338E-003
  0.86444562825559002       0.15502508079457533     
  0.91025648271021131       0.15193625256534618     
  0.90810891473053779       0.14234849483706394     
  0.95211760846863747       0.14808115052818685     
  0.89202605717415406       0.15622842766649297     
  0.94222643842191156       0.16013105653987095     
  0.65083186499296075       0.24981006337795672     
  0.69705648666929332       0.23712981313967793     
  0.73805703864218763       0.27819200677065820     
  0.58421459517805197       0.24906902391523478     
  0.57913404278315306       0.25112652606919900     
  0.67067910443917111       0.25379079357669648     
  0.66435442434769543       0.23963081729763375     
  0.56827108868936116       0.20000990441896402     
  0.45141063128006431       0.18849306004408550     
  0.42110723905434455       0.20000520977718561     
  0.49437899879473612       0.19102871679253400     
  0.50419276871140517       0.19544743668399317     
  0.17638966715468662       0.21606207179078721     
  0.15184552942612528       0.22397928138036893     
  0.22257304828256375       0.21680856679272215     
  0.23535964480672050       0.23013724365828847     
  -7.7308615782366474E-002  0.12268714835724899     
   6.9495390366978604E-002  0.14745223535839036     
  0.28728068238298349       0.24713170551468802     
  0.35630859427328987       0.23721193722235798     
  0.82731188003107548        1.8930705919911962E-002
  0.84114500596119524        1.1916057871492762E-002
  0.69744541393851067        2.6299998063288428E-002
  0.77585597553647845        3.0246794274645942E-002
  0.64661526369949485        1.8192433725313806E-002
  0.77954701710204533        2.2596442649661611E-002
  0.78494383212686969        3.6811161512725413E-002
  0.80969876083311543        1.8706940296745276E-002
  0.67061109983680300        4.3737613825485785E-002
  0.76448612896721024        5.4220707082015401E-002
  0.51449319662383897        2.2100578287264510E-002
  0.61887843640119578        3.8172727753038857E-002
  0.37005633094224466        3.4166946097695702E-002
  0.48669897583899863        3.9101947776732475E-002
  0.57758241597976023        3.1988908536078074E-002
  0.60567384989435480        1.7970343024593889E-002
  0.61000351167409050        4.5846785742042269E-002
  0.42116940178224271       -1.9788785958775273E-003
  0.61605078440715288        3.0912012073850120E-003
  0.56115708408026832       -1.0990283110258188E-003
  0.48816525801730398       -6.3503376515465252E-003
  0.50444506269779443       -6.4708599269172379E-004
  0.57213683588102349       -7.8571204327096563E-004
  0.68772223243118780        9.8326762151727080E-003
  0.25291078339950790       -6.6559077245274684E-002
  0.33794895989253626        1.2596067335274474E-002
  0.15193520629569618        7.0879289311199635E-003
  0.16711780473148596        6.6438648602652759E-003
  0.22244072944159196       -5.4175284405365660E-003
  0.38057556800041431        2.9433060817074527E-002
  0.13901677194077414       0.16996716393424466     
  0.11818763749979100       0.16878339842997775     
  0.18910433774242236       0.17779457800968479     
  0.20947221005564298       0.19331008144297543     
  0.26376929209610295        9.9820059252443555E-003
  0.24146397834382372       -3.7000416006854219E-004
  0.33960031946595154        1.8675346546876515E-002
  0.45536081128590256        1.4043305679535661E-002
  0.29757112208796588        1.3691458398637160E-002
  0.14537405792365737       -3.2657256707119119E-003
  0.30726456304297545        3.4037502207289396E-003
  0.26602952233424937        3.1281954673396055E-002
  0.36789109253685132        1.2257620280420930E-002
  0.65007453872087329        2.5771873650454365E-003
  0.50340803399301504       -1.3529777179666987E-003
  0.29264913001292436       -1.1808690353571833E-003
  0.45901224924266165        7.4402037411422828E-004
  0.55679766466723180        7.6328347695225137E-004
   3.7036247038663372E-002   1.0945867007753183E-002
  0.57743654411078227       -3.0756226850504678E-003
  0.84700332219980989        1.0429660983790989E-003
  0.77212187155880285       -3.9392958123306140E-003
  0.73970565148501566       -2.6960714250803385E-003
  0.68603346382016772       -1.8727780249503010E-003
  0.74687099952738323       -1.1094276968550666E-003
  0.23981698316865524       -6.5629287989389468E-002
  0.36311247381424266        3.7236779886469638E-002
  0.12548624381647294        2.3331244339242788E-002
  0.16097812066194572        5.3890500421188120E-002
  0.21630135588115446       -2.5957776823408510E-002
  0.33968218500457459        1.1119219847883991E-003
  0.36818663164435972        4.7128949035861690E-003
  -3.8953620107451403E-003   8.2660410074114427E-002
  -7.3111605896381160E-002   7.3020605151964693E-002
  -2.2810122704610858E-002   7.8166746204510071E-002
   6.9052984343935142E-002   9.4915412526753465E-002
  0.12597647585198929       0.12187381817133008     
  0.17548879490237307       0.24900590984499346     
  0.34656712331494821       0.31946926041257023     
  0.11308124348835541       0.23657501750403848     
  0.13107452655386181       0.27576256098499924     
   4.1598148377870348E-002  0.24673764574183799     
  0.11298854667912811       0.23544226493101264     
  0.26404970182025389       0.16105346369551943     
  0.22370981275884885       0.27503329833987039     
  -1.7194009132642518E-002  0.28070750620823104     
  0.97680776007726722        9.1890626038973619E-002
  0.98361454834773143        8.9232693140954458E-002
  0.97005040411956212        7.9305013365230340E-002
  0.95535869952156371       0.10785865931896235     
  0.99521726269306654        9.8507271950027134E-002
  0.97013114461810979        8.8057338305888105E-002
  0.96347988958847885       0.10911163290952455     
  0.76729464536795100       -3.3425157168294802E-003
  0.76262016539772026       -3.8818913480724538E-003
  0.58746394022641757        8.9833006876898162E-003
  0.65987571177034621       -1.3661553311033220E-002
  0.54068736131243955       -8.8073565653271145E-004
  0.70127968653072736        4.9149835120062069E-003
  0.68116343033391191       -2.4785332552559099E-003
  0.87268634380407384        5.4750847723127635E-004
  0.81403394875494528       -4.2505274616567703E-004
  0.77785718998310038       -1.3171948025796579E-003
  0.72735075680102168       -1.8023279581236178E-003
  0.79547120952310069        8.3129325865411764E-004
  0.82484975108852421        1.6411836388117915E-003
  0.59053762984802671       0.13246439172701949     
  0.44342573461639267       0.11013581044319495     
  0.29666476197968494       0.11128465476742398     
  0.41905454133966058       0.11089543821439511     
  0.49347328075450131       0.11116968048219136     
  0.54720831583719876       0.10889889671508828     
  0.51386919036554657       0.12766311865842941     
   8.8825689526221441E-002   8.4916412160106983E-004
   8.7113476347756069E-002  -5.4668864384596884E-005
  0.22381474470004109       -1.3352013552095448E-003
  0.25093493547693074       -4.2244938179285637E-004
  0.12511016007527126       -3.3303824079798957E-003
   2.9879667504291801E-002   2.9710001599958600E-004
  0.13011157726822259        4.4567733278943306E-004
  0.22014956968366703       -2.3710797897497052E-003
  0.70011578526335250        9.8087097748654267E-004
  0.62635117227163184        9.4037645013731136E-004
  0.58041135350782203        1.0679193046887114E-003
  0.68587392550785908       -1.1549248023281166E-003
  0.68301486358575592        1.8992592505824720E-003
  0.91962782404079624        5.5251441139887595E-003
  0.90348119999090115        4.3041167197905104E-003
  0.86511067827659394        1.1148198628110624E-003
  0.80416450300365949       -1.3085628101525500E-003
  0.91624253693879365        6.9246880664974152E-003
  0.90951950939044235        5.5167347462069475E-003
  0.88627602816488571        2.1253009273816455E-003
  0.73697426035527780        8.4135536254450499E-002
  0.80300970944501016        8.2703558476082906E-002
  0.61551605806137433        7.5380639790021020E-002
  0.58257966679656670        5.4533390711802091E-002
  0.67232251167182056        6.4489324284025470E-002
  0.70109161364340555        7.1651545479248444E-002
  0.69290691451191533        9.0258191014254516E-002
  0.51961417225598650       0.22177906897442204     
  0.38750613080426444       0.19590597892690828     
  0.36070365234461582       0.20224077677783442     
  0.43086387732546572       0.19946131417052668     
  0.52174829052663951       0.21899558070053621     
  0.44239540973918651       0.20788173597004292     
   8.6588691779023230E-002   2.4799101011279450E-002
  0.18960744806151225        8.4751966823167141E-004
   3.2468668426482994E-003  -1.8370760649632202E-002
   1.2780452944459786E-002  -1.0370612665447969E-002
   5.5736603296766940E-002  -6.4404368176136234E-003
  0.26492730537363657        2.5476774128805581E-002
  0.80529662604189522        1.9621664489074078E-003
  0.77796916261903304       -8.6461834010806492E-004
  0.69665235983871976       -6.8462720169913715E-004
  0.82768870865711763        3.7369930714168309E-003
  0.72331433693733771        8.6660225717047866E-004
  0.30033513648506471        8.3818313049875796E-003
  0.27752005228404020        2.6070822242617044E-003
  0.37739815643929553        1.8072617873496892E-002
  0.48108280001566672        1.3724598829335260E-002
  0.33539236121079952        1.3313824791760968E-002
  0.17143245196250639        2.0056339037771636E-004
  0.34482056108845249        4.3708906987681489E-003
  0.30046984097698165        3.5249432613144997E-002
  0.40352672961397884        1.1506305277751162E-002
   5.7390469112484244E-002  -5.3442707312885435E-003
  0.19653382548371728        3.7478703672659777E-002
  -2.6242250997081773E-002  -2.1772687804446937E-003
  -9.9864743298487268E-003   1.0759656352642602E-003
   3.1813577250887681E-002   4.2652573153633314E-002
  0.24468985079123529       -3.3462569972034603E-002
  0.71036220070346801       -5.4098435224847240E-003
  0.62320849873291184        1.0679439633908623E-003
  0.57710460803367603       -1.1953104522261194E-003
  0.71884977889832191        8.8012785027625573E-004
  0.66917097215812671        8.7154376573935952E-004
