 cosx vtec
  0.56516757261342443       -9.6162401822252549E-004
  0.52558434200097959       -3.1685733285309186E-004
  0.67137861066006799        1.2930267714109428E-003
  0.60360061799371800        7.5567409252068395E-005
  0.50215140650443923        3.9073304018642291E-003
  0.55446058298904222       -7.3190681211835254E-004
  0.63832066046268532       -5.0381838196475351E-004
  0.43590148924418759       -1.2897270245265243E-003
  0.38691544717519444       -1.5853890733796313E-003
  0.29298109719590304        2.7911010227498938E-003
  0.32742556848086635        2.5617719413499748E-004
  0.42194421474349875        1.3981685127904576E-003
  0.31282932290815130       -5.1007868414364495E-003
  0.61144173167392757       -1.4334823602417959E-004
  0.56740385423230710        9.1280395362138908E-005
  0.71320127258625754        2.6484931139093269E-003
  0.70713200311388313        2.4790802105653944E-003
  0.58088680838352968        4.0766235908728171E-004
  0.65210679041728814       -1.5515789069554193E-003
  0.53650663377572561       -3.5281456368758475E-003
  0.59584512758764685       -1.1035258684171378E-003
  0.66431487672835365        4.7901094501673130E-004
   4.1333134659103737E-002  0.23299099210043162     
   5.1370079316578054E-003  0.23848472930534723     
   2.3175321304826038E-002  0.24579306243113461     
   5.4269875178073440E-002  0.24387617783107565     
  -2.8645609119504589E-002  0.23595003965126718     
  0.74276374007099677       0.24536648206127828     
  0.60405334834220326       0.18116790074331321     
  0.63105141035454515       0.18711093450550123     
  0.55547270476769839       0.18987606643068172     
  0.69949217153975796       0.21150504713415480     
  0.57335810465278869       0.18739092016021178     
  0.57981044134794024       0.18751340178758585     
  0.84724334490695030        1.7863194930720187E-002
  0.89348262948122059        1.9575283317887330E-002
  0.88217785413038596        3.0287222014354839E-002
  0.85878249201906687        1.6668697761839574E-002
  0.79219410746357877        1.3116161486377044E-002
  0.87907027272597948        2.5127913673000962E-002
  0.81656394326294535        1.0602088710713380E-002
  0.86019363387574443        1.3917213258329682E-002
  0.81374292806795201        1.0555076789434181E-002
  -4.1913083220343261E-002   2.0479110461447654E-004
  0.41906791928234499        2.3041674179984772E-003
  0.40668528836104806       -2.7525199677435008E-004
  0.33832934022854538       -1.2724938539822386E-003
  0.38227615625131706       -2.9124891541573404E-003
  0.44782983007568666        1.6272398366837053E-003
  0.35000996263807543       -1.8118724865727565E-004
   8.9354192773154373E-002  0.16537621692818413     
  -5.0632770301107605E-002  0.15934392381651821     
   2.0116275350068047E-002  0.16245428121964881     
   4.0268733435952608E-002  0.15838180996555629     
   4.6264257956508847E-002  0.16540010551223430     
  0.62009480408739326        5.2849905566731969E-002
  0.57245827812599215        3.8106920053663500E-002
  0.69041685937385489        6.3276848475789002E-002
  0.50008437677447437        7.0919116972806243E-002
  0.64894362297471964       0.10519336145341916     
  0.54898065457448841        5.0497807114577992E-002
  0.54192344845861673       0.10388572255787835     
  0.62983960791206883        5.3512534605510184E-002
  0.64940727476519577        7.5890816554633062E-002
  0.42054922601804212        6.5135368128468984E-002
  0.74630324722054608        6.0586009130342254E-002
   9.6219781717128139E-002  -1.1004490245101013E-003
   5.5832280393171896E-002  -8.3599036980587562E-005
  -8.6105122814756352E-003  -7.6881997226430749E-004
  0.17316841097611901       -1.8436084074217239E-004
   4.0734903143046841E-002   8.0550389157429145E-004
   9.3887201961846661E-002   9.8471546486337408E-004
  -9.5710041488108188E-003  -6.6271548454806327E-004
  0.92291260789052076        5.8068373183961623E-002
  0.95632383564125667        6.6928927599418278E-002
  0.94866959056274403        7.8420673010781289E-002
  0.93664000846389495        6.1524758571879119E-002
  0.86455640435014969        3.4345231023820519E-002
  0.94765989006453644        6.3733997491919478E-002
  0.89699468724224940        4.5257741978062357E-002
  0.98445386213586161       0.10812904251234406     
  0.93802251324154307        6.0545584113714725E-002
  0.48746638815479804        4.4498150413293282E-003
  0.44713155467677412        1.7487307358282290E-002
  0.58808009992615673        4.1352447010887541E-002
  0.38198329065469827        2.9894771136291815E-002
  0.52201444607014547        4.3363388991551628E-002
  0.42805957474917489       -3.1374722056225199E-002
  0.41259429181134211        4.4487769866509388E-002
  0.49552567732831165        9.1331953273705319E-003
  0.53309140632114915        3.6179897849154104E-002
  0.34152325656917987        1.7362169594392445E-002
  0.65780009645130377        2.1612762921603676E-002
  0.20088459672629766       0.15621543594884907     
  0.26644634487039215       0.16669204073483934     
   5.8993218414600312E-002  0.15831919765343447     
  0.14134480009335870       0.15216228660618406     
  0.15859618945948195       0.14958327736875440     
  0.16654147198434760       0.15520144799549179     
  0.25849259466976676       -1.8425442309917390E-003
  0.38011971062251770       -6.4994435822044718E-003
  0.26927681608171683       -1.5193500429710259E-003
  0.28646831141622603       -1.0268789279195456E-003
  0.37983429591963569       -2.8028151825057441E-004
  0.47333554996652072        1.2428388263224378E-003
  0.43596340563346969       -2.6804108066335843E-004
  0.60127478572122750        5.3309663252945824E-003
  0.51398427919850553       -1.7674594537552189E-004
  0.41697157495711923        1.4058700887975260E-003
  0.46610917792607909        3.4385848994467221E-003
  0.59248516928132022        7.1561491682741601E-004
  0.29731308235713932       -1.9313477136490538E-003
  0.58046577142887357        4.6256906650562378E-004
  0.74027254420626043       0.26215514191980205     
  0.66130400634089403       0.25579646739042927     
  0.69315035874098452       0.25371490527562868     
  -4.1800748328672782E-002  0.17979436456887404     
  0.88893848150680810       0.14616974875789149     
  0.82681992081924682       0.13480062142992202     
  0.83505741583327120       0.13244874296649659     
  0.77683826529587019       0.12622566330818735     
  0.85551548701306845       0.13218300977472652     
  0.79178213836831490       0.13403129489593524     
  0.80716724594967793       0.16718654530471480     
  0.31097386380786790        4.4968026919053892E-003
  0.31521989200601969        4.2981282663374643E-003
  0.24161493407739421        1.4764253058574511E-003
  0.39186310557690174        7.5457911314361602E-003
  0.25054058377341204        8.4268154823119001E-004
  0.60203673774598698        4.5253359407055623E-004
  0.55069665132694456        9.6129781111855802E-004
  0.71606218386093445       -3.0777218663015225E-003
  0.66513643143082080        1.1174027867113141E-003
  0.56409632529942033        4.3087592295885479E-004
  0.65053807595168989       -2.2641791912794453E-003
  0.51061560969834741       -1.7650548315984085E-003
  0.57927629630399080        8.1385757764911872E-004
  0.64299521391345693       -4.3943034735775886E-004
  0.84396527066088090       0.13828575727672404     
  0.88000187311029521       0.13496985917050677     
  0.83272812704419308       0.17457448895407282     
  0.86475084265543956       0.13312764346030101     
  0.85277498132527851       0.13731931094613789     
  0.91415332271671512       0.14286392655987321     
  0.64971503624770766        1.8039901042231622E-002
  0.64500831378037549        9.4478455624341824E-003
  0.58898599327737156        7.0401137222157381E-004
  0.60043882922993608        6.7728585436055448E-003
  0.40076517981753773        1.3401480297468547E-003
  0.34502728269278266       -2.2287743463634928E-003
  0.50104211712206403        4.6502114942599477E-003
  0.35867351120144297       -5.4593737072498264E-003
  0.48133942109823402       -2.8915610890522516E-003
  0.31585813056411477       -3.4230545147837048E-003
  0.37023944228213218       -3.1479813156236563E-003
  0.46007964168683835        1.0378312096303243E-003
  0.37246829905043399        7.8589178373334942E-004
  0.33563118412114323        8.1466062100912489E-003
  0.52536103909411613       -1.6584863994053397E-002
  0.25618330189223071       -1.3931294641972591E-003
  0.41572621572020468        5.5444735493517883E-003
  0.31886485773053930        9.1762047814772235E-003
  0.37224138226223602       -1.2828109273727184E-002
  0.46630003658056296        3.2156347579018912E-003
  0.24412253826631095       -1.6253284049114482E-003
  0.55550073895183427        7.0115968919918338E-003
  0.93609499187453937       0.15502508079457533     
  0.89226255123864318       0.15193625256534618     
  0.90177408538431514       0.14234849483706394     
  0.83593279495953299       0.14808115052818685     
  0.91877459488916036       0.15622842766649297     
  0.85670290496081236       0.16013105653987095     
  0.80959461047266990       0.24981006337795672     
  0.75885161565552905       0.23712981313967793     
  0.80090056628415651       0.27819200677065820     
  0.73094499234287125       0.24906902391523478     
  0.78189166975649205       0.25112652606919900     
  0.69911177444018846       0.25379079357669648     
  0.72667156621060103       0.23963081729763375     
   6.0111652517621156E-002  0.20000990441896402     
  -8.5095557436181302E-002  0.18849306004408550     
  -2.0413898205332015E-002  0.19102871679253400     
   3.6043898232735183E-003  0.19544743668399317     
  0.65548693721384044       0.12439328161424504     
  0.71031101920642659       0.12268714835724899     
  0.54146587653810696       0.13250280893800487     
  0.64860287753484980       0.14929554268333578     
  0.68105476871039217       0.12294461422415401     
  0.58677793502777020       0.13888483793408246     
  0.66543583408908069       0.16177407630208820     
  0.80882868686526388       0.14745223535839036     
  0.34976158637937976       0.24713170551468802     
  0.34846573034251577       0.23721193722235798     
  0.18918809326914637        1.2527483998860428E-003
  0.27735767660064214       -1.7301745083221845E-004
  0.12702065276068361       -3.1242440398636237E-003
  0.17011176825171617       -1.7347450135841900E-003
   2.9978513927053557E-002   2.6230552523900720E-003
  0.10150893465356697        1.8930705919911962E-002
  0.13135686576423822        1.1916057871492762E-002
  -9.8001503955703007E-002   2.6299998063288428E-002
   2.6471050737848001E-002   3.0246794274645942E-002
   2.4014867882799773E-002   2.2596442649661611E-002
   3.2017716498861648E-002   3.6811161512725413E-002
   7.8194939051270174E-002   1.8706940296745276E-002
   4.0203268163879757E-003   5.4220707082015401E-002
  0.51591096937030945       -1.9788785958775273E-003
  0.53067456859019613        3.0912012073850120E-003
  0.44499309267064691       -1.0990283110258188E-003
  0.60624582735569588       -6.3503376515465252E-003
  0.46182145050102752       -6.4708599269172379E-004
  0.52961844400384717       -7.8571204327096563E-004
  0.47589245806074554        9.8326762151727080E-003
  0.78484031754342287        9.9820059252443555E-003
  0.73504456994449907       -3.7000416006854219E-004
  0.84429109158153892        1.8675346546876515E-002
  0.85940935454336342        1.4043305679535661E-002
  0.81398053577618956        1.3691458398637160E-002
  0.69114882654291798       -3.2657256707119119E-003
  0.77324200932443787        3.4037502207289396E-003
  0.85401480542886998        3.1281954673396055E-002
  0.82981923450294548        1.2257620280420930E-002
   2.4581407880985617E-002   2.5771873650454365E-003
  -8.0149028701359176E-002   7.4402037411422828E-004
  0.52042602533475923       -3.0756226850504678E-003
  0.64510894091511750        1.0429660983790989E-003
  0.60749078809245372       -3.9392958123306140E-003
  0.54188452954628707       -2.6960714250803385E-003
  0.56329097497231273       -1.8727780249503010E-003
  0.61792564395764094       -1.1094276968550666E-003
  -6.0345647335794839E-002  0.11888509311478077     
  0.67850470666643525       0.24900590984499346     
  0.46298458565585388       0.22365486852961142     
  0.69651314613111104       0.31946926041257023     
  0.59115340385123794       0.23657501750403848     
  0.69962234422005865       0.27576256098499924     
  0.55008921506187325       0.24673764574183799     
  0.62134838045071139       0.23544226493101264     
  0.56165765468407147       0.16105346369551943     
  0.60605562054010820       0.27503329833987039     
  0.48734753457755164       0.28070750620823104     
  0.58962265363500199       0.13561832585111258     
  0.64761441986432922       0.14488049082489490     
  0.48321404023921599       0.14099650179983431     
  0.57283385998891589       0.14005128467219471     
  0.61598939014816489       0.12712883641484735     
  0.52160851516359363       0.14563795754615758     
  0.59207607697900277       0.14434854905661090     
  0.48272084337503368        9.1890626038973619E-002
  0.49958090460599136        8.9232693140954458E-002
  0.43819377981128671        7.9305013365230340E-002
  0.43008407970688933       0.10785865931896235     
  0.56490577136570141        9.8507271950027134E-002
  0.44510251634236719        8.8057338305888105E-002
  0.46301261156423235       0.10911163290952455     
   1.4825076381377367E-002  -3.3425157168294802E-003
   3.3132514279899383E-002  -3.8818913480724538E-003
  -9.4692960531111148E-002   4.9149835120062069E-003
  -9.6437093457153122E-002  -2.4785332552559099E-003
  0.54897771947369367        5.4750847723127635E-004
  0.51975121355748977       -4.2505274616567703E-004
  0.45369742782882150       -1.3171948025796579E-003
  0.47985011960003504       -1.8023279581236178E-003
  0.53946462483450097        8.3129325865411764E-004
  0.46862123615039453        1.6411836388117915E-003
  0.44008406173218850        8.4916412160106983E-004
  0.39559254909502023       -5.4668864384596884E-005
  0.62007770560202269       -1.3352013552095448E-003
  0.41208792623222928       -4.2244938179285637E-004
  0.49766057714702366       -3.3303824079798957E-003
  0.37183735823750008        2.9710001599958600E-004
  0.42103179143275188        4.4567733278943306E-004
  0.51271703952446779       -2.3710797897497052E-003
  0.25422332823883131        9.8087097748654267E-004
  0.15539224523390463        9.4037645013731136E-004
  0.18773454145283655        1.0679193046887114E-003
  0.29884262255332761       -1.1549248023281166E-003
  0.17531949477516054        1.8992592505824720E-003
  0.35820333633923662        5.5251441139887595E-003
  0.35814537159567916        4.3041167197905104E-003
  0.28836825369001667        1.1148198628110624E-003
  0.35859350094180842       -1.3085628101525500E-003
  0.28821161143331725        6.9246880664974152E-003
  0.41898183383566623        5.5167347462069475E-003
  0.29798007911683716        2.1253009273816455E-003
  -7.7491350109559765E-004   8.4135536254450499E-002
   8.1103980234126738E-002   8.2703558476082906E-002
  -8.2215395783544920E-002   6.4489324284025470E-002
  -6.7779215153112637E-002   7.1651545479248444E-002
  -4.4066479599757846E-002   9.0258191014254516E-002
  -6.3832344361447191E-003  0.22177906897442204     
  -9.9596538251596825E-002  0.19946131417052668     
  -6.3357842790285668E-002  0.21899558070053621     
  -7.3983790272697025E-002  0.20788173597004292     
  0.17239526300166724       -8.5020807505557317E-004
  0.24042034324322228       -1.5506346889086720E-004
  0.11803277613122223       -5.1013352026934482E-003
  0.16631698067311684       -2.5845571095877728E-003
   5.7891531011138281E-002   4.6924016013175840E-003
  0.10844149249807128        1.9621664489074078E-003
  0.10411976557609964       -8.6461834010806492E-004
  -8.9718745374243181E-003  -6.8462720169913715E-004
  0.25913708002392954        3.7369930714168309E-003
   2.5426624589102165E-003   8.6660225717047866E-004
  0.79361530977608785        8.3818313049875796E-003
  0.74230609847178797        2.6070822242617044E-003
  0.85233840526658067        1.8072617873496892E-002
  0.85958148945383273        1.3724598829335260E-002
  0.82305469300883072        1.3313824791760968E-002
  0.69424551146035662        2.0056339037771636E-004
  0.78081161524398035        4.3708906987681489E-003
  0.86787200893909211        3.5249432613144997E-002
  0.83535333526548849        1.1506305277751162E-002
  0.15051124558336071       -5.4098435224847240E-003
   3.6708161964159020E-002   1.0679439633908623E-003
   8.6514544692631423E-002  -1.1953104522261194E-003
  0.23788616547142533        8.8012785027625573E-004
   5.4498211007177610E-002   8.7154376573935952E-004
