 cosx vtec
  0.70274501943800993       -9.6162401822252549E-004
  0.65743064866750678       -3.1685733285309186E-004
  0.77728439458752430        1.2930267714109428E-003
  0.73218581260834370        7.5567409252068395E-005
  0.66112398644568038        3.9073304018642291E-003
  0.66385532096383826       -7.3190681211835254E-004
  0.71565766044673162       -5.0381838196475351E-004
  -3.5859235024748859E-004  -1.2897270245265243E-003
  -5.5418075042186765E-003  -1.5853890733796313E-003
  -8.6004867141928509E-002   2.7911010227498938E-003
  -4.5948604997743669E-003   2.5617719413499748E-004
   5.2732043463128153E-002   1.3981685127904576E-003
  -9.8871336560476197E-002  -5.1007868414364495E-003
  0.65781779055266731       -1.4334823602417959E-004
  0.60621717566965838        9.1280395362138908E-005
  0.72623888853081564        2.6484931139093269E-003
  0.63817291184882630        2.4790802105653944E-003
  0.50462329404611017        4.0766235908728171E-004
  0.68798635306033273       -1.5515789069554193E-003
  0.61326812802260788       -3.5281456368758475E-003
  0.61076602389382528       -1.1035258684171378E-003
  0.65310480153433359        4.7901094501673130E-004
  0.11929764150743853       0.23299099210043162     
  0.11330557771289348       0.23848472930534723     
   3.7197255800180913E-002  0.24579306243113461     
   7.5369559505919101E-002  0.24387617783107565     
   7.9944565708922194E-002  0.23595003965126718     
   8.0623749148950791E-002   1.5687779507678255E-003
  -7.7346576884824159E-003   4.0197458449612528E-003
   3.9074666168080197E-003  -4.7835043372671920E-004
  -3.3538986665391290E-002  -3.4377783499088652E-003
  0.36750619775366111       0.24536648206127828     
  0.18021987123855765       0.18116790074331321     
  0.20168954107500076       0.18711093450550123     
  0.13388730443037028       0.18987606643068172     
  0.28088872705842233       0.21150504713415480     
  0.13216147179633336       0.18739092016021178     
  0.16341969199993356       0.18751340178758585     
  0.71410319801576450        1.7863194930720187E-002
  0.70149759419793556        1.9575283317887330E-002
  0.61453269832603663        3.0287222014354839E-002
  0.62490121686397637        1.6668697761839574E-002
  0.53878164263775397        1.3116161486377044E-002
  0.71349072341373665        2.5127913673000962E-002
  0.62562877942022355        1.0602088710713380E-002
  0.64775538344884920        1.3917213258329682E-002
  0.50385067952249674        1.0555076789434181E-002
  -5.1059384566008947E-002   2.3041674179984772E-003
  -4.5696622256187314E-002  -2.7525199677435008E-004
  -1.7101213425004091E-002  -2.9124891541573404E-003
   1.0713153715088020E-002   1.6272398366837053E-003
   6.7232574243346721E-002  0.15282663361311893     
  0.11558695078398201       0.18282056158905738     
   7.7227506453700578E-002  0.16106935157295429     
  -1.6625071839918126E-002  0.15907872351079722     
  0.22902096238528802       0.19583999216562853     
   4.4518968054455821E-002  0.15789407856856472     
   5.0103758445382229E-002  0.15939434382024795     
  0.90857323444713345        5.2849905566731969E-002
  0.86451007209647968        3.8106920053663500E-002
  0.94732095017618700        6.3276848475789002E-002
  0.86124067402338644        7.0919116972806243E-002
  0.92599850710139719       0.10519336145341916     
  0.86510822512946106        5.0497807114577992E-002
  0.88949975776253853       0.10388572255787835     
  0.88116481627976539        5.3512534605510184E-002
  0.93575701057313254        7.5890816554633062E-002
  0.79896715520382233        6.5135368128468984E-002
  0.95051922808124290        6.0586009130342254E-002
  0.44354956615092433       -1.1004490245101013E-003
  0.39451826717833605       -8.3599036980587562E-005
  0.41083918054501922       -7.6881997226430749E-004
  0.51477305396556272       -1.8436084074217239E-004
  0.39426485673971906        8.0550389157429145E-004
  0.40932043448887828        9.8471546486337408E-004
  0.36708735122588038       -6.6271548454806327E-004
  0.81192375100348368        5.8068373183961623E-002
  0.78628225215398129        6.6928927599418278E-002
  0.71162532551036362        7.8420673010781289E-002
  0.72511955216754820        6.1524758571879119E-002
  0.61217903309065402        3.4345231023820519E-002
  0.80135234077140172        6.3733997491919478E-002
  0.72978803003493553        4.5257741978062357E-002
  0.88046318033398174       0.10812904251234406     
  0.74831808985285919        6.0545584113714725E-002
  0.16206587660505173        9.8655685494388690E-002
  0.22837587557446742       0.13308650335389738     
  0.19894933854173202        5.5964969898950119E-002
  0.17521371697841537       0.10687066290385225     
   7.0287557204952111E-002  0.10745699758102502     
  0.31468397505211543       0.13555866064375602     
  0.14020428542087204        9.3728464902475037E-002
  0.14663637268890134       0.10544067617861003     
  0.81742262234078700        4.4498150413293282E-003
  0.77561900580694021        1.7487307358282290E-002
  0.88429464229731292        4.1352447010887541E-002
  0.77493658242805474        2.9894771136291815E-002
  0.84232411380813332        4.3363388991551628E-002
  0.77565287658036342       -3.1374722056225199E-002
  0.80981386645240871        4.4487769866509388E-002
  0.79101153032140492        9.1331953273705319E-003
  0.86559263108254414        3.6179897849154104E-002
  0.72953344163265965        1.7362169594392445E-002
  0.88811216975444363        2.1612762921603676E-002
   9.6950242961699615E-002  -1.8425442309917390E-003
  0.12169256305195669       -6.4994435822044718E-003
   3.6051347458990773E-002  -1.5193500429710259E-003
   9.2906557291226738E-002  -1.0268789279195456E-003
  0.15604388099308919       -2.8028151825057441E-004
  0.69135787712188901        1.2428388263224378E-003
  0.64843228437214906       -2.6804108066335843E-004
  0.78588140516387328        5.3309663252945824E-003
  0.72397519826544299       -1.7674594537552189E-004
  0.65051324597298676        1.4058700887975260E-003
  0.65657051699559388        3.4385848994467221E-003
  0.83947170244516878        7.1561491682741601E-004
  0.59953185777336993       -1.9313477136490538E-003
  0.72726933080629008        4.6256906650562378E-004
  0.75058360600731233       0.26215514191980205     
  0.68723727712623350       0.25579646739042927     
  0.72843345660889769       0.25371490527562868     
  0.54096670806950575       0.14616974875789149     
  0.43545795326005976       0.13480062142992202     
  0.44813730240817573       0.13244874296649659     
  0.36275693556962774       0.12622566330818735     
  0.48253131282741479       0.13218300977472652     
  0.38031605970665572       0.13403129489593524     
  0.41154287585144278       0.16718654530471480     
  -9.3139026295971816E-002   7.5457911314361602E-003
  0.57228894152466214        4.5253359407055623E-004
  0.50889788497975375        9.6129781111855802E-004
  0.64794770812860891       -3.0777218663015225E-003
  0.53202935553509190        1.1174027867113141E-003
  0.43380248361227258        4.3087592295885479E-004
  0.60842924050995917       -2.2641791912794453E-003
  0.52203860807766045       -1.7650548315984085E-003
  0.51132276582377156        8.1385757764911872E-004
  0.55091627164164025       -4.3943034735775886E-004
  0.99908998957730177       0.13828575727672404     
  0.99561870520926810       0.13496985917050677     
  0.97267512682747803       0.17457448895407282     
  0.99845282187453721       0.13312764346030101     
  0.99234149391543536       0.13731931094613789     
  0.99408170304874877       0.14286392655987321     
  0.21401246319467643        1.8039901042231622E-002
  0.22233407453134052        9.4478455624341824E-003
  0.16304122194873744        7.0401137222157381E-004
  0.15946539001589394        6.7728585436055448E-003
  0.39058267767407934        1.3401480297468547E-003
  0.31567047585380076       -2.2287743463634928E-003
  0.36093137374796386        4.6502114942599477E-003
  0.25127191957846273       -5.4593737072498264E-003
  0.46491500680167791       -2.8915610890522516E-003
  0.32870294766166397       -3.4230545147837048E-003
  0.31829757741280640       -3.1479813156236563E-003
  0.37757611836521471        1.0378312096303243E-003
  0.68731165942973149        7.8589178373334942E-004
  0.64546996977945270        8.1466062100912489E-003
  0.80229913488597715       -1.6584863994053397E-002
  0.65347803887261358       -1.3931294641972591E-003
  0.72260290907099534        5.5444735493517883E-003
  0.64596122053972393        9.1762047814772235E-003
  0.65731966562795663       -1.2828109273727184E-002
  0.79688836382478445        3.2156347579018912E-003
  0.60818922698559930       -1.6253284049114482E-003
  0.76943394326808634        7.0115968919918338E-003
  0.63919369333580001       0.15502508079457533     
  0.55294288279870085       0.15193625256534618     
  0.56657240068352221       0.14234849483706394     
  0.45320383550728743       0.14808115052818685     
  0.59892517391877331       0.15622842766649297     
  0.48636137663831536       0.16013105653987095     
  0.61599442247391711       0.24981006337795672     
  0.52058950747447075       0.23712981313967793     
  0.54788538583602664       0.27819200677065820     
  0.55836575877789130       0.24906902391523478     
  0.62717763896554546       0.25112652606919900     
  0.46100606263954436       0.25379079357669648     
  0.50056438927856817       0.23963081729763375     
  0.94510728000470345       0.12439328161424504     
  0.96361784751881352       0.12268714835724899     
  0.88335660107838598       0.13250280893800487     
  0.92397407248902363       0.14929554268333578     
  0.95445375398535237       0.12294461422415401     
  0.90033621544731690       0.13888483793408246     
  0.94357095670964708       0.16177407630208820     
  0.99445020768744441       0.14745223535839036     
  0.26213567271135402       0.24713170551468802     
  0.21541498243155699       0.23721193722235798     
  0.35957990460789319        1.2527483998860428E-003
  0.44506619319393870       -1.7301745083221845E-004
  0.30511285605987615       -3.1242440398636237E-003
  0.30862386777982304       -1.7347450135841900E-003
  0.26973296192077284        2.6230552523900720E-003
  0.38834354375327712       -1.9788785958775273E-003
  0.28012347146735939        3.0912012073850120E-003
  0.20580280920242752       -1.0990283110258188E-003
  0.46074735729943556       -6.3503376515465252E-003
  0.26445307195191481       -6.4708599269172379E-004
  0.30742853828292988       -7.8571204327096563E-004
  0.16291673308716784        9.8326762151727080E-003
  0.83680807061285800        9.9820059252443555E-003
  0.78735065198767706       -3.7000416006854219E-004
  0.86374132327143771        1.8675346546876515E-002
  0.80761969194580940        1.4043305679535661E-002
  0.85220743481403016        1.3691458398637160E-002
  0.79363761437664881       -3.2657256707119119E-003
  0.79350805117081635        3.4037502207289396E-003
  0.92426181632699456        3.1281954673396055E-002
  0.82667117190098827        1.2257620280420930E-002
  0.29215185390164616       -3.0756226850504678E-003
  0.27649389888819953        1.0429660983790989E-003
  0.27700833046371565       -3.9392958123306140E-003
  0.21382473647304942       -2.6960714250803385E-003
  0.27637636455169573       -1.8727780249503010E-003
  0.30690445868629118       -1.1094276968550666E-003
  0.29641460783218071        9.8461162684642806E-002
  0.35196573810809745       0.13174878465105111     
  0.32500219976995937        7.6485740926834231E-002
  0.30853406492834462       0.10454917800673171     
  0.18624953871381122       0.11754210326410783     
  0.41141366338341878       0.11888509311478077     
  0.27320199788160615        9.7090992999645923E-002
  0.28064723797322727       0.10509869906497141     
  0.75772664873282136       0.24900590984499346     
  0.67677626105548772       0.22365486852961142     
  0.66921440291409029       0.31946926041257023     
  0.68616361643312229       0.23657501750403848     
  0.81386431486340416       0.27576256098499924     
  0.68002979057327695       0.24673764574183799     
  0.72504203311944271       0.23544226493101264     
  0.54970694927809804       0.16105346369551943     
  0.63311386594495733       0.27503329833987039     
  0.63774449768317332       0.28070750620823104     
  0.90967558876819943       0.13561832585111258     
  0.92693558857020553       0.14488049082489490     
  0.83891319703936640       0.14099650179983431     
  0.87292150336653318       0.14005128467219471     
  0.91748770339970176       0.12712883641484735     
  0.85246279224659072       0.14563795754615758     
  0.89677807604012527       0.14434854905661090     
  -1.6992042515035555E-002   9.1890626038973619E-002
   2.4001857323435738E-004   8.9232693140954458E-002
  -6.9824380366453997E-002   7.9305013365230340E-002
  -7.0660680532124764E-002  0.10785865931896235     
   7.6646913374453285E-002   9.8507271950027134E-002
  -6.0995379622980739E-002   8.8057338305888105E-002
  -3.3629306920021418E-002  0.10911163290952455     
  0.13614658257798268        5.4750847723127635E-004
  0.13685634353446680       -4.2505274616567703E-004
   7.5551937021821558E-002  -1.3171948025796579E-003
  0.14213892220528884       -1.8023279581236178E-003
  0.17431538382921569        8.3129325865411764E-004
   6.4065398864437018E-002   1.6411836388117915E-003
  0.50778430497613669        8.4916412160106983E-004
  0.45170468741846082       -5.4668864384596884E-005
  0.65107182131988539       -1.3352013552095448E-003
  0.36598387124564213       -4.2244938179285637E-004
  0.55812023912289932       -3.3303824079798957E-003
  0.45852231894542461        2.9710001599958600E-004
  0.45634372920422361        4.4567733278943306E-004
  0.51544388444516254       -2.3710797897497052E-003
  -6.3487748285476042E-002  -1.1549248023281166E-003
  -6.3882192168840668E-002  -1.3085628101525500E-003
  -5.5014045897972097E-002   5.5167347462069475E-003
  0.47811084420434813       -8.5020807505557317E-004
  0.54039868602638574       -1.5506346889086720E-004
  0.43117860462836416       -5.1013352026934482E-003
  0.44218776365902068       -2.5845571095877728E-003
  0.40140260243692594        4.6924016013175840E-003
  0.82422232300581921        8.3818313049875796E-003
  0.77315196200335912        2.6070822242617044E-003
  0.84941596411462206        1.8072617873496892E-002
  0.79105214844453231        1.3724598829335260E-002
  0.83918688558998733        1.3313824791760968E-002
  0.78061022686890413        2.0056339037771636E-004
  0.77872641190728742        4.3708906987681489E-003
  0.91959697191776901        3.5249432613144997E-002
  0.81052616429331670        1.1506305277751162E-002
