 cosx vtec
  0.67698654381125900       -9.6162401822252549E-004
  0.63224257683923057       -3.1685733285309186E-004
  0.76486118592428531        1.2930267714109428E-003
  0.71047288905572081        7.5567409252068395E-005
  0.62663079556387724        3.9073304018642291E-003
  0.64666592479887042       -7.3190681211835254E-004
  0.71122511133120203       -5.0381838196475351E-004
  0.15114170723404174       -1.2897270245265243E-003
  0.13058350533714702       -1.5853890733796313E-003
   4.2920473414103988E-002   2.7911010227498938E-003
  0.11057063714098031        2.5617719413499748E-004
  0.18261053045135878        1.3981685127904576E-003
   4.1012506437691887E-002  -5.1007868414364495E-003
  0.66232535606641707       -1.4334823602417959E-004
  0.61173426225182737        9.1280395362138908E-005
  0.74446886136916257        2.6484931139093269E-003
  0.68212035017580275        2.4790802105653944E-003
  0.54692253508984001        4.0766235908728171E-004
  0.69708469496556436       -1.5515789069554193E-003
  0.60582690564822395       -3.5281456368758475E-003
  0.62472340829969264       -1.1035258684171378E-003
  0.67746413231746772        4.7901094501673130E-004
   9.5959240066759377E-002  0.23299099210043162     
   7.9289644106504270E-002  0.23848472930534723     
   3.3493126198555177E-002  0.24579306243113461     
   7.0403545061295092E-002  0.24387617783107565     
   4.4736788056629020E-002  0.23595003965126718     
   2.6823444643859495E-003   1.5687779507678255E-003
  -8.7159412665597319E-002   4.0197458449612528E-003
  -6.1557864339698815E-002  -4.7835043372671920E-004
  0.50934818561845641       0.24536648206127828     
  0.33306317935176150       0.18116790074331321     
  0.35712562704190542       0.18711093450550123     
  0.28449795653286963       0.18987606643068172     
  0.43507028797392855       0.21150504713415480     
  0.28952895168957204       0.18739092016021178     
  0.31315170665166742       0.18751340178758585     
  0.78271988342428733        1.7863194930720187E-002
  0.79015587760575967        1.9575283317887330E-002
  0.72674227793233936        3.0287222014354839E-002
  0.72570963832374746        1.6668697761839574E-002
  0.64367447668120381        1.3116161486377044E-002
  0.79335430217987124        2.5127913673000962E-002
  0.71154497227968072        1.0602088710713380E-002
  0.74183289343314263        1.3917213258329682E-002
  0.62726411749907196        1.0555076789434181E-002
  0.11061408523449529        2.3041674179984772E-003
  0.10998198810913767       -2.7525199677435008E-004
   4.3506787076464493E-002  -1.2724938539822386E-003
  0.12106519715318476       -2.9124891541573404E-003
  0.16285789690281499        1.6272398366837053E-003
   4.4451865330212781E-002  -1.8118724865727565E-004
  -7.8962101166691279E-002  0.15282663361311893     
  -1.8248514823091144E-002  0.18282056158905738     
  -6.4548081048216965E-002  0.16106935157295429     
   9.1590951873198934E-002  0.19583999216562853     
  -9.1986498344553358E-002  0.15939434382024795     
  0.83685736255486742        5.2849905566731969E-002
  0.79017239242068160        3.8106920053663500E-002
  0.88778495472465102        6.3276848475789002E-002
  0.76280080020366314        7.0919116972806243E-002
  0.85879604075194105       0.10519336145341916     
  0.78242786008326415        5.0497807114577992E-002
  0.79666170911313539       0.10388572255787835     
  0.82149323516735595        5.3512534605510184E-002
  0.86563227485107008        7.5890816554633062E-002
  0.69258093643534235        6.5135368128468984E-002
  0.90938184451951021        6.0586009130342254E-002
  0.33682255239275749       -1.1004490245101013E-003
  0.28925673649676842       -8.3599036980587562E-005
  0.27804015169564067       -7.6881997226430749E-004
  0.41226626603574706       -1.8436084074217239E-004
  0.28384012944127646        8.0550389157429145E-004
  0.31259835087544174        9.8471546486337408E-004
  0.24777856245760113       -6.6271548454806327E-004
  0.87591274193314239        5.8068373183961623E-002
  0.86997652133634151        6.6928927599418278E-002
  0.81624988433568757        7.8420673010781289E-002
  0.82130264899104133        6.1524758571879119E-002
  0.71901241078921330        3.4345231023820519E-002
  0.87727611236047331        6.3733997491919478E-002
  0.81072740033621815        4.5257741978062357E-002
  0.94416952623873673       0.10812904251234406     
  0.83765152225383943        6.0545584113714725E-002
  -7.7619247844190609E-004   9.8655685494388690E-002
   7.7521687384788152E-002  0.13308650335389738     
   2.7816958442161366E-002   5.5964969898950119E-002
   1.5537335136904418E-002  0.10687066290385225     
  -9.1323252811240208E-002  0.10745699758102502     
  0.16049881944159672       0.13555866064375602     
  -2.6349920247553227E-002   9.3728464902475037E-002
  -1.3637846551756982E-002  0.10544067617861003     
  0.72844530605732638        4.4498150413293282E-003
  0.68584180748671153        1.7487307358282290E-002
  0.80913123729916525        4.1352447010887541E-002
  0.66274924769891697        2.9894771136291815E-002
  0.75747734406896650        4.3363388991551628E-002
  0.67924134732716612       -3.1374722056225199E-002
  0.69723780425453430        4.4487769866509388E-002
  0.71317801683839699        9.1331953273705319E-003
  0.77724093525063376        3.6179897849154104E-002
  0.61764004780228199        1.7362169594392445E-002
  0.83595608062197846        2.1612762921603676E-002
  -5.1009184142015329E-002  0.16669204073483934     
  0.15609140829944637       -1.8425442309917390E-003
  0.21525680622860122       -6.4994435822044718E-003
  0.11817943110269566       -1.5193500429710259E-003
  0.16304122887659225       -1.0268789279195456E-003
  0.23865536814770694       -2.8028151825057441E-004
  0.63730435286409304        1.2428388263224378E-003
  0.59496230850443954       -2.6804108066335843E-004
  0.74639508455940451        5.3309663252945824E-003
  0.67373307014510597       -1.7674594537552189E-004
  0.58978997648621778        1.4058700887975260E-003
  0.61099870435920223        3.4385848994467221E-003
  0.78000040516522473        7.1561491682741601E-004
  0.51335969457704522       -1.9313477136490538E-003
  0.69907516951792792        4.6256906650562378E-004
  0.77052338290397382       0.26215514191980205     
  0.69976645642499369       0.25579646739042927     
  0.73900642503290226       0.25371490527562868     
  0.67876811804946324       0.14616974875789149     
  0.58502232928548703       0.13480062142992202     
  0.59655636692595659       0.13244874296649659     
  0.51793345739563168       0.12622566330818735     
  0.62718826928066485       0.13218300977472652     
  0.53513455838571000       0.13403129489593524     
  0.56183815048535424       0.16718654530471480     
  -2.5554021064932264E-002   4.4968026919053892E-003
  -1.5328927875577214E-002   4.2981282663374643E-003
  -8.7226117477711251E-002   1.4764253058574511E-003
   7.2381782332333777E-002   7.5457911314361602E-003
  -8.4591788193964401E-002   8.4268154823119001E-004
  0.60055385745478884        4.5253359407055623E-004
  0.53936159596474609        9.6129781111855802E-004
  0.69190812386776768       -3.0777218663015225E-003
  0.59492897236404896        1.1174027867113141E-003
  0.49264697395663148        4.3087592295885479E-004
  0.64211961599475875       -2.2641791912794453E-003
  0.53443038026477030       -1.7650548315984085E-003
  0.55094591871495879        8.1385757764911872E-004
  0.60015881972610186       -4.3943034735775886E-004
  0.97652386705799166       0.13828575727672404     
  0.98666474941856530       0.13496985917050677     
  0.95455241771307997       0.17457448895407282     
  0.98330677209321316       0.13312764346030101     
  0.97496720455663555       0.13731931094613789     
  0.99747405202362160       0.14286392655987321     
  0.37203681149823103        1.8039901042231622E-002
  0.37609450134838013        9.4478455624341824E-003
  0.31607945363960421        7.0401137222157381E-004
  0.31761096872943612        6.7728585436055448E-003
  0.40635857380148988        1.3401480297468547E-003
  0.33575804115022734       -2.2287743463634928E-003
  0.42090170226511786        4.6502114942599477E-003
  0.29644611962783163       -5.4593737072498264E-003
  0.48518802199433503       -2.8915610890522516E-003
  0.33454243666854866       -3.4230545147837048E-003
  0.34631117561200214       -3.1479813156236563E-003
  0.41806125970392849        1.0378312096303243E-003
  0.59950574825353853        7.8589178373334942E-004
  0.55809095104416973        8.1466062100912489E-003
  0.73126090553680112       -1.6584863994053397E-002
  0.53597683292936193       -1.3931294641972591E-003
  0.63866970164288150        5.5444735493517883E-003
  0.55260410229429946        9.1762047814772235E-003
  0.57891120881266722       -1.2828109273727184E-002
  0.70704804918107278        3.2156347579018912E-003
  0.50080880175962106       -1.6253284049114482E-003
  0.71924719834461959        7.0115968919918338E-003
  0.76233661752419490       0.15502508079457533     
  0.68811474136150319       0.15193625256534618     
  0.70074120184593414       0.14234849483706394     
  0.60032609566521866       0.14808115052818685     
  0.72877601715933371       0.15622842766649297     
  0.63022057315802948       0.16013105653987095     
  0.70253426010010711       0.24981006337795672     
  0.61965059740184603       0.23712981313967793     
  0.65292552522041647       0.27819200677065820     
  0.63579920662102518       0.24906902391523478     
  0.70056290036086566       0.25112652606919900     
  0.55814569148795201       0.25379079357669648     
  0.59477659587853826       0.23963081729763375     
  0.87413968045753809       0.12439328161424504     
  0.90584185828883168       0.12268714835724899     
  0.79230062938720247       0.13250280893800487     
  0.85729290626774002       0.14929554268333578     
  0.88941265992075214       0.12294461422415401     
  0.81965208248665977       0.13888483793408246     
  0.87654398906121012       0.16177407630208820     
  0.96114726180018817       0.14745223535839036     
  0.30078228542889424       0.24713170551468802     
  0.26837340493129513       0.23721193722235798     
  0.31167147679555629        1.2527483998860428E-003
  0.40076851724257112       -1.7301745083221845E-004
  0.25282329568080247       -3.1242440398636237E-003
  0.27019035653947704       -1.7347450135841900E-003
  0.19491964150858021        2.6230552523900720E-003
  0.44481662912622921       -1.9788785958775273E-003
  0.37591708396341994        3.0912012073850120E-003
  0.29532189239466777       -1.0990283110258188E-003
  0.52571672158119209       -6.3503376515465252E-003
  0.34128546235045731       -6.4708599269172379E-004
  0.39422806150161860       -7.8571204327096563E-004
  0.27671732555973549        9.8326762151727080E-003
  0.84498261575576439        9.9820059252443555E-003
  0.79385786720112539       -3.7000416006854219E-004
  0.88405308284438888        1.8675346546876515E-002
  0.85091414364709017        1.4043305679535661E-002
  0.86563669288269651        1.3691458398637160E-002
  0.78291357102886605       -3.2657256707119119E-003
  0.81133560781985037        3.4037502207289396E-003
  0.92882854870975118        3.1281954673396055E-002
  0.85366958260803261        1.2257620280420930E-002
  0.38058570041535389       -3.0756226850504678E-003
  0.41317695061742060        1.0429660983790989E-003
  0.40046419514045828       -3.9392958123306140E-003
  0.33445925679994570       -2.6960714250803385E-003
  0.38468147095773331       -1.8727780249503010E-003
  0.42453833870804836       -1.1094276968550666E-003
  0.13628883285953958        9.8461162684642806E-002
  0.20374588296709684       0.13174878465105111     
  0.15784951634092625        7.6485740926834231E-002
  0.15175632953169482       0.10454917800673171     
   2.5175758443621854E-002  0.11754210326410783     
  0.26046569721313412       0.11888509311478077     
  0.10874597823067345        9.7090992999645923E-002
  0.12277500689846038       0.10509869906497141     
  0.75395776700064698       0.24900590984499346     
  0.62373508782813603       0.22365486852961142     
  0.69966609031654725       0.31946926041257023     
  0.67466898063029301       0.23657501750403848     
  0.79969227086083494       0.27576256098499924     
  0.65621175349056804       0.24673764574183799     
  0.71174998931013578       0.23544226493101264     
  0.57108335657138631       0.16105346369551943     
  0.64355629960130756       0.27503329833987039     
  0.60549695256889990       0.28070750620823104     
  0.82702855050601320       0.13561832585111258     
  0.85897541483260831       0.14488049082489490     
  0.74166890001967722       0.14099650179983431     
  0.79605658849857108       0.14005128467219471     
  0.84152942315985513       0.12712883641484735     
  0.76427163025965128       0.14563795754615758     
  0.81905819717703743       0.14434854905661090     
  0.15602394828505795        9.1890626038973619E-002
  0.17366681013830709        8.9232693140954458E-002
  0.10442041377917299        7.9305013365230340E-002
  0.10103188147768360       0.10785865931896235     
  0.24861929262679111        9.8507271950027134E-002
  0.11285918501009079        8.8057338305888105E-002
  0.13779879206210049       0.10911163290952455     
  0.28378770908107021        5.4750847723127635E-004
  0.27412295516263802       -4.2505274616567703E-004
  0.20924803220537375       -1.3171948025796579E-003
  0.26387894725889360       -1.8023279581236178E-003
  0.30659284376422991        8.3129325865411764E-004
  0.20657376158990587        1.6411836388117915E-003
  0.50018451306981038        8.4916412160106983E-004
  0.44637205512685446       -5.4668864384596884E-005
  0.66071008360889394       -1.3352013552095448E-003
  0.39346434774774797       -4.2244938179285637E-004
  0.55461243394493265       -3.3303824079798957E-003
  0.44278549853349469        2.9710001599958600E-004
  0.45838030277111708        4.4567733278943306E-004
  0.53064914253554907       -2.3710797897497052E-003
  -7.3353324435032619E-004   9.8087097748654267E-004
  -8.9033703817191445E-002   9.4037645013731136E-004
  -2.8848996827618933E-002   1.0679193046887114E-003
   6.0358776271614734E-002  -1.1549248023281166E-003
  -8.9888268792090997E-002   1.8992592505824720E-003
   2.8810060870022358E-002   5.5251441139887595E-003
   3.5948030101951522E-002   4.3041167197905104E-003
  -3.2514774273168123E-002   1.1148198628110624E-003
   8.0840223104380715E-002  -1.3085628101525500E-003
  -5.5536051261051156E-002   6.9246880664974152E-003
  0.10787904039749674        5.5167347462069475E-003
  -3.0173937104158277E-002   2.1253009273816455E-003
  0.38691932605073937       -8.5020807505557317E-004
  0.45315158178111498       -1.5506346889086720E-004
  0.33593588979084643       -5.1013352026934482E-003
  0.36023552639718659       -2.5845571095877728E-003
  0.29468106940328126        4.6924016013175840E-003
  -5.1664120775609557E-002   3.7369930714168309E-003
  0.83942098016995037        8.3818313049875796E-003
  0.78666729361758381        2.6070822242617044E-003
  0.87704876276564914        1.8072617873496892E-002
  0.83964105825209134        1.3724598829335260E-002
  0.85988153438809389        1.3313824791760968E-002
  0.77507778051874365        2.0056339037771636E-004
  0.80385326759941300        4.3708906987681489E-003
  0.93045016348357523        3.5249432613144997E-002
  0.84454771998938249        1.1506305277751162E-002
  -2.9138300876621559E-002   8.8012785027625573E-004
