 cosx vtec
  0.27615392288406043       -9.6162401822252549E-004
  0.25290812768283949       -3.1685733285309186E-004
  0.38557746040841973        1.2930267714109428E-003
  0.31328111644200823        7.5567409252068395E-005
  0.20862775539560249        3.9073304018642291E-003
  0.29649857148869524       -7.3190681211835254E-004
  0.38994614569493374       -5.0381838196475351E-004
  0.75536211246483198       -1.2897270245265243E-003
  0.67569901460735005       -1.5853890733796313E-003
  0.59346300887363768        2.7911010227498938E-003
  0.57171257603501524        2.5617719413499748E-004
  0.67809676828444176        1.3981685127904576E-003
  0.64070761337669624       -5.1007868414364495E-003
  0.40123034566548232       -1.4334823602417959E-004
  0.37655512000376545        9.1280395362138908E-005
  0.50906194121968951        2.6484931139093269E-003
  0.58661563489913160        2.4790802105653944E-003
  0.50150216305689987        4.0766235908728171E-004
  0.44149573040158158       -1.5515789069554193E-003
  0.31598861245754728       -3.5281456368758475E-003
  0.42126800184859947       -1.1035258684171378E-003
  0.49752230750365478        4.7901094501673130E-004
  -4.7706552844027660E-002  0.23299099210043162     
   2.9435778438360542E-003  0.24579306243113461     
   1.8628620832187935E-002  0.24387617783107565     
  0.91899832724677644       0.24536648206127828     
  0.86603120977090253       0.18116790074331321     
  0.89132355465235658       0.18711093450550123     
  0.82821963435149537       0.18987606643068172     
  0.93066724335319762       0.21150504713415480     
  0.86092388803959652       0.18739092016021178     
  0.84084144272552641       0.18751340178758585     
  0.75336530939294710        1.7863194930720187E-002
  0.84605970272532049        1.9575283317887330E-002
  0.91344415348613706        3.0287222014354839E-002
  0.86255367945080230        1.6668697761839574E-002
  0.83333878940320805        1.3116161486377044E-002
  0.80910363956262787        2.5127913673000962E-002
  0.78870144604227244        1.0602088710713380E-002
  0.84214368223782099        1.3917213258329682E-002
  0.90559340433445046        1.0555076789434181E-002
  -5.4730631479445430E-002  -2.7604670143527199E-003
   2.3057127775803987E-002  -1.2436391499969313E-003
  0.42763095301631904        2.0479110461447654E-004
  0.10442461879874577       -4.5297425071958546E-003
  0.21115836773302180        3.3594982712548912E-003
  -1.8137985811216145E-002  -1.0845568661108529E-002
  -2.3209698582646904E-002   2.4618362171800252E-002
   6.2630157508940590E-002  -3.8686800322529163E-002
  0.24265686276239712        4.1191537438215890E-004
  0.77690630647918979        2.3041674179984772E-003
  0.75009619846272901       -2.7525199677435008E-004
  0.69417524235623296       -1.2724938539822386E-003
  0.67922293300448322       -2.9124891541573404E-003
  0.76495085859584988        1.6272398366837053E-003
  0.71895546911106734       -1.8118724865727565E-004
  0.50023130205676358       0.16537621692818413     
  0.36995683531453072       0.15934392381651821     
  0.32292844564020784        2.5444023499378923E-002
  0.43186752699785136       0.16245428121964881     
  0.47132974322698096       0.15838180996555629     
  0.45086726560035617       0.16540010551223430     
  0.16546246270663209        5.2849905566731969E-002
  0.12701674249015157        3.8106920053663500E-002
  0.24851611860177250        6.3276848475789002E-002
   4.9308673349593990E-003   7.0919116972806243E-002
  0.19800480968322956       0.10519336145341916     
   8.5754152967069869E-002   5.0497807114577992E-002
   4.9139180884643613E-002  0.10388572255787835     
  0.20974937606614338        5.3512534605510184E-002
  0.18904937466286356        7.5890816554633062E-002
  -7.0554534784403294E-002   6.5135368128468984E-002
  0.34211590308439516        6.0586009130342254E-002
  0.11376783740404264       0.19077796878947312     
   8.0039829951431413E-002  0.19748407119543368     
  0.16953386171744003       0.19677924073786038     
  0.18982335421098251       0.19784547479312053     
  0.78660776336152682        5.8068373183961623E-002
  0.87011920573174184        6.6928927599418278E-002
  0.93151859111731750        7.8420673010781289E-002
  0.89718851724638182        6.1524758571879119E-002
  0.88527657265588000        3.4345231023820519E-002
  0.84004272330766816        6.3733997491919478E-002
  0.82385232931836649        4.5257741978062357E-002
  0.82466091224878835       0.10812904251234406     
  0.87638454805752064        6.0545584113714725E-002
   2.6893921822803618E-002   4.4498150413293282E-003
  -1.1644419544199203E-003   1.7487307358282290E-002
  0.13428996112637320        4.1352447010887541E-002
   6.1831421464289993E-002   4.3363388991551628E-002
  -3.4231950685491355E-002  -3.1374722056225199E-002
  -9.5179596133954603E-002   4.4487769866509388E-002
   6.7264112046173413E-002   9.1331953273705319E-003
   5.7748761976641777E-002   3.6179897849154104E-002
  0.25123100893847006        2.1612762921603676E-002
  0.60527647764901005       0.15621543594884907     
  0.67134739606404192       0.16669204073483934     
  0.48006886524018189       0.15831919765343447     
  0.54923394314830953       0.15216228660618406     
  0.58211257753660117       0.14958327736875440     
  0.56668370129766410       0.15520144799549179     
  -5.2353412908616059E-002  -1.2701386721718732E-002
   1.4581973413070881E-003  -4.6381131940633384E-003
  0.35077206062028743       -1.8425442309917390E-003
  0.53669408316610256       -6.4994435822044718E-003
  0.43034977537143476       -1.5193500429710259E-003
  0.40327110866616400       -1.0268789279195456E-003
  0.50184841246250989       -2.8028151825057441E-004
  0.12848333755196348        1.2428388263224378E-003
  0.10667847807359127       -2.6804108066335843E-004
  0.25555706425453018        5.3309663252945824E-003
  0.16627168010904664       -1.7674594537552189E-004
   7.1702701089289236E-002   1.4058700887975260E-003
  0.15075425425511010        3.4385848994467221E-003
  0.18674270484834141        7.1561491682741601E-004
  -8.4570497707884107E-002  -1.9313477136490538E-003
  0.27812686890552651        4.6256906650562378E-004
  -3.7137684579076180E-002   8.3064049308213578E-004
  -1.8489263736539835E-002   8.2147199687336817E-002
  0.53160604122009447       0.26215514191980205     
  0.45817485146954007       0.25579646739042927     
  0.47213817191555957       0.25371490527562868     
  0.36231191110673233       0.17979436456887404     
  0.21002763531094978       0.16086609414302988     
  0.17534158257721547       0.16159190962225733     
  0.26751129385557559       0.16379153790527184     
  0.32178250444641615       0.16523917677199620     
  0.28942126842915633       0.16719070424129434     
  0.99871989375116688       0.14616974875789149     
  0.99663614626180230       0.13480062142992202     
  0.99822455688504774       0.13244874296649659     
  0.98276639786759601       0.12622566330818735     
  0.99926496487599470       0.13218300977472652     
  0.99109082093616385       0.13403129489593524     
  0.98651179257804233       0.16718654530471480     
  0.73386557556267129        4.4968026919053892E-003
  0.72842759087796627        4.2981282663374643E-003
  0.66867650807984957        1.4764253058574511E-003
  0.77186582905726531        7.5457911314361602E-003
  0.68481672606253752        8.4268154823119001E-004
  0.47046926750245260        4.5253359407055623E-004
  0.44493668665265129        9.6129781111855802E-004
  0.59230836526389863       -3.0777218663015225E-003
  0.62002072797679630        1.1174027867113141E-003
  0.54324100395007946        4.3087592295885479E-004
  0.51833574981782771       -2.2641791912794453E-003
  0.36237356361773071       -1.7650548315984085E-003
  0.49201320255473968        8.1385757764911872E-004
  0.56278409851134736       -4.3943034735775886E-004
  0.46270072673399787       0.13828575727672404     
  0.52858923695150839       0.13496985917050677     
  0.46965228597150049       0.17457448895407282     
  0.49933956089286324       0.13312764346030101     
  0.48470808873822080       0.13731931094613789     
  0.58927828448487263       0.14286392655987321     
  -9.6098215161989298E-002  -2.4152062409891399E-004
  0.23551301819390774        8.7806748522432240E-002
  -3.1349306251065551E-002   4.9557197440978550E-002
  -5.5972069750288012E-002   4.7976232722304335E-002
   3.8569002632680843E-002   6.5191784758076146E-002
   9.4681662181814119E-002   6.2451256859090268E-002
   8.8070794674660502E-002   8.2339747719577638E-002
  0.91132698056115846        1.8039901042231622E-002
  0.89485308684252818        9.4478455624341824E-003
  0.85711243477229204        7.0401137222157381E-004
  0.88052516029885597        6.7728585436055448E-003
  0.30356296983503878        1.3401480297468547E-003
  0.28193430274032127       -2.2287743463634928E-003
  0.50689902253891106        4.6502114942599477E-003
  0.36996881992552200       -5.4593737072498264E-003
  0.36878931921291580       -2.8915610890522516E-003
  0.21837937785690753       -3.4230545147837048E-003
  0.32297594219125098       -3.1479813156236563E-003
  0.41930518986089971        1.0378312096303243E-003
  -4.2177646692657014E-002   7.8589178373334942E-004
  -6.4139711167429891E-002   8.1466062100912489E-003
  0.10765286948745728       -1.6584863994053397E-002
  -2.5439874625851899E-003   5.5444735493517883E-003
  -9.3671090848216981E-002   9.1762047814772235E-003
  -1.2578684293824985E-002  -1.2828109273727184E-002
   1.0766984309768912E-002   3.2156347579018912E-003
  0.19272155214464293        7.0115968919918338E-003
  0.98217037966233955       0.15502508079457533     
  0.99250117663697857       0.15193625256534618     
  0.99534611901180015       0.14234849483706394     
  0.99467422489575208       0.14808115052818685     
  0.99243909174579337       0.15622842766649297     
  0.99749156926310423       0.16013105653987095     
  0.78626456460251259       0.24981006337795672     
  0.79378003518981555       0.23712981313967793     
  0.83931507510932513       0.27819200677065820     
  0.70766809484779836       0.24906902391523478     
  0.72709844767504028       0.25112652606919900     
  0.74989104067411205       0.25379079357669648     
  0.75806767322590274       0.23963081729763375     
  0.39775099813318537       0.20000990441896402     
  0.25664427641052645       0.18849306004408550     
  0.21420585643653783       0.20000520977718561     
  0.31356866866184274       0.19102871679253400     
  0.33069773142820497       0.19544743668399317     
   6.6138101834544438E-003  0.21606207179078721     
  -2.7146260469744193E-002  0.22397928138036893     
   6.4389534106362251E-002  0.21680856679272215     
   8.5031706161098911E-002  0.23013724365828847     
  0.19022938939663023       0.12439328161424504     
  0.26667691657318926       0.12268714835724899     
   5.4489799761023389E-002  0.13250280893800487     
  0.19943905588626601       0.14929554268333578     
  0.22516769823483368       0.12294461422415401     
  0.11599297223150418       0.13888483793408246     
  0.20899770741390586       0.16177407630208820     
  0.40648216079740140       0.14745223535839036     
  0.34366916033743383       0.24713170551468802     
  0.38814536214096873       0.23721193722235798     
  -3.1896517635210335E-002   1.2527483998860428E-003
   3.5331390506401120E-002  -1.7301745083221845E-004
  -8.5106633718557950E-002  -3.1242440398636237E-003
  -1.3981644681075628E-002  -1.7347450135841900E-003
  0.58531074358884005        1.8930705919911962E-002
  0.60766604802760593        1.1916057871492762E-002
  0.41146988644689897        2.6299998063288428E-002
  0.51822270345271737        3.0246794274645942E-002
  0.34722428725360299        1.8192433725313806E-002
  0.51953523405504032        2.2596442649661611E-002
  0.52663083147410039        3.6811161512725413E-002
  0.56340546647309697        1.8706940296745276E-002
  0.38787215302933731        4.3737613825485785E-002
  0.50077786289007720        5.4220707082015401E-002
  0.20164786672639909        2.2100578287264510E-002
  0.31327425059267111        3.8172727753038857E-002
   3.4700608276198086E-002   3.4166946097695702E-002
  0.16802649533948438        3.9101947776732475E-002
  0.27799628645312235        3.1988908536078074E-002
  0.30257856435649999        1.7970343024593889E-002
  0.32201056212313639        4.5846785742042269E-002
  0.50524045986114774       -1.9788785958775273E-003
  0.63903183588338075        3.0912012073850120E-003
  0.56494782983658298       -1.0990283110258188E-003
  0.58930120872397684       -6.3503376515465252E-003
  0.53544513761206758       -6.4708599269172379E-004
  0.60989750764051964       -7.8571204327096563E-004
  0.66135317627891066        9.8326762151727080E-003
  -9.1216420497695294E-002  -6.6559077245274684E-002
   1.3976676517974573E-002   1.2596067335274474E-002
   5.0318130896409977E-002   2.9433060817074527E-002
  -8.6561394226029029E-002  0.16996716393424466     
  -2.7237634842010680E-002  0.17779457800968479     
   1.5528377262235549E-003  0.19331008144297543     
  0.52257522376535437        9.9820059252443555E-003
  0.48578387827387043       -3.7000416006854219E-004
  0.59861373142386309        1.8675346546876515E-002
  0.68092096210127806        1.4043305679535661E-002
  0.55764819766239260        1.3691458398637160E-002
  0.40346725871693545       -3.2657256707119119E-003
  0.54578638425926307        3.4037502207289396E-003
  0.55493520464846557        3.1281954673396055E-002
  0.61061789126517507        1.2257620280420930E-002
  0.43528102140150965        2.5771873650454365E-003
  0.26146127994695129       -1.3529777179666987E-003
   2.3489198473236203E-002  -1.1808690353571833E-003
  0.26381438452453221        7.4402037411422828E-004
  0.30610558770230523        7.6328347695225137E-004
  0.60925245597643607       -3.0756226850504678E-003
  0.84086755379419642        1.0429660983790989E-003
  0.77519657079105009       -3.9392958123306140E-003
  0.72474679264116937       -2.6960714250803385E-003
  0.69927221533794792       -1.8727780249503010E-003
  0.76337414294459616       -1.1094276968550666E-003
   2.4432548813065280E-002   3.7236779886469638E-002
   3.7027091429736314E-003   1.1119219847883991E-003
   2.8158955795158980E-002   4.7128949035861690E-003
  0.41747796650193392       0.24900590984499346     
  0.12513655767577600       0.22365486852961142     
  0.53718174417612052       0.31946926041257023     
  0.33774410549112582       0.23657501750403848     
  0.39791712124235762       0.27576256098499924     
  0.27275267059451563       0.24673764574183799     
  0.35116492196849214       0.23544226493101264     
  0.42311263691107726       0.16105346369551943     
  0.41660525221268274       0.27503329833987039     
  0.20636618604769680       0.28070750620823104     
  0.11158079603013493       0.13561832585111258     
  0.19476548091301371       0.14488049082489490     
  -1.9619354550649004E-003  0.14099650179983431     
  0.11925583808361076       0.14005128467219471     
  0.14943720828503651       0.12712883641484735     
   5.0989650077236798E-002  0.14563795754615758     
  0.12872776260674643       0.14434854905661090     
  0.85308906207962565        9.1890626038973619E-002
  0.86505948341643779        8.9232693140954458E-002
  0.82879826417556535        7.9305013365230340E-002
  0.81558815184443545       0.10785865931896235     
  0.90179857588889045        9.8507271950027134E-002
  0.83193554601936714        8.8057338305888105E-002
  0.83559066794811654       0.10911163290952455     
  0.50743504873763701       -3.3425157168294802E-003
  0.51255782276500805       -3.8818913480724538E-003
  0.27628427556864771        8.9833006876898162E-003
  0.38334562845762132       -1.3661553311033220E-002
  0.22303200242316323       -8.8073565653271145E-004
  0.41544971403553388        4.9149835120062069E-003
  0.40154104745606223       -2.4785332552559099E-003
  0.81471071177488907        5.4750847723127635E-004
  0.76337915806967116       -4.2505274616567703E-004
  0.71027505263042934       -1.3171948025796579E-003
  0.68898585796833545       -1.8023279581236178E-003
  0.76006474740997332        8.3129325865411764E-004
  0.74761038482575071        1.6411836388117915E-003
  0.33238605010328681       0.13246439172701949     
  0.16011503100103494       0.11013581044319495     
  -1.5437333197078074E-002  0.11128465476742398     
  0.12939677251015003       0.11089543821439511     
  0.22148696852634886       0.11116968048219136     
  0.26734919305524957       0.10889889671508828     
  0.25076274437377816       0.12766311865842941     
  0.25446364313306319        8.4916412160106983E-004
  0.23348170094583293       -5.4668864384596884E-005
  0.42293426038873505       -1.3352013552095448E-003
  0.34777334816996247       -4.2244938179285637E-004
  0.30385315816865122       -3.3303824079798957E-003
  0.18551887225627275        2.9710001599958600E-004
  0.27290471902441704        4.4567733278943306E-004
  0.37260807044699101       -2.3710797897497052E-003
  0.57047263767542966        9.8087097748654267E-004
  0.47820053949921504        9.4037645013731136E-004
  0.46265549803013178        1.0679193046887114E-003
  0.58109834966069263       -1.1549248023281166E-003
  0.52408216803613383        1.8992592505824720E-003
  0.76017348170011290        5.5251441139887595E-003
  0.74960864143933548        4.3041167197905104E-003
  0.69341028199079235        1.1148198628110624E-003
  0.68498434983917744       -1.3085628101525500E-003
  0.72671429571622359        6.9246880664974152E-003
  0.78071186344496746        5.5167347462069475E-003
  0.71151642850881314        2.1253009273816455E-003
  0.48067980813342076        8.4135536254450499E-002
  0.56033831411290180        8.2703558476082906E-002
  0.32971982540021827        7.5380639790021020E-002
  0.28761656855280621        5.4533390711802091E-002
  0.40212018846911479        6.4489324284025470E-002
  0.42734328854995107        7.1651545479248444E-002
  0.43258826319110211        9.0258191014254516E-002
  0.33630410733249377       0.22177906897442204     
  0.18092368792797309       0.19590597892690828     
  0.14427150733196359       0.20224077677783442     
  0.23675900117328474       0.19946131417052668     
  0.31225928217498333       0.21899558070053621     
  0.25572114123624751       0.20788173597004292     
  -7.0864201991040626E-002   2.5476774128805581E-002
  0.57403652486287693        1.9621664489074078E-003
  0.55427024421892102       -8.6461834010806492E-004
  0.45070181355528072       -6.8462720169913715E-004
  0.65593382037227921        3.7369930714168309E-003
  0.47324514297681586        8.6660225717047866E-004
  0.55035970362753561        8.3818313049875796E-003
  0.51255990450225997        2.6070822242617044E-003
  0.62687744663036227        1.8072617873496892E-002
  0.69778665201073631        1.3724598829335260E-002
  0.58638564811702376        1.3313824791760968E-002
  0.42185826179159575        2.0056339037771636E-004
  0.57367896545842101        4.3708906987681489E-003
  0.58360142938631188        3.5249432613144997E-002
  0.63634824248714239        1.1506305277751162E-002
  0.53085559701160601       -5.4098435224847240E-003
  0.42315975879475975        1.0679439633908623E-003
  0.41530491532077585       -1.1953104522261194E-003
  0.57540623925749013        8.8012785027625573E-004
  0.46110245552371021        8.7154376573935952E-004
