 cosx vtec
  0.42313510721088299        3.1388095203105523E-002
  0.36985032390267297        1.1266557126342261E-002
  0.38550232189334555        1.6147304182509994E-002
  0.41123768356218959        2.6590208887822465E-002
  0.31571979744716139        2.7965496839924199E-002
  0.49567408696310733        4.8858144319178523E-002
  0.75572066668925986       -1.2897270245265243E-003
  0.68124078800662979       -1.5853890733796313E-003
  0.67946784606137167        2.7911010227498938E-003
  0.57630740767841704        2.5617719413499748E-004
  0.62536469059535160        1.3981685127904576E-003
  0.73957891759837435       -5.1007868414364495E-003
  -5.1557306558277671E-002   2.4790802105653944E-003
  -3.1211563018128663E-003   4.0766235908728171E-004
  -3.4253678104917730E-002  0.24579306243113461     
  -5.6740939613984090E-002  0.24387617783107565     
  0.55149208310799247       0.24536648206127828     
  0.68581129482066139       0.18116790074331321     
  0.68963396858907755       0.18711093450550123     
  0.69433228811792680       0.18987606643068172     
  0.64977846932068051       0.21150504713415480     
  0.72876237278936418       0.18739092016021178     
  0.67742170828532666       0.18751340178758585     
   3.9262073352148902E-002   1.7863194930720187E-002
  0.14456206582373465        1.9575283317887330E-002
  0.29891140905531655        3.0287222014354839E-002
  0.23765241905066584        1.6668697761839574E-002
  0.29455710470387370        1.3116161486377044E-002
   9.5612875310545242E-002   2.5127913673000962E-002
  0.16307262681347429        1.0602088710713380E-002
  0.19438825628297707        1.3917213258329682E-002
  0.40174267910342515        1.0555076789434181E-002
  0.70401729951428471       -2.7604670143527199E-003
  0.61305737906957802       -1.1527491207212459E-004
  0.63047564165645065       -1.3811317215394021E-003
  0.69062481875941550        4.4922859168688416E-003
  0.78854863502424566       -1.2436391499969313E-003
  0.92785747347738312        2.0479110461447654E-004
  0.90125713761163395       -4.5297425071958546E-003
  0.87398599986391978        3.3594982712548912E-003
  0.77954582944437012       -1.0845568661108529E-002
  0.80732567292268731        2.4618362171800252E-002
  0.87114434970078802       -3.8686800322529163E-002
  0.90885835917461477        4.1191537438215890E-004
  0.82796565183196691        2.3041674179984772E-003
  0.79579278285888622       -2.7525199677435008E-004
  0.80234684763748376       -1.2724938539822386E-003
  0.69632411214668377       -2.9124891541573404E-003
  0.75423766627096400        1.6272398366837053E-003
  0.83167586858926468       -1.8118724865727565E-004
  0.84569657841459434       0.16537621692818413     
  0.82761218190776076       0.15934392381651821     
  0.82893656786905090        2.5444023499378923E-002
  0.82889262152554877       0.16245428121964881     
  0.87291197098348561       0.15838180996555629     
  0.82160246376277934       0.16540010551223430     
  0.59762451783557058       0.19077796878947312     
  0.59784982456345792       0.19748407119543368     
  0.60450507928653885       0.19677924073786038     
  0.59859022937200057       0.19784547479312053     
  0.40931382401252325        7.1904269094688437E-003
  0.32737590955768070       -4.0428397746459149E-004
  0.33953869766704969        8.0264766956408590E-004
  0.37605024580380336       -4.8977605447199585E-004
  0.25453965075852947       -4.6278575108834206E-003
  -2.5316027344855829E-002   5.8068373183961623E-002
   8.3836909659741166E-002   6.6928927599418278E-002
  0.21989321858988875        7.8420673010781289E-002
  0.17206891979452968        6.1524758571879119E-002
  0.27309749488216056        3.4345231023820519E-002
   3.8690340136314449E-002   6.3733997491919478E-002
   9.4064257700666093E-002   4.5257741978062357E-002
  -5.5802309708770481E-002  0.10812904251234406     
  0.12806641397040786        6.0545584113714725E-002
  0.52125822539486466       -1.9673738106778019E-003
  0.45992533140607350        3.1601492638171458E-003
  0.47398136746287312       -3.5944424831929598E-003
  0.50348764529898959       -4.0640839485871225E-003
  0.38308160448299777        8.8320842817718771E-003
  0.38661306206979973        7.7012684142695968E-003
  0.33044884884693326        2.1670522914370286E-003
  0.34400615674682727        1.8489583781809297E-003
  0.37126572881675013        4.0539128396376491E-003
  0.27718486888320476        1.1603254861881261E-002
  0.86261059968660736       0.15621543594884907     
  0.88119615531849527       0.16669204073483934     
  0.85795845551303918       0.15831919765343447     
  0.85365148548691949       0.15216228660618406     
  0.88952846997208246       0.14958327736875440     
  0.84490908537516851       0.15520144799549179     
  0.76302864607574505       -2.0566632077150596E-002
  0.77228481866601995       -1.2701386721718732E-002
  0.67072984486279463       -4.1639714671229781E-003
  0.68846345508156848       -1.2944937963955926E-003
  0.73322538116873148       -5.6288340745692606E-003
  0.83036957266909128       -4.6381131940633384E-003
  0.25382179995387100       -1.8425442309917390E-003
  0.41500149302528155       -6.4994435822044718E-003
  0.39429840619115614       -1.5193500429710259E-003
  0.31036453102040629       -1.0268789279195456E-003
  0.34580450613934177       -2.8028151825057441E-004
   7.1699484317269135E-002   5.2825112062993246E-004
  0.28695659994994061       -2.3291142227196697E-004
  0.15052950290220157       -1.0360885492778609E-003
  0.17150562822004878        2.9107282886670050E-005
  -1.3536814403024788E-002  -2.7870839953360914E-003
  0.12578330236456017        1.0504469837238101E-003
  0.77499698396677186        1.7706911728363754E-002
  0.82952940684426968        8.3064049308213578E-004
  0.70292996862305868       -9.0239836387568228E-003
  0.72281008095099175        2.1763725522982606E-002
  0.75817722595925985       -7.8960665841218552E-003
  0.84972968800588655        8.2147199687336817E-002
  0.79702482321689538       0.17979436456887404     
  0.75813587409527905       0.16086609414302988     
  0.75684533887681493       0.16159190962225733     
  0.76486387467732886       0.16379153790527184     
  0.82595981864039458       0.16523917677199620     
  0.75935926673106480       0.16719070424129434     
  0.45775313527270672       0.14616974875789149     
  0.56117814269796207       0.13480062142992202     
  0.55008720409291900       0.13244874296649659     
  0.62000941269424359       0.12622566330818735     
  0.51673360161211346       0.13218300977472652     
  0.61077471120561999       0.13403129489593524     
  0.57496886693383142       0.16718654530471480     
  0.92910858667433160        4.4968026919053892E-003
  0.91087828107169366        4.2981282663374643E-003
  0.91886364424020117        1.4764253058574511E-003
  0.86500481639441629        7.5457911314361602E-003
  0.93568440075690895        8.4268154823119001E-004
  -6.3961220784643696E-002   9.6129781111855802E-004
  -5.5639372760625555E-002  -3.0777218663015225E-003
   8.7991341147047292E-002   1.1174027867113141E-003
  0.10943849291849619        4.3087592295885479E-004
  -9.0093516854385131E-002  -2.2641791912794453E-003
  -1.9309588102692621E-002   8.1385757764911872E-004
   1.1867798463986640E-002  -4.3943034735775886E-004
  0.72335581619338485       -6.3980360992366920E-003
  0.71504193392324211       -2.4152062409891399E-004
  0.61588230392354903       -1.6801410417189593E-004
  0.63238504195595535        3.3360350109583664E-003
  0.68243757263775850        4.1850298004085691E-003
  -5.3609679854827619E-002  0.15366162381360923     
  -6.5611086390570617E-002  0.11551612918117631     
  0.87681000391296093        8.7806748522432240E-002
  0.77591960500529622        4.9557197440978550E-002
  0.73813117935658701        3.7410694713585532E-002
  0.76909479554355886        4.7976232722304335E-002
  0.79844621829192541        6.5191784758076146E-002
  0.85832782445874756        6.2451256859090268E-002
  0.80244408898956709        8.2339747719577638E-002
  0.69731447136855951        1.8039901042231622E-002
  0.67251896714476123        9.4478455624341824E-003
  0.69407116956203363        7.0401137222157381E-004
  0.72105972583971711        6.7728585436055448E-003
  -8.7019723160946180E-002   1.3401480297468547E-003
  -3.3736187343709118E-002  -2.2287743463634928E-003
  0.14596762320594589        4.6502114942599477E-003
  0.11869688167341365       -5.4593737072498264E-003
  -9.6125706202874223E-002  -2.8915610890522516E-003
   4.6783484766969446E-003  -3.1479813156236563E-003
   4.1729050331856837E-002   1.0378312096303243E-003
  0.34297663675289802       0.15502508079457533     
  0.43955824374320407       0.15193625256534618     
  0.42877366808960971       0.14234849483706394     
  0.54147033918370946       0.14808115052818685     
  0.39351386773507990       0.15622842766649297     
  0.51113014227783227       0.16013105653987095     
  0.17027010244301893       0.24981006337795672     
  0.27319048765043591       0.23712981313967793     
  0.29142964691007356       0.27819200677065820     
  0.14930230035137476       0.24906902391523478     
   9.9920772010243131E-002  0.25112652606919900     
  0.28888494018489264       0.25379079357669648     
  0.25750324568495581       0.23963081729763375     
  0.69138554077886860       0.20000990441896402     
  0.66067836760528098       0.18849306004408550     
  0.66370562558481849       0.20000520977718561     
  0.66249523007149091       0.19102871679253400     
  0.65515245991323989       0.19544743668399317     
  0.43420441423882467       0.21606207179078721     
  0.43550465480276018       0.22397928138036893     
  0.44256199669022478       0.21680856679272215     
  0.43614420194600173       0.23013724365828847     
   4.0402288642787582E-002  -9.8763709137592026E-004
  0.11805131068025049       -4.1869643802628563E-004
  0.13850513645778451        2.6979917087478181E-003
  -3.7426859215923286E-002  -2.0610140261236542E-002
   9.3299029980481452E-002   1.2452667861203354E-003
   8.1533470279871817E-002  0.24713170551468802     
  0.17273036011833112       0.23721193722235798     
  0.99480282687182475        1.8930705919911962E-002
  0.98781530187140443        1.1916057871492762E-002
  0.99268333476695791        2.6299998063288428E-002
  0.99059617632689601        3.0246794274645942E-002
  0.98471910806337282        1.8192433725313806E-002
  0.99747547092712929        2.2596442649661611E-002
  0.99780532511541287        3.6811161512725413E-002
  0.99137329831689591        1.8706940296745276E-002
  0.96908569869311445        4.3737613825485785E-002
  0.99459229025367224        5.4220707082015401E-002
  0.92376846898649190        2.2100578287264510E-002
  0.97829219424037761        3.8172727753038857E-002
  0.87179970278132601        3.4166946097695702E-002
  0.91657854109229542        3.9101947776732475E-002
  0.94002788583894525        3.1988908536078074E-002
  0.96495832261850056        1.7970343024593889E-002
  0.93940120129624760        4.5846785742042269E-002
  0.11689689060658287       -1.9788785958775273E-003
  0.35890833216180573        3.0912012073850120E-003
  0.35914499211922379       -1.0990283110258188E-003
  0.12855382168040774       -6.3503376515465252E-003
  0.27099203863432719       -6.4708599269172379E-004
  0.30246893857388762       -7.8571204327096563E-004
  0.49843640981088966        9.8326762151727080E-003
  0.40021265817072132        4.4944733756782226E-003
  0.29627336267822785        4.1619556586150374E-005
  0.30861804926334802        1.0181072196445450E-004
  0.35205967080733769        9.7886086240164469E-004
  0.21390003047195943        1.4547404301936036E-003
  0.81182337140541039       -6.6559077245274684E-002
  0.82944923753797650        1.2596067335274474E-002
  0.72591056604434234        7.0879289311199635E-003
  0.74622711341536696        6.6438648602652759E-003
  0.78896929777420466       -5.4175284405365660E-003
  0.86908400434673028        2.9433060817074527E-002
  0.51468502598305377       0.16996716393424466     
  0.51178864348741149       0.16878339842997775     
  0.53001899597046720       0.17779457800968479     
  0.52748386953107573       0.19331008144297543     
  0.82798577381955540        2.5771873650454365E-003
  0.78328740650638617       -1.3529777179666987E-003
  0.69686834957307453       -1.1808690353571833E-003
  0.66645094445365349        7.4402037411422828E-004
  0.83457084282453842        7.6328347695225137E-004
  0.53728380009957966        2.6846181032148721E-003
  0.62346215231810065        1.0945867007753183E-002
  0.45172684388140882        2.3432810183311586E-003
  0.46496977288243085       -3.2395965922499021E-004
  0.50358659102238901       -4.8797874420135490E-003
  0.34008235349612131       -5.2858658594888007E-004
  0.31710057132364589       -3.0756226850504678E-003
  0.56437361246441275        1.0429660983790989E-003
  0.49818820120039914       -3.9392958123306140E-003
  0.51092201958756489       -2.6960714250803385E-003
  0.42289581549148975       -1.8727780249503010E-003
  0.45646964572808968       -1.1094276968550666E-003
  0.80386337622405168       -6.5629287989389468E-002
  0.87351487883967971        3.7236779886469638E-002
  0.73334271476693202        2.3331244339242788E-002
  0.75737307647388696        5.3890500421188120E-002
  0.79115579425567018       -2.5957776823408510E-002
  0.85314666012693097        1.1119219847883991E-003
  0.87935974310013121        4.7128949035861690E-003
  0.54365402381184635        8.2660410074114427E-002
  0.48620242014461124        5.3228857593158180E-002
  0.51064084950579147        7.3020605151964693E-002
  0.53585864338582057        7.8166746204510071E-002
  0.42080589936824508        9.1071406014058096E-002
  0.57936460909117815        9.4915412526753465E-002
  0.59332417077664268       0.12187381817133008     
  0.35848444389040723        9.4451464532240188E-003
  0.29738186766845770        1.1453759532210719E-003
  0.30988864294442336        3.0972946582373577E-004
  0.33913786386736028        4.0459565148590155E-003
  0.24380711998449739       -2.9440414659286200E-003
  0.87008106153621401        9.1890626038973619E-002
  0.86481942118056643        8.9232693140954458E-002
  0.89862260270961536        7.9305013365230340E-002
  0.88624879121091782       0.10785865931896235     
  0.82515161699744710        9.8507271950027134E-002
  0.89293088365159412        8.8057338305888105E-002
  0.86921993269289721       0.10911163290952455     
  0.98919228656059099       -3.3425157168294802E-003
  0.96772842202686404       -3.8818913480724538E-003
  0.96826631129452023        8.9833006876898162E-003
  0.95040982559432508       -1.3661553311033220E-002
  0.94990539273439856       -8.8073565653271145E-004
  0.99491242448111772        4.9149835120062069E-003
  0.97011601884183996       -2.4785332552559099E-003
  0.67856408807555124        5.4750847723127635E-004
  0.62652277600473605       -4.2505274616567703E-004
  0.63472307975849285       -1.3171948025796579E-003
  0.54684690098747335       -1.8023279581236178E-003
  0.58574932521757950        8.3129325865411764E-004
  0.68354494822675149        1.6411836388117915E-003
  0.87061231983475484       0.13246439172701949     
  0.82187553826613591       0.11013581044319495     
  0.78019423541515787       0.11128465476742398     
  0.81789695268489082       0.11089543821439511     
  0.83325885915201747       0.11116968048219136     
  0.88312795532394073       0.10889889671508828     
  0.82988265382476689       0.12766311865842941     
  -1.8210540629040733E-002  -4.2244938179285637E-004
  0.70061752928230714        9.8087097748654267E-004
  0.68725379327875513        9.4037645013731136E-004
  0.60014521131181164        1.0679193046887114E-003
  0.64458606861606282       -1.1549248023281166E-003
  0.74450203966657380        1.8992592505824720E-003
  0.89992055227050716        5.5251441139887595E-003
  0.87889127016224200        4.3041167197905104E-003
  0.88735206650333387        1.1148198628110624E-003
  0.74886650743441530       -1.3085628101525500E-003
  0.95423140461815747        6.9246880664974152E-003
  0.83572586993762765        5.5167347462069475E-003
  0.90691618877280700        2.1253009273816455E-003
  0.96270178154929531        8.4135536254450499E-002
  0.98020038666368381        8.2703558476082906E-002
  0.93887078302556826        7.5380639790021020E-002
  0.93460115283513567        5.4533390711802091E-002
  0.94664159810535720        6.4489324284025470E-002
  0.97208359888512141        7.1651545479248444E-002
  0.94150188548334102        9.0258191014254516E-002
  0.68366428395753931       0.22177906897442204     
  0.64117464974006644       0.19590597892690828     
  0.64219195961818520       0.20224077677783442     
  0.64602425345507364       0.19946131417052668     
  0.73425755043671026       0.21899558070053621     
  0.63958595217619041       0.20788173597004292     
  0.70157263967885741        2.4799101011279450E-002
  0.73476421169017936        8.4751966823167141E-004
  0.61780204047265452       -1.8370760649632202E-002
  0.63373550787663502       -1.0370612665447969E-002
  0.67371838063970235       -6.4404368176136234E-003
  0.80400061388779942        2.5476774128805581E-002
  0.96024684767686752        1.9621664489074078E-003
  0.92819973792895394       -8.6461834010806492E-004
  0.91694334676926204       -6.8462720169913715E-004
  0.86302902268649895        3.7369930714168309E-003
  0.94208624153897902        8.6660225717047866E-004
  -9.3265531653576816E-002   1.3724598829335260E-002
  0.68569162256917338       -5.3442707312885435E-003
  0.76307283861315056        3.7478703672659777E-002
  0.61624988641781564       -2.1772687804446937E-003
  0.63261562925130410        1.0759656352642602E-003
  0.66632393297653114        4.2652573153633314E-002
  0.80819825909158705       -3.3462569972034603E-002
  0.80101804496119822       -5.4098435224847240E-003
  0.78273909519160167        1.0679439633908623E-003
  0.68076222393886276       -1.1953104522261194E-003
  0.73878152792404128        8.8012785027625573E-004
  0.82781121818195824        8.7154376573935952E-004
