 cosx vtec
  0.77779992866595826       -9.6162401822252549E-004
  0.73749581170743583       -3.1685733285309186E-004
  0.84265564998666331        1.2930267714109428E-003
  0.80376487199684443        7.5567409252068395E-005
  0.74028456210684590        3.9073304018642291E-003
  0.74334472447006705       -7.3190681211835254E-004
  0.78873837732841245       -5.0381838196475351E-004
   4.7670984269555572E-002  -1.2897270245265243E-003
   5.7998579327671496E-002  -1.5853890733796313E-003
  -1.5880061456575001E-002   2.7911010227498938E-003
   7.4052996465597321E-002   2.5617719413499748E-004
  0.12003983287551090        1.3981685127904576E-003
  -3.7692471942355477E-002  -5.1007868414364495E-003
  0.73661435545675458       -1.4334823602417959E-004
  0.69004171800628467        9.1280395362138908E-005
  0.79480988490952842        2.6484931139093269E-003
  0.71056971797186652        2.4790802105653944E-003
  0.59015859887736000        4.0766235908728171E-004
  0.76284933963991430       -1.5515789069554193E-003
  0.69749450587332928       -3.5281456368758475E-003
  0.69304107338085208       -1.1035258684171378E-003
  0.72913086529371052        4.7901094501673130E-004
   9.5215419619006508E-003  0.23299099210043162     
   5.0456406854448854E-003  0.23848472930534723     
  -7.4424404795146004E-002  0.24579306243113461     
  -3.6213247098610263E-002  0.24387617783107565     
  -2.8187794691779039E-002  0.23595003965126718     
  0.18315261632132002        1.5687779507678255E-003
  -7.7168440555785714E-002   2.7623175054397550E-003
   9.4956887868503315E-002   4.0197458449612528E-003
  0.11009812694981982       -4.7835043372671920E-004
   6.5411424002708801E-002  -3.4377783499088652E-003
  0.31646859847850184       0.24536648206127828     
  0.12707631429083455       0.18116790074331321     
  0.15394644910537020       0.18711093450550123     
   7.5399674525751026E-002  0.18987606643068172     
  0.23909444154912290       0.21150504713415480     
   8.2677337592515276E-002  0.18739092016021178     
  0.10530882196860919       0.18751340178758585     
  0.76532770257108251        1.7863194930720187E-002
  0.74027552267511121        1.9575283317887330E-002
  0.64605580508939764        3.0287222014354839E-002
  0.66688931290130637        1.6668697761839574E-002
  0.59018591429838496        1.3116161486377044E-002
  0.75723120170440394        2.5127913673000962E-002
  0.67939906881019729        1.0602088710713380E-002
  0.69183710371650364        1.3917213258329682E-002
  0.54192488312266096        1.0555076789434181E-002
  -1.6077497075073832E-002   2.3041674179984772E-003
  -2.0044144396596519E-003  -2.7525199677435008E-004
  -5.9072661262583204E-002  -1.2724938539822386E-003
   4.4868244981581873E-002  -2.9124891541573404E-003
   5.7681828828464399E-002   1.6272398366837053E-003
  -7.0596190721433361E-002  -1.8118724865727565E-004
   1.2280815812637402E-002  0.15282663361311893     
   4.9245812953587487E-002  0.18282056158905738     
   1.7866101777906651E-002  0.16106935157295429     
  -7.3326014474849099E-002  0.15907872351079722     
  0.16708341380937780       0.19583999216562853     
  -1.7420449760175427E-003  0.15789407856856472     
  -8.7347509625133046E-003  0.15939434382024795     
  0.93344075146247585        5.2849905566731969E-002
  0.90171570874616380        3.8106920053663500E-002
  0.96420025226813189        6.3276848475789002E-002
  0.87391407920066211        7.0919116972806243E-002
  0.94715697839966384       0.10519336145341916     
  0.89638678502488400        5.0497807114577992E-002
  0.88852070297345653       0.10388572255787835     
  0.92121667483012715        5.3512534605510184E-002
  0.94835008003188126        7.5890816554633062E-002
  0.82691918173790901        6.5135368128468984E-002
  0.97583516817099092        6.0586009130342254E-002
  0.52173364462915028       -1.1004490245101013E-003
  0.47661867043734368       -8.3599036980587562E-005
  0.47485257839285144       -7.6881997226430749E-004
  0.58946520676738123       -1.8436084074217239E-004
  0.47385037270929387        8.0550389157429145E-004
  0.49423892262086999        9.8471546486337408E-004
  0.44340857801632338       -6.6271548454806327E-004
  0.84642056493029838        5.8068373183961623E-002
  0.80848306687862437        6.6928927599418278E-002
  0.72755831809502725        7.8420673010781289E-002
  0.75000688209437316        6.1524758571879119E-002
  0.65042009571354986        3.4345231023820519E-002
  0.82790217965456658        6.3733997491919478E-002
  0.76945273791157198        4.5257741978062357E-002
  0.89020514218773616       0.10812904251234406     
  0.77522889088064395        6.0545584113714725E-002
  0.12917691836956907        9.8655685494388690E-002
  0.18005743315201017       0.13308650335389738     
  0.18794524237506816        5.5964969898950119E-002
  0.13740341043712789       0.10687066290385225     
   3.4953280613833737E-002  0.10745699758102502     
  0.27439839454957754       0.13555866064375602     
  0.11410380098214790        9.3728464902475037E-002
  0.10927763495487519       0.10544067617861003     
  0.85697024141637901        4.4498150413293282E-003
  0.82361189454303840        1.7487307358282290E-002
  0.91519524437135025        4.1352447010887541E-002
  0.80287408375211833        2.9894771136291815E-002
  0.87853695015972832        4.3363388991551628E-002
  0.81919600553518601       -3.1374722056225199E-002
  0.82062476533198048        4.4487769866509388E-002
  0.84248707746675500        9.1331953273705319E-003
  0.89145987354283684        3.6179897849154104E-002
  0.76965789425915665        1.7362169594392445E-002
  0.92908459486970330        2.1612762921603676E-002
  0.19776716046929227       -1.8425442309917390E-003
  0.20908352608594455       -6.4994435822044718E-003
  0.13033689259960113       -1.5193500429710259E-003
  0.19041555891871983       -1.0268789279195456E-003
  0.24717115908396697       -2.8028151825057441E-004
  0.76452595286729585        1.2428388263224378E-003
  0.72645455603444786       -2.6804108066335843E-004
  0.84884778674461647        5.3309663252945824E-003
  0.79386972567387626       -1.7674594537552189E-004
  0.72684204593454915        1.4058700887975260E-003
  0.73500387437190873        3.4385848994467221E-003
  0.88891343892051267        7.1561491682741601E-004
  0.67343106929832008       -1.9313477136490538E-003
  0.79925585175317648        4.6256906650562378E-004
  0.67357183236763163       0.26215514191980205     
  0.60220586011344723       0.25579646739042927     
  0.64773250966438067       0.25371490527562868     
  0.52951423144327214       0.14616974875789149     
  0.42174915985796479       0.13480062142992202     
  0.43965491323388239       0.13244874296649659     
  0.36584095443127507       0.12622566330818735     
  0.47662232497138635       0.13218300977472652     
  0.37034758723460037       0.13403129489593524     
  0.38728539318478561       0.16718654530471480     
  -6.4644375015006361E-002   7.5457911314361602E-003
  0.65550101259342997        4.5253359407055623E-004
  0.59695303297479418        9.6129781111855802E-004
  0.71922878162979065       -3.0777218663015225E-003
  0.60839944720247852        1.1174027867113141E-003
  0.51961218611500715        4.3087592295885479E-004
  0.68693354638375448       -2.2641791912794453E-003
  0.61218794148711186       -1.7650548315984085E-003
  0.59703007136680764        8.1385757764911872E-004
  0.63045153372469809       -4.3943034735775886E-004
  0.99279842405413754       0.13828575727672404     
  0.97944955432288616       0.13496985917050677     
  0.94088848191472318       0.17457448895407282     
  0.98597788728013824       0.13312764346030101     
  0.97250319663165130       0.13731931094613789     
  0.98465653946081055       0.14286392655987321     
  0.23950759801333060        1.8039901042231622E-002
  0.25467334783478873        9.4478455624341824E-003
  0.20152370492792721        7.0401137222157381E-004
  0.19013988985811298        6.7728585436055448E-003
  0.48899648197140122        1.3401480297468547E-003
  0.41731400407211500       -2.2287743463634928E-003
  0.45105967052783880        4.6502114942599477E-003
  0.35093046465381450       -5.4593737072498264E-003
  0.55806675453034438       -2.8915610890522516E-003
  0.43135933043839114       -3.4230545147837048E-003
  0.41856999967539993       -3.1479813156236563E-003
  0.47220925035701844        1.0378312096303243E-003
  0.75036410067835357        7.8589178373334942E-004
  0.71391034156381739        8.1466062100912489E-003
  0.85464647846616570       -1.6584863994053397E-002
  0.70256109425459223       -1.3931294641972591E-003
  0.78248190838667453        5.5444735493517883E-003
  0.71165976962308575        9.1762047814772235E-003
  0.72784476866306302       -1.2828109273727184E-002
  0.84051671433155262        3.2156347579018912E-003
  0.67081527810606489       -1.6253284049114482E-003
  0.83312426092566727        7.0115968919918338E-003
  0.62074529474371076       0.15502508079457533     
  0.53176474644788552       0.15193625256534618     
  0.55079597426900295       0.14234849483706394     
  0.45372426848349173       0.14808115052818685     
  0.58564996764451904       0.15622842766649297     
  0.46905464592813295       0.16013105653987095     
  0.54529443906372876       0.24981006337795672     
  0.44672498865287219       0.23712981313967793     
  0.48117544551289981       0.27819200677065820     
  0.47683212722724327       0.24906902391523478     
  0.55098370871515301       0.25112652606919900     
  0.38062090533011972       0.25379079357669648     
  0.42194608581726950       0.23963081729763375     
  0.93912693191556407       0.12439328161424504     
  0.94841636976717636       0.12268714835724899     
  0.86545222570457092       0.13250280893800487     
  0.89441710553838571       0.14929554268333578     
  0.94331518426257210       0.12294461422415401     
  0.87510920557215943       0.13888483793408246     
  0.92511126179392833       0.16177407630208820     
  0.99004924014478091       0.14745223535839036     
  0.15448164330039008       0.24713170551468802     
  0.10880940092360808       0.23721193722235798     
  0.45966749542264629        1.2527483998860428E-003
  0.54088821978778723       -1.7301745083221845E-004
  0.40703785865575459       -3.1242440398636237E-003
  0.41207111303248678       -1.7347450135841900E-003
  0.36848320269834334        2.6230552523900720E-003
  0.47794189461303532       -1.9788785958775273E-003
  0.35975981805972818        3.0912012073850120E-003
  0.29208786750989457       -1.0990283110258188E-003
  0.54235536293514597       -6.3503376515465252E-003
  0.35357911301530909       -6.4708599269172379E-004
  0.39001347968593120       -7.8571204327096563E-004
  0.23776727897708985        9.8326762151727080E-003
  0.89027334135765546        9.9820059252443555E-003
  0.84939466209848447       -3.7000416006854219E-004
  0.90886056330760212        1.8675346546876515E-002
  0.85544597053415905        1.4043305679535661E-002
  0.90160603228074976        1.3691458398637160E-002
  0.85650096644320195       -3.2657256707119119E-003
  0.85239415295927157        3.4037502207289396E-003
  0.95855684007428177        3.1281954673396055E-002
  0.87720706603651610        1.2257620280420930E-002
  0.37481361896523224       -3.0756226850504678E-003
  0.32618277956482322        1.0429660983790989E-003
  0.33882602782129367       -3.9392958123306140E-003
  0.28163153735535296       -2.6960714250803385E-003
  0.34902562749234201       -1.8727780249503010E-003
  0.37116331957675236       -1.1094276968550666E-003
  0.26441150368258542        9.8461162684642806E-002
  0.30609781276632592       0.13174878465105111     
  0.31350070046599210        7.6485740926834231E-002
  0.27173186846967368       0.10454917800673171     
  0.15090778403423794       0.11754210326410783     
  0.37384391955009988       0.11888509311478077     
  0.24820800972787682        9.7090992999645923E-002
  0.24392947601888143       0.10509869906497141     
  0.67996764341813298       0.24900590984499346     
  0.59693053327853629       0.22365486852961142     
  0.58453994346603366       0.31946926041257023     
  0.60070868158623514       0.23657501750403848     
  0.74398719688422232       0.27576256098499924     
  0.59496543056051887       0.24673764574183799     
  0.64373047227298752       0.23544226493101264     
  0.45371307017455181       0.16105346369551943     
  0.54284365201991536       0.27503329833987039     
  0.54997058334831705       0.28070750620823104     
  0.89308356241103914       0.13561832585111258     
  0.89988620684463083       0.14488049082489490     
  0.81007599366997518       0.14099650179983431     
  0.83421217572376793       0.14005128467219471     
  0.89485731347818098       0.12712883641484735     
  0.81770288713214490       0.14563795754615758     
  0.86667317591368054       0.14434854905661090     
  -3.5455820414715344E-002   9.1890626038973619E-002
  -1.2820746808520855E-002   8.9232693140954458E-002
  -7.4443518223448912E-002   7.9305013365230340E-002
  -9.6768000797428699E-002  0.10785865931896235     
   6.8428330705370577E-002   9.8507271950027134E-002
  -7.5598047870878649E-002   8.8057338305888105E-002
  -6.0138716093362077E-002  0.10911163290952455     
  0.18331600832788786        5.4750847723127635E-004
  0.19482248494659754       -4.2505274616567703E-004
  0.13908939072431098       -1.3171948025796579E-003
  0.21248835986373527       -1.8023279581236178E-003
  0.23492427853853060        8.3129325865411764E-004
  0.11994485841124608        1.6411836388117915E-003
  0.60074986306060929        8.4916412160106983E-004
  0.54838130174426314       -5.4668864384596884E-005
  0.72992901863990778       -1.3352013552095448E-003
  0.46394376678703841       -4.2244938179285637E-004
  0.64696448011212293       -3.3303824079798957E-003
  0.55505544733409395        2.9710001599958600E-004
  0.55224423515377041        4.4567733278943306E-004
  0.60571176239601066       -2.3710797897497052E-003
  -6.0400111644124788E-002   9.8087097748654267E-004
  -5.4427845974898470E-002   1.0679193046887114E-003
   1.0163908351866424E-002  -1.1549248023281166E-003
  -7.4661471449728456E-003  -1.3085628101525500E-003
  -2.2026741858984844E-002   5.5167347462069475E-003
  0.56058162366807807       -8.5020807505557317E-004
  0.61940115308780852       -1.5506346889086720E-004
  0.51531302409892343       -5.1013352026934482E-003
  0.53031190191033717       -2.5845571095877728E-003
  0.48238812984536383        4.6924016013175840E-003
  0.87849688749405952        8.3818313049875796E-003
  0.83611420845902540        2.6070822242617044E-003
  0.89516499661070170        1.8072617873496892E-002
  0.83955478348820745        1.3724598829335260E-002
  0.88924771208521691        1.3313824791760968E-002
  0.84508292658489448        2.0056339037771636E-004
  0.83811917566772398        4.3708906987681489E-003
  0.95359995355380400        3.5249432613144997E-002
  0.86163922675273485        1.1506305277751162E-002
  -9.7642820621197890E-002   8.8012785027625573E-004
