 cosx vtec
  0.26845894039279250       -9.6162401822252549E-004
  0.25964633520231428       -3.1685733285309186E-004
  0.35808786666529319        1.2930267714109428E-003
  0.29775973102398490        7.5567409252068395E-005
  0.20953634080260006        3.9073304018642291E-003
  0.30481481201934191       -7.3190681211835254E-004
  0.38645552483312295       -5.0381838196475351E-004
  0.88990235807896634       -1.2897270245265243E-003
  0.82717741585056759       -1.5853890733796313E-003
  0.76370567907585829        2.7911010227498938E-003
  0.73624129003410355        2.5617719413499748E-004
  0.82360211947812656        1.3981685127904576E-003
  0.80447086402162893       -5.1007868414364495E-003
  0.41865317769220434       -1.4334823602417959E-004
  0.40957592493991390        9.1280395362138908E-005
  0.50698930524826524        2.6484931139093269E-003
  0.61439120680217973        2.4790802105653944E-003
  0.56802313355976053        4.0766235908728171E-004
  0.45054402472309019       -1.5515789069554193E-003
  0.34303106019313867       -3.5281456368758475E-003
  0.45491494004303734       -1.1035258684171378E-003
  0.52003088496167582        4.7901094501673130E-004
  0.84887035273250833       0.24536648206127828     
  0.82587204857831908       0.18116790074331321     
  0.85690588360389286       0.18711093450550123     
  0.78632179259555901       0.18987606643068172     
  0.89241250123340854       0.21150504713415480     
  0.83531626691714334       0.18739092016021178     
  0.79464645550183599       0.18751340178758585     
  0.74914846223621900        1.7863194930720187E-002
  0.83405966457343872        1.9575283317887330E-002
  0.91400771165426076        3.0287222014354839E-002
  0.87200809471248464        1.6668697761839574E-002
  0.87134158763569847        1.3116161486377044E-002
  0.79880998732400044        2.5127913673000962E-002
  0.80895225671093229        1.0602088710713380E-002
  0.84834009764408824        1.3917213258329682E-002
  0.93725924668822214        1.0555076789434181E-002
  0.18253966385941889       -2.7604670143527199E-003
   1.2345171154578338E-002  -1.1527491207212459E-004
  -4.3280195709015645E-003  -1.3811317215394021E-003
   2.3164995781540909E-002   4.4922859168688416E-003
  0.25236421069463555       -1.2436391499969313E-003
  0.62080830844825563        2.0479110461447654E-004
  0.30131229422004735       -4.5297425071958546E-003
  0.42816721334497260        3.3594982712548912E-003
  0.21014523651695829       -1.0845568661108529E-002
  0.19696026369001959        2.4618362171800252E-002
  0.27009473841168230       -3.8686800322529163E-002
  0.45086000986159280        4.1191537438215890E-004
  0.90437083154789810        2.3041674179984772E-003
  0.88693850049429090       -2.7525199677435008E-004
  0.84669184790793306       -1.2724938539822386E-003
  0.83102234306101996       -2.9124891541573404E-003
  0.89653580887293360        1.6272398366837053E-003
  0.86429567643283889       -1.8118724865727565E-004
  0.52087280899397714       0.16537621692818413     
  0.39861288858231325       0.15934392381651821     
  0.35960223211095399        2.5444023499378923E-002
  0.45267195757279960       0.16245428121964881     
  0.50780402400369407       0.15838180996555629     
  0.46621073897175658       0.16540010551223430     
   3.3711654189633511E-002   5.2849905566731969E-002
   1.8867905673277952E-002   3.8106920053663500E-002
  0.10438279303937326        6.3276848475789002E-002
   6.0105937045667079E-002  0.10519336145341916     
  -3.4689370451282286E-002   5.0497807114577992E-002
  0.10945950042969549        5.3512534605510184E-002
   3.5910247039534327E-002   7.5890816554633062E-002
  0.21763675736499383        6.0586009130342254E-002
   9.4313469063657715E-002  0.19077796878947312     
   6.7015583815188767E-002  0.19748407119543368     
  0.14271800426095615       0.19677924073786038     
  0.15763071552453697       0.19784547479312053     
  0.74115022954130949        5.8068373183961623E-002
  0.81893132376843092        6.6928927599418278E-002
  0.89136020015613937        7.8420673010781289E-002
  0.86449450382250492        6.1524758571879119E-002
  0.89373702782377407        3.4345231023820519E-002
  0.78963254823434281        6.3733997491919478E-002
  0.80558707561864951        4.5257741978062357E-002
  0.73250818768883019       0.10812904251234406     
  0.84022741468227646        6.0545584113714725E-002
  -7.6906388166109396E-002   4.4498150413293282E-003
  -8.6623225956208388E-002   1.7487307358282290E-002
   1.3575429358310076E-002   4.1352447010887541E-002
  -4.8865145444182079E-002   4.3363388991551628E-002
  -1.0368969154144148E-002   9.1331953273705319E-003
  -7.3084946087010022E-002   3.6179897849154104E-002
  0.15442246213363875        2.1612762921603676E-002
  0.62569722298267294       0.15621543594884907     
  0.69893255454978820       0.16669204073483934     
  0.50842393116630680       0.15831919765343447     
  0.56912880066026528       0.15216228660618406     
  0.61688280043102095       0.14958327736875440     
  0.58136955618839514       0.15520144799549179     
   4.1694942442630945E-002  -2.0566632077150596E-002
  0.17417058336350053       -1.2701386721718732E-002
  -1.1090011600145555E-002  -4.1639714671229781E-003
  -1.4772527573368777E-002  -1.2944937963955926E-003
   2.0645896908920935E-002  -5.6288340745692606E-003
  0.21694351052768640       -4.6381131940633384E-003
  0.50855480887934890       -1.8425442309917390E-003
  0.68570346624237100       -6.4994435822044718E-003
  0.59756439808899420       -1.5193500429710259E-003
  0.56149456983515955       -1.0268789279195456E-003
  0.64646798640369529       -2.8028151825057441E-004
  -7.3221077200573220E-002  -2.3291142227196697E-004
  0.10775185640761908        1.2428388263224378E-003
   9.9795638877382964E-002  -2.6804108066335843E-004
  0.21176798024222326        5.3309663252945824E-003
  0.13742884989766149       -1.7674594537552189E-004
   5.8951750324018254E-002   1.4058700887975260E-003
  0.14658981464778109        3.4385848994467221E-003
  0.10658283806117658        7.1561491682741601E-004
  0.26119661850507625        4.6256906650562378E-004
   1.7526493332800430E-002   1.7706911728363754E-002
  0.16889876583890021        8.3064049308213578E-004
  -5.4167446056489099E-002  -9.0239836387568228E-003
  -4.2935110657582376E-002   2.1763725522982606E-002
  -2.0482367404350277E-003  -7.8960665841218552E-003
  0.13618480057708965        8.2147199687336817E-002
  0.31374191031108706       0.26215514191980205     
  0.23504214349655969       0.25579646739042927     
  0.24826364394098543       0.25371490527562868     
  0.37865239147506058       0.17979436456887404     
  0.23518443335828607       0.16086609414302988     
  0.20675527158350121       0.16159190962225733     
  0.28517509278449016       0.16379153790527184     
  0.35725987391837671       0.16523917677199620     
  0.30115586109552778       0.16719070424129434     
  0.95846204716802019       0.14616974875789149     
  0.97405826827049236       0.13480062142992202     
  0.98087992963286330       0.13244874296649659     
  0.99813556012760729       0.12622566330818735     
  0.97887449993141440       0.13218300977472652     
  0.98456581317116865       0.13403129489593524     
  0.95244680002450532       0.16718654530471480     
  0.85938758861239628        4.4968026919053892E-003
  0.86175781479111158        4.2981282663374643E-003
  0.81889660994388369        1.4764253058574511E-003
  0.89785534623446961        7.5457911314361602E-003
  0.82598186383667305        8.4268154823119001E-004
  0.51738637809766008        4.5253359407055623E-004
  0.50947265486948734        9.6129781111855802E-004
  0.61697712862532716       -3.0777218663015225E-003
  0.67772943061991464        1.1174027867113141E-003
  0.62791396914824482        4.3087592295885479E-004
  0.55519571097524067       -2.2641791912794453E-003
  0.42031304413316961       -1.7650548315984085E-003
  0.55663513430809852        8.1385757764911872E-004
  0.61646417216809346       -4.3943034735775886E-004
  0.29253287011616058       0.13828575727672404     
  0.35028206105764509       0.13496985917050677     
  0.26810092782293499       0.17457448895407282     
  0.32337661278664404       0.13312764346030101     
  0.29796141141335403       0.13731931094613789     
  0.42630077260561988       0.14286392655987321     
   1.0593938018110816E-003  -6.3980360992366920E-003
  0.13745369898216830       -2.4152062409891399E-004
  -3.9766762201595474E-002  -1.6801410417189593E-004
  -4.9028368964630920E-002   3.3360350109583664E-003
  -2.0029450579800767E-002   4.1850298004085691E-003
  0.31447797088134011        8.7806748522432240E-002
   6.4572692497873202E-002   4.9557197440978550E-002
  -2.3321581736455155E-002   3.7410694713585532E-002
   4.4625756737242339E-002   4.7976232722304335E-002
  0.12495250553053866        6.5191784758076146E-002
  0.20172666794147079        6.2451256859090268E-002
  0.16227713169188157        8.2339747719577638E-002
  0.98320711052817378        1.8039901042231622E-002
  0.97366876996607643        9.4478455624341824E-003
  0.95358744274434748        7.0401137222157381E-004
  0.96829422622668226        6.7728585436055448E-003
  0.39494010478503438        1.3401480297468547E-003
  0.39121393559372608       -2.2287743463634928E-003
  0.60940547789490129        4.6502114942599477E-003
  0.49674779236701810       -5.4593737072498264E-003
  0.44311773035537799       -2.8915610890522516E-003
  0.32112033385555061       -3.4230545147837048E-003
  0.43321553610449826       -3.1479813156236563E-003
  0.51760876460040972        1.0378312096303243E-003
  -9.1402915399029394E-002   7.8589178373334942E-004
  -9.8966777705549402E-002   8.1466062100912489E-003
   3.2466585178670626E-002  -1.6584863994053397E-002
  -6.0113444040845482E-002   5.5444735493517883E-003
  -4.2348114541896714E-002  -1.2828109273727184E-002
  -8.4322152170887038E-002   3.2156347579018912E-003
  0.14794368656441115        7.0115968919918338E-003
  0.91058176381502176       0.15502508079457533     
  0.93509501755116486       0.15193625256534618     
  0.94334585565180107       0.14234849483706394     
  0.98917294067872175       0.14808115052818685     
  0.93736097775973082       0.15622842766649297     
  0.95951989477786581       0.16013105653987095     
  0.62627651593459188       0.24981006337795672     
  0.64893483446509637       0.23712981313967793     
  0.70332940025742985       0.27819200677065820     
  0.53671183363242425       0.24906902391523478     
  0.55180353953272654       0.25112652606919900     
  0.60372712400682860       0.25379079357669648     
  0.60725035250712811       0.23963081729763375     
  0.36879648384596941       0.20000990441896402     
  0.23570302975542956       0.18849306004408550     
  0.20111386017683816       0.20000520977718561     
  0.28506072067843008       0.19102871679253400     
  0.29736029246986151       0.19544743668399317     
  -4.7485959421712104E-002  0.21606207179078721     
  -7.4474135390096313E-002  0.22397928138036893     
   2.6552725744003469E-003  0.21680856679272215     
   1.7915525879385830E-002  0.23013724365828847     
   8.1632794555453470E-003  0.12439328161424504     
   7.3921731783439859E-002  0.12268714835724899     
  -1.2072904569176035E-002  0.14929554268333578     
   3.6658672951790205E-002  0.12294461422415401     
  -9.1547570459180300E-002  0.13888483793408246     
   1.0592563280403700E-002  0.16177407630208820     
  0.23522635196665626       0.14745223535839036     
  0.16296196436426319       0.24713170551468802     
  0.22212224155025839       0.23721193722235798     
   3.9608564942977875E-002   1.2527483998860428E-003
   8.9178284629441634E-002  -1.7301745083221845E-004
  -4.5203996187938855E-003  -3.1242440398636237E-003
   7.4176106129106856E-002  -1.7347450135841900E-003
  0.71228610222953870        1.8930705919911962E-002
  0.74261465169688101        1.1916057871492762E-002
  0.54796879511681207        2.6299998063288428E-002
  0.67373266637623996        3.0246794274645942E-002
  0.49429826485712497        1.8192433725313806E-002
  0.64346411077431320        2.2596442649661611E-002
  0.67006013462250835        3.6811161512725413E-002
  0.67408956394255692        1.8706940296745276E-002
  0.49826837184078354        4.3737613825485785E-002
  0.62054696164457934        5.4220707082015401E-002
  0.32437852348703289        2.2100578287264510E-002
  0.46447972980941354        3.8172727753038857E-002
  0.18147769906109765        3.4166946097695702E-002
  0.29685273485340041        3.9101947776732475E-002
  0.39047745869370876        3.1988908536078074E-002
  0.43304628281425622        1.7970343024593889E-002
  0.42236963451115622        4.5846785742042269E-002
  0.60133464348908106       -1.9788785958775273E-003
  0.75364270017238655        3.0912012073850120E-003
  0.69787876895133849       -1.0990283110258188E-003
  0.66634698835431028       -6.3503376515465252E-003
  0.65825965069432735       -6.4708599269172379E-004
  0.72086567539913449       -7.8571204327096563E-004
  0.79436771680273810        9.8326762151727080E-003
  0.10327479877004736       -6.6559077245274684E-002
  0.23188653975278767        1.2596067335274474E-002
   3.5353265155761149E-002   7.0879289311199635E-003
   3.7779219330907665E-002   6.6438648602652759E-003
   8.1591135562569417E-002  -5.4175284405365660E-003
  0.25617505890029291        2.9433060817074527E-002
  -9.4546425202692325E-002  0.16996716393424466     
  -4.2821278082289388E-002  0.17779457800968479     
  -2.0901383496504583E-002  0.19331008144297543     
  0.47739857301544070        9.9820059252443555E-003
  0.45993569102662479       -3.7000416006854219E-004
  0.54230367581785799        1.8675346546876515E-002
  0.64682271980937545        1.4043305679535661E-002
  0.50642214866071766        1.3691458398637160E-002
  0.37055411457360443       -3.2657256707119119E-003
  0.51919104090921808        3.4037502207289396E-003
  0.46695068789755945        3.1281954673396055E-002
  0.57068056818309776        1.2257620280420930E-002
  0.63808968574952507        2.5771873650454365E-003
  0.48495595912976380       -1.3529777179666987E-003
  0.26187482056060329       -1.1808690353571833E-003
  0.48576042382617757        7.4402037411422828E-004
  0.52317351328293760        7.6328347695225137E-004
  -5.6751651069791798E-002   1.0945867007753183E-002
  0.72334121515542626       -3.0756226850504678E-003
  0.92959478901568138        1.0429660983790989E-003
  0.87596559245151573       -3.9392958123306140E-003
  0.84264890634883816       -2.6960714250803385E-003
  0.80954424673455450       -1.8727780249503010E-003
  0.86071172722233491       -1.1094276968550666E-003
   5.4930917376336263E-002  -6.5629287989389468E-002
  0.21543573923472148        3.7236779886469638E-002
  -3.6680617454628639E-002   2.3331244339242788E-002
  -1.3037371171782608E-002   5.3890500421188120E-002
   3.5262496976401159E-002  -2.5957776823408510E-002
  0.14676420665571799        1.1119219847883991E-003
  0.19834224376967566        4.7128949035861690E-003
  0.18738105117098341       0.24900590984499346     
  0.32490527781878276       0.31946926041257023     
  0.10396326809496262       0.23657501750403848     
  0.16642258344443833       0.27576256098499924     
   3.5244315452537117E-002  0.24673764574183799     
  0.11678733952034745       0.23544226493101264     
  0.20854779639445831       0.16105346369551943     
  0.19313025106865234       0.27503329833987039     
  -3.2271650319606521E-002  0.28070750620823104     
  -8.5584213518537622E-002  0.13561832585111258     
  -1.4072004530439608E-002  0.14488049082489490     
  -5.4901516848795240E-002  0.12712883641484735     
  -8.4147063628208785E-002  0.14434854905661090     
  0.90207072768816965        9.1890626038973619E-002
  0.91950284295011608        8.9232693140954458E-002
  0.90654667708601699        7.9305013365230340E-002
  0.86096693142245506       0.10785865931896235     
  0.95112541926653682        9.8507271950027134E-002
  0.89358556443561887        8.8057338305888105E-002
  0.87465789659570170       0.10911163290952455     
  0.66597133079135196       -3.3425157168294802E-003
  0.68301785034390694       -3.8818913480724538E-003
  0.44840259904970359        8.9833006876898162E-003
  0.57414471752222829       -1.3661553311033220E-002
  0.40566329242460353       -8.8073565653271145E-004
  0.56900209441590277        4.9149835120062069E-003
  0.58259217341404756       -2.4785332552559099E-003
  0.92567102729218187        5.4750847723127635E-004
  0.88561445580289178       -4.2505274616567703E-004
  0.84843008693955968       -1.3171948025796579E-003
  0.82193694592846411       -1.8023279581236178E-003
  0.87837058265491463        8.3129325865411764E-004
  0.88004924167832654        1.6411836388117915E-003
  0.38802378637667212       0.13246439172701949     
  0.22625234887259765       0.11013581044319495     
   7.7577783038092513E-002  0.11128465476742398     
  0.20107490815689438       0.11089543821439511     
  0.27956458017998176       0.11116968048219136     
  0.34279225708249267       0.10889889671508828     
  0.30107950411015150       0.12766311865842941     
  0.31019911947686152        8.4916412160106983E-004
  0.30410219624235030       -5.4668864384596884E-005
  0.44364458895324693       -1.3352013552095448E-003
  0.44717995269601252       -4.2244938179285637E-004
  0.34767197928674759       -3.3303824079798957E-003
  0.25048270116814031        2.9710001599958600E-004
  0.34481390051313160        4.4567733278943306E-004
  0.43291375407694099       -2.3710797897497052E-003
  0.74705474121121129        9.8087097748654267E-004
  0.67114535929199415        9.4037645013731136E-004
  0.65100728374901373        1.0679193046887114E-003
  0.75093020452786485       -1.1549248023281166E-003
  0.71198829046104373        1.8992592505824720E-003
  0.88423393719050092        5.5251441139887595E-003
  0.88161497310254366        4.3041167197905104E-003
  0.84179000719174879        1.1148198628110624E-003
  0.83853543020093324       -1.3085628101525500E-003
  0.83865549339241441        6.9246880664974152E-003
  0.90637717242003801        5.5167347462069475E-003
  0.85139578597552190        2.1253009273816455E-003
  0.56937952166419403        8.4135536254450499E-002
  0.65684046312446354        8.2703558476082906E-002
  0.42786235123609129        7.5380639790021020E-002
  0.39288614367655195        5.4533390711802091E-002
  0.49113987970728423        6.4489324284025470E-002
  0.53242978752201697        7.1651545479248444E-002
  0.51290356532181369        9.0258191014254516E-002
  0.31222792702669389       0.22177906897442204     
  0.16520812393991152       0.19590597892690828     
  0.13542343207202251       0.20224077677783442     
  0.21365265016040264       0.19946131417052668     
  0.31040963036010455       0.21899558070053621     
  0.22745842729705973       0.20788173597004292     
  -5.9814098245029035E-002   2.4799101011279450E-002
   8.8884060477729010E-002   8.4751966823167141E-004
  -7.9543990840611867E-002  -6.4404368176136234E-003
  0.14035148611082396        2.5476774128805581E-002
  0.73613592177346154        1.9621664489074078E-003
  0.72875606776770918       -8.6461834010806492E-004
  0.64326375657531665       -6.8462720169913715E-004
  0.81632146588727927        3.7369930714168309E-003
  0.65759799020910747        8.6660225717047866E-004
  0.51125319724157225        8.3818313049875796E-003
  0.49317875611672812        2.6070822242617044E-003
  0.57676469990566259        1.8072617873496892E-002
  0.66943381795744439        1.3724598829335260E-002
  0.54118299511258927        1.3313824791760968E-002
  0.39547437387777762        2.0056339037771636E-004
  0.55316084574558722        4.3708906987681489E-003
  0.49856378267557644        3.5249432613144997E-002
  0.60268066066551351        1.1506305277751162E-002
   7.0133586571189066E-002   3.7478703672659777E-002
   9.1281113659610807E-002  -3.3462569972034603E-002
  0.71879837044066541       -5.4098435224847240E-003
  0.62831649199259809        1.0679439633908623E-003
  0.61806545448175454       -1.1953104522261194E-003
  0.75320548682841915        8.8012785027625573E-004
  0.66019163956929439        8.7154376573935952E-004
