 cosx vtec
  0.24546097576299269        3.1388095203105523E-002
  0.19113594247344001        1.1266557126342261E-002
  0.20602323390097677        1.6147304182509994E-002
  0.23285048998622510        2.6590208887822465E-002
  0.13204056456058111        2.7965496839924199E-002
  0.32527987187242802        4.8858144319178523E-002
  0.85729345566673643       -1.2897270245265243E-003
  0.78750402427408450       -1.5853890733796313E-003
  0.77456825668316309        2.7911010227498938E-003
  0.68558603313172983        2.5617719413499748E-004
  0.74149001069691445        1.3981685127904576E-003
  0.83025400801388372       -5.1007868414364495E-003
  -8.5220735918109414E-002  -1.4334823602417959E-004
  -6.2440427766467521E-002   9.1280395362138908E-005
  -3.6692698250609390E-002   2.6484931139093269E-003
  0.12833286844653663        2.4790802105653944E-003
  0.16433085398870276        4.0766235908728171E-004
  -7.1275676196336013E-002  -1.5515789069554193E-003
  -1.9153094038301288E-002  -1.1035258684171378E-003
   2.1275976937050911E-002   4.7901094501673130E-004
  0.63239305256940326       0.24536648206127828     
  0.73894670290864561       0.18116790074331321     
  0.75160028202774065       0.18711093450550123     
  0.73474535204343594       0.18987606643068172     
  0.72886224074066797       0.21150504713415480     
  0.77876161002205246       0.18739092016021178     
  0.72261095267400266       0.18751340178758585     
  0.22563345170727667        1.7863194930720187E-002
  0.32768135184466901        1.9575283317887330E-002
  0.47207947970180708        3.0287222014354839E-002
  0.41582890528721594        1.6668697761839574E-002
  0.46763061356463365        1.3116161486377044E-002
  0.28083330804827344        2.5127913673000962E-002
  0.34421589218196735        1.0602088710713380E-002
  0.37509561480743731        1.3917213258329682E-002
  0.56656076047505632        1.0555076789434181E-002
  0.65954097314476434       -2.7604670143527199E-003
  0.54372760539972298       -1.1527491207212459E-004
  0.55186124842128492       -1.3811317215394021E-003
  0.60390862401945200        4.4922859168688416E-003
  0.74143329064860053       -1.2436391499969313E-003
  0.93654628529068640        2.0479110461447654E-004
  0.83316836038660935       -4.5297425071958546E-003
  0.85061929903086464        3.3594982712548912E-003
  0.72309490675810695       -1.0845568661108529E-002
  0.73905832800662208        2.4618362171800252E-002
  0.80442497020595027       -3.8686800322529163E-002
  0.88131048981259918        4.1191537438215890E-004
  0.91536845859786653        2.3041674179984772E-003
  0.88830957251518861       -2.7525199677435008E-004
  0.88709990154564722       -1.2724938539822386E-003
  0.80033062912892872       -2.9124891541573404E-003
  0.85707908519412568        1.6272398366837053E-003
  0.91258628798964003       -1.8118724865727565E-004
  0.79984900601019560       0.16537621692818413     
  0.75592216362488873       0.15934392381651821     
  0.74889987017466575        2.5444023499378923E-002
  0.76895731155551839       0.16245428121964881     
  0.82187278383548601       0.15838180996555629     
  0.76535765771806497       0.16540010551223430     
  0.48431828121545500       0.19077796878947312     
  0.47908021154818137       0.19748407119543368     
  0.50036080941770733       0.19677924073786038     
  0.49821358277283684       0.19784547479312053     
  0.25199172873755049        7.1904269094688437E-003
  0.18111365145503183       -4.0428397746459149E-004
  0.18941238892860174        8.0264766956408590E-004
  0.22232142532984145       -4.8977605447199585E-004
   9.3729445286637902E-002  -4.6278575108834206E-003
  0.16216443385540524        5.8068373183961623E-002
  0.26589630292939592        6.6928927599418278E-002
  0.39368096596423346        7.8420673010781289E-002
  0.35145954816691327        6.1524758571879119E-002
  0.44882344587456718        3.4345231023820519E-002
  0.22331407271463025        6.3733997491919478E-002
  0.27925037290670207        4.5257741978062357E-002
  0.12357197717700752       0.10812904251234406     
  0.30993958949280531        6.0545584113714725E-002
  0.35965711516942739       -1.9673738106778019E-003
  0.30235590332011175        3.1601492638171458E-003
  0.31367616164209083       -3.5944424831929598E-003
  0.34247064741905442       -4.0640839485871225E-003
  0.21213174547794639        8.8320842817718771E-003
  0.20802484515066239        7.7012684142695968E-003
  0.15376547921295303        2.1670522914370286E-003
  0.16548766497564282        1.8489583781809297E-003
  0.19263288473038320        4.0539128396376491E-003
   9.4151360445727472E-002   1.1603254861881261E-002
  0.84040387661222793       0.15621543594884907     
  0.87597961167212535       0.16669204073483934     
  0.80820999782532010       0.15831919765343447     
  0.81847530680906644       0.15216228660618406     
  0.86290990166489745       0.14958327736875440     
  0.81347406886766627       0.15520144799549179     
  0.65913480088674814       -2.0566632077150596E-002
  0.70754837995172848       -1.2701386721718732E-002
  0.57908522827735420       -4.1639714671229781E-003
  0.59039747870961667       -1.2944937963955926E-003
  0.63258128414740777       -5.6288340745692606E-003
  0.76095216599513382       -4.6381131940633384E-003
  0.37327408610175494       -1.8425442309917390E-003
  0.54268188776433257       -6.4994435822044718E-003
  0.50840869273889067       -1.5193500429710259E-003
  0.43124263705926202       -1.0268789279195456E-003
  0.47739293349944978       -2.8028151825057441E-004
   5.3218766813244250E-002   5.2825112062993246E-004
  0.26610758567026560       -2.3291142227196697E-004
  0.10299591350182286       -1.0360885492778609E-003
  0.11068470298889974        2.9107282886670050E-005
  -3.5994549262278963E-002  -2.7870839953360914E-003
  0.11934334226839265        1.0504469837238101E-003
  0.65532501198195670        1.7706911728363754E-002
  0.74516118238648810        8.3064049308213578E-004
  0.58624568992927195       -9.0239836387568228E-003
  0.60240576157573111        2.1763725522982606E-002
  0.63866489506316215       -7.8960665841218552E-003
  0.73842963085911095        8.2147199687336817E-002
  0.72357392933303788       0.17979436456887404     
  0.65812537583497455       0.16086609414302988     
  0.65136506537855565       0.16159190962225733     
  0.67442917532455315       0.16379153790527184     
  0.74564760199154934       0.16523917677199620     
  0.67273159060230592       0.16719070424129434     
  0.59625294610399715       0.14616974875789149     
  0.68556481796295843       0.13480062142992202     
  0.68013822230428178       0.13244874296649659     
  0.74788557433238778       0.12622566330818735     
  0.65284559347240945       0.13218300977472652     
  0.73123310937988328       0.13403129489593524     
  0.68752795549293488       0.16718654530471480     
  0.98173600617440460        4.4968026919053892E-003
  0.97028558046393831        4.2981282663374643E-003
  0.96983279117928956        1.4764253058574511E-003
  0.94207467495762376        7.5457911314361602E-003
  0.98232674477385262        8.4268154823119001E-004
   6.8997256247238237E-002   4.5253359407055623E-004
  0.10113271046372757        9.6129781111855802E-004
  0.12499564173686140       -3.0777218663015225E-003
  0.26155967230651600        1.1174027867113141E-003
  0.27247827659981388        4.3087592295885479E-004
   8.5305468265894246E-002  -2.2641791912794453E-003
   1.5518112662081252E-003  -1.7650548315984085E-003
  0.14824249103733805        8.1385757764911872E-004
  0.18520990005560631       -4.3943034735775886E-004
  0.61933911235155681       -6.3980360992366920E-003
  0.65530227092107030       -2.4152062409891399E-004
  0.53055175894740969       -1.6801410417189593E-004
  0.53975623254154970        3.3360350109583664E-003
  0.58450094973442646        4.1850298004085691E-003
  0.78574383032529849        8.7806748522432240E-002
  0.64638569519548505        4.9557197440978550E-002
  0.59844593728728224        3.7410694713585532E-002
  0.63711519818249296        4.7976232722304335E-002
  0.67714738362256355        6.5191784758076146E-002
  0.74941892587276371        6.2451256859090268E-002
  0.68674435376129317        8.2339747719577638E-002
  0.81937423147715860        1.8039901042231622E-002
  0.79946190725159716        9.4478455624341824E-003
  0.81573707803013140        7.0401137222157381E-004
  0.83823084925197944        6.7728585436055448E-003
   6.0446794913815882E-002   1.3401480297468547E-003
  0.10575432909968083       -2.2287743463634928E-003
  0.30086246885374096        4.6502114942599477E-003
  0.25669719833702015       -5.4593737072498264E-003
   6.1377569401632220E-002  -2.8915610890522516E-003
   2.6053160414580945E-002  -3.4230545147837048E-003
  0.14689677667222778       -3.1479813156236563E-003
  0.19459859367531590        1.0378312096303243E-003
  0.48596694091034504       0.15502508079457533     
  0.57134647428520247       0.15193625256534618     
  0.56657918544890451       0.14234849483706394     
  0.67880722718458930       0.14808115052818685     
  0.53675277187076409       0.15622842766649297     
  0.63866758633253840       0.16013105653987095     
  0.25327312758001663       0.24981006337795672     
  0.34335692123039335       0.23712981313967793     
  0.37418598465212977       0.27819200677065820     
  0.21053942804593806       0.24906902391523478     
  0.17490846386268566       0.25112652606919900     
  0.34336706880289697       0.25379079357669648     
  0.31862220858005785       0.23963081729763375     
  0.62658311634420993       0.20000990441896402     
  0.56999941241544838       0.18849306004408550     
  0.56541436837009640       0.20000520977718561     
  0.58229731408635610       0.19102871679253400     
  0.57850272587095464       0.19544743668399317     
  0.31069761798517026       0.21606207179078721     
  0.30646915310237666       0.22397928138036893     
  0.32827022409576379       0.21680856679272215     
  0.32582142318446705       0.23013724365828847     
   1.7158774190134118E-002  -9.8763709137592026E-004
   6.6167092937335470E-002  -4.1869643802628563E-004
   7.4145977047404388E-002   2.6979917087478181E-003
  -6.5108690944531977E-002  -2.0610140261236542E-002
   8.3447276927366115E-002   1.2452667861203354E-003
   5.7290290474392540E-002  0.24713170551468802     
  0.14769221988210704       0.23721193722235798     
  0.99469786927697945        1.8930705919911962E-002
  0.99936076915134164        1.1916057871492762E-002
  0.95258064980837864        2.6299998063288428E-002
  0.98903556133223691        3.0246794274645942E-002
  0.93518394750996370        1.8192433725313806E-002
  0.97792656307404724        2.2596442649661611E-002
  0.99041772652800586        3.6811161512725413E-002
  0.97762389666280491        1.8706940296745276E-002
  0.91415479995902393        4.3737613825485785E-002
  0.96855716411159298        5.4220707082015401E-002
  0.83668762865695712        2.2100578287264510E-002
  0.92349013998493068        3.8172727753038857E-002
  0.76532773305783497        3.4166946097695702E-002
  0.82553145791112370        3.9101947776732475E-002
  0.86388029948989120        3.1988908536078074E-002
  0.89928226648249587        1.7970343024593889E-002
  0.86847190267345653        4.5846785742042269E-002
  0.27440311023746733       -1.9788785958775273E-003
  0.50755246446835045        3.0912012073850120E-003
  0.49807887597296863       -1.0990283110258188E-003
  0.29535404522387626       -6.3503376515465252E-003
  0.41639726932117327       -6.4708599269172379E-004
  0.45408071714394416       -7.8571204327096563E-004
  0.63172529210570438        9.8326762151727080E-003
  0.25097046345503543        4.4944733756782226E-003
  0.16409291470775966        4.1619556586150374E-005
  0.17180698106420778        1.0181072196445450E-004
  0.20950838564903379        9.7886086240164469E-004
   6.3392074355973105E-002   1.4547404301936036E-003
  0.71107984373005551       -6.6559077245274684E-002
  0.76480544231189862        1.2596067335274474E-002
  0.63251398408550086        7.0879289311199635E-003
  0.64700262511320739        6.6438648602652759E-003
  0.68956997166064471       -5.4175284405365660E-003
  0.79874187615856973        2.9433060817074527E-002
  0.37343122116720173       0.16996716393424466     
  0.36696815447090336       0.16878339842997775     
  0.39685507748986648       0.17779457800968479     
  0.39876872549489562       0.19331008144297543     
  -7.9393588389769898E-002   1.8675346546876515E-002
   6.1663186021953309E-002   1.4043305679535661E-002
  -6.3880922625820513E-002   3.4037502207289396E-003
  -2.9364429347255694E-002   1.2257620280420930E-002
  0.86598846641809191        2.5771873650454365E-003
  0.79669571554621132       -1.3529777179666987E-003
  0.67506245402738818       -1.1808690353571833E-003
  0.70560543962931133        7.4402037411422828E-004
  0.84486168611209256        7.6328347695225137E-004
  0.39706983542315638        2.6846181032148721E-003
  0.53090881310767546        1.0945867007753183E-002
  0.32395007721275987        2.3432810183311586E-003
  0.33266604951561041       -3.2395965922499021E-004
  0.36743716909123281       -4.8797874420135490E-003
  0.18727761265365789       -5.2858658594888007E-004
  0.46695357401797954       -3.0756226850504678E-003
  0.70647259499749038        1.0429660983790989E-003
  0.64419490888499120       -3.9392958123306140E-003
  0.65000155991731190       -2.6960714250803385E-003
  0.57079662812359711       -1.8727780249503010E-003
  0.60682103358082795       -1.1094276968550666E-003
  0.68278638483461251       -6.5629287989389468E-002
  0.78750449986098803        3.7236779886469638E-002
  0.61066169699888750        2.3331244339242788E-002
  0.63247052045610708        5.3890500421188120E-002
  0.66916865419110394       -2.5957776823408510E-002
  0.74072161741854115        1.1119219847883991E-003
  0.78194905508927692        4.7128949035861690E-003
  0.37941341029743952        8.2660410074114427E-002
  0.31366229375333848        5.3228857593158180E-002
  0.34079141119042006        7.3020605151964693E-002
  0.36994203209018928        7.8166746204510071E-002
  0.24479767545535852        9.1071406014058096E-002
  0.42252434379661641        9.4915412526753465E-002
  0.44366956977406768       0.12187381817133008     
  0.18158187352060967        9.4451464532240188E-003
  0.12474308539223222        1.1453759532210719E-003
  0.13477107898891294        3.0972946582373577E-004
  0.16292442798720791        4.0459565148590155E-003
   6.3713069000987332E-002  -2.9440414659286200E-003
  -7.4943607316853122E-002  0.31946926041257023     
  0.92632390880626980        9.1890626038973619E-002
  0.92827272110869841        8.9232693140954458E-002
  0.95746901433410725        7.9305013365230340E-002
  0.92716011574470314       0.10785865931896235     
  0.90431765354711580        9.8507271950027134E-002
  0.94529764689561002        8.8057338305888105E-002
  0.91579517380344821       0.10911163290952455     
  0.98672807838515852       -3.3425157168294802E-003
  0.97771850852182840       -3.8818913480724538E-003
  0.91712971463317672        8.9833006876898162E-003
  0.94122334202263314       -1.3661553311033220E-002
  0.89449237250162827       -8.8073565653271145E-004
  0.96443101329562431        4.9149835120062069E-003
  0.95613136983826585       -2.4785332552559099E-003
  0.80027546160204022        5.4750847723127635E-004
  0.75234799773787731       -4.2505274616567703E-004
  0.75328731221641543       -1.3171948025796579E-003
  0.67658631961710958       -1.8023279581236178E-003
  0.71767288214087244        8.3129325865411764E-004
  0.79800209746146744        1.6411836388117915E-003
  0.79388568461649156       0.13246439172701949     
  0.71643719017609164       0.11013581044319495     
  0.65233203422763386       0.11128465476742398     
  0.70824425825776971       0.11089543821439511     
  0.73707914439291644       0.11116968048219136     
  0.79712354285731579       0.10889889671508828     
  0.73799196478987505       0.12766311865842941     
  -7.1012720316471628E-002  -5.4668864384596884E-005
  -5.5656285690429297E-002  -1.3352013552095448E-003
  0.12982370782337468       -4.2244938179285637E-004
  -9.4877804975022462E-002  -3.3303824079798957E-003
  -3.2943419446343020E-002   4.4567733278943306E-004
   1.8582488258663876E-002  -2.3710797897497052E-003
  0.78837082756859989        9.8087097748654267E-004
  0.76251232638182631        9.4037645013731136E-004
  0.68823810279819608        1.0679193046887114E-003
  0.74397765777635327       -1.1549248023281166E-003
  0.81638076897207057        1.8992592505824720E-003
  0.96514516738555722        5.5251441139887595E-003
  0.95024784464650480        4.3041167197905104E-003
  0.95082066245523778        1.1148198628110624E-003
  0.84364254900760616       -1.3085628101525500E-003
  0.99217868078064442        6.9246880664974152E-003
  0.92144432255737430        5.5167347462069475E-003
  0.96625862620986469        2.1253009273816455E-003
  0.92195458794633089        8.4135536254450499E-002
  0.96058344660509920        8.2703558476082906E-002
  0.86889927732113748        7.5380639790021020E-002
  0.85834177938777301        5.4533390711802091E-002
  0.88905431089961162        6.4489324284025470E-002
  0.92400058972260923        7.1651545479248444E-002
  0.88840563159315600        9.0258191014254516E-002
  0.60707733630115446       0.22177906897442204     
  0.53777446864867096       0.19590597892690828     
  0.53261922720726429       0.20224077677783442     
  0.55223975263718761       0.19946131417052668     
  0.65196009181393355       0.21899558070053621     
  0.54945494817051332       0.20788173597004292     
  0.58323071996755749        2.4799101011279450E-002
  0.65544511450609266        8.4751966823167141E-004
  0.51016666901596375       -1.8370760649632202E-002
  0.52085264677557630       -1.0370612665447969E-002
  0.55829128088507207       -6.4404368176136234E-003
  0.71922478786133293        2.5476774128805581E-002
  0.98355402649514767        1.9621664489074078E-003
  0.96003889479304527       -8.6461834010806492E-004
  0.93377233522525360       -6.8462720169913715E-004
  0.92847337881426684        3.7369930714168309E-003
  0.95486707314487040        8.6660225717047866E-004
  -8.9674088246901096E-002   8.3818313049875796E-003
  -7.8757068567972321E-002   2.6070822242617044E-003
  -3.5564245928315141E-002   1.8072617873496892E-002
   9.5144495709858945E-002   1.3724598829335260E-002
  -6.7098288542566664E-002   1.3313824791760968E-002
  -2.0146459206647760E-002   4.3708906987681489E-003
   1.3284691477938648E-002   1.1506305277751162E-002
  0.55236245494514336       -5.3442707312885435E-003
  0.66903657277712636        3.7478703672659777E-002
  0.48824181178995030       -2.1772687804446937E-003
  0.50087306577488611        1.0759656352642602E-003
  0.53393974424415902        4.2652573153633314E-002
  0.70434939041200595       -3.3462569972034603E-002
  0.86213615283464518       -5.4098435224847240E-003
  0.82886713249078758        1.0679439633908623E-003
  0.74621071955136975       -1.1953104522261194E-003
  0.81999708658902926        8.8012785027625573E-004
  0.87063726578558698        8.7154376573935952E-004
