 cosx vtec
  0.50194576140612390       -9.6162401822252549E-004
  0.48009216067389832       -3.1685733285309186E-004
  0.59861748455571984        1.2930267714109428E-003
  0.53528245161236332        7.5567409252068395E-005
  0.44025714078670225        3.9073304018642291E-003
  0.51904267081638344       -7.3190681211835254E-004
  0.60211872891864171       -5.0381838196475351E-004
  0.74280587443821733       -1.2897270245265243E-003
  0.69543096987232678       -1.5853890733796313E-003
  0.61679870898461331        2.7911010227498938E-003
  0.62714249035319070        2.5617719413499748E-004
  0.71509753145315624        1.3981685127904576E-003
  0.64209172422936645       -5.1007868414364495E-003
  0.60939490350369230       -1.4334823602417959E-004
  0.58504400519605848        9.1280395362138908E-005
  0.70258861584604793        2.6484931139093269E-003
  0.75948253515476938        2.4790802105653944E-003
  0.67785687136506489        4.0766235908728171E-004
  0.64494131388290876       -1.5515789069554193E-003
  0.53350872697511786       -3.5281456368758475E-003
  0.62309638533931400       -1.1035258684171378E-003
  0.68931500062419115        4.7901094501673130E-004
  0.80719060895432926       0.24536648206127828     
  0.71950906445056373       0.18116790074331321     
  0.75458800816375926       0.18711093450550123     
  0.66845864116013187       0.18987606643068172     
  0.81452460348996514       0.21150504713415480     
  0.71104815566038060       0.18739092016021178     
  0.68613100815064332       0.18751340178758585     
  0.88926793394639192        1.7863194930720187E-002
  0.94936993293941718        1.9575283317887330E-002
  0.98025100540786392        3.0287222014354839E-002
  0.95359538053119020        1.6668697761839574E-002
  0.92513428462151126        1.3116161486377044E-002
  0.92680549508926358        2.5127913673000962E-002
  0.90674496886480582        1.0602088710713380E-002
  0.94338130578549340        1.3917213258329682E-002
  0.96130527398209120        1.0555076789434181E-002
  -5.4499036101727190E-002  -1.2436391499969313E-003
  0.33808689442804618        2.0479110461447654E-004
  -3.7362673243108928E-002  -4.5297425071958546E-003
  0.12426304532868904        3.3594982712548912E-003
  -6.4127933617997013E-002  -3.8686800322529163E-002
  0.13850652559628651        4.1191537438215890E-004
  0.73139813214965865        2.3041674179984772E-003
  0.72230934881425823       -2.7525199677435008E-004
  0.66872883329457444       -1.2724938539822386E-003
  0.69378633234115472       -2.9124891541573404E-003
  0.75185716260607816        1.6272398366837053E-003
  0.67888538413085842       -1.8118724865727565E-004
  0.27617926443811724       0.16537621692818413     
  0.13483190502981016       0.15934392381651821     
   8.6009474393335700E-002   2.5444023499378923E-002
  0.20072963382366496       0.16245428121964881     
  0.24685313070824583       0.15838180996555629     
  0.22088572035069820       0.16540010551223430     
  0.36722664635736479        5.2849905566731969E-002
  0.34357894020577007        3.8106920053663500E-002
  0.43603382993262751        6.3276848475789002E-002
  0.19676671269644902        7.0919116972806243E-002
  0.39373576145825989       0.10519336145341916     
  0.29797907869221657        5.0497807114577992E-002
  0.22029807947361379       0.10388572255787835     
  0.42452765677510551        5.3512534605510184E-002
  0.37444550757428102        7.5890816554633062E-002
  0.14127870444968380        6.5135368128468984E-002
  0.53259407142188675        6.0586009130342254E-002
  -7.3952980976926541E-002  0.19677924073786038     
  -5.2718624132490406E-002  0.19784547479312053     
  -3.4355678035823380E-002  -1.1004490245101013E-003
  -5.6600815852170853E-002  -8.3599036980587562E-005
   2.9384253864796706E-002  -1.8436084074217239E-004
  -8.3470466877959712E-002   8.0550389157429145E-004
  -4.0384106084638410E-003   9.8471546486337408E-004
  0.91226310339443506        5.8068373183961623E-002
  0.96186271261927581        6.6928927599418278E-002
  0.99145307390696846        7.8420673010781289E-002
  0.97772256663279566        6.1524758571879119E-002
  0.96531466431694357        3.4345231023820519E-002
  0.94504611090485524        6.3733997491919478E-002
  0.93677850359008397        4.5257741978062357E-002
  0.92115432934142139       0.10812904251234406     
  0.96711991473215697        6.0545584113714725E-002
  0.24921700143621595        4.4498150413293282E-003
  0.22915431713032955        1.7487307358282290E-002
  0.34417062375879259        4.1352447010887541E-002
   9.8607546477103347E-002   2.9894771136291815E-002
  0.27992607227482386        4.3363388991551628E-002
  0.19298858229723484       -3.1374722056225199E-002
   9.5004589254460245E-002   4.4487769866509388E-002
  0.29818736217209513        9.1331953273705319E-003
  0.26488546925125206        3.6179897849154104E-002
   8.6636286775444701E-002   1.7362169594392445E-002
  0.46404548802314488        2.1612762921603676E-002
  0.39583001845494131       0.15621543594884907     
  0.47557025982055706       0.16669204073483934     
  0.25495814598055316       0.15831919765343447     
  0.33128353803986788       0.15216228660618406     
  0.37197917330562069       0.14958327736875440     
  0.35043656638054788       0.15520144799549179     
  0.48655904271729150       -1.8425442309917390E-003
  0.63509077279911030       -6.4994435822044718E-003
  0.53457771449836922       -1.5193500429710259E-003
  0.52704016742909388       -1.0268789279195456E-003
  0.61696848122846082       -2.8028151825057441E-004
  0.36610481300613007        1.2428388263224378E-003
  0.34576198957538701       -2.6804108066335843E-004
  0.48159017281046879        5.3309663252945824E-003
  0.40097797996867057       -1.7674594537552189E-004
  0.31260678108504070        1.4058700887975260E-003
  0.38702064892151994        3.4385848994467221E-003
  0.41042516359758252        7.1561491682741601E-004
  0.16037289003846267       -1.9313477136490538E-003
  0.50383477977713487        4.6256906650562378E-004
  0.50092485183194835       0.26215514191980205     
  0.41079312358342446       0.25579646739042927     
  0.43814173512422339       0.25371490527562868     
  0.12515133621370250       0.17979436456887404     
  -3.3318071581261592E-002  0.16086609414302988     
  -6.8023491309151016E-002  0.16159190962225733     
   2.5359090695666209E-002  0.16379153790527184     
   8.4584119518979775E-002  0.16523917677199620     
   4.7793187427663163E-002  0.16719070424129434     
  0.97407284757349488       0.14616974875789149     
  0.94756372469559358       0.13480062142992202     
  0.95964195537857555       0.13244874296649659     
  0.94684279009236427       0.12622566330818735     
  0.97146215179703255       0.13218300977472652     
  0.93742091115186477       0.13403129489593524     
  0.91740210881306461       0.16718654530471480     
  0.63547893867787897        4.4968026919053892E-003
  0.64476498003434379        4.2981282663374643E-003
  0.58725915947089902        1.4764253058574511E-003
  0.70840976162046165        7.5457911314361602E-003
  0.59015720228051927        8.4268154823119001E-004
  0.66036010373941312        4.5253359407055623E-004
  0.63259905524118965        9.6129781111855802E-004
  0.76474223942957997       -3.0777218663015225E-003
  0.77392939078419687        1.1174027867113141E-003
  0.70100353351062017        4.3087592295885479E-004
  0.70262306140041275       -2.2641791912794453E-003
  0.56546052734522467       -1.7650548315984085E-003
  0.67107430073029573        8.1385757764911872E-004
  0.73201179731093757       -4.3943034735775886E-004
  0.59982406273757549       0.13828575727672404     
  0.64204304359124520       0.13496985917050677     
  0.56101328666456007       0.17457448895407282     
  0.62248563993565631       0.13312764346030101     
  0.59686259139957532       0.13731931094613789     
  0.70590925315973008       0.14286392655987321     
   5.6094602958040238E-003   8.7806748522432240E-002
  0.88869142439024618        1.8039901042231622E-002
  0.88643557945336726        9.4478455624341824E-003
  0.85072024312497341        7.0401137222157381E-004
  0.85856595306498196        6.7728585436055448E-003
  0.49993829248884664        1.3401480297468547E-003
  0.47081040286143083       -2.2287743463634928E-003
  0.66096419756350777        4.6502114942599477E-003
  0.53268075909465251       -5.4593737072498264E-003
  0.56435257665534966       -2.8915610890522516E-003
  0.41878165553241276       -3.4230545147837048E-003
  0.50550756660631291       -3.1479813156236563E-003
  0.59382864828376392        1.0378312096303243E-003
  0.19859786149138212        7.8589178373334942E-004
  0.17916366095983022        8.1466062100912489E-003
  0.33753288638015982       -1.6584863994053397E-002
   2.1849963044571694E-002  -1.3931294641972591E-003
  0.23579519861380421        5.5444735493517883E-003
  0.14887460441880371        9.1762047814772235E-003
  0.23039133519870694       -1.2828109273727184E-002
  0.23718302098880042        3.2156347579018912E-003
   5.5420334900999513E-002  -1.6253284049114482E-003
  0.42383723602043899        7.0115968919918338E-003
  0.96824587460645339       0.15502508079457533     
  0.95584299083198110       0.15193625256534618     
  0.96949593627932218       0.14234849483706394     
  0.97152330657802954       0.14808115052818685     
  0.97730283539661744       0.15622842766649297     
  0.95292972303454160       0.16013105653987095     
  0.70901624516590256       0.24981006337795672     
  0.69161112934588342       0.23712981313967793     
  0.74849292704628345       0.27819200677065820     
  0.61108420256746510       0.24906902391523478     
  0.65037604290892526       0.25112652606919900     
  0.63069754678732803       0.25379079357669648     
  0.64861084483738607       0.23963081729763375     
  0.16348024171154663       0.20000990441896402     
   1.4271477340401654E-002  0.18849306004408550     
  -2.9890733483893435E-002  0.20000520977718561     
   7.4227337181574218E-002  0.19102871679253400     
   9.2817563547877374E-002  0.19544743668399317     
  0.34846902074541708       0.12439328161424504     
  0.40545688158774706       0.12268714835724899     
  0.19746808001526284       0.13250280893800487     
  0.31569928603701564       0.14929554268333578     
  0.37322307775400732       0.12294461422415401     
  0.24388344330662010       0.13888483793408246     
  0.34534810426925500       0.16177407630208820     
  0.55210673961451151       0.14745223535839036     
  0.18907453229810944       0.24713170551468802     
  0.22067909552458215       0.23721193722235798     
  0.19959448662840479        1.2527483998860428E-003
  0.26956601917877870       -1.7301745083221845E-004
  0.14446460332871050       -3.1242440398636237E-003
  0.21045053792039053       -1.7347450135841900E-003
   1.5049641862955961E-002   2.6230552523900720E-003
  0.43039278013800447        1.8930705919911962E-002
  0.46877324682978477        1.1916057871492762E-002
  0.23141877702539285        2.6299998063288428E-002
  0.38146272799445902        3.0246794274645942E-002
  0.16836525965816346        1.8192433725313806E-002
  0.34659298814014133        2.2596442649661611E-002
  0.37577930463690590        3.6811161512725413E-002
  0.38801559474728919        1.8706940296745276E-002
  0.18490354603215720        4.3737613825485785E-002
  0.32070214991467028        5.4220707082015401E-002
  -8.1581903580223766E-003   2.2100578287264510E-002
  0.13441300136508511        3.8172727753038857E-002
  -3.9307510339310806E-002   3.9101947776732475E-002
   6.6427745585354928E-002   3.1988908536078074E-002
  0.10494357355656153        1.7970343024593889E-002
  0.10695281652333750        4.5846785742042269E-002
  0.66416912255933136       -1.9788785958775273E-003
  0.74531703025979057        3.0912012073850120E-003
  0.67522728061101744       -1.0990283110258188E-003
  0.74061225759171134       -6.3503376515465252E-003
  0.66531046258272530       -6.4708599269172379E-004
  0.72960838710317888       -7.8571204327096563E-004
  0.73411471459739441        9.8326762151727080E-003
  -9.4524589544294477E-002   1.2596067335274474E-002
  -7.9857955779684936E-002   2.9433060817074527E-002
  0.71321188682542158        9.9820059252443555E-003
  0.68409739220285060       -3.7000416006854219E-004
  0.77288820746013309        1.8675346546876515E-002
  0.83865159134337819        1.4043305679535661E-002
  0.74099688488985160        1.3691458398637160E-002
  0.61381934618981115       -3.2657256707119119E-003
  0.73349452180450825        3.4037502207289396E-003
  0.72954785415305967        3.1281954673396055E-002
  0.78450033126912133        1.2257620280420930E-002
  0.39891306232589063        2.5771873650454365E-003
  0.22946645464410398       -1.3529777179666987E-003
  -6.3702415120730251E-003  -1.1808690353571833E-003
  0.27901843062180776        7.4402037411422828E-004
  0.25532824801503856        7.6328347695225137E-004
  0.72609416867218690       -3.0756226850504678E-003
  0.87653344569385960        1.0429660983790989E-003
  0.83741628983893579       -3.9392958123306140E-003
  0.78943918587356110       -2.6960714250803385E-003
  0.78698146300457961       -1.8727780249503010E-003
  0.83675103669625239       -1.1094276968550666E-003
  0.40024241971490260       0.24900590984499346     
  0.12217340168184353       0.22365486852961142     
  0.47762035455279522       0.31946926041257023     
  0.30339171603313203       0.23657501750403848     
  0.40645813235288908       0.27576256098499924     
  0.24528113967106990       0.24673764574183799     
  0.32950464638593091       0.23544226493101264     
  0.33514777744960689       0.16105346369551943     
  0.35502015846319790       0.27503329833987039     
  0.17386483433492303       0.28070750620823104     
  0.25528694742749503       0.13561832585111258     
  0.31606019491623510       0.14488049082489490     
  0.12161370683533002       0.14099650179983431     
  0.22029788495257288       0.14005128467219471     
  0.28094530372551907       0.12712883641484735     
  0.16195489738018642       0.14563795754615758     
  0.24684592806357930       0.14434854905661090     
  0.72246993730193343        9.1890626038973619E-002
  0.74491922114034015        8.9232693140954458E-002
  0.71192840300349058        7.9305013365230340E-002
  0.66664600633308080       0.10785865931896235     
  0.80027042795177716        9.8507271950027134E-002
  0.70094219264627999        8.8057338305888105E-002
  0.69113895301633477       0.10911163290952455     
  0.37223369495025199       -3.3425157168294802E-003
  0.39999430048021417       -3.8818913480724538E-003
  0.11613665347875064        8.9833006876898162E-003
  0.27272859892828788       -1.3661553311033220E-002
   7.0599220002388149E-002  -8.8073565653271145E-004
  0.25345141760064382        4.9149835120062069E-003
  0.27617742944668960       -2.4785332552559099E-003
  0.82133551286403983        5.4750847723127635E-004
  0.79286911138871263       -4.2505274616567703E-004
  0.74227094826429896       -1.3171948025796579E-003
  0.74738858203437608       -1.8023279581236178E-003
  0.80155971126311454        8.3129325865411764E-004
  0.76107907956947518        1.6411836388117915E-003
  0.10036527863866201       0.13246439172701949     
  -7.6379304835186290E-002  0.11013581044319495     
  -1.5535284822393167E-002  0.11116968048219136     
   3.7702176068820634E-002  0.10889889671508828     
   1.2965992000509486E-002  0.12766311865842941     
  0.47153171265153876        8.4916412160106983E-004
  0.44750085744916085       -5.4668864384596884E-005
  0.62733482514777494       -1.3352013552095448E-003
  0.53340616428593512       -4.2244938179285637E-004
  0.51890061333693849       -3.3303824079798957E-003
  0.40621903459433983        2.9710001599958600E-004
  0.48209533591405834        4.4567733278943306E-004
  0.57337558383482490       -2.3710797897497052E-003
  0.58702076663302738        9.8087097748654267E-004
  0.49850735482969927        9.4037645013731136E-004
  0.51089588826142174        1.0679193046887114E-003
  0.61586327655658457       -1.1549248023281166E-003
  0.52487208706414357        1.8992592505824720E-003
  0.67778213431280299        5.5251441139887595E-003
  0.68218031345685082        4.3041167197905104E-003
  0.62821949238253427        1.1148198628110624E-003
  0.68086289590746052       -1.3085628101525500E-003
  0.60199023140609453        6.9246880664974152E-003
  0.73086836817856682        5.5167347462069475E-003
  0.63294695407713597        2.1253009273816455E-003
  0.27656115788883390        8.4135536254450499E-002
  0.37384297835360081        8.2703558476082906E-002
  0.11412573239979963        7.5380639790021020E-002
   7.2619943066312725E-002   5.4533390711802091E-002
  0.18865504593731228        6.4489324284025470E-002
  0.22569026125331659        7.1651545479248444E-002
  0.21832233510976687        9.0258191014254516E-002
   9.7644440579733538E-002  0.22177906897442204     
  -6.3559517234863874E-002  0.19590597892690828     
  -5.9872009089219826E-003  0.19946131417052668     
   7.1313040646906217E-002  0.21899558070053621     
   1.4095035704445515E-002  0.20788173597004292     
   6.5379546150615517E-002  -8.5020807505557317E-004
  0.12159688543154192       -1.5506346889086720E-004
   1.6783091725111051E-002  -5.1013352026934482E-003
   8.9434976964345353E-002  -2.5845571095877728E-003
  -5.9889462527181116E-002   4.6924016013175840E-003
  0.46845506979672474        1.9621664489074078E-003
  0.47102435973614398       -8.6461834010806492E-004
  0.36981702566158958       -6.8462720169913715E-004
  0.60579656102949742        3.7369930714168309E-003
  0.37790521062587690        8.6660225717047866E-004
  0.73652415084594847        8.3818313049875796E-003
  0.70636369748531092        2.6070822242617044E-003
  0.79599631322359132        1.8072617873496892E-002
  0.85130040843098143        1.3724598829335260E-002
  0.76483612601519624        1.3313824791760968E-002
  0.62997870116737953        2.0056339037771636E-004
  0.75599129374913920        4.3708906987681489E-003
  0.75351492616965943        3.5249432613144997E-002
  0.80492081568906648        1.1506305277751162E-002
  0.50970135161725716       -5.4098435224847240E-003
  0.40549752337541328        1.0679439633908623E-003
  0.43566689684291221       -1.1953104522261194E-003
  0.57847966273568940        8.8012785027625573E-004
  0.42621736947804884        8.7154376573935952E-004
