 cosx vtec
  0.76643350265604049       -9.6162401822252549E-004
  0.72766052373971779       -3.1685733285309186E-004
  0.84276761538328104        1.2930267714109428E-003
  0.79577749131466646        7.5567409252068395E-005
  0.72097069719228202        3.9073304018642291E-003
  0.74139770819792750       -7.3190681211835254E-004
  0.79831931932511035       -5.0381838196475351E-004
  0.20838112844493384       -1.2897270245265243E-003
  0.20630799057597815       -1.5853890733796313E-003
  0.12649196357587533        2.7911010227498938E-003
  0.20429950441395955        2.5617719413499748E-004
  0.26282483130698847        1.3981685127904576E-003
  0.11392263905870093       -5.1007868414364495E-003
  0.75623144656184782       -1.4334823602417959E-004
  0.71163246299170480        9.1280395362138908E-005
  0.82618859368413378        2.6484931139093269E-003
  0.76839950505578569        2.4790802105653944E-003
  0.64885954320452943        4.0766235908728171E-004
  0.78630292930176382       -1.5515789069554193E-003
  0.70620399531170919       -3.5281456368758475E-003
  0.72277499534602119       -1.1035258684171378E-003
  0.76806846807867191        4.7901094501673130E-004
  -3.4866822601157435E-002  0.23299099210043162     
  -4.9729526410685204E-002  0.23848472930534723     
  -9.9532390508599120E-002  0.24579306243113461     
  -6.2575667262154300E-002  0.24387617783107565     
  -8.4130342555381557E-002  0.23595003965126718     
  0.12487149180604991        1.5687779507678255E-003
   3.5223607227821196E-002   4.0197458449612528E-003
   6.4995238211654913E-002  -4.7835043372671920E-004
  -6.5882589766894095E-003  -3.4377783499088652E-003
  0.44852394255612926       0.24536648206127828     
  0.26972915363558342       0.18116790074331321     
  0.30022762494639477       0.18711093450550123     
  0.21479511259072798       0.18987606643068172     
  0.38526179743877109       0.21150504713415480     
  0.23055605623038500       0.18739092016021178     
  0.24389786764774529       0.18751340178758585     
  0.84376687152853380        1.7863194930720187E-002
  0.83636961376590180        1.9575283317887330E-002
  0.76431005414213393        3.0287222014354839E-002
  0.77574910325488700        1.6668697761839574E-002
  0.70493570288174512        1.3116161486377044E-002
  0.84548217498341982        2.5127913673000962E-002
  0.77562590864494685        1.0602088710713380E-002
  0.79436744259384984        1.3917213258329682E-002
  0.67263918699823766        1.0555076789434181E-002
  0.15230387585447119        2.3041674179984772E-003
  0.16205233440098715       -2.7525199677435008E-004
  0.10202067249893126       -1.2724938539822386E-003
  0.19491752277378860       -2.9124891541573404E-003
  0.21883298491605435        1.6272398366837053E-003
   9.4653586332434481E-002  -1.8118724865727565E-004
  -9.7310805168538961E-002  0.18282056158905738     
   1.7776654908422673E-002  0.19583999216562853     
  0.86649331567137533        5.2849905566731969E-002
  0.83451234412312103        3.8106920053663500E-002
  0.90790092388745980        6.3276848475789002E-002
  0.77790437654498124        7.0919116972806243E-002
  0.88401172525415905       0.10519336145341916     
  0.81970419668095218        5.0497807114577992E-002
  0.79549491703615294       0.10388572255787835     
  0.86922518208812050        5.3512534605510184E-002
  0.88064011081001015        7.5890816554633062E-002
  0.72589286489866645        6.5135368128468984E-002
  0.93955220745269774        6.0586009130342254E-002
  0.42999870998052703       -1.1004490245101013E-003
  0.38710018827079129       -8.3599036980587562E-005
  0.35432834951918224       -7.6881997226430749E-004
  0.50128090860098762       -1.8436084074217239E-004
  0.37868645521526695        8.0550389157429145E-004
  0.41380026546352722        9.8471546486337408E-004
  0.33873465982592532       -6.6271548454806327E-004
  0.91702444438309860        5.8068373183961623E-002
  0.89643442237736126        6.6928927599418278E-002
  0.83523808572923386        7.8420673010781289E-002
  0.85096221421628671        6.1524758571879119E-002
  0.76458633513068963        3.4345231023820519E-002
  0.90891697863219911        6.3733997491919478E-002
  0.85799795904486365        4.5257741978062357E-002
  0.95577954442360613       0.10812904251234406     
  0.86972256646364365        6.0545584113714725E-002
  -3.9971727107661281E-002   9.8655685494388690E-002
   1.9938009311454175E-002  0.13308650335389738     
   1.4702787136534334E-002   5.5964969898950119E-002
  -2.9523234090294725E-002  0.10687066290385225     
  0.11248833354113774       0.13555866064375602     
  -5.7455266739000144E-002   9.3728464902475037E-002
  -5.8160257023797124E-002  0.10544067617861003     
  0.77557632376491092        4.4498150413293282E-003
  0.74303750577984107        1.7487307358282290E-002
  0.84595714129967492        4.1352447010887541E-002
  0.69604386569079391        2.9894771136291815E-002
  0.80063412243447507        4.3363388991551628E-002
  0.73113402834775310       -3.1374722056225199E-002
  0.71012173199627981        4.4487769866509388E-002
  0.77452418585498961        9.1331953273705319E-003
  0.80806831477282792        3.6179897849154104E-002
  0.66545850897517522        1.7362169594392445E-002
  0.88478511606754839        2.1612762921603676E-002
  0.27624033345198551       -1.8425442309917390E-003
  0.31940530170098219       -6.4994435822044718E-003
  0.23054456967393186       -1.5193500429710259E-003
  0.27924793334519660       -1.0268789279195456E-003
  0.34725663056848000       -2.8028151825057441E-004
  0.72450267109900768        1.2428388263224378E-003
  0.68794563223558436       -2.6804108066335843E-004
  0.82143549696936713        5.3309663252945824E-003
  0.75703012533959257       -1.7674594537552189E-004
  0.68075509920854493        1.4058700887975260E-003
  0.70447194097308197        3.4385848994467221E-003
  0.83892277297854612        7.1561491682741601E-004
  0.60142934651491775       -1.9313477136490538E-003
  0.78486536555906128        4.6256906650562378E-004
  0.67874432383681449       0.26215514191980205     
  0.59842995843581259       0.25579646739042927     
  0.64283078037043206       0.25371490527562868     
  0.66511958771354107       0.14616974875789149     
  0.56868482529191500       0.13480062142992202     
  0.58644744902594137       0.13244874296649659     
  0.52160884800008234       0.12622566330818735     
  0.62014621168564121       0.13218300977472652     
  0.52325459535430785       0.13403129489593524     
  0.53292920800468679       0.16718654530471480     
  -6.0312029245963572E-003   4.4968026919053892E-003
   1.3027310875617648E-002   4.2981282663374643E-003
  -5.2029821289779343E-002   1.4764253058574511E-003
  0.10634038579535460        7.5457911314361602E-003
  -5.8007640923897097E-002   8.4268154823119001E-004
  0.69972214335160976        4.5253359407055623E-004
  0.64430163626061310        9.6129781111855802E-004
  0.77685760037047003       -3.0777218663015225E-003
  0.68594330462575848        1.1174027867113141E-003
  0.59491099648624568        4.3087592295885479E-004
  0.73567740573646878       -2.2641791912794453E-003
  0.64186617358336429       -1.7650548315984085E-003
  0.65308790929843930        8.1385757764911872E-004
  0.69494525524953688       -4.3943034735775886E-004
  0.96902587114794980       0.13828575727672404     
  0.96739510551696806       0.13496985917050677     
  0.91667056896298993       0.17457448895407282     
  0.96843972378505216       0.13312764346030101     
  0.95132484219891245       0.13731931094613789     
  0.98624157931493817       0.14286392655987321     
  0.40242073039606557        1.8039901042231622E-002
  0.41463494697677256        9.4478455624341824E-003
  0.36194109156165544        7.0401137222157381E-004
  0.35416741457947692        6.7728585436055448E-003
  0.52364358011608048        1.3401480297468547E-003
  0.45689208259939690       -2.2287743463634928E-003
  0.52831242510452125        4.6502114942599477E-003
  0.41521455025523724       -5.4593737072498264E-003
  0.59620195340953497       -2.8915610890522516E-003
  0.45688355119173885       -3.4230545147837048E-003
  0.46581119659196141       -3.1479813156236563E-003
  0.53084063615904864        1.0378312096303243E-003
  0.67464872258316955        7.8589178373334942E-004
  0.63965501102757771        8.1466062100912489E-003
  0.79364604109975512       -1.6584863994053397E-002
  0.59447174125566704       -1.3931294641972591E-003
  0.71003071510023752        5.5444735493517883E-003
  0.63090058518223113        9.1762047814772235E-003
  0.66295975478514202       -1.2828109273727184E-002
  0.75904229329364103        3.2156347579018912E-003
  0.57544362411575234       -1.6253284049114482E-003
  0.79515036418586649        7.0115968919918338E-003
  0.74035067194657689       0.15502508079457533     
  0.66287562096196562       0.15193625256534618     
  0.68193958875049454       0.14234849483706394     
  0.60094632354215383       0.14808115052818685     
  0.71295524218959938       0.15622842766649297     
  0.60959521439742004       0.16013105653987095     
  0.61827729980971990       0.24981006337795672     
  0.53162229061835220       0.23712981313967793     
  0.57342371317374197       0.27819200677065820     
  0.53863120707515777       0.24906902391523478     
  0.60975850910338902       0.25112652606919900     
  0.46234639026236379       0.25379079357669648     
  0.50108294910065687       0.23963081729763375     
  0.86701257904726114       0.12439328161424504     
  0.88772544233659945       0.12268714835724899     
  0.77096302544261186       0.13250280893800487     
  0.82206828427291645       0.14929554268333578     
  0.87613822926948892       0.12294461422415401     
  0.78958770245754040       0.13888483793408246     
  0.85454458104915343       0.16177407630208820     
  0.95590239285403711       0.14745223535839036     
  0.17248520749955726       0.24713170551468802     
  0.14132581857281684       0.23721193722235798     
  0.43095122423074328        1.2527483998860428E-003
  0.51496476312880213       -1.7301745083221845E-004
  0.37429278523489729       -3.1242440398636237E-003
  0.39347398427152519       -1.7347450135841900E-003
  0.31260559721225456        2.6230552523900720E-003
  0.55159578700347034       -1.9788785958775273E-003
  0.47082398731550457        3.0912012073850120E-003
  0.39815242191949257       -1.0990283110258188E-003
  0.62297335671124887       -6.3503376515465252E-003
  0.44750174332394999       -6.4708599269172379E-004
  0.49264896335679342       -7.8571204327096563E-004
  0.36592073365915145        9.8326762151727080E-003
  0.90870004505023894        9.9820059252443555E-003
  0.86779904008419195       -3.7000416006854219E-004
  0.93782409993223326        1.8675346546876515E-002
  0.90791128369556828        1.4043305679535661E-002
  0.92450764962685916        1.3691458398637160E-002
  0.85783119764359761       -3.2657256707119119E-003
  0.88151333206710358        3.4037502207289396E-003
  0.96969976698526583        3.1281954673396055E-002
  0.91389591676022375        1.2257620280420930E-002
  0.47909815714518411       -3.0756226850504678E-003
  0.47239385342422874        1.0429660983790989E-003
  0.47413565898340504       -3.9392958123306140E-003
  0.41526825637511577       -2.6960714250803385E-003
  0.47126149216087587       -1.8727780249503010E-003
  0.50111906799818950       -1.1094276968550666E-003
   9.8149018033034274E-002   9.8461162684642806E-002
  0.14908261746529528       0.13174878465105111     
  0.14414256305195794        7.6485740926834231E-002
  0.10789717913236935       0.10454917800673171     
  -1.6942905196690838E-002  0.11754210326410783     
  0.21569181946102417       0.11888509311478077     
   7.8959302678728360E-002   9.7090992999645923E-002
   7.9016481624275048E-002  0.10509869906497141     
  0.66128819188904164       0.24900590984499346     
  0.52857865369394941       0.22365486852961142     
  0.59875499779291319       0.31946926041257023     
  0.57282775373441508       0.23657501750403848     
  0.71641596341646596       0.27576256098499924     
  0.55483599556232355       0.24673764574183799     
  0.61484664332714523       0.23544226493101264     
  0.45668230483673811       0.16105346369551943     
  0.53597644649216292       0.27503329833987039     
  0.50089207350215192       0.28070750620823104     
  0.80725494323652625       0.13561832585111258     
  0.82673921657626137       0.14488049082489490     
  0.70730205886946451       0.14099650179983431     
  0.74992460763032587       0.14005128467219471     
  0.81455957432819637       0.12712883641484735     
  0.72284638793769285       0.14563795754615758     
  0.78318057384319095       0.14434854905661090     
  0.13401967436213558        9.1890626038973619E-002
  0.15810159587583772        8.9232693140954458E-002
   9.8915539573833922E-002   7.9305013365230340E-002
   6.9918388365248996E-002  0.10785865931896235     
  0.23882476708108397        9.8507271950027134E-002
   9.5456402444239086E-002   8.8057338305888105E-002
  0.10620610804291425       0.10911163290952455     
  0.34000204238963216        5.4750847723127635E-004
  0.34320431331250495       -4.2505274616567703E-004
  0.28496902187665984       -1.3171948025796579E-003
  0.34771814338499352       -1.8023279581236178E-003
  0.37882371269016368        8.3129325865411764E-004
  0.27316830909874307        1.6411836388117915E-003
  0.61097655230483372        8.4916412160106983E-004
  0.56158675902570099       -5.4668864384596884E-005
  0.75468843300475652       -1.3352013552095448E-003
  0.51020840666491707       -4.2244938179285637E-004
  0.66049287866339434       -3.3303824079798957E-003
  0.55782920254911494        2.9710001599958600E-004
  0.57267007671262826        4.4567733278943306E-004
  0.63822621173902072       -2.3710797897497052E-003
   8.2385094206610165E-002   9.8087097748654267E-004
   9.2424167847660055E-004   9.4037645013731136E-004
   7.0140311023649704E-002   1.0679193046887114E-003
  0.14813340377908768       -1.1549248023281166E-003
  -9.0775152907765499E-003   1.8992592505824720E-003
   5.4388386878865935E-002   5.5251441139887595E-003
   7.0447009737059252E-002   4.3041167197905104E-003
   8.6598686644220879E-003   1.1148198628110624E-003
  0.14807424829131910       -1.3085628101525500E-003
  -5.1863991940028997E-002   6.9246880664974152E-003
  0.14719177899284053        5.5167347462069475E-003
   2.5772629471683128E-003   2.1253009273816455E-003
  0.48520417500293039       -8.5020807505557317E-004
  0.54730305691537462       -1.5506346889086720E-004
  0.43620338772301892       -5.1013352026934482E-003
  0.46525778607986373       -2.5845571095877728E-003
  0.39119586386029798        4.6924016013175840E-003
  -2.5178556870530944E-004   3.7369930714168309E-003
  0.90410288820282725        8.3818313049875796E-003
  0.86170277797731798        2.6070822242617044E-003
  0.93157033728967287        1.8072617873496892E-002
  0.89744424854626559        1.3724598829335260E-002
  0.91954170496607857        1.3313824791760968E-002
  0.85191335300066617        2.0056339037771636E-004
  0.87463480807963734        4.3708906987681489E-003
  0.97097333951941711        3.5249432613144997E-002
  0.90546189657379550        1.1506305277751162E-002
  -6.0289929295375855E-002  -5.4098435224847240E-003
  -5.8435792654804308E-002  -1.1953104522261194E-003
   4.9198639668498967E-002   8.8012785027625573E-004
