 cosx vtec
  0.76472592607720813       -9.6162401822252549E-004
  0.72793571241363020       -3.1685733285309186E-004
  0.79496449321824947        1.2930267714109428E-003
  0.77949672605350095        7.5567409252068395E-005
  0.74907463421928322        3.9073304018642291E-003
  0.71700888080755454       -7.3190681211835254E-004
  0.73132768067376208       -5.0381838196475351E-004
  0.66710519266626400       -1.4334823602417959E-004
  0.62377586547634289        9.1280395362138908E-005
  0.69047446910439425        2.6484931139093269E-003
  0.56318128410719948        2.4790802105653944E-003
  0.45975815937126341        4.0766235908728171E-004
  0.68095414478749294       -1.5515789069554193E-003
  0.65667667933195317       -3.5281456368758475E-003
  0.60924574823552113       -1.1035258684171378E-003
  0.61993826937913354        4.7901094501673130E-004
   5.5199664131366788E-003  0.10729922832570163     
   6.3432954192230162E-003  0.12261495911962182     
  -7.8773895377006020E-002  0.10407521999405821     
   3.2950668374897574E-003   7.9455081797138630E-002
  -2.8843917674831021E-002  0.11227182130513493     
   3.9644511416058084E-002  0.23299099210043162     
   5.7346406391957455E-002  0.23848472930534723     
  -7.5948586334903895E-002  0.24579306243113461     
  -3.8918156204928014E-002  0.24387617783107565     
   2.9777467314175410E-002  0.23595003965126718     
  0.33729344323172528        1.5687779507678255E-003
   9.9202391411801760E-002   2.7623175054397550E-003
  0.26071952803673154        4.0197458449612528E-003
  0.24675775118022353       -4.7835043372671920E-004
  0.25678972584872717       -3.4377783499088652E-003
  -7.7296516135114124E-003  0.24536648206127828     
  0.55979159333901440        1.7863194930720187E-002
  0.49497919914667887        1.9575283317887330E-002
  0.36143283214688554        3.0287222014354839E-002
  0.40473531072145230        1.6668697761839574E-002
  0.32865786148159531        1.3116161486377044E-002
  0.52872789865489933        2.5127913673000962E-002
  0.44775441149168954        1.0602088710713380E-002
  0.44111878129875320        1.3917213258329682E-002
  0.24583880585231210        1.0555076789434181E-002
   5.0845341581363668E-002  0.18163321329719903     
   3.5205714213770556E-002  0.18364688198242726     
  -4.4223059637918366E-002  0.17466758563093754     
   8.0619073843914424E-003  0.17416515867053778     
  0.29772973314377044       0.15282663361311893     
  0.30451871813059028       0.18282056158905738     
  0.29322124294299806       0.16106935157295429     
  0.21395415375217941       0.15907872351079722     
  0.41874048281398218       0.19583999216562853     
  0.30139173169338057       0.15789407856856472     
  0.26992715670872491       0.15939434382024795     
  0.99049231788207626        5.2849905566731969E-002
  0.96894464115404011        3.8106920053663500E-002
  0.99253821136454401        6.3276848475789002E-002
  0.98886133187588532        7.0919116972806243E-002
  0.99323306059819461       0.10519336145341916     
  0.98008712091260308        5.0497807114577992E-002
  0.98876396514988663       0.10388572255787835     
  0.95739770619822506        5.3512534605510184E-002
  0.99895215548756011        7.5890816554633062E-002
  0.96469381925141306        6.5135368128468984E-002
  0.96718433409393212        6.0586009130342254E-002
  0.69729793138111296       -1.1004490245101013E-003
  0.65420314093597409       -8.3599036980587562E-005
  0.70547638025548476       -7.6881997226430749E-004
  0.74940426073628674       -1.8436084074217239E-004
  0.66174505324813349        8.0550389157429145E-004
  0.65330298622473715        9.8471546486337408E-004
  0.65170471507044503       -6.6271548454806327E-004
  0.63986034656961777        5.8068373183961623E-002
  0.56412009278269870        6.6928927599418278E-002
  0.44799727493149200        7.8420673010781289E-002
  0.48657204339506377        6.1524758571879119E-002
  0.37718490831160495        3.4345231023820519E-002
  0.59793819027452755        6.3733997491919478E-002
  0.53699481463391641        4.5257741978062357E-002
  0.67633618652534233       0.10812904251234406     
  0.52343209276116320        6.0545584113714725E-002
  0.43998087437651034        9.8655685494388690E-002
  0.45948721981997320       0.13308650335389738     
  0.51290861907053920        5.5964969898950119E-002
  0.44030745730107701       0.10687066290385225     
  0.35211645840842065       0.10745699758102502     
  0.55250302811542007       0.13555866064375602     
  0.43484917466887407        9.3728464902475037E-002
  0.41619761860813809       0.10544067617861003     
  0.95841326491099443        4.4498150413293282E-003
  0.93115282129040011        1.7487307358282290E-002
  0.98185457959543354        4.1352447010887541E-002
  0.95468548537254783        2.9894771136291815E-002
  0.96906436615848879        4.3363388991551628E-002
  0.93989122005812265       -3.1374722056225199E-002
  0.96899312017067951        4.4487769866509388E-002
  0.92462077586561731        9.1331953273705319E-003
  0.98628346885173490        3.6179897849154104E-002
  0.92589362013664034        1.7362169594392445E-002
  0.94948454139046934        2.1612762921603676E-002
  0.20005580129823730        3.9713315750270527E-003
   5.3048584183854497E-002   1.5067994553094507E-004
  0.22086673699238066       -6.6718014027117778E-004
  0.10604959169345646        4.4953568808341338E-003
  0.17703359686899522       -1.1062818537919612E-003
  0.17772839903280857       -4.5443046438902509E-003
   7.3947781602981877E-002  -1.8425442309917390E-003
   1.2826208394982053E-002  -6.4994435822044718E-003
  -3.4181136944230611E-002  -1.5193500429710259E-003
   4.4675083857865533E-002  -1.0268789279195456E-003
   6.9815147739989980E-002  -2.8028151825057441E-004
  0.80950036292356453        1.2428388263224378E-003
  0.77467572391069861       -2.6804108066335843E-004
  0.85474666552280565        5.3309663252945824E-003
  0.82782158657665461       -1.7674594537552189E-004
  0.78939751705618821        1.4058700887975260E-003
  0.76653200063882054        3.4385848994467221E-003
  0.92921114448612652        7.1561491682741601E-004
  0.79213724615041992       -1.9313477136490538E-003
  0.78854982518686012        4.6256906650562378E-004
  0.55642467339467849       0.26215514191980205     
  0.50579246179669135       0.25579646739042927     
  0.55144866212762866       0.25371490527562868     
  0.19842920155535348       0.14616974875789149     
   7.7146373495208587E-002  0.13480062142992202     
   9.6373789422302902E-002  0.13244874296649659     
   1.7829447263024822E-002  0.12622566330818735     
  0.13769004492947204       0.13218300977472652     
   2.0717117771481830E-002  0.13403129489593524     
   4.3037333599878380E-002  0.16718654530471480     
  0.54667003632290312        4.5253359407055623E-004
  0.49011038137098006        9.6129781111855802E-004
  0.57080654017534371       -3.0777218663015225E-003
  0.43336473345226484        1.1174027867113141E-003
  0.36279121545454196        4.3087592295885479E-004
  0.56341421713622108       -2.2641791912794453E-003
  0.54058648063156289       -1.7650548315984085E-003
  0.47137752525483406        8.1385757764911872E-004
  0.48125056834169305       -4.3943034735775886E-004
  0.94045963489193563       0.13828575727672404     
  0.89954058046609908       0.13496985917050677     
  0.88094840714457878       0.17457448895407282     
  0.91844956362310948       0.13312764346030101     
  0.90970878875463612       0.13731931094613789     
  0.88033788547013980       0.14286392655987321     
  -9.8649169252692404E-002   1.8039901042231622E-002
  -7.5373310716473352E-002   9.4478455624341824E-003
  0.42380221109536137        1.3401480297468547E-003
  0.35089672736098410       -2.2287743463634928E-003
  0.29928966201386659        4.6502114942599477E-003
  0.24014250714314145       -5.4593737072498264E-003
  0.47630075519139825       -2.8915610890522516E-003
  0.39243505332381201       -3.4230545147837048E-003
  0.33585587046422205       -3.1479813156236563E-003
  0.35830249872216652        1.0378312096303243E-003
  0.86327437886457592        7.8589178373334942E-004
  0.83030294004216509        8.1466062100912489E-003
  0.92202466321110055       -1.6584863994053397E-002
  0.87795276236229602       -1.3931294641972591E-003
  0.88398988728073169        5.5444735493517883E-003
  0.83992140317394370        9.1762047814772235E-003
  0.82510103776365573       -1.2828109273727184E-002
  0.94589927485973224        3.2156347579018912E-003
  0.83087961271514010       -1.6253284049114482E-003
  0.86222955560922965        7.0115968919918338E-003
  0.30928037072461917       0.15502508079457533     
  0.20434358446942139       0.15193625256534618     
  0.22432544107642652       0.14234849483706394     
  0.11299450416076695       0.14808115052818685     
  0.26484434429880555       0.15622842766649297     
  0.13080916857698788       0.16013105653987095     
  0.30735735402595465       0.24981006337795672     
  0.19271204536954334       0.23712981313967793     
  0.21279120186114445       0.27819200677065820     
  0.26235342030475017       0.24906902391523478     
  0.33820382279401273       0.25112652606919900     
  0.13598327281742895       0.25379079357669648     
  0.17943222676727846       0.23963081729763375     
  0.98962339888000517       0.12439328161424504     
  0.97007620806291794       0.12268714835724899     
  0.96189080377789327       0.13250280893800487     
  0.93720525535150390       0.14929554268333578     
  0.98070708960770281       0.12294461422415401     
  0.94863487073017405       0.13888483793408246     
  0.96721635901634140       0.16177407630208820     
  0.95989373136622780       0.14745223535839036     
   4.5836231839542510E-002  0.24713170551468802     
  -2.4070303582367572E-002  0.23721193722235798     
  0.52593287014830192        1.2527483998860428E-003
  0.59132744493382328       -1.7301745083221845E-004
  0.48753779307890477       -3.1242440398636237E-003
  0.46437511975045870       -1.7347450135841900E-003
  0.49767976688755133        2.6230552523900720E-003
  0.33051938629270905       -1.9788785958775273E-003
  0.14317307972840632        3.0912012073850120E-003
   9.5720592097734647E-002  -1.0990283110258188E-003
  0.37035822897437365       -6.3503376515465252E-003
  0.17719309981934611       -6.4708599269172379E-004
  0.18903037547776844       -7.8571204327096563E-004
  -3.9014167409414657E-003   9.8326762151727080E-003
  0.79468671578436334        9.9820059252443555E-003
  0.76240771639628879       -3.7000416006854219E-004
  0.78578230547829997        1.8675346546876515E-002
  0.69165482716371007        1.4043305679535661E-002
  0.79373041940696087        1.3691458398637160E-002
  0.80366862102343628       -3.2657256707119119E-003
  0.74183889582393958        3.4037502207289396E-003
  0.86078517583205083        3.1281954673396055E-002
  0.74453048017781698        1.2257620280420930E-002
  0.17203139610920543       -3.0756226850504678E-003
   2.6101490230564683E-002   1.0429660983790989E-003
   6.5935703221376651E-002  -3.9392958123306140E-003
   2.0882199224796616E-002  -2.6960714250803385E-003
  0.10725276294503996       -1.8727780249503010E-003
  0.10720611216867462       -1.1094276968550666E-003
  0.55667007559854009        9.8461162684642806E-002
  0.56827266210264205       0.13174878465105111     
  0.61811567715251414        7.6485740926834231E-002
  0.55582925403548855       0.10454917800673171     
  0.45566957805730102       0.11754210326410783     
  0.63611305307774757       0.11888509311478077     
  0.55179623304871184        9.7090992999645923E-002
  0.53295876789897634       0.10509869906497141     
  0.60987125455261626       0.24900590984499346     
  0.63394159134000261       0.22365486852961142     
  0.45378073698317078       0.31946926041257023     
  0.55279878534841109       0.23657501750403848     
  0.68975696805224629       0.27576256098499924     
  0.57251031092543159       0.24673764574183799     
  0.59584731252226908       0.23544226493101264     
  0.35236600196883333       0.16105346369551943     
  0.45566729499942743       0.27503329833987039     
  0.54850203982099532       0.28070750620823104     
  0.97006836907563776       0.13561832585111258     
  0.94508347175591800       0.14488049082489490     
  0.92279997666174585       0.14099650179983431     
  0.90206892605521960       0.14005128467219471     
  0.95730877669574643       0.12712883641484735     
  0.91057375594307233       0.14563795754615758     
  0.93433761386028125       0.14434854905661090     
  -9.2407994337363464E-002  -4.2505274616567703E-004
  -4.3369992150914860E-002  -1.8023279581236178E-003
  -4.5780137333845838E-002   8.3129325865411764E-004
  0.57096712368387159        8.4916412160106983E-004
  0.51968110696551761       -5.4668864384596884E-005
  0.65074050418952289       -1.3352013552095448E-003
  0.37753859728470945       -4.2244938179285637E-004
  0.60382351590474082       -3.3303824079798957E-003
  0.54665214264570694        2.9710001599958600E-004
  0.50820163784094652        4.4567733278943306E-004
  0.52908921356411220       -2.3710797897497052E-003
  0.70166713532618497       -8.5020807505557317E-004
  0.74629063218716496       -1.5506346889086720E-004
  0.66922433240496626       -5.1013352026934482E-003
  0.65655376484766614       -2.5845571095877728E-003
  0.66218969398909278        4.6924016013175840E-003
  0.77002075241188983        8.3818313049875796E-003
  0.73643265609803366        2.6070822242617044E-003
  0.75875996441105475        1.8072617873496892E-002
  0.66674244638173930        1.3724598829335260E-002
  0.76803168100600228        1.3313824791760968E-002
  0.78313595037606654        2.0056339037771636E-004
  0.71431958476441082        4.3708906987681489E-003
  0.84359948099792548        3.5249432613144997E-002
  0.71641134346673008        1.1506305277751162E-002
