 cosx vtec
  0.60345910658396373       -9.6162401822252549E-004
  0.59006408794788989       -3.1685733285309186E-004
  0.68212841675230906        1.2930267714109428E-003
  0.63037541570092182        7.5567409252068395E-005
  0.55003214687031798        3.9073304018642291E-003
  0.62693538363286250       -7.3190681211835254E-004
  0.69751707083883452       -5.0381838196475351E-004
  0.79495685147230311       -1.2897270245265243E-003
  0.77315194720790648       -1.5853890733796313E-003
  0.70715242550287249        2.7911010227498938E-003
  0.73044143062894085        2.5617719413499748E-004
  0.79808198836316024        1.3981685127904576E-003
  0.71775951116087144       -5.1007868414364495E-003
  0.71346444374528639       -1.4334823602417959E-004
  0.69767557972075067        9.1280395362138908E-005
  0.78791835108070640        2.6484931139093269E-003
  0.84903548089351577        2.4790802105653944E-003
  0.79032984781224536        4.0766235908728171E-004
  0.74181123267116456       -1.5515789069554193E-003
  0.64833132003922056       -3.5281456368758475E-003
  0.73216117446916607       -1.1035258684171378E-003
  0.78664607425358568        4.7901094501673130E-004
   3.6266036402184919E-002   1.5687779507678255E-003
  -3.0392267673238087E-002   4.0197458449612528E-003
   4.8052735978938284E-002  -4.7835043372671920E-004
  0.70326411784185405       0.24536648206127828     
  0.61497044422234548       0.18116790074331321     
  0.65738516420814075       0.18711093450550123     
  0.55715726042480895       0.18987606643068172     
  0.72475531653319758       0.21150504713415480     
  0.61245966719860578       0.18739092016021178     
  0.57487879578600665       0.18751340178758585     
  0.94193916082688423        1.7863194930720187E-002
  0.98085155536422020        1.9575283317887330E-002
  0.99950782269375615        3.0287222014354839E-002
  0.98994274916804958        1.6668697761839574E-002
  0.97699539850260630        1.3116161486377044E-002
  0.96669308378831065        2.5127913673000962E-002
  0.96284570309358330        1.0602088710713380E-002
  0.98329612512602893        1.3917213258329682E-002
  0.99132944549834900        1.0555076789434181E-002
  -6.2585655594445148E-003  -2.7604670143527199E-003
   2.5752589204552000E-002  -1.2436391499969313E-003
  0.38794065004889328        2.0479110461447654E-004
  -6.1848977212021049E-003  -4.5297425071958546E-003
  0.19087454005829124        3.3594982712548912E-003
  -2.4169066413773050E-002  -1.0845568661108529E-002
  -6.4813966224365915E-002   2.4618362171800252E-002
  -1.9590486828582960E-002  -3.8686800322529163E-002
  0.19174316433220759        4.1191537438215890E-004
  0.76359712622912568        2.3041674179984772E-003
  0.76833535425383737       -2.7525199677435008E-004
  0.72479429876287160       -1.2724938539822386E-003
  0.76911335030639927       -2.9124891541573404E-003
  0.80208265101482323        1.6272398366837053E-003
  0.72379148772312685       -1.8118724865727565E-004
  0.17075621191089926       0.16537621692818413     
   3.0086207208276906E-002  0.15934392381651821     
  -1.4780861917570064E-002   2.5444023499378923E-002
   9.2959102439289093E-002  0.16245428121964881     
  0.14981203601658757       0.15838180996555629     
  0.11058115723138046       0.16540010551223430     
  0.39475563976927619        5.2849905566731969E-002
  0.39102116449197644        3.8106920053663500E-002
  0.44904469512358813        6.3276848475789002E-002
  0.21050437434037830        7.0919116972806243E-002
  0.41468903781341165       0.10519336145341916     
  0.33758593697569117        5.0497807114577992E-002
  0.21208129452616845       0.10388572255787835     
  0.47393823048940259        5.3512534605510184E-002
  0.38265950845087776        7.5890816554633062E-002
  0.18047165721376804        6.5135368128468984E-002
  0.55579608150578930        6.0586009130342254E-002
   8.8321039204269786E-002  -1.1004490245101013E-003
   7.2844528632924635E-002  -8.3599036980587562E-005
  -8.9134379045986242E-002  -7.6881997226430749E-004
  0.14469179328690487       -1.8436084074217239E-004
   4.2878828210908923E-002   8.0550389157429145E-004
  0.12819401361239890        9.8471546486337408E-004
  -2.3829182142790846E-002  -6.6271548454806327E-004
  0.93821196601632362        5.8068373183961623E-002
  0.96717533664233224        6.6928927599418278E-002
  0.98611560919794217        7.8420673010781289E-002
  0.98673277282258665        6.1524758571879119E-002
  0.99547659909486641        3.4345231023820519E-002
  0.95763557959257184        6.3733997491919478E-002
  0.97002229412617080        4.5257741978062357E-002
  0.90832132223207107       0.10812904251234406     
  0.97960023944846319        6.0545584113714725E-002
  0.30316984360917382        4.4498150413293282E-003
  0.29685526146290259        1.7487307358282290E-002
  0.38178597723626023        4.1352447010887541E-002
  0.13907444363953544        2.9894771136291815E-002
  0.32775783372682266        4.3363388991551628E-002
  0.25486580672708903       -3.1374722056225199E-002
  0.10893669618783074        4.4487769866509388E-002
  0.36920882707192954        9.1331953273705319E-003
  0.29707934445506223        3.6179897849154104E-002
  0.14642645569303958        1.7362169594392445E-002
  0.51368747974597062        2.1612762921603676E-002
  0.29583295710916546       0.15621543594884907     
  0.38492604655268170       0.16669204073483934     
  0.15329494282055695       0.15831919765343447     
  0.22771451436902548       0.15216228660618406     
  0.27938761335788698       0.14958327736875440     
  0.24475156602556725       0.15520144799549179     
  -6.7670492497487827E-002  -1.2701386721718732E-002
  -5.6875945440521193E-002  -4.6381131940633384E-003
  0.62861847685070871       -1.8425442309917390E-003
  0.75175006734672034       -6.4994435822044718E-003
  0.66501711359986415       -1.5193500429710259E-003
  0.66272339930344337       -1.0268789279195456E-003
  0.73999108699257488       -2.8028151825057441E-004
  -8.6874392758509555E-002  -2.3291142227196697E-004
  -8.4773906529330173E-002   1.0504469837238101E-003
  0.46881022500033781        1.2428388263224378E-003
  0.45663729646659706       -2.6804108066335843E-004
  0.56491560124500972        5.3309663252945824E-003
  0.49753105107897649       -1.7674594537552189E-004
  0.42185491791361390        1.4058700887975260E-003
  0.49728186811547859        3.4385848994467221E-003
  0.47487229169663259        7.1561491682741601E-004
  0.27046680813951041       -1.9313477136490538E-003
  0.60051716318741721        4.6256906650562378E-004
  0.36589544817691533       0.26215514191980205     
  0.26602597639486025       0.25579646739042927     
  0.29928062982861287       0.25371490527562868     
   1.3181315883049407E-002  0.17979436456887404     
  -8.6954986621555694E-002  0.16379153790527184     
  -1.6941716822919405E-002  0.16523917677199620     
  -6.7645895110510931E-002  0.16719070424129434     
  0.92665924408196809       0.14616974875789149     
  0.89744538166242294       0.13480062142992202     
  0.91728746321891608       0.13244874296649659     
  0.92287133120829012       0.12622566330818735     
  0.93275201079333125       0.13218300977472652     
  0.89342965895218773       0.13403129489593524     
  0.85178936356087864       0.16718654530471480     
  0.64165546114626093        4.4968026919053892E-003
  0.66219056266253862        4.2981282663374643E-003
  0.61536108843748771        1.4764253058574511E-003
  0.73121489751015645        7.5457911314361602E-003
  0.60692871352046751        8.4268154823119001E-004
  0.76975040042235965        4.5253359407055623E-004
  0.75036734776938607        9.6129781111855802E-004
  0.85239959983213809       -3.0777218663015225E-003
  0.86922471127188794        1.1174027867113141E-003
  0.81320009731015963        4.3087592295885479E-004
  0.80340523673258735       -2.2641791912794453E-003
  0.68852676442440253       -1.7650548315984085E-003
  0.78402094777881470        8.1385757764911872E-004
  0.83350489390993387       -4.3943034735775886E-004
  0.57181077242924860       0.13828575727672404     
  0.59738015549617085       0.13496985917050677     
  0.49451593859150900       0.17457448895407282     
  0.58416417416046296       0.13312764346030101     
  0.54786430991826507       0.13731931094613789     
  0.66979760452892412       0.14286392655987321     
  -7.4361966385804806E-002  -2.4152062409891399E-004
  -6.8687498949025996E-002   8.7806748522432240E-002
  0.90135237351498587        1.8039901042231622E-002
  0.90981266091208124        9.4478455624341824E-003
  0.88473965500797702        7.0401137222157381E-004
  0.88019991125089148        6.7728585436055448E-003
  0.63785262427755651        1.3401480297468547E-003
  0.61463432948966090       -2.2287743463634928E-003
  0.78109587660238466        4.6502114942599477E-003
  0.67153670049149250       -5.4593737072498264E-003
  0.69212340588714771       -2.8915610890522516E-003
  0.56576217142344798       -3.4230545147837048E-003
  0.64614417514704381       -3.1479813156236563E-003
  0.72300848680662166        1.0378312096303243E-003
  0.29065575366139890        7.8589178373334942E-004
  0.28019418366610721        8.1466062100912489E-003
  0.40871513189546332       -1.6584863994053397E-002
   9.7545743899975876E-002  -1.3931294641972591E-003
  0.32178586908425688        5.5444735493517883E-003
  0.24655992580374395        9.1762047814772235E-003
  0.33310859703252271       -1.2828109273727184E-002
  0.29785000089069197        3.2156347579018912E-003
  0.15116525870553774       -1.6253284049114482E-003
  0.51004370294881840        7.0115968919918338E-003
  0.91012559794164838       0.15502508079457533     
  0.89385285134018844       0.15193625256534618     
  0.91549452802269593       0.14234849483706394     
  0.94281371088824373       0.14808115052818685     
  0.92695542632867312       0.15622842766649297     
  0.89705093988838269       0.16013105653987095     
  0.57748349220708983       0.24981006337795672     
  0.55568407877025328       0.23712981313967793     
  0.62196810029850025       0.27819200677065820     
  0.46567290030048275       0.24906902391523478     
  0.51207797867106042       0.25112652606919900     
  0.48647701174128832       0.25379079357669648     
  0.50659475997410597       0.23963081729763375     
   2.9038953673562354E-002  0.20000990441896402     
  -6.1204615687849032E-002  0.19102871679253400     
  -4.4647450542349289E-002  0.19544743668399317     
  0.32857719501166727       0.12439328161424504     
  0.36948797690174112       0.12268714835724899     
  0.16361384781437033       0.13250280893800487     
  0.26012444338422291       0.14929554268333578     
  0.34455434395053047       0.12294461422415401     
  0.19722690640231505       0.13888483793408246     
  0.30613668824500689       0.16177407630208820     
  0.52848456451403669       0.14745223535839036     
   1.5849654532487670E-002  0.24713170551468802     
   4.8125024475842729E-002  0.23721193722235798     
  0.34923856312509738        1.2527483998860428E-003
  0.41044800586269115       -1.7301745083221845E-004
  0.29864227889576583       -3.1242440398636237E-003
  0.36499145338403072       -1.7347450135841900E-003
  0.16822047301702150        2.6230552523900720E-003
  0.41207848018878879        1.8930705919911962E-002
  0.46201523585705784        1.1916057871492762E-002
  0.20837959696167108        2.6299998063288428E-002
  0.38765639678703162        3.0246794274645942E-002
  0.15230205058056348        1.8192433725313806E-002
  0.31893161608255216        2.2596442649661611E-002
  0.36878440290648506        3.6811161512725413E-002
  0.35169267659185161        1.8706940296745276E-002
  0.13763591682259849        4.3737613825485785E-002
  0.28771144851545583        5.4220707082015401E-002
  -4.9642915831057392E-002   2.2100578287264510E-002
  0.12097843315863205        3.8172727753038857E-002
  -7.5955438419680568E-002   3.9101947776732475E-002
   1.7680013555266706E-002   3.1988908536078074E-002
   7.1866894185615135E-002   1.7970343024593889E-002
   4.9614876936845763E-002   4.5846785742042269E-002
  0.78337897204984108       -1.9788785958775273E-003
  0.84656311365017878        3.0912012073850120E-003
  0.78894656522803730       -1.0990283110258188E-003
  0.84506865016776789       -6.3503376515465252E-003
  0.78375084940711703       -6.4708599269172379E-004
  0.83591896902883500       -7.8571204327096563E-004
  0.82825579030055874        9.8326762151727080E-003
  -3.5028447415463376E-002   1.2596067335274474E-002
  -3.7626374047027546E-002   2.9433060817074527E-002
  0.77471850135827369        9.9820059252443555E-003
  0.75983478559364714       -3.7000416006854219E-004
  0.81959746787861709        1.8675346546876515E-002
  0.88757406900726610        1.4043305679535661E-002
  0.79533264557167815        1.3691458398637160E-002
  0.69296677240463866       -3.2657256707119119E-003
  0.80281817496288643        3.4037502207289396E-003
  0.76073449767356360        3.1281954673396055E-002
  0.83928358125021918        1.2257620280420930E-002
  0.47941856396866928        2.5771873650454365E-003
  0.32531682435221981       -1.3529777179666987E-003
  0.10169602008251490       -1.1808690353571833E-003
  0.39693482508964384        7.4402037411422828E-004
  0.33809562782752467        7.6328347695225137E-004
  0.83263104475521321       -3.0756226850504678E-003
  0.92720259685110307        1.0429660983790989E-003
  0.90814308569684288       -3.9392958123306140E-003
  0.87094113316339683       -2.6960714250803385E-003
  0.87609162078712399       -1.8727780249503010E-003
  0.91129582231866735       -1.1094276968550666E-003
  0.26710971482716644       0.24900590984499346     
  -5.7566802821756215E-003  0.22365486852961142     
  0.33137802305941549       0.31946926041257023     
  0.16122902964172958       0.23657501750403848     
  0.28539860645481419       0.27576256098499924     
  0.10549174042828834       0.24673764574183799     
  0.19299447761810887       0.23544226493101264     
  0.17562451198330217       0.16105346369551943     
  0.20379752327505612       0.27503329833987039     
   3.2030065170792967E-002  0.28070750620823104     
  0.22171757079396762       0.13561832585111258     
  0.26437549642458197       0.14488049082489490     
   7.3055810007371991E-002  0.14099650179983431     
  0.15338321974437508       0.14005128467219471     
  0.23720228453216069       0.12712883641484735     
  0.10295716533227339       0.14563795754615758     
  0.19251072724566803       0.14434854905661090     
  0.67179351258211351        9.1890626038973619E-002
  0.70196628180733345        8.9232693140954458E-002
  0.68311071449888372        7.9305013365230340E-002
  0.60577452227767969       0.10785865931896235     
  0.76316876935363231        9.8507271950027134E-002
  0.65692669804780890        8.8057338305888105E-002
  0.62889772381582587       0.10911163290952455     
  0.38090254510507232       -3.3425157168294802E-003
  0.42571797387513965       -3.8818913480724538E-003
  0.12310722306805827        8.9833006876898162E-003
  0.31178433952613643       -1.3661553311033220E-002
   8.7516511681567488E-002  -8.8073565653271145E-004
  0.24790401995620490        4.9149835120062069E-003
  0.30278534453753486       -2.4785332552559099E-003
  0.86976224919828882        5.4750847723127635E-004
  0.85895749326878068       -4.2505274616567703E-004
  0.81856415334017563       -1.3171948025796579E-003
  0.83412385644433817       -1.8023279581236178E-003
  0.87149542804092572        8.3129325865411764E-004
  0.82488708474255201        1.6411836388117915E-003
   1.1588924277219781E-002  0.13246439172701949     
  -3.8754639106819581E-002  0.10889889671508828     
  -8.0154362607074453E-002  0.12766311865842941     
  0.60183319734886531        8.4916412160106983E-004
  0.58430588634668756       -5.4668864384596884E-005
  0.73095359721487208       -1.3352013552095448E-003
  0.66959743498194779       -4.2244938179285637E-004
  0.64135118648817668       -3.3303824079798957E-003
  0.54405516636165485        2.9710001599958600E-004
  0.61664181870261758        4.4567733278943306E-004
  0.69638574848735990       -2.3710797897497052E-003
  0.67768810061810558        9.8087097748654267E-004
  0.60079221996693843        9.4037645013731136E-004
  0.62459394050213146        1.0679193046887114E-003
  0.71173222193598196       -1.1549248023281166E-003
  0.61441506180816308        1.8992592505824720E-003
  0.69057819975793278        5.5251441139887595E-003
  0.70648782890602135        4.3041167197905104E-003
  0.66288103984382052        1.1148198628110624E-003
  0.74794300820103188       -1.3085628101525500E-003
  0.58849259491382921        6.9246880664974152E-003
  0.75998043777845525        5.5167347462069475E-003
  0.65646883607481510        2.1253009273816455E-003
  0.21618391489040728        8.4135536254450499E-002
  0.32486582798587521        8.2703558476082906E-002
   5.5271367481865258E-002   7.5380639790021020E-002
   1.8349520908158133E-002   5.4533390711802091E-002
  0.12506460143562140        6.4489324284025470E-002
  0.17574248616447752        7.1651545479248444E-002
  0.14940738398342865        9.0258191014254516E-002
  -3.5506680177339982E-002  0.22177906897442204     
  -5.1134710745229912E-002  0.21899558070053621     
  0.19169478195881098       -8.5020807505557317E-004
  0.24080824933878728       -1.5506346889086720E-004
  0.14716307076484914       -5.1013352026934482E-003
  0.22381436586149953       -2.5845571095877728E-003
   6.7921366853628470E-002   4.6924016013175840E-003
  0.49235092377337153        1.9621664489074078E-003
  0.51243328938274757       -8.6461834010806492E-004
  0.42321504865961235       -6.8462720169913715E-004
  0.65450377628337830        3.7369930714168309E-003
  0.41972616088385023        8.6660225717047866E-004
  0.79858147158983006        8.3818313049875796E-003
  0.78285306262156484        2.6070822242617044E-003
  0.84298322866696329        1.8072617873496892E-002
  0.90089078205038997        1.3724598829335260E-002
  0.81947778888676381        1.3313824791760968E-002
  0.71113883408737466        2.0056339037771636E-004
  0.82541961996273605        4.3708906987681489E-003
  0.78351900541036545        3.5249432613144997E-002
  0.85998151408945522        1.1506305277751162E-002
  0.58851706230146061       -5.4098435224847240E-003
  0.49646727499481186        1.0679439633908623E-003
  0.54396479488801586       -1.1953104522261194E-003
  0.66316446481114544        8.8012785027625573E-004
  0.50514465273348275        8.7154376573935952E-004
