 cosx vtec
  0.84419723536428370       -9.6162401822252549E-004
  0.81190390615375607       -3.1685733285309186E-004
  0.90674069988931150        1.2930267714109428E-003
  0.86862292684693454        7.5567409252068395E-005
  0.80506322922515938        3.9073304018642291E-003
  0.82404831995670003       -7.3190681211835254E-004
  0.87139868784454033       -5.0381838196475351E-004
  0.24833109395387920       -1.2897270245265243E-003
  0.26584571240712518       -1.5853890733796313E-003
  0.19570692490153246        2.7911010227498938E-003
  0.28343108230231956        2.5617719413499748E-004
  0.32639461235186512        1.3981685127904576E-003
  0.17188752581578071       -5.1007868414364495E-003
  0.83595333826228724       -1.4334823602417959E-004
  0.79791325336958629        9.1280395362138908E-005
  0.89155496212789243        2.6484931139093269E-003
  0.83700104038558476        2.4790802105653944E-003
  0.73501884040842425        4.0766235908728171E-004
  0.86050959108521918       -1.5515789069554193E-003
  0.79416320323911593       -3.5281456368758475E-003
  0.80632346963692814       -1.1035258684171378E-003
  0.84262839495984032        4.7901094501673130E-004
  0.25001906124636630        1.5687779507678255E-003
  -5.5442650608985289E-003   2.7623175054397550E-003
  0.16217127455158462        4.0197458449612528E-003
  0.19436057176665980       -4.7835043372671920E-004
  0.11764855507585927       -3.4377783499088652E-003
  0.36891163284435802       0.24536648206127828     
  0.18964792582386991       0.18116790074331321     
  0.22576592769266401       0.18711093450550123     
  0.12953330975685329       0.18987606643068172     
  0.31649453512379089       0.21150504713415480     
  0.15503289371987833       0.18739092016021178     
  0.15867372997039803       0.18751340178758585     
  0.88411537153485575        1.7863194930720187E-002
  0.86048593529166151        1.9575283317887330E-002
  0.77906163177567733        3.0287222014354839E-002
  0.80359280256725818        1.6668697761839574E-002
  0.74466362033669675        1.3116161486377044E-002
  0.87603784015763919        2.5127913673000962E-002
  0.81860156365523196        1.0602088710713380E-002
  0.82494396764932398        1.3917213258329682E-002
  0.69563903637258762        1.0555076789434181E-002
  0.17696973594097892        2.3041674179984772E-003
  0.19731029953218543       -2.7525199677435008E-004
  0.14496931007167518       -1.2724938539822386E-003
  0.25262136536213253       -2.9124891541573404E-003
  0.25730794058731338        1.6272398366837053E-003
  0.12905365689064663       -1.8118724865727565E-004
  -4.3467138970625263E-002  0.19583999216562853     
  0.88758174775545751        5.2849905566731969E-002
  0.87085519581433313        3.8106920053663500E-002
  0.91786782470469064        6.3276848475789002E-002
  0.78842803573721132        7.0919116972806243E-002
  0.90006286590950291       0.10519336145341916     
  0.85004480988381348        5.0497807114577992E-002
  0.78920049468946685       0.10388572255787835     
  0.90707587689625790        5.3512534605510184E-002
  0.88693240043472810        7.5890816554633062E-002
  0.75591640808359117        6.5135368128468984E-002
  0.95732597805692399        6.0586009130342254E-002
  0.52397452599043859       -1.1004490245101013E-003
  0.48626107348475656       -8.3599036980587562E-005
  0.43514685749494147       -7.6881997226430749E-004
  0.58961160698509962       -1.8436084074217239E-004
  0.47547562903229301        8.0550389157429145E-004
  0.51509617758680259        9.8471546486337408E-004
  0.43311304176432147       -6.6271548454806327E-004
  0.93690242607581464        5.8068373183961623E-002
  0.90050412842226191        6.6928927599418278E-002
  0.83114935061519279        7.8420673010781289E-002
  0.85786443248681632        6.1524758571879119E-002
  0.78769171728438381        3.4345231023820519E-002
  0.91856107100503226        6.3733997491919478E-002
  0.88346417963810842        4.5257741978062357E-002
  0.94594889079923572       0.10812904251234406     
  0.87928304970504079        6.0545584113714725E-002
  -6.3933107358638663E-002   9.8655685494388690E-002
  -2.4179260279368509E-002  0.13308650335389738     
   1.6272191544266956E-002   5.5964969898950119E-002
  -5.9713719165844725E-002  0.10687066290385225     
   7.6569475939064324E-002  0.13555866064375602     
  -7.2829925542240659E-002   9.3728464902475037E-002
  -8.7295410895517733E-002  0.10544067617861003     
  0.81690659802823806        4.4498150413293282E-003
  0.79489943713429245        1.7487307358282290E-002
  0.87477217333731883        4.1352447010887541E-002
  0.72704330688700702        2.9894771136291815E-002
  0.83727537690206655        4.3363388991551628E-002
  0.77853473150516961       -3.1374722056225199E-002
  0.72079434491954875        4.4487769866509388E-002
  0.82892978349678836        9.1331953273705319E-003
  0.83273025357314778        3.6179897849154104E-002
  0.71126043488100710        1.7362169594392445E-002
  0.92281308735226730        2.1612762921603676E-002
  0.38506417178853236       -1.8425442309917390E-003
  0.40877150457056227       -6.4994435822044718E-003
  0.33046694489053341       -1.5193500429710259E-003
  0.38318731745260548       -1.0268789279195456E-003
  0.44149741255583702       -2.8028151825057441E-004
  0.80317957995286982        1.2428388263224378E-003
  0.77288104357413867       -2.6804108066335843E-004
  0.88526647735161912        5.3309663252945824E-003
  0.83099406772399598       -1.7674594537552189E-004
  0.76444402598292616        1.4058700887975260E-003
  0.78893693385123753        3.4385848994467221E-003
  0.88829213652900929        7.1561491682741601E-004
  0.68576617932261041       -1.9313477136490538E-003
  0.85892836691067387        4.6256906650562378E-004
  0.57530580119540264       0.26215514191980205     
  0.48753189159362254       0.25579646739042927     
  0.53645700402741481       0.25371490527562868     
  0.62879866082269342       0.14616974875789149     
  0.53029194773888255       0.13480062142992202     
  0.55400202619481465       0.13244874296649659     
  0.50324564542782868       0.12622566330818735     
  0.59049252376080119       0.13218300977472652     
  0.48955534161024572       0.13403129489593524     
  0.48266692992581556       0.16718654530471480     
  -1.2997122870228583E-003   4.4968026919053892E-003
   2.6376081398452933E-002   4.2981282663374643E-003
  -3.0502495114926031E-002   1.4764253058574511E-003
  0.12381013313344663        7.5457911314361602E-003
  -4.5159918145263545E-002   8.4268154823119001E-004
  0.78351997089069303        4.5253359407055623E-004
  0.73451738085680274        9.6129781111855802E-004
  0.84400703311069569       -3.0777218663015225E-003
  0.75894375415058479        1.1174027867113141E-003
  0.68085854932085899        4.3087592295885479E-004
  0.81288102985659438       -2.2641791912794453E-003
  0.73614037909662711       -1.7650548315984085E-003
  0.73961005922844325        8.1385757764911872E-004
  0.77269347664672861       -4.3943034735775886E-004
  0.94756644612359653       0.13828575727672404     
  0.93318134883582471       0.13496985917050677     
  0.86573064581987413       0.17457448895407282     
  0.93908377835433510       0.13312764346030101     
  0.91378998155964708       0.13731931094613789     
  0.95857845200039271       0.14286392655987321     
  0.41211957995957943        1.8039901042231622E-002
  0.43254283003263599        9.4478455624341824E-003
  0.38800147256798478        7.0401137222157381E-004
  0.37073998776030465        6.7728585436055448E-003
  0.62929208588706720        1.3401480297468547E-003
  0.56706760058448591       -2.2287743463634928E-003
  0.62033862877464696        4.6502114942599477E-003
  0.52158437082236109       -5.4593737072498264E-003
  0.69408008553970446       -2.8915610890522516E-003
  0.56947715680139044       -3.4230545147837048E-003
  0.57354508730747111       -3.1479813156236563E-003
  0.62979813200934232        1.0378312096303243E-003
  0.74516915817567320        7.8589178373334942E-004
  0.71704888027049640        8.1466062100912489E-003
  0.84817480383658750       -1.6584863994053397E-002
  0.65245807260224131       -1.3931294641972591E-003
  0.77590338930038438        5.5444735493517883E-003
  0.70573188158359912        9.1762047814772235E-003
  0.74164574114263981       -1.2828109273727184E-002
  0.80551589537070978        3.2156347579018912E-003
  0.64878848975744274       -1.6253284049114482E-003
  0.86118834806075806        7.0115968919918338E-003
  0.69582795770074912       0.15502508079457533     
  0.61538841985021686       0.15193625256534618     
  0.64057211070925568       0.14234849483706394     
  0.57895349765831539       0.14808115052818685     
  0.67438688987638185       0.15622842766649297     
  0.56678958377784749       0.16013105653987095     
  0.51751736696001094       0.24981006337795672     
  0.42749613055274349       0.23712981313967793     
  0.47650007430700492       0.27819200677065820     
  0.42723968882268276       0.24906902391523478     
  0.50381604722687456       0.25112652606919900     
  0.35186705260767015       0.25379079357669648     
  0.39229231823107064       0.23963081729763375     
  0.85177455672883251       0.12439328161424504     
  0.86017166322597438       0.12268714835724899     
  0.74502917941181734       0.13250280893800487     
  0.77949548557553039       0.14929554268333578     
  0.85417670540608248       0.12294461422415401     
  0.75384672220945104       0.13888483793408246     
  0.82450689418660883       0.16177407630208820     
  0.93780675717891948       0.14745223535839036     
   3.9787254640404564E-002  0.24713170551468802     
   9.1417334631619489E-003  0.23721193722235798     
  0.54558523560800798        1.2527483998860428E-003
  0.62288662440429476       -1.7301745083221845E-004
  0.49239973493072875       -3.1242440398636237E-003
  0.51185919186711859       -1.7347450135841900E-003
  0.42994125935300287        2.6230552523900720E-003
  0.64291582828207805       -1.9788785958775273E-003
  0.54838298561994980        3.0912012073850120E-003
  0.48526644655574319       -1.0990283110258188E-003
  0.70299159448797988       -6.3503376515465252E-003
  0.53823234201259906       -6.4708599269172379E-004
  0.57408759255812125       -7.8571204327096563E-004
  0.43803698039520567        9.8326762151727080E-003
  0.95581684456012017        9.9820059252443555E-003
  0.92581724848174818       -3.7000416006854219E-004
  0.97360546873472265        1.8675346546876515E-002
  0.94538807524267665        1.4043305679535661E-002
  0.96613125648129083        1.3691458398637160E-002
  0.91846164269427266       -3.2657256707119119E-003
  0.93461833048009924        3.4037502207289396E-003
  0.99359012156423332        3.1281954673396055E-002
  0.95586232030012930        1.2257620280420930E-002
  0.56071013772544975       -3.0756226850504678E-003
  0.51120867447305374        1.0429660983790989E-003
  0.52831552704675588       -3.9392958123306140E-003
  0.47770236918210507       -2.6960714250803385E-003
  0.53952383224287581       -1.8727780249503010E-003
  0.55822368585684923       -1.1094276968550666E-003
   7.2712739829770945E-002   9.8461162684642806E-002
  0.10548465231574977       0.13174878465105111     
  0.14264598864630240        7.6485740926834231E-002
   7.6371334362048793E-002  0.10454917800673171     
  -4.4319714043685565E-002  0.11754210326410783     
  0.18098072018116812       0.11888509311478077     
   6.2450496043109038E-002   9.7090992999645923E-002
   4.8161317681597371E-002  0.10509869906497141     
  0.55930262477490278       0.24900590984499346     
  0.43057852689519915       0.22365486852961142     
  0.48672687422986444       0.31946926041257023     
  0.46392481958068865       0.23657501750403848     
  0.62367898782737274       0.27576256098499924     
  0.44775110481108704       0.24673764574183799     
  0.51027378881800811       0.23544226493101264     
  0.33448039577014743       0.16105346369551943     
  0.42013318902088892       0.27503329833987039     
  0.39224033851408552       0.28070750620823104     
  0.78153930922664605       0.13561832585111258     
  0.78714644114786947       0.14488049082489490     
  0.67010455244123512       0.14099650179983431     
  0.69866500102002382       0.14005128467219471     
  0.78105047809612360       0.12712883641484735     
  0.67765150388250772       0.14563795754615758     
  0.74155739586939351       0.14434854905661090     
   9.5199281441208150E-002   9.1890626038973619E-002
  0.12519773592054129        8.9232693140954458E-002
   7.6839909791210470E-002   7.9305013365230340E-002
   2.3288127020343330E-002  0.10785865931896235     
  0.21040324814478900        9.8507271950027134E-002
   6.1738577945595619E-002   8.8057338305888105E-002
   5.8526561058214355E-002  0.10911163290952455     
  0.37709907405213705        5.4750847723127635E-004
  0.39383095018116970       -4.2505274616567703E-004
  0.34341300672005137       -1.3171948025796579E-003
  0.41416121728602773       -1.8023279581236178E-003
  0.43239757903001808        8.3129325865411764E-004
  0.32204807609127556        1.6411836388117915E-003
  0.71079327896021816        8.4916412160106983E-004
  0.66638548949501364       -5.4668864384596884E-005
  0.83406501625561658       -1.3352013552095448E-003
  0.61453697108220551       -4.2244938179285637E-004
  0.75429545825351840       -3.3303824079798957E-003
  0.66341780362923686        2.9710001599958600E-004
  0.67573866051384224        4.4567733278943306E-004
  0.73245746328214179       -2.3710797897497052E-003
  0.15184030044607277        9.8087097748654267E-004
   7.9278992954738503E-002   9.4037645013731136E-004
  0.15723807071627882        1.0679193046887114E-003
  0.22157327545747713       -1.1549248023281166E-003
   5.9516381814044172E-002   1.8992592505824720E-003
   6.4190741547101915E-002   5.5251441139887595E-003
   8.9067646569381986E-002   4.3041167197905104E-003
   3.5212154054204969E-002   1.1148198628110624E-003
  0.19946059471993571       -1.3085628101525500E-003
  -6.2203781201615460E-002   6.9246880664974152E-003
  0.16949291777398745        5.5167347462069475E-003
   2.0596069649458426E-002   2.1253009273816455E-003
  0.58196725789768555       -8.5020807505557317E-004
  0.63862425830448821       -1.5506346889086720E-004
  0.53608024453224368       -5.1013352026934482E-003
  0.56819836853617434       -2.5845571095877728E-003
  0.48910463788184216        4.6924016013175840E-003
   3.7060105408092958E-002   3.7369930714168309E-003
  0.95164155313858156        8.3818313049875796E-003
  0.92029703014247377        2.6070822242617044E-003
  0.96756440217761464        1.8072617873496892E-002
  0.93543267807034181        1.3724598829335260E-002
  0.96139964648927922        1.3313824791760968E-002
  0.91408562081332934        2.0056339037771636E-004
  0.92781999070362065        4.3708906987681489E-003
  0.99395779731798195        3.5249432613144997E-002
  0.94764083793008624        1.1506305277751162E-002
   8.6406920510762042E-005  -5.4098435224847240E-003
  -8.4406104119740033E-002   1.0679439633908623E-003
   2.4525208991730219E-002  -1.1953104522261194E-003
  0.11407096065752109        8.8012785027625573E-004
