 cosx vtec
  0.81628996614420624       -9.6162401822252549E-004
  0.77990862224499313       -3.1685733285309186E-004
  0.85869548163892651        1.2930267714109428E-003
  0.83487674205673157        7.5567409252068395E-005
  0.79199275422661675        3.9073304018642291E-003
  0.77665193987129699       -7.3190681211835254E-004
  0.80289118607960719       -5.0381838196475351E-004
  -8.8412131519660375E-002  -1.2897270245265243E-003
  -5.3212602796276209E-002  -1.5853890733796313E-003
  -6.7941069017148359E-003   2.5617719413499748E-004
   1.5099711023460638E-002   1.3981685127904576E-003
  0.74665037615788443       -1.4334823602417959E-004
  0.70380018785315623        9.1280395362138908E-005
  0.78194614409838570        2.6484931139093269E-003
  0.67592609898378586        2.4790802105653944E-003
  0.56976246854764279        4.0766235908728171E-004
  0.76465191447619962       -1.5515789069554193E-003
  0.72500329128103380       -3.5281456368758475E-003
  0.69678183974020036       -1.1035258684171378E-003
  0.71670452325332823        4.7901094501673130E-004
  -2.8897804728865439E-002  0.23299099210043162     
  -2.0927148569520881E-002  0.23848472930534723     
  -9.3389196198196439E-002  0.24387617783107565     
  -5.1447571653920887E-002  0.23595003965126718     
  0.31755301286390558        1.5687779507678255E-003
   6.5932929303206989E-002   2.7623175054397550E-003
  0.23466415367424417        4.0197458449612528E-003
  0.23629296144664802       -4.7835043372671920E-004
  0.21651343241602450       -3.4377783499088652E-003
  0.12283427270967032       0.24536648206127828     
  -7.1706982250160867E-002  0.18116790074331321     
  -4.5613731475451225E-002  0.18711093450550123     
   4.0777680424439966E-002  0.21150504713415480     
  -9.2106082529508526E-002  0.18751340178758585     
  0.68997004946558527        1.7863194930720187E-002
  0.63742934359456882        1.9575283317887330E-002
  0.51779988438625901        3.0287222014354839E-002
  0.55594011051375392        1.6668697761839574E-002
  0.48343417999379112        1.3116161486377044E-002
  0.66591593360470103        2.5127913673000962E-002
  0.59057939661477321        1.0602088710713380E-002
  0.58824305202518368        1.3917213258329682E-002
  0.40975654998694511        1.0555076789434181E-002
  -6.8880824724033618E-002  -2.9124891541573404E-003
  -8.0109217600116800E-002   1.6272398366837053E-003
  0.13626643479635320       0.15282663361311893     
  0.15199308714629994       0.18282056158905738     
  0.13437866899072226       0.16106935157295429     
   4.9861778759545450E-002  0.15907872351079722     
  0.27133938133615509       0.19583999216562853     
  0.13577095913137027       0.15789407856856472     
  0.10950843386789244       0.15939434382024795     
  0.98579055680092553        5.2849905566731969E-002
  0.96524200727395892        3.8106920053663500E-002
  0.99770827453326349        6.3276848475789002E-002
  0.95023917378288258        7.0919116972806243E-002
  0.99199998209221152       0.10519336145341916     
  0.96563654112963571        5.0497807114577992E-002
  0.95044084319900601       0.10388572255787835     
  0.96992274912186693        5.3512534605510184E-002
  0.99135191059164707        7.5890816554633062E-002
  0.92241645167946817        6.5135368128468984E-002
  0.99406887391124055        6.0586009130342254E-002
  0.65895432113972296       -1.1004490245101013E-003
  0.61637800365516593       -8.3599036980587562E-005
  0.63369918406775072       -7.6881997226430749E-004
  0.71739266871671348       -1.8436084074217239E-004
  0.61779122996492142        8.0550389157429145E-004
  0.62577658815098958        9.8471546486337408E-004
  0.59621086195518236       -6.6271548454806327E-004
  0.76307305414993643        5.8068373183961623E-002
  0.69862267301869341        6.6928927599418278E-002
  0.59510332568075019        7.8420673010781289E-002
  0.63076807198424467        6.1524758571879119E-002
  0.53157213634727418        3.4345231023820519E-002
  0.72802672451651840        6.3733997491919478E-002
  0.67414997782990749        4.5257741978062357E-002
  0.79116580243965862       0.10812904251234406     
  0.66342043846855070        6.0545584113714725E-002
  0.27876090864432168        9.8655685494388690E-002
  0.30591040102534212       0.13308650335389738     
  0.35650143215377689        5.5964969898950119E-002
  0.28044968266645959       0.10687066290385225     
  0.18570070232996105       0.10745699758102502     
  0.40452663026109931       0.13555866064375602     
  0.27216078676384420        9.3728464902475037E-002
  0.25437856063812808       0.10544067617861003     
  0.93930197020965922        4.4498150413293282E-003
  0.91301172172677347        1.7487307358282290E-002
  0.97543327729967322        4.1352447010887541E-002
  0.90554282525823260        2.9894771136291815E-002
  0.95366175525252705        4.3363388991551628E-002
  0.91330573589917374       -3.1374722056225199E-002
  0.91315958216012616        4.4487769866509388E-002
  0.92036215478521777        9.1331953273705319E-003
  0.96386181044146846        3.6179897849154104E-002
  0.88036669554342073        1.7362169594392445E-002
  0.96997530143770128        2.1612762921603676E-002
   3.8904686632108498E-002   3.9713315750270527E-003
   6.9428049428968464E-002  -6.6718014027117778E-004
  -5.6695797473379106E-002   4.4953568808341338E-003
   1.9619882198536387E-002  -1.1062818537919612E-003
   1.1973983223964479E-002  -4.5443046438902509E-003
  0.18431464553875210       -1.8425442309917390E-003
  0.15073849730918146       -6.4994435822044718E-003
   9.1388691036311587E-002  -1.5193500429710259E-003
  0.16363911628120162       -1.0268789279195456E-003
  0.20108681636577391       -2.8028151825057441E-004
  0.83267220254209073        1.2428388263224378E-003
  0.79832817517406429       -2.6804108066335843E-004
  0.89213097673994168        5.3309663252945824E-003
  0.85486452789042289       -1.7674594537552189E-004
  0.80546832932586354        1.4058700887975260E-003
  0.79833369255241982        3.4385848994467221E-003
  0.94411848075648985        7.1561491682741601E-004
  0.78001788494985003       -1.9313477136490538E-003
  0.83770254125178600        4.6256906650562378E-004
  0.58041850205979117       0.26215514191980205     
  0.51530047050580396       0.25579646739042927     
  0.56352266418467745       0.25371490527562868     
  0.35411305175537111       0.14616974875789149     
  0.23693968865395540       0.13480062142992202     
  0.25832643962680357       0.13244874296649659     
  0.18697143913236991       0.12622566330818735     
  0.29926143976653286       0.13218300977472652     
  0.18419212946736441       0.13403129489593524     
  0.19706773604533545       0.16718654530471480     
  0.64605795974225977        4.5253359407055623E-004
  0.59035045613993731        9.6129781111855802E-004
  0.68357523708253998       -3.0777218663015225E-003
  0.56001733725360292        1.1174027867113141E-003
  0.48462350059694759        4.3087592295885479E-004
  0.66770864279329645       -2.2641791912794453E-003
  0.62544180297200036       -1.7650548315984085E-003
  0.57930509649529416        8.1385757764911872E-004
  0.59754840604622439       -4.3943034735775886E-004
  0.97239865310387585       0.13828575727672404     
  0.93941247947360984       0.13496985917050677     
  0.90326930051062626       0.17457448895407282     
  0.95439687801551154       0.13312764346030101     
  0.93963339240062771       0.13731931094613789     
  0.93509738385047958       0.14286392655987321     
   7.5647622300510420E-002   1.8039901042231622E-002
   9.8662167599600004E-002   9.4478455624341824E-003
   5.1992827238918904E-002   7.0401137222157381E-004
   3.1152039025100553E-002   6.7728585436055448E-003
  0.50844863475520330        1.3401480297468547E-003
  0.43696800968273186       -2.2287743463634928E-003
  0.42016753183624811        4.6502114942599477E-003
  0.34541150106547769       -5.4593737072498264E-003
  0.56686039016020473       -2.8915610890522516E-003
  0.46621872821663057       -3.4230545147837048E-003
  0.42892906514046547       -3.1479813156236563E-003
  0.46381994063714388        1.0378312096303243E-003
  0.84930898777306363        7.8589178373334942E-004
  0.81698912522696443        8.1466062100912489E-003
  0.92527003457602752       -1.6584863994053397E-002
  0.82715137124999394       -1.3931294641972591E-003
  0.87415311658697525        5.5444735493517883E-003
  0.81963818910797259        9.1762047814772235E-003
  0.82197321464933859       -1.2828109273727184E-002
  0.92678594732863906        3.2156347579018912E-003
  0.79367700767450733       -1.6253284049114482E-003
  0.88888732846179730        7.0115968919918338E-003
  0.45321874795965267       0.15502508079457533     
  0.35350140012050979       0.15193625256534618     
  0.37591599913100926       0.14234849483706394     
  0.27836123323683948       0.14808115052818685     
  0.41537631093452865       0.15622842766649297     
  0.28632269844136321       0.16013105653987095     
  0.38997670863936484       0.24981006337795672     
  0.28029065134995645       0.23712981313967793     
  0.31104449443423454       0.27819200677065820     
  0.32783909621415047       0.24906902391523478     
  0.40631851759070731       0.25112652606919900     
  0.21522018226751929       0.25379079357669648     
  0.25898056467201497       0.23963081729763375     
  0.97276047422982237       0.12439328161424504     
  0.96230569268920652       0.12268714835724899     
  0.91671798132257232       0.13250280893800487     
  0.91180209421643499       0.14929554268333578     
  0.96749561695297770       0.12294461422415401     
  0.91071268955130558       0.13888483793408246     
  0.94796319639498949       0.16177407630208820     
  0.98230285363875258       0.14745223535839036     
   4.5171797769278779E-002  0.24713170551468802     
  -1.3290166665645840E-002  0.23721193722235798     
  0.54923903606557245        1.2527483998860428E-003
  0.62081805046536753       -1.7301745083221845E-004
  0.50450412591845706       -3.1242440398636237E-003
  0.49541812267864166       -1.7347450135841900E-003
  0.48975004362189284        2.6230552523900720E-003
  0.44937090053566175       -1.9788785958775273E-003
  0.28838756731270043        3.0912012073850120E-003
  0.23400800999552115       -1.0990283110258188E-003
  0.49748636863837836       -6.3503376515465252E-003
  0.30813335010410203       -6.4708599269172379E-004
  0.32868292141318861       -7.8571204327096563E-004
  0.14945992091406679        9.8326762151727080E-003
  0.87554943690049014        9.9820059252443555E-003
  0.84305055047066091       -3.7000416006854219E-004
  0.87563638586992953        1.8675346546876515E-002
  0.80144960058898640        1.4043305679535661E-002
  0.87847744932731975        1.3691458398637160E-002
  0.86872009645311010       -3.2657256707119119E-003
  0.83203723223792769        3.4037502207289396E-003
  0.93388196798715550        3.1281954673396055E-002
  0.84125634462784382        1.2257620280420930E-002
  0.31240899335851047       -3.0756226850504678E-003
  0.19539538075449581        1.0429660983790989E-003
  0.22858473483059497       -3.9392958123306140E-003
  0.18018855769850922       -2.6960714250803385E-003
  0.26073987180164021       -1.8727780249503010E-003
  0.26720235181155272       -1.1094276968550666E-003
  0.40603762822274592        9.8461162684642806E-002
  0.42535583062239174       0.13174878465105111     
  0.47235645767087125        7.6485740926834231E-002
  0.40673308894853555       0.10454917800673171     
  0.29630427405262333       0.11754210326410783     
  0.49798090045108900       0.11888509311478077     
  0.39913968369015013        9.7090992999645923E-002
  0.38129151903352015       0.10509869906497141     
  0.61142027195122761       0.24900590984499346     
  0.58317994191053701       0.22365486852961142     
  0.47944277570644195       0.31946926041257023     
  0.53925603950009571       0.23657501750403848     
  0.68842299470152901       0.27576256098499924     
  0.54712244492104956       0.24673764574183799     
  0.58479979453750142       0.23544226493101264     
  0.35719636399240140       0.16105346369551943     
  0.45760551317984166       0.27503329833987039     
  0.51142113338770867       0.28070750620823104     
  0.93499160048778573       0.13561832585111258     
  0.91984826062305869       0.14488049082489490     
  0.86395723076612063       0.14099650179983431     
  0.85969529666707190       0.14005128467219471     
  0.92609375597562837       0.12712883641484735     
  0.85821503196440363       0.14563795754615758     
  0.89666475159224401       0.14434854905661090     
   4.5273376751256922E-002   5.4750847723127635E-004
   7.3565262904079776E-002  -4.2505274616567703E-004
   2.7130199195365245E-002  -1.3171948025796579E-003
  0.11416985970996135       -1.8023279581236178E-003
  0.11885464528861817        8.3129325865411764E-004
  -5.0190553301378560E-003   1.6411836388117915E-003
  0.63742043126834136        8.4916412160106983E-004
  0.58691606617491299       -5.4668864384596884E-005
  0.73480046259292275       -1.3352013552095448E-003
  0.47167806145062596       -4.2244938179285637E-004
  0.67500367560655716       -3.3303824079798957E-003
  0.60433467469230884        2.9710001599958600E-004
  0.58231196902608984        4.4567733278943306E-004
  0.61629814585773723       -2.3710797897497052E-003
  -8.0179942034309559E-002  -1.1549248023281166E-003
  0.68208369713680295       -8.5020807505557317E-004
  0.73228473655610871       -1.5506346889086720E-004
  0.64395512035884450       -5.1013352026934482E-003
  0.64644244911480209       -2.5845571095877728E-003
  0.62282868725644946        4.6924016013175840E-003
  0.85722686072366283        8.3818313049875796E-003
  0.82336541103837002        2.6070822242617044E-003
  0.85505397551102136        1.8072617873496892E-002
  0.78095105531115783        1.3724598829335260E-002
  0.85925520601056016        1.3313824791760968E-002
  0.85315514606376319        2.0056339037771636E-004
  0.81085187615286125        4.3708906987681489E-003
  0.92225395279897393        3.5249432613144997E-002
  0.81916643139454348        1.1506305277751162E-002
