 cosx vtec
  0.49111584767895949       -9.6162401822252549E-004
  0.48387628409653166       -3.1685733285309186E-004
  0.56797425051567940        1.2930267714109428E-003
  0.51659488910949769        7.5567409252068395E-005
  0.43801607398588904        3.9073304018642291E-003
  0.52453698657870640       -7.3190681211835254E-004
  0.59586132963920702       -5.0381838196475351E-004
  0.88030638154769103       -1.2897270245265243E-003
  0.84958875881995788       -1.5853890733796313E-003
  0.78988148779551370        2.7911010227498938E-003
  0.79393768417650723        2.5617719413499748E-004
  0.86294202377098417        1.3981685127904576E-003
  0.80895729772276159       -5.1007868414364495E-003
  0.62444218041375832       -1.4334823602417959E-004
  0.61590222104936221        9.1280395362138908E-005
  0.69815219038983045        2.6484931139093269E-003
  0.78572641526749964        2.4790802105653944E-003
  0.74331411576489936        4.0766235908728171E-004
  0.65159073032655490       -1.5515789069554193E-003
  0.55810909328843195       -3.5281456368758475E-003
  0.65472854414618742       -1.1035258684171378E-003
  0.70985339396217761        4.7901094501673130E-004
  -2.4322122486145174E-002   1.5687779507678255E-003
  -8.0030438273094140E-002   4.0197458449612528E-003
   4.7607825341162494E-003  -4.7835043372671920E-004
  0.73845657231774153       0.24536648206127828     
  0.68166011090771883       0.18116790074331321     
  0.72245077773642741       0.18711093450550123     
  0.62900092150040576       0.18987606643068172     
  0.77822919151614234       0.21150504713415480     
  0.68801908613987184       0.18739092016021178     
  0.64224838089791669       0.18751340178758585     
  0.88371683827741587        1.7863194930720187E-002
  0.93647428345985162        1.9575283317887330E-002
  0.98070461931958441        3.0287222014354839E-002
  0.96267834695505250        1.6668697761839574E-002
  0.96316793191763383        1.3116161486377044E-002
  0.91539954867868378        2.5127913673000962E-002
  0.92633074911092050        1.0602088710713380E-002
  0.94898922135585406        1.3917213258329682E-002
  0.99349450702252273        1.0555076789434181E-002
  0.13660896333783581       -2.7604670143527199E-003
  -3.3035816346822178E-002  -1.1527491207212459E-004
  -6.3575472084820173E-002  -1.3811317215394021E-003
  -6.1127733439250903E-002   4.4922859168688416E-003
  0.17949120473533287       -1.2436391499969313E-003
  0.53594021893215671        2.0479110461447654E-004
  0.16471484981268822       -4.5297425071958546E-003
  0.34607570956754297        3.3594982712548912E-003
  0.13137534880100252       -1.0845568661108529E-002
   9.7181308015405504E-002   2.4618362171800252E-002
  0.14843291032586825       -3.8686800322529163E-002
  0.35165708691222008        4.1191537438215890E-004
  0.86221148801036263        2.3041674179984772E-003
  0.86236331331186400       -2.7525199677435008E-004
  0.82461294962856246       -1.2724938539822386E-003
  0.84834828542173057       -2.9124891541573404E-003
  0.88637349610072313        1.6272398366837053E-003
  0.82771743753556037       -1.8118724865727565E-004
  0.30085250417128195       0.16537621692818413     
  0.16768264471378652       0.15934392381651821     
  0.12698388832720636        2.5444023499378923E-002
  0.22560742759764435       0.16245428121964881     
  0.28758265686907103       0.15838180996555629     
  0.24021922630349526       0.16540010551223430     
  0.23067247634561641        5.2849905566731969E-002
  0.23074055676459845        3.8106920053663500E-002
  0.28718991137305205        6.3276848475789002E-002
   3.7876606786774375E-002   7.0919116972806243E-002
  0.25105641830737679       0.10519336145341916     
  0.17268082938283549        5.0497807114577992E-002
   3.9547228366998199E-002  0.10388572255787835     
  0.31977230118061262        5.3512534605510184E-002
  0.21643228870567896        7.5890816554633062E-002
   1.0867979331465355E-002   6.5135368128468984E-002
  0.40375169402637517        6.0586009130342254E-002
  -9.7495140364327493E-002  0.19677924073786038     
  -8.1715331185608073E-002  0.19784547479312053     
  -3.6294073695650103E-002  -1.1004490245101013E-003
  -4.4550023995981403E-002  -8.3599036980587562E-005
   1.3154208704983267E-002  -1.8436084074217239E-004
  -7.7348082216632100E-002   8.0550389157429145E-004
   1.3623160139317914E-002   9.8471546486337408E-004
  0.86501459114373391        5.8068373183961623E-002
  0.90936474151430791        6.6928927599418278E-002
  0.95067297604397438        7.8420673010781289E-002
  0.94419144081059581        6.1524758571879119E-002
  0.97356898853347951        3.4345231023820519E-002
  0.89311764389369963        6.3733997491919478E-002
  0.91736093177012923        4.5257741978062357E-002
  0.82694841926932705       0.10812904251234406     
  0.92990500892006089        6.0545584113714725E-002
  0.14061756841080053        4.4498150413293282E-003
  0.13903734636949894        1.7487307358282290E-002
  0.21867632317682750        4.1352447010887541E-002
  -3.0667270415718928E-002   2.9894771136291815E-002
  0.16441779661369327        4.3363388991551628E-002
   9.3417165432986421E-002  -3.1374722056225199E-002
  -6.4895890733124684E-002   4.4487769866509388E-002
  0.21607171715919565        9.1331953273705319E-003
  0.12908445565375279        3.6179897849154104E-002
  -1.7641762749182555E-002   1.7362169594392445E-002
  0.36289222614446182        2.1612762921603676E-002
  0.42016509209773190       0.15621543594884907     
  0.50704358331840116       0.16669204073483934     
  0.28746052783540865       0.15831919765343447     
  0.35515574818909451       0.15216228660618406     
  0.41087349621504832       0.14958327736875440     
  0.36901095975488624       0.15520144799549179     
  -8.7214272996182507E-002  -2.0566632077150596E-002
   8.9447468902783753E-002  -1.2701386721718732E-002
  -9.5510456156308904E-002  -4.1639714671229781E-003
  -9.3630865729439988E-002  -5.6288340745692606E-003
  0.10785740582868443       -4.6381131940633384E-003
  0.64513377581965725       -1.8425442309917390E-003
  0.78547178778136550       -6.4994435822044718E-003
  0.70326134669452944       -1.5193500429710259E-003
  0.68628546915256516       -1.0268789279195456E-003
  0.76261712222815825       -2.8028151825057441E-004
  -8.1111088006572546E-003  -2.3291142227196697E-004
  -3.4548055513848465E-002   1.0504469837238101E-003
  0.34172842229875555        1.2428388263224378E-003
  0.33540639847411213       -2.6804108066335843E-004
  0.43408668826542357        5.3309663252945824E-003
  0.36844252469289396       -1.7674594537552189E-004
  0.29623362255330549        1.4058700887975260E-003
  0.37950723620228943        3.4385848994467221E-003
  0.32595987330284382        7.1561491682741601E-004
  0.13707101016349893       -1.9313477136490538E-003
  0.48363018138520053        4.6256906650562378E-004
   4.2155623804901218E-002   8.3064049308213578E-004
  -4.9618043446259502E-002   8.2147199687336817E-002
  0.28063915191342265       0.26215514191980205     
  0.18533135001382184       0.25579646739042927     
  0.21174565155076736       0.25371490527562868     
  0.14551891231812972       0.17979436456887404     
  -4.0501864556750367E-003  0.16086609414302988     
  -3.2434181616494695E-002  0.16159190962225733     
   4.7054563018311471E-002  0.16379153790527184     
  0.12434664413626859       0.16523917677199620     
   6.3480771796200833E-002  0.16719070424129434     
  0.93448039682272710       0.14616974875789149     
  0.92627612291194072       0.13480062142992202     
  0.94351775011938444       0.13244874296649659     
  0.96388411048333955       0.12622566330818735     
  0.95208982305061529       0.13218300977472652     
  0.93249530842618322       0.13403129489593524     
  0.88473123176717416       0.16718654530471480     
  0.76504631437216220        4.4968026919053892E-003
  0.78204251815246839        4.2981282663374643E-003
  0.74159899246881344        1.4764253058574511E-003
  0.83798084344155066        7.5457911314361602E-003
  0.73550936183363658        8.4268154823119001E-004
  0.70568597255358578        4.5253359407055623E-004
  0.69582413150214861        9.6129781111855802E-004
  0.78784295690032113       -3.0777218663015225E-003
  0.83087407030908766        1.1174027867113141E-003
  0.78520114497458271        4.3087592295885479E-004
  0.73786239529431163       -2.2641791912794453E-003
  0.62168694362084365       -1.7650548315984085E-003
  0.73455515012926542        8.1385757764911872E-004
  0.78459038135734760       -4.3943034735775886E-004
  0.42547378338881270       0.13828575727672404     
  0.45983230145257969       0.13496985917050677     
  0.35546521532116299       0.17457448895407282     
  0.44248757513758974       0.13312764346030101     
  0.40606016564851122       0.13731931094613789     
  0.53927506418006088       0.14286392655987321     
   7.4554138528374628E-002  -2.4152062409891399E-004
   8.9344426586003292E-002   8.7806748522432240E-002
  -1.4974296102139906E-002   6.2451256859090268E-002
  -6.7936258323021914E-002   8.2339747719577638E-002
  0.96285639521481048        1.8039901042231622E-002
  0.96742166049485856        9.4478455624341824E-003
  0.94957360146196590        7.0401137222157381E-004
  0.94882651164945808        6.7728585436055448E-003
  0.59016077296657998        1.3401480297468547E-003
  0.57930014494593540       -2.2287743463634928E-003
  0.76329019704746304        4.6502114942599477E-003
  0.65940098106449141       -5.4593737072498264E-003
  0.63733578377825972       -2.8915610890522516E-003
  0.52040563689484565       -3.4230545147837048E-003
  0.61510223258005814       -3.1479813156236563E-003
  0.69150887012849804        1.0378312096303243E-003
  0.14508362636487954        7.8589178373334942E-004
  0.14021266672502569        8.1466062100912489E-003
  0.25795448226338114       -1.6584863994053397E-002
  -6.0010150119089709E-002  -1.3931294641972591E-003
  0.17388024337796473        5.5444735493517883E-003
  0.10318619064420517        9.1762047814772235E-003
  0.19662880103707259       -1.2828109273727184E-002
  0.13735480923135984        3.2156347579018912E-003
   4.8824318061586325E-003  -1.6253284049114482E-003
  0.37519757964738404        7.0115968919918338E-003
  0.89666849339902388       0.15502508079457533     
  0.89900601846187322       0.15193625256534618     
  0.91799422527958285       0.14234849483706394     
  0.96719814210008548       0.14808115052818685     
  0.92251777642756472       0.15622842766649297     
  0.91594625991615497       0.16013105653987095     
  0.54841142794255693       0.24981006337795672     
  0.54675101050139074       0.23712981313967793     
  0.61250688384526042       0.27819200677065820     
  0.43954914286074315       0.24906902391523478     
  0.47416556488978850       0.25112652606919900     
  0.48470433014779463       0.25379079357669648     
  0.49775889954918112       0.23963081729763375     
  0.13784515356931787       0.20000990441896402     
  -3.2405531970022550E-003  0.18849306004408550     
  -3.9446919836722563E-002  0.20000520977718561     
   4.9040890720943607E-002  0.19102871679253400     
   6.2721877826064948E-002  0.19544743668399317     
  0.16147734010871703       0.12439328161424504     
  0.20796444462962879       0.12268714835724899     
  -6.2812058497764001E-003  0.13250280893800487     
   9.9424618168492046E-002  0.14929554268333578     
  0.17986922758018070       0.12294461422415401     
   3.1395230450591644E-002  0.13888483793408246     
  0.14210010672171650       0.16177407630208820     
  0.37647618598519228       0.14745223535839036     
  -6.8920788043897799E-002   1.2452667861203354E-003
   8.1404111939833417E-003  0.24713170551468802     
   5.4883544077631845E-002  0.23721193722235798     
  0.26881721880902387        1.2527483998860428E-003
  0.32088092925789063       -1.7301745083221845E-004
  0.22288690448375922       -3.1242440398636237E-003
  0.29670182610941181       -1.7347450135841900E-003
   8.4329319483786497E-002   2.6230552523900720E-003
  0.56211720892923589        1.8930705919911962E-002
  0.60838241367169021        1.1916057871492762E-002
  0.37301627807161875        2.6299998063288428E-002
  0.54183631559173118        3.0246794274645942E-002
  0.32062391622320963        1.8192433725313806E-002
  0.47542402955460383        2.2596442649661611E-002
  0.52409796619679050        3.6811161512725413E-002
  0.50347383045833527        1.8706940296745276E-002
  0.30030594557543117        4.3737613825485785E-002
  0.44539520006735978        5.4220707082015401E-002
  0.11969479163433830        2.2100578287264510E-002
  0.29083534179340331        3.8172727753038857E-002
  -1.0782657801181511E-002   3.4166946097695702E-002
   9.4667973805354508E-002   3.9101947776732475E-002
  0.18396970756180958        3.1988908536078074E-002
  0.24057043851516610        1.7970343024593889E-002
  0.21227720435649128        4.5846785742042269E-002
  0.75991188520696928       -1.9788785958775273E-003
  0.86074972866429122        3.0912012073850120E-003
  0.80913584549242246       -1.0990283110258188E-003
  0.81720139587038232       -6.3503376515465252E-003
  0.78863516954909862       -6.4708599269172379E-004
  0.84112046730606971       -7.8571204327096563E-004
  0.86874173013633393        9.8326762151727080E-003
  -3.9663785105866989E-002  -6.6559077245274684E-002
  0.12833275190345067        1.2596067335274474E-002
  -6.7288196262379474E-002   7.0879289311199635E-003
  -7.8846459278386349E-002   6.6438648602652759E-003
  -5.0301729782739307E-002  -5.4175284405365660E-003
  0.13110852847296944        2.9433060817074527E-002
  0.66506096397525793        9.9820059252443555E-003
  0.65542759143219653       -3.7000416006854219E-004
  0.71374006133834222        1.8675346546876515E-002
  0.80237430931316300        1.4043305679535661E-002
  0.68684152030185319        1.3691458398637160E-002
  0.57772450337519832       -3.2657256707119119E-003
  0.70427559993599509        3.4037502207289396E-003
  0.63819107916370221        3.1281954673396055E-002
  0.74199434447114221        1.2257620280420930E-002
  0.60578253605815058        2.5771873650454365E-003
  0.45711595298424879       -1.3529777179666987E-003
  0.23614756678961951       -1.1808690353571833E-003
  0.50441338021923798        7.4402037411422828E-004
  0.47676566051547514        7.6328347695225137E-004
  0.84081597256232243       -3.0756226850504678E-003
  0.96689471064191734        1.0429660983790989E-003
  0.93955907739221411       -3.9392958123306140E-003
  0.90889659110974730       -2.6960714250803385E-003
  0.89833372098985298       -1.8727780249503010E-003
  0.93523671508680606       -1.1094276968550666E-003
   6.7426660932900576E-002   3.7236779886469638E-002
  -4.8222296493329375E-002   1.1119219847883991E-003
   2.6560048591201563E-002   4.7128949035861690E-003
  0.16723413546794946       0.24900590984499346     
  0.26343236051428204       0.31946926041257023     
   6.6816630233699867E-002  0.23657501750403848     
  0.17163880279916138       0.27576256098499924     
   4.7608222985930093E-003  0.24673764574183799     
   9.2152107321907720E-002  0.23544226493101264     
  0.11894172897677319       0.16105346369551943     
  0.12937803337900997       0.27503329833987039     
  -6.7791236582953246E-002  0.28070750620823104     
   5.3100953790074151E-002  0.13561832585111258     
  0.10242393088469359       0.14488049082489490     
  -9.3963288713476312E-002  0.14099650179983431     
  -5.9483752879989360E-003  0.14005128467219471     
   7.1686974016422128E-002  0.12712883641484735     
  -6.0367039612091597E-002  0.14563795754615758     
   2.9094651425245505E-002  0.14434854905661090     
  0.77489437645082915        9.1890626038973619E-002
  0.80274884173373318        8.9232693140954458E-002
  0.79334145116318855        7.9305013365230340E-002
  0.71564270610939218       0.10785865931896235     
  0.85266897536156061        9.8507271950027134E-002
  0.76621615936290532        8.8057338305888105E-002
  0.73368025061109188       0.10911163290952455     
  0.53564765715204310       -3.3425157168294802E-003
  0.57519255291569060       -3.8818913480724538E-003
  0.29348876144978364        8.9833006876898162E-003
  0.46843124768557243       -1.3661553311033220E-002
  0.25846509487940222       -8.8073565653271145E-004
  0.41210747172324297        4.9149835120062069E-003
  0.46221243553557978       -2.4785332552559099E-003
  0.93466949212033756        5.4750847723127635E-004
  0.91727279240322446       -4.2505274616567703E-004
  0.88275422183826691       -1.3171948025796579E-003
  0.88218502321032122       -1.8023279581236178E-003
  0.92179620004540952        8.3129325865411764E-004
  0.89606130431563502        1.6411836388117915E-003
  0.16053398501319985       0.13246439172701949     
  -5.6444642526951028E-003  0.11013581044319495     
  -2.9625614578874609E-002  0.11089543821439511     
   4.7080265097083407E-002  0.11116968048219136     
  0.11788682242244156       0.10889889671508828     
   6.7739430081101032E-002  0.12766311865842941     
  0.52521705772631455        8.4916412160106983E-004
  0.51632552446723745       -5.4668864384596884E-005
  0.64579506939754450       -1.3352013552095448E-003
  0.63197883880010453       -4.2244938179285637E-004
  0.56056070991409923       -3.3303824079798957E-003
  0.46915830066134145        2.9710001599958600E-004
  0.55233524177790827        4.4567733278943306E-004
  0.63204785066916203       -2.3710797897497052E-003
  0.76661778042205619        9.8087097748654267E-004
  0.69457917491703980        9.4037645013731136E-004
  0.70188442440527110        1.0679193046887114E-003
  0.78835171801871495       -1.1549248023281166E-003
  0.71615308748101714        1.8992592505824720E-003
  0.80565800872562865        5.5251441139887595E-003
  0.81789790508719651        4.3041167197905104E-003
  0.78047834407748917        1.1148198628110624E-003
  0.83747976245625821       -1.3085628101525500E-003
  0.71814242720276944        6.9246880664974152E-003
  0.85992113859306585        5.5167347462069475E-003
  0.77678509208674362        2.1253009273816455E-003
  0.37003536245581109        8.4135536254450499E-002
  0.47505862054027148        8.2703558476082906E-002
  0.21721432713992161        7.5380639790021020E-002
  0.18289770198432564        5.4533390711802091E-002
  0.28251656664865504        6.4489324284025470E-002
  0.33571868048385289        7.1651545479248444E-002
  0.30338514150755447        9.0258191014254516E-002
   7.6969399018770049E-002  0.22177906897442204     
  -7.5805103286181300E-002  0.19590597892690828     
  -2.5710823118047857E-002  0.19946131417052668     
   7.3218184609668585E-002  0.21899558070053621     
  -1.0863090660175559E-002  0.20788173597004292     
   7.1235299432087548E-002  -8.5020807505557317E-004
  0.11446064063293682       -1.5506346889086720E-004
   3.0560785596496859E-002  -5.1013352026934482E-003
  0.11323357513849137       -2.5845571095877728E-003
  -5.1185404682641239E-002   4.6924016013175840E-003
   7.5472759817729607E-005   8.4751966823167141E-004
   2.2590790496624880E-002   2.5476774128805581E-002
  0.63511969740375429        1.9621664489074078E-003
  0.64992432270018741       -8.6461834010806492E-004
  0.56694138057612065       -6.8462720169913715E-004
  0.76999548867378609        3.7369930714168309E-003
  0.56692434987771201        8.6660225717047866E-004
  0.69462769356808107        8.3818313049875796E-003
  0.68435098500333202        2.6070822242617044E-003
  0.74324211142135099        1.8072617873496892E-002
  0.82093398657470151        1.3724598829335260E-002
  0.71689481936756516        1.3313824791760968E-002
  0.60056329933299191        2.0056339037771636E-004
  0.73304751516952793        4.3708906987681489E-003
  0.66524527094583674        3.5249432613144997E-002
  0.76888220224660964        1.1506305277751162E-002
  -4.5256697125818424E-002   3.7478703672659777E-002
  -5.5090858430673711E-002  -3.3462569972034603E-002
  0.70134397864457854       -5.4098435224847240E-003
  0.61446884852972750        1.0679439633908623E-003
  0.64164654566657320       -1.1953104522261194E-003
  0.75951251991403079        8.8012785027625573E-004
  0.62931251046949366        8.7154376573935952E-004
