 cosx vtec
  0.81969251621679784       -9.6162401822252549E-004
  0.79095411966601470       -3.1685733285309186E-004
  0.88959509999349451        1.2930267714109428E-003
  0.84596373482852893        7.5567409252068395E-005
  0.77481844442547110        3.9073304018642291E-003
  0.81036152587324539       -7.3190681211835254E-004
  0.86626111831341401       -5.0381838196475351E-004
  0.40792378769072835       -1.2897270245265243E-003
  0.41565717779287403       -1.5853890733796313E-003
  0.34326920726263555        2.7911010227498938E-003
  0.41779798066689183        2.5617719413499748E-004
  0.46949067699042107        1.3981685127904576E-003
  0.32760649330700975       -5.1007868414364495E-003
  0.84299769141037417       -1.4334823602417959E-004
  0.80914241847824964        9.1280395362138908E-005
  0.90636169650743592        2.6484931139093269E-003
  0.88043698605246279        2.4790802105653944E-003
  0.78524967157884829        4.0766235908728171E-004
  0.86975691084640361       -1.5515789069554193E-003
  0.79289511420321956       -3.5281456368758475E-003
  0.82500064085053371       -1.1035258684171378E-003
  0.86795987945850639        4.7901094501673130E-004
  0.20427752505663066        1.5687779507678255E-003
  -4.1580198814296851E-002   2.7623175054397550E-003
  0.11793642936266543        4.0197458449612528E-003
  0.16416706633259032       -4.7835043372671920E-004
   6.2063930605096851E-002  -3.4377783499088652E-003
  0.47694813217425136       0.24536648206127828     
  0.31365330864906221       0.18116790074331321     
  0.35320640434200573       0.18711093450550123     
  0.25127428710668276       0.18987606643068172     
  0.44198068558508985       0.21150504713415480     
  0.28604931056743010       0.18739092016021178     
  0.27872895830078592       0.18751340178758585     
  0.94218322978127800        1.7863194930720187E-002
  0.93431492049798726        1.9575283317887330E-002
  0.87601802049543276        3.0287222014354839E-002
  0.89251589268099429        1.6668697761839574E-002
  0.84317941737043201        1.3116161486377044E-002
  0.94258726360255563        2.5127913673000962E-002
  0.89687040702724874        1.0602088710713380E-002
  0.90732857460298033        1.3917213258329682E-002
  0.80891738345607356        1.0555076789434181E-002
  0.34394271894330403        2.3041674179984772E-003
  0.36104489440004106       -2.7525199677435008E-004
  0.30856827654152746       -1.2724938539822386E-003
  0.40427944054121445       -2.9124891541573404E-003
  0.41683155963623497        1.6272398366837053E-003
  0.29591718807168793       -1.8118724865727565E-004
  0.79705872492358587        5.2849905566731969E-002
  0.78303891389816616        3.8106920053663500E-002
  0.83528322350889417        6.3276848475789002E-002
  0.67015560560660992        7.0919116972806243E-002
  0.81215229114063936       0.10519336145341916     
  0.75241585487760010        5.0497807114577992E-002
  0.67118247480069082       0.10388572255787835     
  0.83361353226353785        5.3512534605510184E-002
  0.79328586932714917        7.5890816554633062E-002
  0.63675275191207759        6.5135368128468984E-002
  0.89481495674500655        6.0586009130342254E-002
  0.43143963408276154       -1.1004490245101013E-003
  0.39792281789551526       -8.3599036980587562E-005
  0.31440463941536567       -7.6881997226430749E-004
  0.49772470038897282       -1.8436084074217239E-004
  0.38143803914209767        8.0550389157429145E-004
  0.43530513355105682        9.8471546486337408E-004
  0.33046471969884988       -6.6271548454806327E-004
  0.98223737262410526        5.8068373183961623E-002
  0.96174893738381906        6.6928927599418278E-002
  0.91291718537964406        7.8420673010781289E-002
  0.93386455601958351        6.1524758571879119E-002
  0.88164200588980013        3.4345231023820519E-002
  0.97321759322714851        6.3733997491919478E-002
  0.94926331179341106        4.5257741978062357E-002
  0.98119935716763129       0.10812904251234406     
  0.94859843865936688        6.0545584113714725E-002
  -9.3446467795718191E-002  0.13555866064375602     
  0.71734144220328933        4.4498150413293282E-003
  0.69851703430430745        1.7487307358282290E-002
  0.78359090854743552        4.1352447010887541E-002
  0.60311006647177734        2.9894771136291815E-002
  0.73982795086571307        4.3363388991551628E-002
  0.67444416026853349       -3.1374722056225199E-002
  0.59010756640604645        4.4487769866509388E-002
  0.74453415977756965        9.1331953273705319E-003
  0.72800472133595528        3.6179897849154104E-002
  0.59281930725538512        1.7362169594392445E-002
  0.85659311330890664        2.1612762921603676E-002
  -3.5106033780753332E-002  0.16669204073483934     
  0.46934716099298901       -1.8425442309917390E-003
  0.52105202012786944       -6.4994435822044718E-003
  0.43671109859701923       -1.5193500429710259E-003
  0.47710062483450610       -1.0268789279195456E-003
  0.54333158540299831       -2.8028151825057441E-004
  0.75141123620825612        1.2428388263224378E-003
  0.72455465897056448       -2.6804108066335843E-004
  0.84122624109804933        5.3309663252945824E-003
  0.78080595813718601       -1.7674594537552189E-004
  0.70859541313728758        1.4058700887975260E-003
  0.74802399901045225        3.4385848994467221E-003
  0.81925471134518968        7.1561491682741601E-004
  0.60649762543674002       -1.9313477136490538E-003
  0.83035654049697383        4.6256906650562378E-004
  0.54635461850313827       0.26215514191980205     
  0.45109903823783515       0.25579646739042927     
  0.49813971824675030       0.25371490527562868     
  0.73945423599278493       0.14616974875789149     
  0.65493753122135900       0.13480062142992202     
  0.67874100898078937       0.13244874296649659     
  0.64076802760464791       0.12622566330818735     
  0.71130330330964631       0.13218300977472652     
  0.62216523486245068       0.13403129489593524     
  0.60555793389320922       0.16718654530471480     
  0.17233133338800177        4.4968026919053892E-003
  0.19940680836835273        4.2981282663374643E-003
  0.14251221260943198        1.4764253058574511E-003
  0.29384387446587590        7.5457911314361602E-003
  0.12883276710968544        8.4268154823119001E-004
  0.81741734473829375        4.5253359407055623E-004
  0.77406379150599847        9.6129781111855802E-004
  0.88679549302113614       -3.0777218663015225E-003
  0.82517328839489745        1.1174027867113141E-003
  0.74929880991561404        4.3087592295885479E-004
  0.84934800149780076       -2.2641791912794453E-003
  0.75862011247473049       -1.7650548315984085E-003
  0.78711666527631519        8.1385757764911872E-004
  0.82621901490476035       -4.3943034735775886E-004
  0.89154973501665591       0.13828575727672404     
  0.88726764895236410       0.13496985917050677     
  0.80701169085369617       0.17457448895407282     
  0.88828864511098860       0.13312764346030101     
  0.85880720607727290       0.13731931094613789     
  0.92658656135661799       0.14286392655987321     
  0.56407121532745430        1.8039901042231622E-002
  0.58224321861016282        9.4478455624341824E-003
  0.54082275533345392        7.0401137222157381E-004
  0.52616929824460790        6.7728585436055448E-003
  0.66181734604235110        1.3401480297468547E-003
  0.60714289870906568       -2.2287743463634928E-003
  0.69354975806401364        4.6502114942599477E-003
  0.58713532285995818       -5.4593737072498264E-003
  0.72687463966797505       -2.8915610890522516E-003
  0.59581445521789822       -3.4230545147837048E-003
  0.62069382989999511       -3.1479813156236563E-003
  0.68521571783077184        1.0378312096303243E-003
  0.65815895587047402        7.8589178373334942E-004
  0.63345908406860230        8.1466062100912489E-003
  0.77017670143621042       -1.6584863994053397E-002
  0.53387413284179386       -1.3931294641972591E-003
  0.69047570112011569        5.5444735493517883E-003
  0.61556977383208467        9.1762047814772235E-003
  0.66688680052058913       -1.2828109273727184E-002
  0.70704390031156117        3.2156347579018912E-003
  0.54550494142518513       -1.6253284049114482E-003
  0.80767321435699779        7.0115968919918338E-003
  0.78712723172579013       0.15502508079457533     
  0.72016031891383492       0.15193625256534618     
  0.74559622175865825       0.14234849483706394     
  0.70504568864927131       0.14808115052818685     
  0.77499559637015281       0.15622842766649297     
  0.68322109438901990       0.16013105653987095     
  0.55856341208773119       0.24981006337795672     
  0.48265023953080760       0.23712981313967793     
  0.53867507725773101       0.27819200677065820     
  0.45813436864686669       0.24906902391523478     
  0.53023646880002828       0.25112652606919900     
  0.40512506725860792       0.25379079357669648     
  0.44200512348763554       0.23963081729763375     
  0.75132765996353856       0.12439328161424504     
  0.76891144011165680       0.12268714835724899     
  0.62372987761331311       0.13250280893800487     
  0.67661210764604351       0.14929554268333578     
  0.75751240449027046       0.12294461422415401     
  0.63966922935073256       0.13888483793408246     
  0.72405491207851935       0.16177407630208820     
  0.87225352989643690       0.14745223535839036     
   3.5230752209137052E-002  0.24713170551468802     
   2.0111914703086181E-002  0.23721193722235798     
  0.51873628811732697        1.2527483998860428E-003
  0.59540174023580328       -1.7301745083221845E-004
  0.46369679691891025       -3.1242440398636237E-003
  0.49675770453197116       -1.7347450135841900E-003
  0.37987945809595947        2.6230552523900720E-003
  -9.3174969717072287E-002   1.8930705919911962E-002
  -4.1541111687846077E-002   1.1916057871492762E-002
  0.71172847676796269       -1.9788785958775273E-003
  0.65526408668311986        3.0912012073850120E-003
  0.59060310434238816       -1.0990283110258188E-003
  0.77512450803016120       -6.3503376515465252E-003
  0.63039964181478769       -6.4708599269172379E-004
  0.67238322060171252       -7.8571204327096563E-004
  0.56448443380928093        9.8326762151727080E-003
  0.95278264640376231        9.9820059252443555E-003
  0.92542628804175942       -3.7000416006854219E-004
  0.97874373003453785        1.8675346546876515E-002
  0.97515827851233183        1.4043305679535661E-002
  0.96637471699164579        1.3691458398637160E-002
  0.90164034170975893       -3.2657256707119119E-003
  0.94388421737370565        3.4037502207289396E-003
  0.97838728085283766        3.1281954673396055E-002
  0.97026018675169534        1.2257620280420930E-002
   3.0366250657431426E-002   2.5771873650454365E-003
   1.6919824970282826E-002   7.4402037411422828E-004
  0.66108917979911241       -3.0756226850504678E-003
  0.64813225001457964        1.0429660983790989E-003
  0.65629011869773668       -3.9392958123306140E-003
  0.60687001507747851       -2.6960714250803385E-003
  0.65634997379075433       -1.8727780249503010E-003
  0.68040624379731995       -1.1094276968550666E-003
  -9.9851792561883479E-002   9.8461162684642806E-002
  -6.1750570080875755E-002  0.13174878465105111     
  -3.1287174580717947E-002   7.6485740926834231E-002
  -9.4856379838248517E-002  0.10454917800673171     
   1.1744583140278209E-002  0.11888509311478077     
  0.50721952862452713       0.24900590984499346     
  0.33337547834192766       0.22365486852961142     
  0.46812761037002681       0.31946926041257023     
  0.40442524663447721       0.23657501750403848     
  0.56223616829996448       0.27576256098499924     
  0.37678697875803890       0.24673764574183799     
  0.44905973618079831       0.23544226493101264     
  0.30762427876224041       0.16105346369551943     
  0.38186122435238745       0.27503329833987039     
  0.31376169841862100       0.28070750620823104     
  0.66782635703155879       0.13561832585111258     
  0.68371191066376835       0.14488049082489490     
  0.54098473587567053       0.14099650179983431     
  0.58490115908071671       0.14005128467219471     
  0.67162928778431863       0.12712883641484735     
  0.55493303151506201       0.14563795754615758     
  0.62883576119173856       0.14434854905661090     
  0.25553597811351736        9.1890626038973619E-002
  0.28702176498942417        8.9232693140954458E-002
  0.24431224847460448        7.9305013365230340E-002
  0.18176409144535088       0.10785865931896235     
  0.36983365475912566        9.8507271950027134E-002
  0.22549192195159740        8.8057338305888105E-002
  0.21542142795307767       0.10911163290952455     
  -8.0335068041772317E-002  -3.8818913480724538E-003
  0.52829606940423235        5.4750847723127635E-004
  0.53839226883094904       -4.2505274616567703E-004
  0.48826186619592699       -1.3171948025796579E-003
  0.54749763689820852       -1.8023279581236178E-003
  0.57177888623873097        8.3129325865411764E-004
  0.47335103146317770        1.6411836388117915E-003
  0.71548342209519800        8.4916412160106983E-004
  0.67620531525756078       -5.4668864384596884E-005
  0.84625350811472244       -1.3352013552095448E-003
  0.65891572062784132       -4.2244938179285637E-004
  0.75999784037276752       -3.3303824079798957E-003
  0.66302318944466154        2.9710001599958600E-004
  0.69221629791419481        4.4567733278943306E-004
  0.75787840613649904       -2.3710797897497052E-003
  0.30118728438373610        9.8087097748654267E-004
  0.22397129160923024        9.4037645013731136E-004
  0.29104269081909262        1.0679193046887114E-003
  0.36462688187588893       -1.1549248023281166E-003
  0.21227890083050233        1.8992592505824720E-003
  0.23649027299345821        5.5251441139887595E-003
  0.26013903415351430        4.3041167197905104E-003
  0.20646658421573411        1.1148198628110624E-003
  0.35720856321895045       -1.3085628101525500E-003
  0.11059450336186832        6.9246880664974152E-003
  0.33714974349248139        5.5167347462069475E-003
  0.19336504088337447        2.1253009273816455E-003
  0.50447624436174032       -8.5020807505557317E-004
  0.56181550207909359       -1.5506346889086720E-004
  0.45675230444839388       -5.1013352026934482E-003
  0.50244301061735586       -2.5845571095877728E-003
  0.39880473303805158        4.6924016013175840E-003
  -6.2354581216892968E-003   1.9621664489074078E-003
   2.5474538338138175E-002  -8.6461834010806492E-004
  -6.5841758151444163E-002  -6.8462720169913715E-004
  0.20564092909944431        3.7369930714168309E-003
  -7.8707418504632309E-002   8.6660225717047866E-004
  0.95598139442958541        8.3818313049875796E-003
  0.92735067594602916        2.6070822242617044E-003
  0.98036224517322212        1.8072617873496892E-002
  0.97101184570346954        1.3724598829335260E-002
  0.96921695465478264        1.3313824791760968E-002
  0.90314555812946662        2.0056339037771636E-004
  0.94470179669672982        4.3708906987681489E-003
  0.98482848488318053        3.5249432613144997E-002
  0.96945652648971503        1.1506305277751162E-002
  0.15905427821418788       -5.4098435224847240E-003
   6.8463649799302195E-002   1.0679439633908623E-003
  0.16602855853986559       -1.1953104522261194E-003
  0.26788441339944880        8.8012785027625573E-004
   5.7843785502179612E-002   8.7154376573935952E-004
