 cosx vtec
  0.70436970028134982       -9.6162401822252549E-004
  0.66982796093039298       -3.1685733285309186E-004
  0.71798137404706275        1.2930267714109428E-003
  0.71361881765322233        7.5567409252068395E-005
  0.69955639905725497        3.9073304018642291E-003
  0.65100739389652784       -7.3190681211835254E-004
  0.65042864976485415       -5.0381838196475351E-004
  0.58159744732821372       -1.4334823602417959E-004
  0.54067560771014556        9.1280395362138908E-005
  0.58868320177799949        2.6484931139093269E-003
  0.44439550189087440        2.4790802105653944E-003
  0.35114510634279439        4.0766235908728171E-004
  0.58947325531345529       -1.5515789069554193E-003
  0.58491527438292101       -3.5281456368758475E-003
  0.51827389269914459       -1.1035258684171378E-003
  0.51708635291087945        4.7901094501673130E-004
  0.17396026053456040       0.10729922832570163     
  0.17102899053357096       0.12261495911962182     
   9.0372467844703208E-002  0.10407521999405821     
  0.17608598124632763        7.9455081797138630E-002
  0.13771912197950514       0.11227182130513493     
   8.0192200735858754E-002  0.23299099210043162     
  0.10799380925913138       0.23848472930534723     
  -4.5731664800457449E-002  0.24579306243113461     
  -1.1016937844390701E-002  0.24387617783107565     
   8.4546101022322906E-002  0.23595003965126718     
  0.37496268027238655        1.5687779507678255E-003
  0.15931523465322128        2.7623175054397550E-003
  0.30779012113212656        4.0197458449612528E-003
  0.27879612912326940       -4.7835043372671920E-004
  0.31800097569830288       -3.4377783499088652E-003
  0.41678054262857211        1.7863194930720187E-002
  0.33778090662723015        1.9575283317887330E-002
  0.19215412177236196        3.0287222014354839E-002
  0.24232133861252042        1.6668697761839574E-002
  0.16774619153182224        1.3116161486377044E-002
  0.37730066190855810        2.5127913673000962E-002
  0.29598624528951878        1.0602088710713380E-002
  0.28233439502066326        1.3917213258329682E-002
   7.4434551646313990E-002   1.0555076789434181E-002
  0.18743446502850153       0.18163321329719903     
  0.16545369743905930       0.18364688198242726     
   9.3467830356904119E-002  0.17466758563093754     
  0.14057667046621336       0.17416515867053778     
  0.44284729561710723       0.15282663361311893     
  0.43676984854784850       0.18282056158905738     
  0.43449497979461749       0.16106935157295429     
  0.36429232047708138       0.15907872351079722     
  0.54280685191179390       0.19583999216562853     
  0.45320134306355664       0.15789407856856472     
  0.41382783648034521       0.15939434382024795     
  0.96779601380904612        5.2849905566731969E-002
  0.94938152454088820        3.8106920053663500E-002
  0.95710043312826631        6.3276848475789002E-002
  0.99871229097947289        7.0919116972806243E-002
  0.96573776401589551       0.10519336145341916     
  0.96985473038913983        5.0497807114577992E-002
  0.99449817758416026       0.10388572255787835     
  0.92186207284512700        5.3512534605510184E-002
  0.97560709655672528        7.5890816554633062E-002
  0.98351302841403976        6.5135368128468984E-002
  0.91200887447818513        6.0586009130342254E-002
  0.73529107889705281       -1.1004490245101013E-003
  0.69424424582954747       -8.3599036980587562E-005
  0.77460838894020401       -7.6881997226430749E-004
  0.77790509747454295       -1.8436084074217239E-004
  0.70730616908736077        8.0550389157429145E-004
  0.68326463829949535        9.8471546486337408E-004
  0.70891641485944046       -6.6271548454806327E-004
  0.49676157235303181        5.8068373183961623E-002
  0.40829651402742945        6.6928927599418278E-002
  0.28114925794843543        7.8420673010781289E-002
  0.32395016375777785        6.1524758571879119E-002
  0.21132232620019825        3.4345231023820519E-002
  0.44681505598585747        6.3733997491919478E-002
  0.38417801476244862        4.5257741978062357E-002
  0.53393551380012827       0.10812904251234406     
  0.36453813437326277        6.0545584113714725E-002
  0.58601897855864349        9.8655685494388690E-002
  0.59245862876092148       0.13308650335389738     
  0.65740477757550952        5.5964969898950119E-002
  0.58352179979487273       0.10687066290385225     
  0.50603962273858771       0.10745699758102502     
  0.67853810171085105       0.13555866064375602     
  0.58451148946270637        9.3728464902475037E-002
  0.56245499858881787       0.10544067617861003     
  0.95617287847503751        4.4498150413293282E-003
  0.93119118397666756        1.7487307358282290E-002
  0.96296017839516379        4.1352447010887541E-002
  0.98111372376871142        2.9894771136291815E-002
  0.96159902188184576        4.3363388991551628E-002
  0.94731872260352412       -3.1374722056225199E-002
  0.99722880236169542        4.4487769866509388E-002
  0.91116998250411319        9.1331953273705319E-003
  0.98276035466392275        3.6179897849154104E-002
  0.95289760873564866        1.7362169594392445E-002
  0.90605408831049061        2.1612762921603676E-002
  0.36811521940553704        3.9713315750270527E-003
  0.22183625904676940        1.5067994553094507E-004
  0.38178022816792911       -6.6718014027117778E-004
  0.27855241877692805        4.4953568808341338E-003
  0.34372219054371084       -1.1062818537919612E-003
  0.34912904892325680       -4.5443046438902509E-003
  -1.8392079256496219E-003   6.7539068959038440E-002
  -8.4496701318475489E-002   5.4977674025444352E-002
  -3.2341841856667053E-002   5.8772998018942098E-002
  -1.7314315769679789E-002  -1.8425442309917390E-003
  -5.5581906275163850E-002  -1.0268789279195456E-003
  -4.6119521559607496E-002  -2.8028151825057441E-004
  0.77709332500753392        1.2428388263224378E-003
  0.74432911743195429       -2.6804108066335843E-004
  0.80287999957970413        5.3309663252945824E-003
  0.78976688613484380       -1.7674594537552189E-004
  0.76608619943043776        1.4058700887975260E-003
  0.72796251190656314        3.4385848994467221E-003
  0.89475579363617785        7.1561491682741601E-004
  0.79787848068346146       -1.9313477136490538E-003
  0.72905768102597257        4.6256906650562378E-004
  0.49014601530585994       0.26215514191980205     
  0.45437404925037683       0.25579646739042927     
  0.49692713022555657       0.25371490527562868     
   2.3593646287541237E-002  0.14616974875789149     
  -9.8429063650903009E-002  0.13480062142992202     
  -8.0701710858330944E-002  0.13244874296649659     
  -3.9708332990564865E-002  0.13218300977472652     
  0.44560587540732222        4.5253359407055623E-004
  0.39146969816510446        9.6129781111855802E-004
  0.45141827169995891       -3.0777218663015225E-003
  0.30550620278017071        1.1174027867113141E-003
  0.24512781133976452        4.3087592295885479E-004
  0.45526243621511331       -2.2641791912794453E-003
  0.45704312122376156       -1.7650548315984085E-003
  0.36460370069723580        8.1385757764911872E-004
  0.36355651441231118       -4.3943034735775886E-004
  0.87206377487584952       0.13828575727672404     
  0.82142906334493904       0.13496985917050677     
  0.81770402945146659       0.17457448895407282     
  0.84485899769528772       0.13312764346030101     
  0.84074403417522825       0.13731931094613789     
  0.78902505025031244       0.14286392655987321     
  0.34686189298196662        1.3401480297468547E-003
  0.27589544171405356       -2.2287743463634928E-003
  0.18605744253832943        4.6502114942599477E-003
  0.14814581070372235       -5.4593737072498264E-003
  0.38980433953521904       -2.8915610890522516E-003
  0.32926524969786597       -3.4230545147837048E-003
  0.25358995685972635       -3.1479813156236563E-003
  0.26051530926550365        1.0378312096303243E-003
  0.86546173390379766        7.8589178373334942E-004
  0.83445381739525970        8.1466062100912489E-003
  0.90096823462713926       -1.6584863994053397E-002
  0.91470776114055952       -1.3931294641972591E-003
  0.88020138082537558        5.5444735493517883E-003
  0.85034600108709235        9.1762047814772235E-003
  0.81923769208705000       -1.2828109273727184E-002
  0.94523511866769294        3.2156347579018912E-003
  0.85866470782148008       -1.6253284049114482E-003
  0.82165186688430436        7.0115968919918338E-003
  0.14105017268519501       0.15502508079457533     
   3.3496263307955215E-002  0.15193625256534618     
   5.1711281135672374E-002  0.14234849483706394     
  -6.5765358014255038E-002  0.14808115052818685     
   9.2631669378902548E-002  0.15622842766649297     
  -4.3115208788822773E-002  0.16013105653987095     
  0.18951175856669256       0.24981006337795672     
   7.2742595129702020E-002  0.23712981313967793     
   8.2819920166567751E-002  0.27819200677065820     
  0.16118887740388124       0.24906902391523478     
  0.23309594233793254       0.25112652606919900     
   2.5004197201916462E-002  0.25379079357669648     
   6.7098201329632859E-002  0.23963081729763375     
  0.97122929447541850       0.12439328161424504     
  0.94017601714627264       0.12268714835724899     
  0.97109507363934644       0.13250280893800487     
  0.92310896796080255       0.14929554268333578     
  0.95732405820085886       0.12294461422415401     
  0.94859082816943097       0.13888483793408246     
  0.94865690913225553       0.16177407630208820     
  0.90142837927606811       0.14745223535839036     
   1.4944151276263071E-002  0.24713170551468802     
  -6.4336687638443621E-002  0.23721193722235798     
  0.51078925827886879        1.2527483998860428E-003
  0.56616793773938623       -1.7301745083221845E-004
  0.48095483706164138       -3.1242440398636237E-003
  0.44413228347057754       -1.7347450135841900E-003
  0.51619800454219322        2.6230552523900720E-003
  0.21819250289516390       -1.9788785958775273E-003
   6.7228985970423927E-003   3.0912012073850120E-003
  -2.9890754182596735E-002  -1.0990283110258188E-003
  0.24565683890335746       -6.3503376515465252E-003
   5.7300644402504583E-002  -6.4708599269172379E-004
   5.7684386693562462E-002  -7.8571204327096563E-004
  0.69627077038812080        9.9820059252443555E-003
  0.66774211705652431       -3.7000416006854219E-004
  0.67583923290979575        1.8675346546876515E-002
  0.56465673967484498        1.4043305679535661E-002
  0.69010525178315008        1.3691458398637160E-002
  0.72428564416189112       -3.2657256707119119E-003
  0.63690224388828898        3.4037502207289396E-003
  0.76293556702718912        3.1281954673396055E-002
  0.63026720463228203        1.2257620280420930E-002
   4.0533504768062875E-002  -3.0756226850504678E-003
  -9.1226729633791137E-002  -3.9392958123306140E-003
  -3.8641798289124757E-002  -1.8727780249503010E-003
  -4.7911156967010621E-002  -1.1094276968550666E-003
  0.68767730089813328        9.8461162684642806E-002
  0.68684854598815404       0.13174878465105111     
  0.74753269314800241        7.6485740926834231E-002
  0.68390337058394757       0.10454917800673171     
  0.59851404140109354       0.11754210326410783     
  0.74956898814762007       0.11888509311478077     
  0.68706804431784452        9.7090992999645923E-002
  0.66457550910900198       0.10509869906497141     
  0.56526403291550742       0.24900590984499346     
  0.64325679799116586       0.22365486852961142     
  0.38718767024334533       0.31946926041257023     
  0.52400805451477372       0.23657501750403848     
  0.64760543906366796       0.27576256098499924     
  0.55567197408826929       0.24673764574183799     
  0.56406729399574451       0.23544226493101264     
  0.30820162644091659       0.16105346369551943     
  0.41254904787235330       0.27503329833987039     
  0.54411864724998127       0.28070750620823104     
  0.96867101100120501       0.13561832585111258     
  0.93123294557302838       0.14488049082489490     
  0.94478646435331448       0.14099650179983431     
  0.90460475670788876       0.14005128467219471     
  0.95058902981233639       0.12712883641484735     
  0.92447708544244211       0.14563795754615758     
  0.93317016518335472       0.14434854905661090     
  0.50661647936624110        8.4916412160106983E-004
  0.45732891691890343       -5.4668864384596884E-005
  0.56104466522458885       -1.3352013552095448E-003
  0.29204423656174361       -4.2244938179285637E-004
  0.53217589312578950       -3.3303824079798957E-003
  0.49342429883724015        2.9710001599958600E-004
  0.43876007016235996        4.4567733278943306E-004
  0.44349038033265475       -2.3710797897497052E-003
  0.72085375501838755       -8.5020807505557317E-004
  0.75705113971243787       -1.5506346889086720E-004
  0.69602327796846541       -5.1013352026934482E-003
  0.66886986456637498       -2.5845571095877728E-003
  0.70326614608223303        4.6924016013175840E-003
  0.66598060571666995        8.3818313049875796E-003
  0.63627550420410550        2.6070822242617044E-003
  0.64312284740607240        1.8072617873496892E-002
  0.53613319061484532        1.3724598829335260E-002
  0.65863658597545305        1.3313824791760968E-002
  0.69966275123897637        2.0056339037771636E-004
  0.60378406452724787        4.3708906987681489E-003
  0.74038880525684569        3.5249432613144997E-002
  0.59691220196883621        1.1506305277751162E-002
