 cosx vtec
  0.29756317390138226       -9.6162401822252549E-004
  0.31077853781833209       -3.1685733285309186E-004
  0.34625920018687945        1.2930267714109428E-003
  0.31164388786990321        7.5567409252068395E-005
  0.25845970930373047        3.9073304018642291E-003
  0.35246321414725046       -7.3190681211835254E-004
  0.40613697798189718       -5.0381838196475351E-004
  0.99322763606630393       -1.2897270245265243E-003
  0.97044508257979822       -1.5853890733796313E-003
  0.94119549674076075        2.7911010227498938E-003
  0.91760253473066600        2.5617719413499748E-004
  0.96369398517670724        1.3981685127904576E-003
  0.96223272168222429       -5.1007868414364495E-003
  0.46411190763567345       -1.4334823602417959E-004
  0.47845046938867281        9.1280395362138908E-005
  0.51151754359462109        2.6484931139093269E-003
  0.64534941419583736        2.4790802105653944E-003
  0.66024968407290274        4.0766235908728171E-004
  0.47946980124127203       -1.5515789069554193E-003
  0.41242691951342625       -3.5281456368758475E-003
  0.51832667686855760       -1.1035258684171378E-003
  0.55814265476592029        4.7901094501673130E-004
  -9.3588811088002322E-004   1.5687779507678255E-003
  -4.8452504783827087E-002   2.7623175054397550E-003
  -2.6261291991975869E-002   4.0197458449612528E-003
   6.4047830081627649E-002  -4.7835043372671920E-004
  0.63263254755199927       0.24536648206127828     
  0.64479146151181377       0.18116790074331321     
  0.68393969363832463       0.18711093450550123     
  0.60269967123281476       0.18987606643068172     
  0.71651882629922325       0.21150504713415480     
  0.67326569942680414       0.18739092016021178     
  0.60551586051115092       0.18751340178758585     
  0.71013191403593745        1.7863194930720187E-002
  0.76602380071125209        1.9575283317887330E-002
  0.84555639535941018        3.0287222014354839E-002
  0.82754387440340937        1.6668697761839574E-002
  0.86823087138557453        1.3116161486377044E-002
  0.74088060837086611        2.5127913673000962E-002
  0.79407584094293526        1.0602088710713380E-002
  0.80448330251833244        1.3917213258329682E-002
  0.90803167363986781        1.0555076789434181E-002
  0.49135355704560751       -2.7604670143527199E-003
  0.33537914419048354       -1.1527491207212459E-004
  0.31063799879911153       -1.3811317215394021E-003
  0.31768101163523554        4.4922859168688416E-003
  0.53492392430275071       -1.2436391499969313E-003
  0.81205088127329328        2.0479110461447654E-004
  0.51362287019755559       -4.5297425071958546E-003
  0.67320045699259912        3.3594982712548912E-003
  0.49359693454226317       -1.0845568661108529E-002
  0.46380406359789728        2.4618362171800252E-002
  0.50506731605249744       -3.8686800322529163E-002
  0.67595471494946224        4.1191537438215890E-004
  0.98643833569914108        2.3041674179984772E-003
  0.98939287432201706       -2.7525199677435008E-004
  0.97629432806843841       -1.2724938539822386E-003
  0.97286080586133794       -2.9124891541573404E-003
  0.99480708234755699        1.6272398366837053E-003
  0.97757059380218103       -1.8118724865727565E-004
  0.43415389969408102       0.16537621692818413     
  0.33206055588922950       0.15934392381651821     
  0.30785009678634534        2.5444023499378923E-002
  0.37073888719972775       0.16245428121964881     
  0.44500697892904195       0.15838180996555629     
  0.37544497421982609       0.16540010551223430     
  -9.9868597789910196E-002   5.2849905566731969E-002
  -7.4973455936683864E-002   3.8106920053663500E-002
  -5.8063311100263193E-002   6.3276848475789002E-002
  -8.6655766440004112E-002  0.10519336145341916     
   1.7591277683004114E-002   5.3512534605510184E-002
   7.3320540647940746E-002   6.0586009130342254E-002
  -1.4581227146294340E-002  0.19077796878947312     
  -3.0052251885211101E-002  0.19748407119543368     
   1.8795175145176146E-002  0.19677924073786038     
   2.4800612568726454E-002  0.19784547479312053     
  0.64057791081681614        5.8068373183961623E-002
  0.69259873365678593        6.6928927599418278E-002
  0.76451436294312836        7.8420673010781289E-002
  0.75704515854147003        6.1524758571879119E-002
  0.84250031122316793        3.4345231023820519E-002
  0.67115969306983025        6.3733997491919478E-002
  0.73412961965586121        4.5257741978062357E-002
  0.55704426366810311       0.10812904251234406     
  0.73315026025149455        6.0545584113714725E-002
  -9.9788571322607822E-002   4.1352447010887541E-002
  -5.3254592657443089E-002   9.1331953273705319E-003
   6.2613877601119639E-002   2.1612762921603676E-002
  0.53275551573368363       0.15621543594884907     
  0.61318846142673555       0.16669204073483934     
  0.43370082351138051       0.15831919765343447     
  0.47843475293979482       0.15216228660618406     
  0.54523852663168870       0.14958327736875440     
  0.48249200528014269       0.15520144799549179     
  0.28953895724407885       -2.0566632077150596E-002
  0.45683393508197273       -1.2701386721718732E-002
  0.28473686340988968       -4.1639714671229781E-003
  0.26954111779641465       -1.2944937963955926E-003
  0.28627718911780020       -5.6288340745692606E-003
  0.47234788721989274       -4.6381131940633384E-003
  0.72593774186016391       -1.8425442309917390E-003
  0.86226583246925970       -6.4994435822044718E-003
  0.81059706201346549       -1.5193500429710259E-003
  0.77083635467911527       -1.0268789279195456E-003
  0.82543932787556418       -2.8028151825057441E-004
  0.12660809264700820        5.2825112062993246E-004
  0.28286157189184785       -2.3291142227196697E-004
   8.0051387282738015E-002  -1.0360885492778609E-003
   4.5762913445848624E-002   2.9107282886670050E-005
   4.4907089177081243E-002  -2.7870839953360914E-003
  0.21233406304244781        1.0504469837238101E-003
  0.13720122824547415        1.2428388263224378E-003
  0.15036932676688491       -2.6804108066335843E-004
  0.19453316619091920        5.3309663252945824E-003
  0.15146859995739237       -1.7674594537552189E-004
  0.10558981028280645        1.4058700887975260E-003
  0.19569712285094898        3.4385848994467221E-003
   4.6565399380750383E-002   7.1561491682741601E-004
  -4.9808241437561740E-002  -1.9313477136490538E-003
  0.27769723219609677        4.6256906650562378E-004
  0.22232542960508098        1.7706911728363754E-002
  0.41017729903634592        8.3064049308213578E-004
  0.19800279628319273       -9.0239836387568228E-003
  0.19236318711788564        2.1763725522982606E-002
  0.21520311833017519       -7.8960665841218552E-003
  0.28939838922106992        8.2147199687336817E-002
  -3.9172089657848547E-002  0.26215514191980205     
  0.29572715236416008       0.17979436456887404     
  0.17707596493581546       0.16086609414302988     
  0.16040604127185917       0.16159190962225733     
  0.21177737181512102       0.16379153790527184     
  0.30393240660504783       0.16523917677199620     
  0.21782884042730477       0.16719070424129434     
  0.80012138283433654       0.14616974875789149     
  0.83246454702481432       0.13480062142992202     
  0.84923013491871047       0.13244874296649659     
  0.91264790047734579       0.12622566330818735     
  0.84620239297438216       0.13218300977472652     
  0.86369329265046124       0.13403129489593524     
  0.79054843698342303       0.16718654530471480     
  0.92751318412132855        4.4968026919053892E-003
  0.94520716436882979        4.2981282663374643E-003
  0.93146897807014128        1.4764253058574511E-003
  0.97316629318728276        7.5457911314361602E-003
  0.92095257976628386        8.4268154823119001E-004
  0.59030920610610638        4.5253359407055623E-004
  0.60785592549679979        9.6129781111855802E-004
  0.64308758449259973       -3.0777218663015225E-003
  0.74002367245111922        1.1174027867113141E-003
  0.73497179723113482        4.3087592295885479E-004
  0.60832999878261218       -2.2641791912794453E-003
  0.52240398497111651       -1.7650548315984085E-003
  0.64803157662601951        8.1385757764911872E-004
  0.68341676162999043       -4.3943034735775886E-004
   5.9548863169220423E-002  0.13828575727672404     
   9.3026618702874153E-002  0.13496985917050677     
  -2.1085925755793600E-002  0.17457448895407282     
   7.4954466331944469E-002  0.13312764346030101     
   3.3271488531685323E-002  0.13731931094613789     
  0.18463842258992208       0.14286392655987321     
  0.26588076646115272       -6.3980360992366920E-003
  0.44027688275839916       -2.4152062409891399E-004
  0.27403249601118929       -1.6801410417189593E-004
  0.25555494547217139        3.3360350109583664E-003
  0.26625607286570174        4.1850298004085691E-003
  0.33000935735567016        8.7806748522432240E-002
  0.13006331530523763        4.9557197440978550E-002
   7.7949777193611736E-002   3.7410694713585532E-002
  0.11956912868352948        4.7976232722304335E-002
  0.16940179900519231        6.5191784758076146E-002
  0.27103658005620995        6.2451256859090268E-002
  0.18431181614419068        8.2339747719577638E-002
  0.98436362505123487        1.8039901042231622E-002
  0.98990309017275124        9.4478455624341824E-003
  0.99777212679709593        7.0401137222157381E-004
  0.99395585732177438        6.7728585436055448E-003
  0.54562882028274240        1.3401480297468547E-003
  0.56581682121676824       -2.2287743463634928E-003
  0.74283150174267865        4.6502114942599477E-003
  0.67858247802833016       -5.4593737072498264E-003
  0.56435867865393097       -2.8915610890522516E-003
  0.49651590054194705       -3.4230545147837048E-003
  0.60325310273289678       -3.1479813156236563E-003
  0.65991966507885458        1.0378312096303243E-003
  -8.2652196040829851E-002   7.8589178373334942E-004
  -6.8026485843360740E-002   8.1466062100912489E-003
  -1.1370526448986562E-002  -1.6584863994053397E-002
  -6.7123518180242536E-002   5.5444735493517883E-003
  -9.7353681163214190E-003  -1.2828109273727184E-002
  0.13698421561281193        7.0115968919918338E-003
  0.71497408345961910       0.15502508079457533     
  0.75083257003006265       0.15193625256534618     
  0.76923012102094657       0.14234849483706394     
  0.87828334847416234       0.14808115052818685     
  0.76254448135059261       0.15622842766649297     
  0.79851948247699633       0.16013105653987095     
  0.31256087069939814       0.24981006337795672     
  0.34748440279442966       0.23712981313967793     
  0.41266524090344980       0.27819200677065820     
  0.21025126898828977       0.24906902391523478     
  0.22346427501613475       0.25112652606919900     
  0.29977814866848307       0.25379079357669648     
  0.29912279076800763       0.23963081729763375     
  0.22252003311040042       0.20000990441896402     
  0.11151672892084796       0.18849306004408550     
   9.1076096219368324E-002  0.20000520977718561     
  0.14608018860710034       0.19102871679253400     
  0.15066540802854642       0.19544743668399317     
   8.7447675839489314E-003  0.14745223535839036     
   8.4624985949330170E-002  -9.8763709137592026E-004
   3.8462638097843144E-002  -4.1869643802628563E-004
   6.7209895322297708E-003   2.6979917087478181E-003
   6.6434211089231449E-003  -2.0610140261236542E-002
  0.17482452524908890        1.2452667861203354E-003
  -8.7459485311699101E-002  0.23721193722235798     
  0.20656843831042426        1.2527483998860428E-003
  0.22672200805843698       -1.7301745083221845E-004
  0.17923018493540438       -3.1242440398636237E-003
  0.25965809733296114       -1.7347450135841900E-003
   3.9710264759553221E-002   2.6230552523900720E-003
  0.78021185122264891        1.8930705919911962E-002
  0.82376500714138046        1.1916057871492762E-002
  0.63819411589638741        2.6299998063288428E-002
  0.79178462033147179        3.0246794274645942E-002
  0.60530450585405837        1.8192433725313806E-002
  0.70840853927838976        2.2596442649661611E-002
  0.76695460655294623        3.6811161512725413E-002
  0.71628484404289183        1.8706940296745276E-002
  0.54904998619065559        4.3737613825485785E-002
  0.67964188208788878        5.4220707082015401E-002
  0.40780433762798673        2.2100578287264510E-002
  0.58432791842850040        3.8172727753038857E-002
  0.31702554758617785        3.4166946097695702E-002
  0.39244921072971412        3.9101947776732475E-002
  0.45221482948563713        3.1988908536078074E-002
  0.52060848809627081        1.7970343024593889E-002
  0.46254395199513937        4.5846785742042269E-002
  0.72774881572766392       -1.9788785958775273E-003
  0.87643165933280653        3.0912012073850120E-003
  0.85361606948443969       -1.0990283110258188E-003
  0.75680228554219553       -6.3503376515465252E-003
  0.80904560145597570       -6.4708599269172379E-004
  0.84554239794038177       -7.8571204327096563E-004
  0.92983071541828610        9.8326762151727080E-003
  0.32957035817354463       -6.6559077245274684E-002
  0.49095890381770352        1.2596067335274474E-002
  0.31241368456661722        7.0879289311199635E-003
  0.30008397819906252        6.6438648602652759E-003
  0.32362893986778463       -5.4175284405365660E-003
  0.48918516387627348        2.9433060817074527E-002
  0.42194969344582439        9.9820059252443555E-003
  0.43624256231773184       -3.7000416006854219E-004
  0.45972544122497910        1.8675346546876515E-002
  0.58117780203838854        1.4043305679535661E-002
  0.43730979080794563        1.3691458398637160E-002
  0.34892243624924163       -3.2657256707119119E-003
  0.48554853075776716        3.4037502207289396E-003
  0.34623416091322867        3.1281954673396055E-002
  0.50878059743105486        1.2257620280420930E-002
  0.85711556442898895        2.5771873650454365E-003
  0.74991241510881768       -1.3529777179666987E-003
  0.57056988310957912       -1.1808690353571833E-003
  0.76226520413699883        7.4402037411422828E-004
  0.76965570370644842        7.6328347695225137E-004
  -1.2939547903486670E-002   2.6846181032148721E-003
  0.24992338795890801        1.0945867007753183E-002
  -1.5735286780481139E-002   2.3432810183311586E-003
  -2.6232051088873942E-002  -3.2395965922499021E-004
  -1.6809024568693265E-002  -4.8797874420135490E-003
  0.85142408098549649       -3.0756226850504678E-003
  0.97731234224547581        1.0429660983790989E-003
  0.95401438897264967       -3.9392958123306140E-003
  0.94930929868631164       -2.6960714250803385E-003
  0.91520362103717967       -1.8727780249503010E-003
  0.93858247963143615       -1.1094276968550666E-003
  0.22490329942502724       -6.5629287989389468E-002
  0.42428168169128666        3.7236779886469638E-002
  0.18725766996250165        2.3331244339242788E-002
  0.18788052348928663        5.3890500421188120E-002
  0.21636679530200204       -2.5957776823408510E-002
  0.27955608445322938        1.1119219847883991E-003
  0.37191423971474080        4.7128949035861690E-003
  -2.9533412629622974E-002  0.31946926041257023     
  0.84648003415652873        9.1890626038973619E-002
  0.87314979208617127        8.9232693140954458E-002
  0.89593815508339980        7.9305013365230340E-002
  0.79881170288116776       0.10785865931896235     
  0.89980061047820159        9.8507271950027134E-002
  0.85693374862952265        8.8057338305888105E-002
  0.80341023382522936       0.10911163290952455     
  0.78958886863393252       -3.3425157168294802E-003
  0.82877534257179675       -3.8818913480724538E-003
  0.60539058931362943        8.9833006876898162E-003
  0.76031779868570637       -1.3661553311033220E-002
  0.58419461671719908       -8.8073565653271145E-004
  0.68701309760352880        4.9149835120062069E-003
  0.74959266709349925       -2.4785332552559099E-003
  0.99722840562276127        5.4750847723127635E-004
  0.98399756729810472       -4.2505274616567703E-004
  0.97406518957496413       -1.3171948025796579E-003
  0.95041327815013543       -1.8023279581236178E-003
  0.97532925946805249        8.3129325865411764E-004
  0.98894878245711593        1.6411836388117915E-003
  0.36222593573328221       0.13246439172701949     
  0.22997478022545423       0.11013581044319495     
  0.13716605251801151       0.11128465476742398     
  0.21555536711684176       0.11089543821439511     
  0.26635428315164877       0.11116968048219136     
  0.35057954993520657       0.10889889671508828     
  0.27438575955846684       0.12766311865842941     
  0.42393015434567277        8.4916412160106983E-004
  0.43894351189804093       -5.4668864384596884E-005
  0.49029761125716897       -1.3352013552095448E-003
  0.60118653073449990       -4.2244938179285637E-004
  0.44002394542466172       -3.3303824079798957E-003
  0.38436145469161143        2.9710001599958600E-004
  0.47613316875608030        4.4567733278943306E-004
  0.53650249144040640       -2.3710797897497052E-003
  0.93329062975765664        9.8087097748654267E-004
  0.88940354708196701        9.4037645013731136E-004
  0.87281573428398973        1.0679193046887114E-003
  0.93242607883744677       -1.1549248023281166E-003
  0.91329812320967307        1.8992592505824720E-003
  0.95253626459115037        5.5251441139887595E-003
  0.96599435534447120        4.3041167197905104E-003
  0.95425194430904936        1.1148198628110624E-003
  0.97667861657942867       -1.3085628101525500E-003
  0.88152982231720123        6.9246880664974152E-003
  0.98438883667184784        5.5167347462069475E-003
  0.94676872091269315        2.1253009273816455E-003
  0.58169833430378548        8.4135536254450499E-002
  0.67705211348604988        8.2703558476082906E-002
  0.46415661266498776        7.5380639790021020E-002
  0.44300903323795132        5.4533390711802091E-002
  0.50878299466731958        6.4489324284025470E-002
  0.57263780147889087        7.1651545479248444E-002
  0.51567403133415324        9.0258191014254516E-002
  0.17718112043731635       0.22177906897442204     
   5.4774047930878533E-002  0.19590597892690828     
   3.7549111180062267E-002  0.20224077677783442     
   8.8386224669735808E-002  0.19946131417052668     
  0.20684176207133545       0.21899558070053621     
   9.3760870853696249E-002  0.20788173597004292     
  -6.8103150673418766E-002  -8.5020807505557317E-004
  -4.7819881000041642E-002  -1.5506346889086720E-004
  -9.2818429489916005E-002  -5.1013352026934482E-003
  -4.2985913205266790E-003  -2.5845571095877728E-003
  0.18972248999467967        2.4799101011279450E-002
  0.37558128366720878        8.4751966823167141E-004
  0.18368589378872233       -1.8370760649632202E-002
  0.17173582382290636       -1.0370612665447969E-002
  0.18594703083556535       -6.4404368176136234E-003
  0.39451715179221092        2.5476774128805581E-002
  0.86675108588054250        1.9621664489074078E-003
  0.88446309275501167       -8.6461834010806492E-004
  0.83397939000061250       -6.8462720169913715E-004
  0.95295209562781458        3.7369930714168309E-003
  0.83086788620803598        8.6660225717047866E-004
  0.45993182338631655        8.3818313049875796E-003
  0.47423252895231149        2.6070822242617044E-003
  0.49823734096388328        1.8072617873496892E-002
  0.60861746050345711        1.3724598829335260E-002
  0.47591773769407453        1.3313824791760968E-002
  0.38015703380442367        2.0056339037771636E-004
  0.52337372303561669        4.3708906987681489E-003
  0.37763320515285798        3.5249432613144997E-002
  0.54512976593322704        1.1506305277751162E-002
  0.10989418583384358       -5.3442707312885435E-003
  0.33206904920467462        3.7478703672659777E-002
   9.3878559254603422E-002  -2.1772687804446937E-003
   8.6876858583122440E-002   1.0759656352642602E-003
  0.10377772404195729        4.2652573153633314E-002
  0.31364104446449853       -3.3462569972034603E-002
  0.91305748548510479       -5.4098435224847240E-003
  0.85716108954174441        1.0679439633908623E-003
  0.85562107505456619       -1.1953104522261194E-003
  0.93663897250387318        8.8012785027625573E-004
  0.87215319508830103        8.7154376573935952E-004
