 cosx vtec
  0.57302973837928173       -9.6162401822252549E-004
  0.57452106964482308       -3.1685733285309186E-004
  0.62980521248569721        1.2930267714109428E-003
  0.59138052506844463        7.5567409252068395E-005
  0.52966480126354321        3.9073304018642291E-003
  0.61203085000113822       -7.3190681211835254E-004
  0.66893863190286229       -5.0381838196475351E-004
  0.90787766407771009       -1.2897270245265243E-003
  0.90299404155344964       -1.5853890733796313E-003
  0.85770248622895384        2.7911010227498938E-003
  0.87381036505408904        2.5617719413499748E-004
  0.92078484319149811        1.3981685127904576E-003
  0.86199808422715352       -5.1007868414364495E-003
  0.70558175456950534       -1.4334823602417959E-004
  0.70594620133351504        9.1280395362138908E-005
  0.75860878345408933        2.6484931139093269E-003
  0.84851325781377196        2.4790802105653944E-003
  0.83042942425034327        4.0766235908728171E-004
  0.72479184370410277       -1.5515789069554193E-003
  0.65178732831567410       -3.5281456368758475E-003
  0.74022801797273918       -1.1035258684171378E-003
  0.78216706830954397        4.7901094501673130E-004
  0.13547930953136580        1.5687779507678255E-003
   6.4239263396216363E-003   2.7623175054397550E-003
   8.4079763903626981E-002   4.0197458449612528E-003
  0.16963177558432552       -4.7835043372671920E-004
   1.2755628999931920E-003  -3.4377783499088652E-003
  0.61506526557373664       0.24536648206127828     
  0.56030797627260964       0.18116790074331321     
  0.60705380157482247       0.18711093450550123     
  0.50271870525043882       0.18987606643068172     
  0.66813693046648714       0.21150504713415480     
  0.57260181709162927       0.18739092016021178     
  0.51548430654271604       0.18751340178758585     
  0.90740233187394248        1.7863194930720187E-002
  0.93812771914328641        1.9575283317887330E-002
  0.96976072275667369        3.0287222014354839E-002
  0.96885157246446485        1.6668697761839574E-002
  0.98500663611802208        1.3116161486377044E-002
  0.92575490745673894        2.5127913673000962E-002
  0.95276806403098513        1.0602088710713380E-002
  0.95887458615303034        1.3917213258329682E-002
  0.99339910503165507        1.0555076789434181E-002
  0.23403697769175763       -2.7604670143527199E-003
   7.1250268981687431E-002  -1.1527491207212459E-004
   3.3297683577179896E-002  -1.3811317215394021E-003
   1.9703035439542910E-002   4.4922859168688416E-003
  0.25775303564762414       -1.2436391499969313E-003
  0.57342827975705324        2.0479110461447654E-004
  0.19560403483688049       -4.5297425071958546E-003
  0.40596370869151488        3.3594982712548912E-003
  0.20837564895147942       -1.0845568661108529E-002
  0.16122951485042844        2.4618362171800252E-002
  0.19287993710706849       -3.8686800322529163E-002
  0.39834743242358872        4.1191537438215890E-004
  0.87107227656638453        2.3041674179984772E-003
  0.88469926838348401       -2.7525199677435008E-004
  0.85813871684188447       -1.2724938539822386E-003
  0.89951682488715279       -2.9124891541573404E-003
  0.91183531801219597        1.6272398366837053E-003
  0.85028338566541029       -1.8118724865727565E-004
  0.19192154597313110       0.16537621692818413     
   6.3628003318045467E-002  0.15934392381651821     
   2.8167069843582707E-002   2.5444023499378923E-002
  0.11669256812875622       0.16245428121964881     
  0.18753302593168661       0.15838180996555629     
  0.12828152998576312       0.16540010551223430     
  0.24597101411537678        5.2849905566731969E-002
  0.26576154495134863        3.8106920053663500E-002
  0.28656639866197486        6.3276848475789002E-002
   4.5106663890516291E-002   7.0919116972806243E-002
  0.25928267412888206       0.10519336145341916     
  0.20158442465707230        5.0497807114577992E-002
   2.5109190268649134E-002  0.10388572255787835     
  0.35425061715735751        5.3512534605510184E-002
  0.21307122326263198        7.5890816554633062E-002
   4.4065270061149048E-002   6.5135368128468984E-002
  0.40997019015098440        6.0586009130342254E-002
   8.1876087988312585E-002  -1.1004490245101013E-003
   8.0749036145431510E-002  -8.3599036980587562E-005
  0.12238037124926734       -1.8436084074217239E-004
   4.5798624742107552E-002   8.0550389157429145E-004
  0.14001074163285138        9.8471546486337408E-004
  -2.3359850119486811E-002  -6.6271548454806327E-004
  0.86249522169078219        5.8068373183961623E-002
  0.88565597665088835        6.6928927599418278E-002
  0.91590917360286939        7.8420673010781289E-002
  0.92353886857889034        6.1524758571879119E-002
  0.97348516206274571        3.4345231023820519E-002
  0.87686062913837126        6.3733997491919478E-002
  0.92107380702913633        4.5257741978062357E-002
  0.78713077821399713       0.10812904251234406     
  0.91288326230349126        6.0545584113714725E-002
  0.18467902870034136        4.4498150413293282E-003
  0.19682699477065729        1.7487307358282290E-002
  0.24429607627508326        4.1352447010887541E-002
   5.0233347719709220E-003   2.9894771136291815E-002
  0.20171542551083266        4.3363388991551628E-002
  0.14672801503144864       -3.1374722056225199E-002
  -5.4435144257553497E-002   4.4487769866509388E-002
  0.27496641239757869        9.1331953273705319E-003
  0.15189976191008617        3.6179897849154104E-002
   3.6858556835283190E-002   1.7362169594392445E-002
  0.39640903208116607        2.1612762921603676E-002
  0.31283503478112751       0.15621543594884907     
  0.40625836085709599       0.16669204073483934     
  0.18275479002075187       0.15831919765343447     
  0.24634629514045675       0.15216228660618406     
  0.31132852624460672       0.14958327736875440     
  0.25760787869491519       0.15520144799549179     
  -3.8491346451176717E-002  -2.0566632077150596E-002
  0.16449462683910951       -1.2701386721718732E-002
  -1.3951068404086331E-002  -4.1639714671229781E-003
  -3.8893438742152731E-002  -1.2944937963955926E-003
  -3.3336113686835561E-002  -5.6288340745692606E-003
  0.16444366570581156       -4.6381131940633384E-003
  0.76622492825324573       -1.8425442309917390E-003
  0.87786423319165119       -6.4994435822044718E-003
  0.81181984625839443       -1.5193500429710259E-003
  0.80007677043562708       -1.0268789279195456E-003
  0.86162806849281082       -2.8028151825057441E-004
   4.4363410203994834E-002   5.2825112062993246E-004
  0.14552739061699538       -2.3291142227196697E-004
  -5.3352358451656687E-002  -1.0360885492778609E-003
  -2.0375270820746617E-002  -2.7870839953360914E-003
  0.13015703341456222        1.0504469837238101E-003
  0.42884535289227910        1.2428388263224378E-003
  0.43093335406004885       -2.6804108066335843E-004
  0.49924231051112905        5.3309663252945824E-003
  0.44864117226028666       -1.7674594537552189E-004
  0.39119891762611037        1.4058700887975260E-003
  0.47321323054396924        3.4385848994467221E-003
  0.37521835479576426        7.1561491682741601E-004
  0.23739920647291707       -1.9313477136490538E-003
  0.56087453492584538        4.6256906650562378E-004
   8.8103384683408989E-002   8.3064049308213578E-004
  -5.5404646010678793E-002   8.2147199687336817E-002
  0.13671250031969789       0.26215514191980205     
   3.4803276005945544E-002  0.25579646739042927     
   6.6038818150973108E-002  0.25371490527562868     
   3.4855545261981952E-002  0.17979436456887404     
  -6.0951266773569851E-002  0.16379153790527184     
   2.4870158537286122E-002  0.16523917677199620     
  -4.8180371123767274E-002  0.16719070424129434     
  0.86005879281458941       0.14616974875789149     
  0.85006503353592744       0.13480062142992202     
  0.87435882890852801       0.13244874296649659     
  0.91266185750049167       0.12622566330818735     
  0.88605714320214501       0.13218300977472652     
  0.86243838761761316       0.13403129489593524     
  0.79462729483542338       0.16718654530471480     
  0.75192881780449772        4.4968026919053892E-003
  0.77938871371518315        4.2981282663374643E-003
  0.75086060973002333        1.4764253058574511E-003
  0.83855945739619642        7.5457911314361602E-003
  0.73386501688306105        8.4268154823119001E-004
  0.79038123058593523        4.5253359407055623E-004
  0.78935010168234654        9.6129781111855802E-004
  0.84866234816218655       -3.0777218663015225E-003
  0.89871192796729382        1.1174027867113141E-003
  0.87135989625332566        4.3087592295885479E-004
  0.81307325882913661       -2.2641791912794453E-003
  0.72228081944506350       -1.7650548315984085E-003
  0.82232571359688189        8.1385757764911872E-004
  0.85960069703025599       -4.3943034735775886E-004
  0.38077584887267413       0.13828575727672404     
  0.39797260420860947       0.13496985917050677     
  0.27518076695228327       0.17457448895407282     
  0.38726842006845208       0.13312764346030101     
  0.34141259643477329       0.13731931094613789     
  0.48366975471604245       0.14286392655987321     
  -5.4901704480754515E-002  -6.3980360992366920E-003
  0.16455145939207938       -2.4152062409891399E-004
  -6.9123592539971357E-003  -1.6801410417189593E-004
  -3.6083640845867515E-002   3.3360350109583664E-003
  -4.0839626834703019E-002   4.1850298004085691E-003
   1.8231533419833690E-002   8.7806748522432240E-002
  -6.2495027835015843E-002   6.2451256859090268E-002
  0.94835393095635734        1.8039901042231622E-002
  0.96321937020946546        9.4478455624341824E-003
  0.95660221739881546        7.0401137222157381E-004
  0.94379367901016153        6.7728585436055448E-003
  0.70689348412873576        1.3401480297468547E-003
  0.70254742932657344       -2.2287743463634928E-003
  0.85822416229267562        4.6502114942599477E-003
  0.77605307186624528       -5.4593737072498264E-003
  0.74245515652955651       -2.8915610890522516E-003
  0.64822395090901130       -3.4230545147837048E-003
  0.73426775585247561       -3.1479813156236563E-003
  0.79709167537006032        1.0378312096303243E-003
  0.22704569298614335        7.8589178373334942E-004
  0.23132408983123898        8.1466062100912489E-003
  0.31582537280823186       -1.6584863994053397E-002
   1.1616791414024802E-002  -1.3931294641972591E-003
  0.24893576011319771        5.5444735493517883E-003
  0.19200966764970737        9.1762047814772235E-003
  0.28781798590680452       -1.2828109273727184E-002
  0.18818758945733643        3.2156347579018912E-003
   9.4649474064155081E-002  -1.6253284049114482E-003
  0.44483239654139778        7.0115968919918338E-003
  0.81219760907297556       0.15502508079457533     
  0.81121099077966252       0.15193625256534618     
  0.83741898060462250       0.14234849483706394     
  0.91071300168897440       0.14808115052818685     
  0.84519807531655256       0.15622842766649297     
  0.83407404729754986       0.16013105653987095     
  0.40159697995568788       0.24981006337795672     
  0.39626132553833332       0.23712981313967793     
  0.46929317251774882       0.27819200677065820     
  0.28241268761926913       0.24906902391523478     
  0.32264570769194917       0.25112652606919900     
  0.32811803262337597       0.25379079357669648     
  0.34274158054948373       0.23963081729763375     
   4.5774015722346573E-003  0.20000990441896402     
  -8.2502127564833105E-002  0.19102871679253400     
  -7.1318753090195919E-002  0.19544743668399317     
  0.13205573768561421       0.12439328161424504     
  0.16148584152368975       0.12268714835724899     
  -4.4516914824110312E-002  0.13250280893800487     
   3.6910408005907169E-002  0.14929554268333578     
  0.14132597562967081       0.12294461422415401     
  -2.0454087190907105E-002  0.13888483793408246     
   9.4323906757179582E-002  0.16177407630208820     
  0.33739910098453962       0.14745223535839036     
   4.9221637724464612E-003  -9.8763709137592026E-004
  -9.1588791224655353E-002  -4.1869643802628563E-004
  -5.8327895018590079E-002  -2.0610140261236542E-002
   9.6833852643252033E-002   1.2452667861203354E-003
  0.40573763939267699        1.2527483998860428E-003
  0.44734081263806003       -1.7301745083221845E-004
  0.36578603546637067       -3.1242440398636237E-003
  0.43797331971568060       -1.7347450135841900E-003
  0.23013949922647187        2.6230552523900720E-003
  0.53175056661779885        1.8930705919911962E-002
  0.58790224243988565        1.1916057871492762E-002
  0.34409179583451549        2.6299998063288428E-002
  0.53633609012597705        3.0246794274645942E-002
  0.30024742636867807        1.8192433725313806E-002
  0.43863954124807947        2.2596442649661611E-002
  0.50617423877794177        3.6811161512725413E-002
  0.45717907890138965        1.8706940296745276E-002
  0.24963795393433225        4.3737613825485785E-002
  0.40429654445363994        5.4220707082015401E-002
   8.0325771746406580E-002   2.2100578287264510E-002
  0.27398485090704638        3.8172727753038857E-002
  -2.5603773978356448E-002   3.4166946097695702E-002
   6.0849616122178776E-002   3.9101947776732475E-002
  0.13543352611238466        3.1988908536078074E-002
  0.20584580330995247        1.7970343024593889E-002
  0.15432573660847687        4.5846785742042269E-002
  0.85386970875997481       -1.9788785958775273E-003
  0.93512604418241085        3.0912012073850120E-003
  0.89751991973339751       -1.0990283110258188E-003
  0.89478396742312860       -6.3503376515465252E-003
  0.88182409265941386       -6.4708599269172379E-004
  0.92080284377794408       -7.8571204327096563E-004
  0.93666878697041300        9.8326762151727080E-003
  -4.0423678421776243E-003  -6.6559077245274684E-002
  0.18797316616544726        1.2596067335274474E-002
   9.4219604263817702E-004   7.0879289311199635E-003
  -2.0698392564902829E-002   6.6438648602652759E-003
  -5.0412260826140920E-003  -5.4175284405365660E-003
  0.17382440728373047        2.9433060817074527E-002
  0.70245134070152238        9.9820059252443555E-003
  0.70727791324025469       -3.7000416006854219E-004
  0.73521498078297853        1.8675346546876515E-002
  0.82399476611265465        1.4043305679535661E-002
  0.71655314986065544        1.3691458398637160E-002
  0.63493393593765690       -3.2657256707119119E-003
  0.74852343354521322        3.4037502207289396E-003
  0.64614055515177538        3.1281954673396055E-002
  0.77083152608456351        1.2257620280420930E-002
  0.67071939071326336        2.5771873650454365E-003
  0.54177572158774501       -1.3529777179666987E-003
  0.33952902045140798       -1.1808690353571833E-003
  0.60866092373144709        7.4402037411422828E-004
  0.54815882055743215        7.6328347695225137E-004
  -3.9752156783188553E-002   1.0945867007753183E-002
  0.92081958946073550       -3.0756226850504678E-003
  0.98904950508251843        1.0429660983790989E-003
  0.98203711142041983       -3.9392958123306140E-003
  0.96309926761605991       -2.6960714250803385E-003
  0.95987490471100667       -1.8727780249503010E-003
  0.98138039605152172       -1.1094276968550666E-003
   9.3991606035695771E-002   3.7236779886469638E-002
  -6.4670170185977510E-002   1.1119219847883991E-003
   3.2397835324094071E-002   4.7128949035861690E-003
   2.8131321847578702E-002  0.24900590984499346     
  0.10949599166781691       0.31946926041257023     
  -7.8010723408475854E-002  0.23657501750403848     
   4.3878493005905697E-002  0.27576256098499924     
  -4.8059117051594581E-002  0.23544226493101264     
  -4.3413211910109953E-002  0.16105346369551943     
  -2.5645400291834437E-002  0.27503329833987039     
   1.3407141657052424E-002  0.13561832585111258     
   4.3613561069831219E-002  0.14488049082489490     
  -7.6436125051596790E-002  0.14005128467219471     
   2.1510732485219675E-002  0.12712883641484735     
  -3.0175552269289752E-002  0.14434854905661090     
  0.70488583925486004        9.1890626038973619E-002
  0.73944359646025859        8.9232693140954458E-002
  0.74452092349188881        7.9305013365230340E-002
  0.63756947422433763       0.10785865931896235     
  0.79329476160463785        9.8507271950027134E-002
  0.70321221579658244        8.8057338305888105E-002
  0.65356617014484852       0.10911163290952455     
  0.53278710421969744       -3.3425157168294802E-003
  0.58778671511677250       -3.8818913480724538E-003
  0.29666970890912675        8.9833006876898162E-003
  0.49756415627229911       -1.3661553311033220E-002
  0.27250662819210353       -8.8073565653271145E-004
  0.39922634757387382        4.9149835120062069E-003
  0.47935590497438862       -2.4785332552559099E-003
  0.95633472008449449        5.4750847723127635E-004
  0.95665465530634219       -4.2505274616567703E-004
  0.93339455907527635       -1.3171948025796579E-003
  0.94264320004044344       -1.8023279581236178E-003
  0.96459177697719367        8.3129325865411764E-004
  0.93421691953992425        1.6411836388117915E-003
   7.2759568958625676E-002  0.13246439172701949     
  -8.2612440319979635E-002  0.11013581044319495     
  -3.6783228177181548E-002  0.11116968048219136     
   4.3751208813168185E-002  0.10889889671508828     
  -2.1567767096407953E-002  0.12766311865842941     
  0.63553038329405431        8.4916412160106983E-004
  0.63356805852423081       -5.4668864384596884E-005
  0.72596739759982343       -1.3352013552095448E-003
  0.74606476966116730       -4.2244938179285637E-004
  0.66195990461115528       -3.3303824079798957E-003
  0.58862069055849553        2.9710001599958600E-004
  0.66638595767230735        4.4567733278943306E-004
  0.73235134244188049       -2.3710797897497052E-003
  0.83562928942838133        9.8087097748654267E-004
  0.77733266540087842        9.4037645013731136E-004
  0.79516549383457935        1.0679193046887114E-003
  0.86146711585901548       -1.1549248023281166E-003
  0.78595063077300997        1.8992592505824720E-003
  0.79759557982423579        5.5251441139887595E-003
  0.82069597935528138        4.3041167197905104E-003
  0.79477799035335717        1.1148198628110624E-003
  0.88116016303671463       -1.3085628101525500E-003
  0.68724045280542889        6.9246880664974152E-003
  0.86585012175060683        5.5167347462069475E-003
  0.78030618110547678        2.1253009273816455E-003
  0.30410653866713244        8.4135536254450499E-002
  0.41710461975894308        8.2703558476082906E-002
  0.15760021344323474        7.5380639790021020E-002
  0.12890269889117281        5.4533390711802091E-002
  0.21614991001882650        6.4489324284025470E-002
  0.28127100184032161        7.1651545479248444E-002
  0.23104646314892224        9.0258191014254516E-002
  -5.3096394538545644E-002  0.22177906897442204     
  -4.5839212031983795E-002  0.21899558070053621     
  0.18989546159814014       -8.5020807505557317E-004
  0.22465523795211673       -1.5506346889086720E-004
  0.15455645576391155       -5.1013352026934482E-003
  0.23887426710566612       -2.5845571095877728E-003
   7.2651287526016961E-002   4.6924016013175840E-003
   7.5979194143646844E-002   8.4751966823167141E-004
   7.6499935217026763E-002   2.5476774128805581E-002
  0.64391995865026397        1.9621664489074078E-003
  0.67537067427649800       -8.6461834010806492E-004
  0.60686435155064133       -6.8462720169913715E-004
  0.79837808938602217        3.7369930714168309E-003
  0.59555052746463999        8.6660225717047866E-004
  0.73184636108141810        8.3818313049875796E-003
  0.73625308111618748        2.6070822242617044E-003
  0.76429069821239337        1.8072617873496892E-002
  0.84281371799090898        1.3724598829335260E-002
  0.74618521138225580        1.3313824791760968E-002
  0.65921110051554166        2.0056339037771636E-004
  0.77672213113304889        4.3708906987681489E-003
  0.67134837021623839        3.5249432613144997E-002
  0.79737327531130142        1.1506305277751162E-002
   1.2891697721719664E-002   3.7478703672659777E-002
  -2.1955165962717654E-002  -3.3462569972034603E-002
  0.76135217204040473       -5.4098435224847240E-003
  0.68920083103106500        1.0679439633908623E-003
  0.73202215818410110       -1.1953104522261194E-003
  0.82306697422941366        8.8012785027625573E-004
  0.69192532457831368        8.7154376573935952E-004
