 cosx vtec
  0.85787873633079248       -9.6162401822252549E-004
  0.82593018369873894       -3.1685733285309186E-004
  0.89008788219274981        1.2930267714109428E-003
  0.87284640264254110        7.5567409252068395E-005
  0.83852403022946054        3.9073304018642291E-003
  0.82107373631512970       -7.3190681211835254E-004
  0.83999350296036179       -5.0381838196475351E-004
  -7.4413825211815943E-002  -1.2897270245265243E-003
  -2.6098031490189799E-002  -1.5853890733796313E-003
  -7.8159101233198636E-002   2.7911010227498938E-003
   3.3758313949065477E-002   2.5617719413499748E-004
   4.4467278639370500E-002   1.3981685127904576E-003
  0.78784601555128431       -1.4334823602417959E-004
  0.74951671249515328        9.1280395362138908E-005
  0.81264075930610313        2.6484931139093269E-003
  0.70780381280098603        2.4790802105653944E-003
  0.61399206762247271        4.0766235908728171E-004
  0.80181709190378214       -1.5515789069554193E-003
  0.77256497532173163       -3.5281456368758475E-003
  0.74019105809921215       -1.1035258684171378E-003
  0.75341913609943023        4.7901094501673130E-004
  -9.5456335120652352E-002  0.23848472930534723     
  0.39868632218231526        1.5687779507678255E-003
  0.15190446450093897        2.7623175054397550E-003
  0.31798508282619092        4.0197458449612528E-003
  0.32000015422893929       -4.7835043372671920E-004
  0.29925944218162220       -3.4377783499088652E-003
   6.0186867546448114E-002  0.24536648206127828     
  -1.5117622618438908E-002  0.21150504713415480     
  0.70199548912569809        1.7863194930720187E-002
  0.63826881484991727        1.9575283317887330E-002
  0.51224352275809770        3.0287222014354839E-002
  0.55907433908995696        1.6668697761839574E-002
  0.49452198015073334        1.3116161486377044E-002
  0.67117348678326694        2.5127913673000962E-002
  0.60400197250710164        1.0602088710713380E-002
  0.59326198301778410        1.3917213258329682E-002
  0.40970811312917144        1.0555076789434181E-002
  -4.2901877680777856E-002  -2.9124891541573404E-003
  -6.7181912463530669E-002   1.6272398366837053E-003
  0.11524873847807338       0.15282663361311893     
  0.12025692118882247       0.18282056158905738     
  0.10944475058231462       0.16106935157295429     
   2.8976674922672585E-002  0.15907872351079722     
  0.24078473935378081       0.19583999216562853     
  0.12237166441776254       0.15789407856856472     
   8.5562187867514738E-002  0.15939434382024795     
  0.99355782760271238        5.2849905566731969E-002
  0.98302262808141583        3.8106920053663500E-002
  0.99739170884913220        6.3276848475789002E-002
  0.95390996979504461        7.0919116972806243E-002
  0.99617656142364963       0.10519336145341916     
  0.98031128031183401        5.0497807114577992E-002
  0.94311045950847705       0.10388572255787835     
  0.98742784804120942        5.3512534605510184E-002
  0.98964545302873685        7.5890816554633062E-002
  0.93927115706789965        6.5135368128468984E-002
  0.99722608698000681        6.0586009130342254E-002
  0.71895088161523124       -1.1004490245101013E-003
  0.67999400055465109       -8.3599036980587562E-005
  0.68780386848580477       -7.6881997226430749E-004
  0.77284824204597635       -1.8436084074217239E-004
  0.68031444856869550        8.0550389157429145E-004
  0.68994524179732797        9.8471546486337408E-004
  0.65817399254147957       -6.6271548454806327E-004
  0.76179393681955299        5.8068373183961623E-002
  0.68658541822731911        6.6928927599418278E-002
  0.57745328149197728        7.8420673010781289E-002
  0.62028248678052667        6.1524758571879119E-002
  0.53152957653480415        3.4345231023820519E-002
  0.71977282221986394        6.3733997491919478E-002
  0.67603505390867924        4.5257741978062357E-002
  0.77094985726766863       0.10812904251234406     
  0.65477827164973013        6.0545584113714725E-002
  0.27353982048361519        9.8655685494388690E-002
  0.28677940974704386       0.13308650335389738     
  0.36707868661431653        5.5964969898950119E-002
  0.27104874131229212       0.10687066290385225     
  0.18053591720534473       0.10745699758102502     
  0.38968685669575726       0.13555866064375602     
  0.27269807942221885        9.3728464902475037E-002
  0.24598306871141340       0.10544067617861003     
  0.96167255876796709        4.4498150413293282E-003
  0.94235229371000528        1.7487307358282290E-002
  0.98844076619723387        4.1352447010887541E-002
  0.92366341951008368        2.9894771136291815E-002
  0.97259825678414835        4.3363388991551628E-002
  0.94037236224846255       -3.1374722056225199E-002
  0.91847064207234885        4.4487769866509388E-002
  0.95026377372356119        9.1331953273705319E-003
  0.97544544443222325        3.6179897849154104E-002
  0.90803723160165895        1.7362169594392445E-002
  0.98699222894013916        2.1612762921603676E-002
   7.6298975615345543E-002   3.9713315750270527E-003
  -5.4594745119861732E-002   1.5067994553094507E-004
  0.11603300374337766       -6.6718014027117778E-004
  -1.9322230831785803E-002   4.4953568808341338E-003
   6.1814272737886811E-002  -1.1062818537919612E-003
   4.3780892677583783E-002  -4.5443046438902509E-003
  0.24579423181079796       -1.8425442309917390E-003
  0.19764736888509807       -6.4994435822044718E-003
  0.14650528300334942       -1.5193500429710259E-003
  0.22141247117661547       -1.0268789279195456E-003
  0.25135598872411818       -2.8028151825057441E-004
  0.87690262518273554        1.2428388263224378E-003
  0.84682847919480997       -2.6804108066335843E-004
  0.92521135146971889        5.3309663252945824E-003
  0.89558244635870288       -1.7674594537552189E-004
  0.85368347084481844        1.4058700887975260E-003
  0.84590947036572239        3.4385848994467221E-003
  0.96912766600010114        7.1561491682741601E-004
  0.83095584264999245       -1.9313477136490538E-003
  0.87692052540744103        4.6256906650562378E-004
  0.50734502959155281       0.26215514191980205     
  0.43887536820604972       0.25579646739042927     
  0.48954536977134527       0.25371490527562868     
  0.31632821502560526       0.14616974875789149     
  0.19824630643720856       0.13480062142992202     
  0.22321353684560025       0.13244874296649659     
  0.16096522102296129       0.12622566330818735     
  0.26573577124384784       0.13218300977472652     
  0.14862330036429228       0.13403129489593524     
  0.15132077061708360       0.16718654530471480     
  0.68905886706196484        4.5253359407055623E-004
  0.63783483329559920        9.6129781111855802E-004
  0.71445404975341509       -3.0777218663015225E-003
  0.59445951852440893        1.1174027867113141E-003
  0.52836744287413673        4.3087592295885479E-004
  0.70589419706672119       -2.2641791912794453E-003
  0.67651464969023123       -1.7650548315984085E-003
  0.62386737722685170        8.1385757764911872E-004
  0.63563213950672781       -4.3943034735775886E-004
  0.94970491812786828       0.13828575727672404     
  0.90800548963957461       0.13496985917050677     
  0.86250781983593217       0.17457448895407282     
  0.92636137963502985       0.13312764346030101     
  0.90681096294250652       0.13731931094613789     
  0.90686582975529639       0.14286392655987321     
   6.8284528592868765E-002   1.8039901042231622E-002
   9.6528609012132616E-002   9.4478455624341824E-003
   5.5561348895359575E-002   7.0401137222157381E-004
   2.8596803054329711E-002   6.7728585436055448E-003
  0.56771538251036702        1.3401480297468547E-003
  0.49954229277934753       -2.2287743463634928E-003
  0.46836676678565065        4.6502114942599477E-003
  0.40463731679296633       -5.4593737072498264E-003
  0.62023089177031299       -2.8915610890522516E-003
  0.53111378376489715       -3.4230545147837048E-003
  0.48943098391358231       -3.1479813156236563E-003
  0.51742573307729167        1.0378312096303243E-003
  0.89092221751452438        7.8589178373334942E-004
  0.86324760476616447        8.1466062100912489E-003
  0.95465185427456878       -1.6584863994053397E-002
  0.86351732072597243       -1.3931294641972591E-003
  0.91225979922712486        5.5444735493517883E-003
  0.86473504802619783        9.1762047814772235E-003
  0.86827117486861183       -1.2828109273727184E-002
  0.95259442494689328        3.2156347579018912E-003
  0.83925292720267963       -1.6253284049114482E-003
  0.92424184980159207        7.0115968919918338E-003
  0.41033175815048817       0.15502508079457533     
  0.30892669858229960       0.15193625256534618     
  0.33500687730972456       0.14234849483706394     
  0.24968297728500111       0.14808115052818685     
  0.37612007181672580       0.15622842766649297     
  0.24475508877038099       0.16013105653987095     
  0.31543706359022061       0.24981006337795672     
  0.20388503967809213       0.23712981313967793     
  0.23833299120753509       0.27819200677065820     
  0.24805883099782922       0.24906902391523478     
  0.32938987379378271       0.25112652606919900     
  0.13571923943065503       0.25379079357669648     
  0.18027621306936573       0.23963081729763375     
  0.95782273593862044       0.12439328161424504     
  0.93870788862153998       0.12268714835724899     
  0.89730520407735104       0.13250280893800487     
  0.88006279948119581       0.14929554268333578     
  0.94792669605434998       0.12294461422415401     
  0.88438810238680987       0.13888483793408246     
  0.92370658516915127       0.16177407630208820     
  0.96246289861086320       0.14745223535839036     
  -4.1681428609435821E-002  0.24713170551468802     
  0.61875535200198395        1.2527483998860428E-003
  0.68502341273977430       -1.7301745083221845E-004
  0.57705591252618726       -3.1242440398636237E-003
  0.56714353617415503       -1.7347450135841900E-003
  0.56377980834602792        2.6230552523900720E-003
  0.49707453538403551       -1.9788785958775273E-003
  0.32614941047461898        3.0912012073850120E-003
  0.27888177829459704       -1.0990283110258188E-003
  0.53687607057056663       -6.3503376515465252E-003
  0.35544660398614603       -6.4708599269172379E-004
  0.36913872218980576       -7.8571204327096563E-004
  0.18394738979109554        9.8326762151727080E-003
  0.89453302773671894        9.9820059252443555E-003
  0.86937564746385476       -3.7000416006854219E-004
  0.88653948767504154        1.8675346546876515E-002
  0.81242659364200387        1.4043305679535661E-002
  0.89356243824709458        1.3691458398637160E-002
  0.89776608514933176       -3.2657256707119119E-003
  0.85450244500581340        3.4037502207289396E-003
  0.93791802252131595        3.1281954673396055E-002
  0.85589736471242284        1.2257620280420930E-002
  0.35302789216599562       -3.0756226850504678E-003
  0.20664366412431007        1.0429660983790989E-003
  0.25015139684693211       -3.9392958123306140E-003
  0.20770797641304528       -2.6960714250803385E-003
  0.29198514809004233       -1.8727780249503010E-003
  0.29063011146010231       -1.1094276968550666E-003
  0.39823137573046319        9.8461162684642806E-002
  0.40498628037749423       0.13174878465105111     
  0.47937907683166053        7.6485740926834231E-002
  0.39483127190102835       0.10454917800673171     
  0.28860033257331358       0.11754210326410783     
  0.48258124513880024       0.11888509311478077     
  0.39735824275226955        9.7090992999645923E-002
  0.37018623422425762       0.10509869906497141     
  0.54079592608625471       0.24900590984499346     
  0.51930236106618843       0.22365486852961142     
  0.40128723685241918       0.31946926041257023     
  0.46572526863985864       0.23657501750403848     
  0.62355738866655808       0.27576256098499924     
  0.47562509224365723       0.24673764574183799     
  0.51361269381263586       0.23544226493101264     
  0.27476660430849453       0.16105346369551943     
  0.37889805707744367       0.27503329833987039     
  0.44001714372153461       0.28070750620823104     
  0.91483852490419282       0.13561832585111258     
  0.88998945482214165       0.14488049082489490     
  0.83856840166246760       0.14099650179983431     
  0.82390772998179984       0.14005128467219471     
  0.90061861177203828       0.12712883641484735     
  0.82715201673658578       0.14563795754615758     
  0.86657248202367765       0.14434854905661090     
   5.6273100719169744E-002   5.4750847723127635E-004
   9.3559957720730280E-002  -4.2505274616567703E-004
   5.2840970952333255E-002  -1.3171948025796579E-003
  0.14486527901664131       -1.8023279581236178E-003
  0.14058252805431054        8.3129325865411764E-004
   1.4353057254480606E-002   1.6411836388117915E-003
  0.69342797170295456        8.4916412160106983E-004
  0.64644165778461682       -5.4668864384596884E-005
  0.77550501836999342       -1.3352013552095448E-003
  0.52960100369569307       -4.2244938179285637E-004
  0.72648539341176688       -3.3303824079798957E-003
  0.66498731659341637        2.9710001599958600E-004
  0.64021703216490056        4.4567733278943306E-004
  0.66722356073650246       -2.3710797897497052E-003
  -7.3133179280560678E-002   1.0679193046887114E-003
  -4.3058283523354224E-002  -1.1549248023281166E-003
  0.74232903736464295       -8.5020807505557317E-004
  0.78823199708212777       -1.5506346889086720E-004
  0.70690936885853228       -5.1013352026934482E-003
  0.71023189702935396       -2.5845571095877728E-003
  0.68570222053512997        4.6924016013175840E-003
  0.87612327251206112        8.3818313049875796E-003
  0.84971679453371118        2.6070822242617044E-003
  0.86574062256588569        1.8072617873496892E-002
  0.79205968553044381        1.3724598829335260E-002
  0.87412632703483828        1.3313824791760968E-002
  0.88293141361102134        2.0056339037771636E-004
  0.83302605870926549        4.3708906987681489E-003
  0.92535257735230214        3.5249432613144997E-002
  0.83363172757235082        1.1506305277751162E-002
