 cosx vtec
  0.44201160600298289       -9.6162401822252549E-004
  0.44947839083997410       -3.1685733285309186E-004
  0.49556089019557487        1.2930267714109428E-003
  0.45847751043268514        7.5567409252068395E-005
  0.40014130109739543        3.9073304018642291E-003
  0.48968647029041734       -7.3190681211835254E-004
  0.54583019250058395       -5.0381838196475351E-004
  0.96521645770823461       -1.2897270245265243E-003
  0.95116997201098197       -1.5853890733796313E-003
  0.91332444276967961        2.7911010227498938E-003
  0.90952416643733203        2.5617719413499748E-004
  0.95677497674954370        1.3981685127904576E-003
  0.92618625406425625       -5.1007868414364495E-003
  0.59386903668719970       -1.4334823602417959E-004
  0.60133394975506926        9.1280395362138908E-005
  0.64486003702322969        2.6484931139093269E-003
  0.75845395648018310        2.4790802105653944E-003
  0.75683761883491585        4.0766235908728171E-004
  0.61141966149903093       -1.5515789069554193E-003
  0.54031573445954018       -3.5281456368758475E-003
  0.63898496537501737       -1.1035258684171378E-003
  0.68049308107278650        4.7901094501673130E-004
   6.8309485340759368E-002   1.5687779507678255E-003
  -2.1338468524260919E-002   2.7623175054397550E-003
   2.9355207543968961E-002   4.0197458449612528E-003
  0.11864224522569176       -4.7835043372671920E-004
  -5.3964107224715757E-002  -3.4377783499088652E-003
  0.63347278206225854       0.24536648206127828     
  0.61184502007140373       0.18116790074331321     
  0.65545457596673473       0.18711093450550123     
  0.56123561885495143       0.18987606643068172     
  0.70300815246239701       0.21150504713415480     
  0.63254351612011328       0.18739092016021178     
  0.56914670126484190       0.18751340178758585     
  0.82124366017002015        1.7863194930720187E-002
  0.86522040271388345        1.9575283317887330E-002
  0.92166065616270465        3.0287222014354839E-002
  0.91205387189108489        1.6668697761839574E-002
  0.94091334243776759        1.3116161486377044E-002
  0.84617302826729102        2.5127913673000962E-002
  0.88689589471999375        1.0602088710713380E-002
  0.89528026398448923        1.3917213258329682E-002
  0.96538170748759111        1.0555076789434181E-002
  0.36829042680657553       -2.7604670143527199E-003
  0.20645116383205556       -1.1527491207212459E-004
  0.17462072248052785       -1.3811317215394021E-003
  0.17129437005941606        4.4922859168688416E-003
  0.40245264022580662       -1.2436391499969313E-003
  0.70342620576408088        2.0479110461447654E-004
  0.36008393692703705       -4.5297425071958546E-003
  0.54790600668378375        3.3594982712548912E-003
  0.35640082135208473       -1.0845568661108529E-002
  0.31733786471106773        2.4618362171800252E-002
  0.35435710757885763       -3.8686800322529163E-002
  0.54543749529140517        4.1191537438215890E-004
  0.94308285458494467        2.3041674179984772E-003
  0.95150151822942663       -2.7525199677435008E-004
  0.93136606655988130       -1.2724938539822386E-003
  0.95063103769490898       -2.9124891541573404E-003
  0.96802771716651193        1.6272398366837053E-003
  0.92802578749107689       -1.8118724865727565E-004
  0.31786683456157505       0.16537621692818413     
  0.20089634669094297       0.15934392381651821     
  0.17060038666933802        2.5444023499378923E-002
  0.24747543581730536       0.16245428121964881     
  0.32114897728398950       0.15838180996555629     
  0.25574864896028626       0.16540010551223430     
   7.4178140862369790E-002   5.2849905566731969E-002
   9.6865651491113147E-002   3.8106920053663500E-002
  0.11601405810346344        6.3276848475789002E-002
   8.7644978072473456E-002  0.10519336145341916     
   3.0108391416095559E-002   5.0497807114577992E-002
  0.18878907787913879        5.3512534605510184E-002
   4.0421791713475541E-002   7.5890816554633062E-002
  0.24537313487560392        6.0586009130342254E-002
  -9.4544596868147895E-002  0.19784547479312053     
  -4.7049753875472555E-002  -1.1004490245101013E-003
  -4.1031975301383805E-002  -8.3599036980587562E-005
  -1.4560668904356172E-002  -1.8436084074217239E-004
  -7.7719590360599583E-002   8.0550389157429145E-004
   1.9236000111160695E-002   9.8471546486337408E-004
  0.76313022983287815        5.8068373183961623E-002
  0.80130091727644492        6.6928927599418278E-002
  0.85317338985462998        7.8420673010781289E-002
  0.85325487305478209        6.1524758571879119E-002
  0.92199998897581359        3.4345231023820519E-002
  0.78595051612815570        6.3733997491919478E-002
  0.84036880448989348        4.5257741978062357E-002
  0.68245555486430753       0.10812904251234406     
  0.83571312214487881        6.0545584113714725E-002
   1.5835655270175608E-002   4.4498150413293282E-003
   3.2137092181260873E-002   1.7487307358282290E-002
   7.3368383135809179E-002   4.1352447010887541E-002
   3.1670990848553404E-002   4.3363388991551628E-002
  -2.0001288831334729E-002  -3.1374722056225199E-002
  0.11256604106327472        9.1331953273705319E-003
  -2.1062487442601863E-002   3.6179897849154104E-002
  0.23305203917789297        2.1612762921603676E-002
  0.42931757424359096       0.15621543594884907     
  0.51758671681793555       0.16669204073483934     
  0.31298271778147557       0.15831919765343447     
  0.36798098232069931       0.15216228660618406     
  0.43489049055000251       0.14958327736875440     
  0.37575855914270839       0.15520144799549179     
  0.12746021253387940       -2.0566632077150596E-002
  0.31545677851983706       -1.2701386721718732E-002
  0.13748155130250306       -4.1639714671229781E-003
  0.11710289574097557       -1.2944937963955926E-003
  0.12842154972577929       -5.6288340745692606E-003
  0.32330754480928192       -4.6381131940633384E-003
  0.75759084289661527       -1.8425442309917390E-003
  0.88348718916389724       -6.4994435822044718E-003
  0.82372265282174684       -1.5193500429710259E-003
  0.79757349678408807       -1.0268789279195456E-003
  0.85654656589215883       -2.8028151825057441E-004
   8.6804507008842402E-002   5.2825112062993246E-004
  0.21749877657106556       -2.3291142227196697E-004
   1.3555452204901092E-002  -1.0360885492778609E-003
  -3.1042073473484838E-002   2.9107282886670050E-005
   1.2455130609151127E-002  -2.7870839953360914E-003
  0.17388728698710287        1.0504469837238101E-003
  0.28738938127322611        1.2428388263224378E-003
  0.29513510608884730       -2.6804108066335843E-004
  0.35223904116014265        5.3309663252945824E-003
  0.30468371664218963       -1.7674594537552189E-004
  0.25222624761779400        1.4058700887975260E-003
  0.33961468719239130        3.4385848994467221E-003
  0.21414522440934564        7.1561491682741601E-004
   9.5242429104678561E-002  -1.9313477136490538E-003
  0.42575404452044874        4.6256906650562378E-004
   5.1876457131819431E-002   1.7706911728363754E-002
  0.25298373343548403        8.3064049308213578E-004
   3.4551835903563755E-002  -9.0239836387568228E-003
   2.5447436633234788E-002   2.1763725522982606E-002
   4.5978772449610072E-002  -7.8960665841218552E-003
  0.11880173703703567        8.2147199687336817E-002
   4.9522564402563501E-002  0.26215514191980205     
  -4.4626692057403411E-002  0.25579646739042927     
  -2.1254953415860589E-002  0.25371490527562868     
  0.16784123444301885       0.17979436456887404     
   3.5905233196794617E-002  0.16086609414302988     
   1.5364838490802057E-002  0.16159190962225733     
   7.6576420478712021E-002  0.16379153790527184     
  0.16693743749387441       0.16523917677199620     
   8.6132785272010126E-002  0.16719070424129434     
  0.84289556616138117       0.14616974875789149     
  0.85424265642473252       0.13480062142992202     
  0.87508905166079376       0.13244874296649659     
  0.92673405238635698       0.12622566330818735     
  0.87949121661643781       0.13218300977472652     
  0.87638002263215120       0.13403129489593524     
  0.80481481199139315       0.16718654530471480     
  0.85267505166729851        4.4968026919053892E-003
  0.87560027542733954        4.2981282663374643E-003
  0.85414111743900822        1.4764253058574511E-003
  0.91983727107830859        7.5457911314361602E-003
  0.84017291344679235        8.4268154823119001E-004
  0.70099490669694886        4.5253359407055623E-004
  0.70938009174993644        9.6129781111855802E-004
  0.75738129059683179       -3.0777218663015225E-003
  0.83200786996723275        1.1174027867113141E-003
  0.81555597523824119        4.3087592295885479E-004
  0.72166534761805545       -2.2641791912794453E-003
  0.63194303744818536       -1.7650548315984085E-003
  0.74651996137558430        8.1385757764911872E-004
  0.78341049573486710       -4.3943034735775886E-004
  0.22355871543058675       0.13828575727672404     
  0.24928683889325715       0.13496985917050677     
  0.12900733195737940       0.17457448895407282     
  0.23467670993777673       0.13312764346030101     
  0.19023209562541338       0.13731931094613789     
  0.33930895437924696       0.14286392655987321     
  0.10711687713452783       -6.3980360992366920E-003
  0.30707939738414558       -2.4152062409891399E-004
  0.13562044783305005       -1.6801410417189593E-004
  0.11142850172684207        3.3360350109583664E-003
  0.11444692912630250        4.1850298004085691E-003
  0.17680653407153693        8.7806748522432240E-002
  -3.8275622299539125E-002   4.9557197440978550E-002
  -9.4478521291951612E-002   3.7410694713585532E-002
  -5.0056166757425691E-002   4.7976232722304335E-002
   4.8094701528140771E-003   6.5191784758076146E-002
  0.10587932099535449        6.2451256859090268E-002
   2.3996177653173190E-002   8.2339747719577638E-002
  0.98126642065478897        1.8039901042231622E-002
  0.99162626212114979        9.4478455624341824E-003
  0.99226186019140139        7.0401137222157381E-004
  0.98382122402288896        6.7728585436055448E-003
  0.63592224048453316        1.3401480297468547E-003
  0.64396540733459839       -2.2287743463634928E-003
  0.81287726488208956        4.6502114942599477E-003
  0.73853782461147843       -5.4593737072498264E-003
  0.66348677308109516       -2.8915610890522516E-003
  0.58119965492245174       -3.4230545147837048E-003
  0.67907713746148257       -3.1479813156236563E-003
  0.73974404508908298        1.0378312096303243E-003
   7.3310499753539426E-002   7.8589178373334942E-004
   8.2908366444237380E-002   8.1466062100912489E-003
  0.15457577668775874       -1.6584863994053397E-002
   9.2308494491717963E-002   5.5444735493517883E-003
   4.1431570192991540E-002   9.1762047814772235E-003
  0.14118624532456475       -1.2828109273727184E-002
   2.1190235186607898E-002   3.2156347579018912E-003
  -5.5894030768475933E-002  -1.6253284049114482E-003
  0.29539603586226981        7.0115968919918338E-003
  0.77536538942210975       0.15502508079457533     
  0.79307030096465847       0.15193625256534618     
  0.81571712757503478       0.14234849483706394     
  0.90829725203891443       0.14808115052818685     
  0.81627228924956874       0.15622842766649297     
  0.82888945897262989       0.16013105653987095     
  0.36258744363166573       0.24981006337795672     
  0.37760960283609724       0.23712981313967793     
  0.44778202216568286       0.27819200677065820     
  0.25013204634232983       0.24906902391523478     
  0.27726730496657487       0.25112652606919900     
  0.31879124626560418       0.25379079357669648     
  0.32588308220762957       0.23963081729763375     
  0.11530038943260816       0.20000990441896402     
  -9.3175963776898352E-003  0.18849306004408550     
  -3.5547861199273417E-002  0.20000520977718561     
   3.2279427584850973E-002  0.19102871679253400     
   4.0285352528758173E-002  0.19544743668399317     
  -3.8602688539008778E-002  0.12439328161424504     
  -4.2273491882038328E-003  0.12268714835724899     
  -2.7058667412002413E-002  0.12294461422415401     
  -7.1841634166054491E-002  0.16177407630208820     
  0.17574184799326587       0.14745223535839036     
   4.5464279461939677E-002  -9.8763709137592026E-004
  -2.6972854859140347E-002  -4.1869643802628563E-004
  -6.8459060583856007E-002   2.6979917087478181E-003
  -2.6240895137067552E-002  -2.0610140261236542E-002
  0.13792457324491561        1.2452667861203354E-003
  0.31087594322578554        1.2527483998860428E-003
  0.34223066340207853       -1.7301745083221845E-004
  0.27671198728964741       -3.1242440398636237E-003
  0.35419675338270684       -1.7347450135841900E-003
  0.13700631589857934        2.6230552523900720E-003
  0.66610077700501913        1.8930705919911962E-002
  0.71672224678997953        1.1916057871492762E-002
  0.49871962805310321        2.6299998063288428E-002
  0.67430455717501470        3.0246794274645942E-002
  0.45976076560549545        1.8192433725313806E-002
  0.58237157353825642        2.2596442649661611E-002
  0.64638445550773338        3.6811161512725413E-002
  0.59578324823295536        1.8706940296745276E-002
  0.40550449484483003        4.3737613825485785E-002
  0.55032996244921129        5.4220707082015401E-002
  0.24783015177296808        2.2100578287264510E-002
  0.43577681402552693        3.8172727753038857E-002
  0.14795871222887250        3.4166946097695702E-002
  0.23014584615809452        3.9101947776732475E-002
  0.29835688960807383        3.1988908536078074E-002
  0.36883051022210278        1.7970343024593889E-002
  0.31319294920510715        4.5846785742042269E-002
  0.80300877049579478       -1.9788785958775273E-003
  0.91975195134565413        3.0912012073850120E-003
  0.88907504300272433       -1.0990283110258188E-003
  0.83853231726093558       -6.3503376515465252E-003
  0.85847704305312811       -6.4708599269172379E-004
  0.89679698287728027       -7.8571204327096563E-004
  0.94764663371004676        9.8326762151727080E-003
  0.16527489228961728       -6.6559077245274684E-002
  0.34470284605698276        1.2596067335274474E-002
  0.15909495021701223        7.0879289311199635E-003
  0.14184777943658158        6.6438648602652759E-003
  0.16175122153717247       -5.4175284405365660E-003
  0.33661878153368829        2.9433060817074527E-002
  0.57087336674142364        9.9820059252443555E-003
  0.58058056155611371       -3.7000416006854219E-004
  0.60668715258199135        1.8675346546876515E-002
  0.71342481060717144        1.4043305679535661E-002
  0.58583156871351960        1.3691458398637160E-002
  0.49951697172375220       -3.2657256707119119E-003
  0.62655475730425514        3.4037502207289396E-003
  0.50384184825896716        3.1281954673396055E-002
  0.64967610211106919        1.2257620280420930E-002
  0.77570213667465571        2.5771873650454365E-003
  0.65580725469102674       -1.3529777179666987E-003
  0.46206932345764318       -1.1808690353571833E-003
  0.69603743717962840        7.4402037411422828E-004
  0.66907196930653423        7.6328347695225137E-004
  0.10670673068569067        1.0945867007753183E-002
  0.89979169362915845       -3.0756226850504678E-003
  0.99834807504180390        1.0429660983790989E-003
  0.98295910858201885       -3.9392958123306140E-003
  0.97095527634236123       -2.6960714250803385E-003
  0.95200231802538338       -1.8727780249503010E-003
  0.97479069973537846       -1.1094276968550666E-003
   5.2457882732115546E-002  -6.5629287989389468E-002
  0.26313424451909295        3.7236779886469638E-002
   1.8463092220891819E-002   2.3331244339242788E-002
   1.6433787772858366E-002   5.3890500421188120E-002
   4.4119286108746214E-002  -2.5957776823408510E-002
  0.10910043802661545        1.1119219847883991E-003
  0.20527462042638445        4.7128949035861690E-003
  -7.0453128299391599E-002  0.24900590984499346     
   4.0598065389967436E-002  0.31946926041257023     
  -6.9243627705471655E-002  0.27576256098499924     
  -9.6272319565689102E-002  0.16105346369551943     
  -9.6894181154710407E-002  0.27503329833987039     
  0.78764909699118180        9.1890626038973619E-002
  0.81873512114168245        8.9232693140954458E-002
  0.83288290276072974        7.9305013365230340E-002
  0.72926983664688927       0.10785865931896235     
  0.85960704937291388        9.8507271950027134E-002
  0.79210686603056024        8.8057338305888105E-002
  0.73972630737389955       0.10911163290952455     
  0.67138787745190764       -3.3425157168294802E-003
  0.71920740599822275       -3.8818913480724538E-003
  0.45798801656270471        8.9833006876898162E-003
  0.63864340638453942       -1.3661553311033220E-002
  0.43495862163077009       -8.8073565653271145E-004
  0.55149822022886752        4.9149835120062069E-003
  0.62395354289270655       -2.4785332552559099E-003
  0.99184999377033145        5.4750847723127635E-004
  0.98529495646768250       -4.2505274616567703E-004
  0.96844269576953768       -1.3171948025796579E-003
  0.96112996370181092       -1.8023279581236178E-003
  0.98492372352521707        8.3129325865411764E-004
  0.97641681727305485        1.6411836388117915E-003
  0.22084792881348908       0.13246439172701949     
   7.4817820828958881E-002  0.11013581044319495     
  -3.0283333050201033E-002  0.11128465476742398     
   5.7646487346302400E-002  0.11089543821439511     
  0.11655627936969712       0.11116968048219136     
  0.20020697333055365       0.10889889671508828     
  0.12835905886467744       0.12766311865842941     
  0.53790221254173232        8.4916412160106983E-004
  0.54452839554740140       -5.4668864384596884E-005
  0.61751392907825253       -1.3352013552095448E-003
  0.68401741224550294       -4.2244938179285637E-004
  0.55949186407648177       -3.3303824079798957E-003
  0.49399598201137263        2.9710001599958600E-004
  0.58007216327868671        4.4567733278943306E-004
  0.64421397531036184       -2.3710797897497052E-003
  0.89810418088726840        9.8087097748654267E-004
  0.84622415329906420        9.4037645013731136E-004
  0.84685626430396943        1.0679193046887114E-003
  0.91078344516774656       -1.1549248023281166E-003
  0.86273120324268804        1.8992592505824720E-003
  0.88856522532498994        5.5251441139887595E-003
  0.90712645730344155        4.3041167197905104E-003
  0.88800577108097478        1.1148198628110624E-003
  0.94324946951557198       -1.3085628101525500E-003
  0.79648554332952126        6.9246880664974152E-003
  0.93939093916944516        5.5167347462069475E-003
  0.87685890886553963        2.1253009273816455E-003
  0.44973492086151884        8.4135536254450499E-002
  0.55551793273120831        8.2703558476082906E-002
  0.31567421394629314        7.5380639790021020E-002
  0.29036719647545933        5.4533390711802091E-002
  0.36805808194017331        6.4489324284025470E-002
  0.43354086187819896        7.1651545479248444E-002
  0.37911993119397275        9.0258191014254516E-002
   6.2999466457032055E-002  0.22177906897442204     
  -7.2436082452365658E-002  0.19590597892690828     
  -9.4260615508334727E-002  0.20224077677783442     
  -3.2649008949894587E-002  0.19946131417052668     
   8.1743137015715867E-002  0.21899558070053621     
  -2.3847578689887461E-002  0.20788173597004292     
   6.1835576870967773E-002  -8.5020807505557317E-004
   8.9781663762613956E-002  -1.5506346889086720E-004
   3.1345217448801921E-002  -5.1013352026934482E-003
  0.11909719194865004       -2.5845571095877728E-003
  -5.0573337436556204E-002   4.6924016013175840E-003
   2.5570240081024487E-002   2.4799101011279450E-002
  0.22926326321883106        8.4751966823167141E-004
   3.2758920170495642E-002  -1.8370760649632202E-002
   1.6505068802223744E-002  -1.0370612665447969E-002
   2.5706806579572417E-002  -6.4404368176136234E-003
  0.23914164260583992        2.5476774128805581E-002
  0.76698779086774782        1.9621664489074078E-003
  0.79194835925910789       -8.6461834010806492E-004
  0.73153553999656351       -6.8462720169913715E-004
  0.88917363879239586        3.7369930714168309E-003
  0.72421160908374882        8.6660225717047866E-004
  0.60508164250489316        8.3818313049875796E-003
  0.61457965141047155        2.6070822242617044E-003
  0.64100228516470692        1.8072617873496892E-002
  0.73691092261301616        1.3724598829335260E-002
  0.62047792900944798        1.3313824791760968E-002
  0.52770103201918239        2.0056339037771636E-004
  0.66007596472787733        4.3708906987681489E-003
  0.53258190395990357        3.5249432613144997E-002
  0.68160665789234032        1.1506305277751162E-002
  -5.9873469409462143E-002  -5.3442707312885435E-003
  0.17514116139251112        3.7478703672659777E-002
  -6.7414629772735768E-002  -2.1772687804446937E-003
  -7.7698773872083737E-002   1.0759656352642602E-003
  -6.4006863763593602E-002   4.2652573153633314E-002
  0.14809280179781517       -3.3462569972034603E-002
  0.85012006345298263       -5.4098435224847240E-003
  0.78510852355054872        1.0679439633908623E-003
  0.80606759529574190       -1.1953104522261194E-003
  0.89342612446840941        8.8012785027625573E-004
  0.79410347665423231        8.7154376573935952E-004
