 cosx vtec
  0.79317431913570013       -9.6162401822252549E-004
  0.75941631315098923       -3.1685733285309186E-004
  0.81643815896979977        1.2930267714109428E-003
  0.80546950244954441        7.5567409252068395E-005
  0.78090390022794787        3.9073304018642291E-003
  0.74739517787594134       -7.3190681211835254E-004
  0.75670715905864738       -5.0381838196475351E-004
  0.69528466843583914       -1.4334823602417959E-004
  0.65504780875451274        9.1280395362138908E-005
  0.71147082158826636        2.6484931139093269E-003
  0.58498692366829264        2.4790802105653944E-003
  0.49001298570190849        4.0766235908728171E-004
  0.70637662231700338       -1.5515789069554193E-003
  0.68921078591993745       -3.5281456368758475E-003
  0.63893940113024850       -1.1035258684171378E-003
  0.64505254259640576        4.7901094501673130E-004
   3.1943649637411475E-004  0.10729922832570163     
  -2.3035421424213998E-003  0.12261495911962182     
  -8.3937564401667053E-002  0.10407521999405821     
   2.9980364615601607E-003   7.9455081797138630E-002
  -3.6219206630534684E-002  0.11227182130513493     
  -1.3121589899990210E-002  0.23299099210043162     
   6.3654424484718142E-003  0.23848472930534723     
  -9.3579582997096872E-002  0.24387617783107565     
  -2.0549429535143493E-002  0.23595003965126718     
  0.39279189301206463        1.5687779507678255E-003
  0.15801038246742319        2.7623175054397550E-003
  0.31771439785083966        4.0197458449612528E-003
  0.30401684086741143       -4.7835043372671920E-004
  0.31339132765788047       -3.4377783499088652E-003
  -5.0582998759438114E-002  0.24536648206127828     
  0.56801747817805226        1.7863194930720187E-002
  0.49555343128016860        1.9575283317887330E-002
  0.35763205710920393        3.0287222014354839E-002
  0.40687924924310015        1.6668697761839574E-002
  0.33624236315364620        1.3116161486377044E-002
  0.53232427668384164        2.5127913673000962E-002
  0.45693599375847072        1.0602088710713380E-002
  0.44455193214621436        1.3917213258329682E-002
  0.24580567309165863        1.0555076789434181E-002
   2.5382967623899855E-002  0.18163321329719903     
   6.7388598021989043E-003  0.18364688198242726     
  -6.9746712133243766E-002  0.17466758563093754     
  -1.9609626256886448E-002  0.17416515867053778     
  0.28335278274673048       0.15282663361311893     
  0.28280990300387976       0.18282056158905738     
  0.27616543897985191       0.16106935157295429     
  0.19966790195023476       0.15907872351079722     
  0.39783987765118656       0.19583999216562853     
  0.29222607469008133       0.15789407856856472     
  0.25354696043367836       0.15939434382024795     
  0.99580544379971281        5.2849905566731969E-002
  0.98110730158581405        3.8106920053663500E-002
  0.99232166769252395        6.3276848475789002E-002
  0.99137230412447586        7.0919116972806243E-002
  0.99609000899863198       0.10519336145341916     
  0.99012523327834656        5.0497807114577992E-002
  0.98374968760423831       0.10388572255787835     
  0.96937189856676631        5.3512534605510184E-002
  0.99778486981718550        7.5890816554633062E-002
  0.97622311626173519        6.5135368128468984E-002
  0.96934399493378642        6.0586009130342254E-002
  0.73833799404484013       -1.1004490245101013E-003
  0.69771904382237582       -8.3599036980587562E-005
  0.74248616250499477       -7.6881997226430749E-004
  0.78733810538417992       -1.8436084074217239E-004
  0.70451345178798419        8.0550389157429145E-004
  0.69719692857444515        9.8471546486337408E-004
  0.69408999085872014       -6.6271548454806327E-004
  0.63898537882184780        5.8068373183961623E-002
  0.55588612591823294        6.6928927599418278E-002
  0.43592393416355762        7.8420673010781289E-002
  0.47939948099455576        6.1524758571879119E-002
  0.37715579568653301        3.4345231023820519E-002
  0.59229218882394008        6.3733997491919478E-002
  0.53828428255983640        4.5257741978062357E-002
  0.66250766618868706       0.10812904251234406     
  0.51752050274693961        6.0545584113714725E-002
  0.43640943988776648        9.8655685494388690E-002
  0.44640085162389831       0.13308650335389738     
  0.52014388693306834        5.5964969898950119E-002
  0.43387683495847534       0.10687066290385225     
  0.34858353746296966       0.10745699758102502     
  0.54235202558777063       0.13555866064375602     
  0.43521670447714467        9.3728464902475037E-002
  0.41045476415057569       0.10544067617861003     
  0.97371564806397848        4.4498150413293282E-003
  0.95122295369862353        1.7487307358282290E-002
  0.99075222564751919        4.1352447010887541E-002
  0.96708070132669444        2.9894771136291815E-002
  0.98201769553820795        4.3363388991551628E-002
  0.95840588210985733       -3.1374722056225199E-002
  0.97262609895947871        4.4487769866509388E-002
  0.94507468697736274        9.1331953273705319E-003
  0.99420714082703632        3.6179897849154104E-002
  0.94482138074106015        1.7362169594392445E-002
  0.96112480485739327        2.1612762921603676E-002
  0.22563500035522402        3.9713315750270527E-003
   8.4910741999437905E-002   1.5067994553094507E-004
  0.25274640193224462       -6.6718014027117778E-004
  0.13161461583453371        4.4953568808341338E-003
  0.20589625862940752       -1.1062818537919612E-003
  0.19948560555882100       -4.5443046438902509E-003
  0.11600229361412903       -1.8425442309917390E-003
   4.4913764976600157E-002  -6.4994435822044718E-003
   3.5208308054323068E-003  -1.5193500429710259E-003
   8.4194384404593120E-002  -1.0268789279195456E-003
  0.10420128533336620       -2.8028151825057441E-004
  0.83975575260638147        1.2428388263224378E-003
  0.80785188435132516       -2.6804108066335843E-004
  0.87737497356396132        5.3309663252945824E-003
  0.85567428200170148       -1.7674594537552189E-004
  0.82237861486572239        1.4058700887975260E-003
  0.79907574793464331        3.4385848994467221E-003
  0.94631843399459004        7.1561491682741601E-004
  0.82698085984106651       -1.9313477136490538E-003
  0.81537650515879245        4.6256906650562378E-004
  0.50643947648698462       0.26215514191980205     
  0.45351461515673208       0.25579646739042927     
  0.50084521462407539       0.25371490527562868     
  0.17258285211735008       0.14616974875789149     
   5.0678542368537971E-002  0.13480062142992202     
   7.2355150369915910E-002  0.13244874296649659     
   4.0147136522117322E-005  0.12622566330818735     
  0.11475713800764933       0.13218300977472652     
  -3.6133932394181723E-003  0.13403129489593524     
   1.1744567598446887E-002  0.16718654530471480     
  0.57608438802925166        4.5253359407055623E-004
  0.52259160693743456        9.6129781111855802E-004
  0.59192889113930491       -3.0777218663015225E-003
  0.45692457199011483        1.1174027867113141E-003
  0.39271383298437790        4.3087592295885479E-004
  0.58953467350588651       -2.2641791912794453E-003
  0.57552236384084732       -1.7650548315984085E-003
  0.50185991923154027        8.1385757764911872E-004
  0.50730137517629093       -4.3943034735775886E-004
  0.92493620658024822       0.13828575727672404     
  0.87805693505955928       0.13496985917050677     
  0.85306591341664850       0.17457448895407282     
  0.89927215409788397       0.13312764346030101     
  0.88725692566346870       0.13731931094613789     
  0.86102636594338799       0.14286392655987321     
  -7.6832750681571638E-002   9.4478455624341824E-003
  0.46434305247809604        1.3401480297468547E-003
  0.39370005606965625       -2.2287743463634928E-003
  0.33225987908947180        4.6502114942599477E-003
  0.28065534937113418       -5.4593737072498264E-003
  0.51280832684406863       -2.8915610890522516E-003
  0.43682588381740539       -3.4230545147837048E-003
  0.37724161854786509       -3.1479813156236563E-003
  0.39497101877475338        1.0378312096303243E-003
  0.89173950324327722        7.8589178373334942E-004
  0.86194560228765316        8.1466062100912489E-003
  0.94212301071711646       -1.6584863994053397E-002
  0.90282853579816402       -1.3931294641972591E-003
  0.91005639227807933        5.5444735493517883E-003
  0.87076947015099559        9.1762047814772235E-003
  0.85677070638369868       -1.2828109273727184E-002
  0.96355331252979048        3.2156347579018912E-003
  0.86205537643507402       -1.6253284049114482E-003
  0.88641347148259964        7.0115968919918338E-003
  0.27994394318148963       0.15502508079457533     
  0.17385269416093688       0.15193625256534618     
  0.19634195486059694       0.14234849483706394     
   9.3377422581060299E-002  0.14808115052818685     
  0.23799149639272338       0.15622842766649297     
  0.10237525016303389       0.16013105653987095     
  0.25636923604879758       0.24981006337795672     
  0.14044753110370040       0.23712981313967793     
  0.16305360648656131       0.27819200677065820     
  0.20778050716011792       0.24906902391523478     
  0.28558153349877657       0.25112652606919900     
   8.1601427425105136E-002  0.25379079357669648     
  0.12559528184775604       0.23963081729763375     
  0.97940538453607395       0.12439328161424504     
  0.95393436009717114       0.12268714835724899     
  0.94861168263650575       0.13250280893800487     
  0.91549430001484822       0.14929554268333578     
  0.96732115992146617       0.12294461422415401     
  0.93062779335331891       0.13888483793408246     
  0.95062386043261937       0.16177407630208820     
  0.94632240342447871       0.14745223535839036     
  -1.3574871478361915E-002  0.24713170551468802     
  -8.3587386661503921E-002  0.23721193722235798     
  0.57348482878677109        1.2527483998860428E-003
  0.63524649746291972       -1.7301745083221845E-004
  0.53716613585635598       -3.1242440398636237E-003
  0.51343819005161784       -1.7347450135841900E-003
  0.54831910619600599        2.6230552523900720E-003
  0.36315059294769736       -1.9788785958775273E-003
  0.16900370064034353        3.0912012073850120E-003
  0.12641605611026635       -1.0990283110258188E-003
  0.39730237081834568       -6.3503376515465252E-003
  0.20955727017768810       -6.4708599269172379E-004
  0.21670377184957204       -7.8571204327096563E-004
   1.9689400342720820E-002   9.8326762151727080E-003
  0.80767225614412164        9.9820059252443555E-003
  0.78041514251649802       -3.7000416006854219E-004
  0.79324046604224518        1.8675346546876515E-002
  0.69916353231588357        1.4043305679535661E-002
  0.80404915910874619        1.3691458398637160E-002
  0.82353724660422212       -3.2657256707119119E-003
  0.75720600574558850        3.4037502207289396E-003
  0.86354599961400391        3.1281954673396055E-002
  0.75454552732334945        1.2257620280420930E-002
  0.19981635810000625       -3.0756226850504678E-003
   3.3795768880838017E-002   1.0429660983790989E-003
   8.0688168255755033E-002  -3.9392958123306140E-003
   3.9706589482550569E-002  -2.6960714250803385E-003
  0.12862578977621894       -1.8727780249503010E-003
  0.12323164290621927       -1.1094276968550666E-003
  0.55133028463530742        9.8461162684642806E-002
  0.55433906971239510       0.13174878465105111     
  0.62291943137005690        7.6485740926834231E-002
  0.54768793204018351       0.10454917800673171     
  0.45039977194570524       0.11754210326410783     
  0.62557906889586889       0.11888509311478077     
  0.55057765573123063        9.7090992999645923E-002
  0.52536230602085376       0.10509869906497141     
  0.56156135883673741       0.24900590984499346     
  0.59024675450465569       0.22365486852961142     
  0.40031920207741867       0.31946926041257023     
  0.50250077793099968       0.23657501750403848     
  0.64538628221130456       0.27576256098499924     
  0.52360324340497610       0.24673764574183799     
  0.54715246982724242       0.23544226493101264     
  0.29598072794692543       0.16105346369551943     
  0.40182822647709809       0.27503329833987039     
  0.49965883635875413       0.28070750620823104     
  0.95628285406840474       0.13561832585111258     
  0.92465884655371278       0.14488049082489490     
  0.90543299546958356       0.14099650179983431     
  0.87758878973231425       0.14005128467219471     
  0.93988275250041586       0.12712883641484735     
  0.88932540301466789       0.14563795754615758     
  0.91375329004238703       0.14434854905661090     
  -7.8730818150698323E-002  -4.2505274616567703E-004
  -2.2373089630981668E-002  -1.8023279581236178E-003
  -3.0917390816599333E-002   8.3129325865411764E-004
  0.60927853605252014        8.4916412160106983E-004
  0.56039900796510789       -5.4668864384596884E-005
  0.67858405899583718       -1.3352013552095448E-003
  0.41716022160058008       -4.2244938179285637E-004
  0.63903908339755755       -3.3303824079798957E-003
  0.58814099141659915        2.9710001599958600E-004
  0.54781103212837357        4.4567733278943306E-004
  0.56392424745999681       -2.3710797897497052E-003
  0.74287737335570370       -8.5020807505557317E-004
  0.78456081067162986       -1.5506346889086720E-004
  0.71228757274571430       -5.1013352026934482E-003
  0.70018831521103997       -2.5845571095877728E-003
  0.70519772186929630        4.6924016013175840E-003
  0.78294665879334047        8.3818313049875796E-003
  0.75445806324393461        2.6070822242617044E-003
  0.76607006121195065        1.8072617873496892E-002
  0.67434119665499492        1.3724598829335260E-002
  0.77820412645752757        1.3313824791760968E-002
  0.80350411609000338        2.0056339037771636E-004
  0.72948761830532094        4.3708906987681489E-003
  0.84571906493460569        3.5249432613144997E-002
  0.72630618838586392        1.1506305277751162E-002
