 cosx vtec
  0.68663665115540340       -9.6162401822252549E-004
  0.68210721550112607       -3.1685733285309186E-004
  0.74491322102892876        1.2930267714109428E-003
  0.70631474070546973        7.5567409252068395E-005
  0.64309470357320475        3.9073304018642291E-003
  0.71577898100478121       -7.3190681211835254E-004
  0.77172170834571641       -5.0381838196475351E-004
  0.82295346550108084       -1.2897270245265243E-003
  0.82738109255721759       -1.5853890733796313E-003
  0.77601967221582613        2.7911010227498938E-003
  0.81154627642415245        2.5617719413499748E-004
  0.85681712655955178        1.3981685127904576E-003
  0.77161853733890540       -5.1007868414364495E-003
  0.79585572669066784       -1.4334823602417959E-004
  0.78910863361969696        9.1280395362138908E-005
  0.84930758459467504        2.6484931139093269E-003
  0.91279091174588023        2.4790802105653944E-003
  0.87878905042675670        4.0766235908728171E-004
  0.81614159127804786       -1.5515789069554193E-003
  0.74345469292183208       -3.5281456368758475E-003
  0.81897961556922583       -1.1035258684171378E-003
  0.86007530365202500        4.7901094501673130E-004
  0.19853266322917959        1.5687779507678255E-003
   3.3991133441502765E-002   2.7623175054397550E-003
  0.13624959904166467        4.0197458449612528E-003
  0.21546712999352227       -4.7835043372671920E-004
   5.6476475689300254E-002  -3.4377783499088652E-003
  0.57796930119133338       0.24536648206127828     
  0.49174625719918591       0.18116790074331321     
  0.54020800358215304       0.18711093450550123     
  0.42892693732686704       0.18987606643068172     
  0.61296470480496901       0.21150504713415480     
  0.49526190063547659       0.18739092016021178     
  0.44615918114443859       0.18751340178758585     
  0.96599004136104361        1.7863194930720187E-002
  0.98253049795965930        1.9575283317887330E-002
  0.98839509887653487        3.0287222014354839E-002
  0.99621120663684692        1.6668697761839574E-002
  0.99917099993577252        1.3116161486377044E-002
  0.97720819067617759        2.5127913673000962E-002
  0.98969085623321085        1.0602088710713380E-002
  0.99333398761787661        1.3917213258329682E-002
  0.99123257177791213        1.0555076789434181E-002
   9.2672433043437433E-002  -2.7604670143527199E-003
  -6.6115529357495345E-002  -1.1527491207212459E-004
  0.10522173507585146       -1.2436391499969313E-003
  0.42600702467108431        2.0479110461447654E-004
   2.5180802798686598E-002  -4.5297425071958546E-003
  0.25168640815344107        3.3594982712548912E-003
   5.4019087549170564E-002  -1.0845568661108529E-002
   2.2228749517515868E-004   2.4618362171800252E-002
   2.5542207022897296E-002  -3.8686800322529163E-002
  0.23915378372319335        4.1191537438215890E-004
  0.77259460673890823        2.3041674179984772E-003
  0.79101587745486801       -2.7525199677435008E-004
  0.75883725500431931       -1.2724938539822386E-003
  0.82107124701541112       -2.9124891541573404E-003
  0.82793726259296985        1.6272398366837053E-003
  0.74670555199623323       -1.8118724865727565E-004
   6.0144818003556935E-002  0.16537621692818413     
  -7.5573644845672514E-002  0.15934392381651821     
  -1.7635944389928382E-002  0.16245428121964881     
   4.8218978166416938E-002  0.15838180996555629     
  -3.0833585801707170E-003  0.16540010551223430     
  0.41029018215693364        5.2849905566731969E-002
  0.42658240790179314        3.8106920053663500E-002
  0.44841156372336910        6.3276848475789002E-002
  0.21784596673525869        7.0919116972806243E-002
  0.42304219689790168       0.10519336145341916     
  0.36693541682146086        5.0497807114577992E-002
  0.19742052640512922       0.10388572255787835     
  0.50894843009517710        5.3512534605510184E-002
  0.37924659315279552        7.5890816554633062E-002
  0.21418106969206516        6.5135368128468984E-002
  0.56211050796203343        6.0586009130342254E-002
  0.20831416621176746       -1.1004490245101013E-003
  0.20007652885374777       -8.3599036980587562E-005
   1.9074995251834904E-002  -7.6881997226430749E-004
  0.25560294554351198       -1.8436084074217239E-004
  0.16792527172999697        8.0550389157429145E-004
  0.25653132738271772        9.8471546486337408E-004
  0.10009708528480432       -6.6271548454806327E-004
  0.93565373122643358        5.8068373183961623E-002
  0.94310082584445720        6.6928927599418278E-002
  0.95081551903867489        7.8420673010781289E-002
  0.96576160135666078        6.1524758571879119E-002
  0.99539147946563011        3.4345231023820519E-002
  0.94112777416605509        6.3733997491919478E-002
  0.97379244647400742        4.5257741978062357E-002
  0.86788942984734929       0.10812904251234406     
  0.96231590493842012        6.0545584113714725E-002
  0.34791102298403642        4.4498150413293282E-003
  0.35553640839121320        1.7487307358282290E-002
  0.40780095634445035        4.1352447010887541E-002
  0.17531563397245969        2.9894771136291815E-002
  0.36563083870165081        4.3363388991551628E-002
  0.30899906215796513       -3.1374722056225199E-002
  0.11955881654841241        4.4487769866509388E-002
  0.42901206796709912        9.1331953273705319E-003
  0.32024661360590662        3.6179897849154104E-002
  0.20176753060277741        1.7362169594392445E-002
  0.54772133646865651        2.1612762921603676E-002
  0.18684716056132888       0.15621543594884907     
  0.28258604949300464       0.16669204073483934     
   4.6973950135370812E-002  0.15831919765343447     
  0.11722650002408554       0.15216228660618406     
  0.17830700168396899       0.14958327736875440     
  0.13162991277433178       0.15520144799549179     
   8.5343888827108302E-003  -1.2701386721718732E-002
   5.8324875500368248E-004  -4.6381131940633384E-003
  0.75157765560098855       -1.8425442309917390E-003
  0.84556781523386981       -6.4994435822044718E-003
  0.77525030309780207       -1.5193500429710259E-003
  0.77827011492632581       -1.0268789279195456E-003
  0.84052943678379244       -2.8028151825057441E-004
   5.7435355423738341E-004   5.2825112062993246E-004
   6.9134228293971492E-002  -2.3291142227196697E-004
  -5.2586579922772381E-002  -2.7870839953360914E-003
   8.2472024024813725E-002   1.0504469837238101E-003
  0.55727107474656190        1.2428388263224378E-003
  0.55363790940405500       -2.6804108066335843E-004
  0.63107635404393325        5.3309663252945824E-003
  0.57896689212589370       -1.7674594537552189E-004
  0.51828520581870396        1.4058700887975260E-003
  0.59243342854472214        3.4385848994467221E-003
  0.52489066470846057        7.1561491682741601E-004
  0.37234272868183615       -1.9313477136490538E-003
  0.67895313545767055        4.6256906650562378E-004
  -7.9453940978416529E-002   8.3064049308213578E-004
  0.21974849586388076       0.26215514191980205     
  0.11317576408045658       0.25579646739042927     
  0.15132603353415247       0.25371490527562868     
  -9.9189212082876135E-002  0.17979436456887404     
  0.85108956680816539       0.14616974875789149     
  0.82005861332294305       0.13480062142992202     
  0.84706165411196244       0.13244874296649659     
  0.87085889236421965       0.12622566330818735     
  0.86570067036364096       0.13218300977472652     
  0.82229199715547197       0.13403129489593524     
  0.76029542808634976       0.16718654530471480     
  0.62833560603872751        4.4968026919053892E-003
  0.65949581901187093        4.2981282663374643E-003
  0.62476558108167446        1.4764253058574511E-003
  0.73180243751821539        7.5457911314361602E-003
  0.60525900189710324        8.4268154823119001E-004
  0.85575221940258828        4.5253359407055623E-004
  0.84533610687412186        9.6129781111855802E-004
  0.91415722829101609       -3.0777218663015225E-003
  0.93810907729033943        1.1174027867113141E-003
  0.90068798628036384        4.3087592295885479E-004
  0.87977634913415914       -2.2641791912794453E-003
  0.79067246301652183       -1.7650548315984085E-003
  0.87314551374036453        8.1385757764911872E-004
  0.90967236467538437       -4.3943034735775886E-004
  0.52642330018636585       0.13828575727672404     
  0.53456617265765494       0.13496985917050677     
  0.41299297312736610       0.17457448895407282     
  0.52809317456939653       0.13312764346030101     
  0.48221944768869240       0.13731931094613789     
  0.61333449348866309       0.14286392655987321     
   1.7023708295882817E-002  -2.4152062409891399E-004
  0.88662618535641935        1.8039901042231622E-002
  0.90554554352176986        9.4478455624341824E-003
  0.89187669868109043        7.0401137222157381E-004
  0.87508943905140602        6.7728585436055448E-003
  0.75638612577069253        1.3401480297468547E-003
  0.73978290199958696       -2.2287743463634928E-003
  0.87749435136676446        4.6502114942599477E-003
  0.78998833792514633       -5.4593737072498264E-003
  0.79886441449496348       -2.8915610890522516E-003
  0.69555228907095124       -3.4230545147837048E-003
  0.76714801880077288       -3.1479813156236563E-003
  0.83022007709826851        1.0378312096303243E-003
  0.37388221734505672        7.8589178373334942E-004
  0.37271114741416839        8.1466062100912489E-003
  0.46747877425855644       -1.6584863994053397E-002
  0.17027764652297148       -1.3931294641972591E-003
  0.39799923821131655        5.5444735493517883E-003
  0.33675364819259329        9.1762047814772235E-003
  0.42570452214471555       -1.2828109273727184E-002
  0.34946695873249223        3.2156347579018912E-003
  0.24231710236264098       -1.6253284049114482E-003
  0.58075274919734543        7.0115968919918338E-003
  0.82435161399400048       0.15502508079457533     
  0.80470344376407954       0.15193625256534618     
  0.83367628025046780       0.14234849483706394     
  0.88545719608957918       0.14808115052818685     
  0.84844294413026244       0.15622842766649297     
  0.81391571635028703       0.16013105653987095     
  0.42840419458423762       0.24981006337795672     
  0.40287284771359677       0.23712981313967793     
  0.47654508650508337       0.27819200677065820     
  0.30611236181425089       0.24906902391523478     
  0.35822068331148488       0.25112652606919900     
  0.32747511804216728       0.25379079357669648     
  0.34918604882382853       0.23963081729763375     
  0.29870171692134156       0.12439328161424504     
  0.32229236638427738       0.12268714835724899     
  0.12478829136426331       0.13250280893800487     
  0.19664585070975360       0.14929554268333578     
  0.30541650017784833       0.12294461422415401     
  0.14457772941593203       0.13888483793408246     
  0.25762346334469516       0.16177407630208820     
  0.48880465245547133       0.14745223535839036     
  -3.5769509380839982E-002  -9.8763709137592026E-004
  -8.8642631226926824E-002  -2.0610140261236542E-002
   5.2800884265981889E-002   1.2452667861203354E-003
  0.48827120201539348        1.2527483998860428E-003
  0.53885873689285246       -1.7301745083221845E-004
  0.44374585943512135       -3.1242440398636237E-003
  0.50844228761553256       -1.7347450135841900E-003
  0.31628000993838451        2.6230552523900720E-003
  0.38124338344573311        1.8930705919911962E-002
  0.44121912495449706        1.1916057871492762E-002
  0.17900890793794721        2.6299998063288428E-002
  0.38207132147295025        3.0246794274645942E-002
  0.13161122050773280        1.8192433725313806E-002
  0.28157966771951953        2.2596442649661611E-002
  0.35058417308561340        3.6811161512725413E-002
  0.30468375383003210        1.8706940296745276E-002
   8.6186289695361309E-002   4.3737613825485785E-002
  0.24597877985681790        5.4220707082015401E-002
  -8.9619266343357706E-002   2.2100578287264510E-002
  0.10386799627463381        3.8172727753038857E-002
  -3.1604916770001636E-002   3.1988908536078074E-002
   3.6606575480020061E-002   1.7970343024593889E-002
  -9.2305856627211275E-003   4.5846785742042269E-002
  0.87878624656213389       -1.9788785958775273E-003
  0.92208680378596575        3.0912012073850120E-003
  0.87869410635606759       -1.0990283110258188E-003
  0.92384805800842218       -6.3503376515465252E-003
  0.87837736194734273       -6.4708599269172379E-004
  0.91683057466596651       -7.8571204327096563E-004
  0.89723073153602750        9.8326762151727080E-003
   2.5532016421921402E-002   1.2596067335274474E-002
   5.7484660846513456E-003   2.9433060817074527E-002
  0.81268568494707072        9.9820059252443555E-003
  0.81248498223747823       -3.7000416006854219E-004
  0.84140367258947801        1.8675346546876515E-002
  0.90952805622139710        1.4043305679535661E-002
  0.82550262493401427        1.3691458398637160E-002
  0.75105875272919143       -3.2657256707119119E-003
  0.84774860276645692        3.4037502207289396E-003
  0.76880660714931259        3.1281954673396055E-002
  0.86856562289734629        1.2257620280420930E-002
  0.54535717433409658        2.5771873650454365E-003
  0.41128260642191922       -1.3529777179666987E-003
  0.20667229939602838       -1.1808690353571833E-003
  0.50279055508631176        7.4402037411422828E-004
  0.41059014250282921        7.6328347695225137E-004
  0.91386884647054500       -3.0756226850504678E-003
  0.94969916472621363        1.0429660983790989E-003
  0.95127641190661005       -3.9392958123306140E-003
  0.92597997337047544       -2.6960714250803385E-003
  0.93858217651804943       -1.8727780249503010E-003
  0.95815134398073198       -1.1094276968550666E-003
  -7.8006919993589413E-002   3.7236779886469638E-002
  0.12586101596789534       0.24900590984499346     
  0.17506693746179200       0.31946926041257023     
   1.4167480498534637E-002  0.23657501750403848     
  0.15566738783687506       0.27576256098499924     
  -3.7502972143949251E-002  0.24673764574183799     
   5.0620268982243775E-002  0.23544226493101264     
   1.0764984294440174E-002  0.16105346369551943     
   4.6382603124967725E-002  0.27503329833987039     
  0.18141141759238635       0.13561832585111258     
  0.20465788180858710       0.14488049082489490     
   2.2278149237136217E-002  0.14099650179983431     
   8.1808082761178569E-002  0.14005128467219471     
  0.18625199355333771       0.12712883641484735     
   4.0831131740915065E-002  0.14563795754615758     
  0.13232618507080679       0.14434854905661090     
  0.60070498079325407        9.1890626038973619E-002
  0.63768445102964277        8.9232693140954458E-002
  0.63353705145268724        7.9305013365230340E-002
  0.52649688487777624       0.10785865931896235     
  0.70287861259342843        9.8507271950027134E-002
  0.59295081704202879        8.8057338305888105E-002
  0.54754775445397930       0.10911163290952455     
  0.37799786353037312       -3.3425157168294802E-003
  0.43850642133947565       -3.8818913480724538E-003
  0.12633724177205174        8.9833006876898162E-003
  0.34136667021206735       -1.3661553311033220E-002
  0.10177465829117509       -8.8073565653271145E-004
  0.23482418369272992        4.9149835120062069E-003
  0.32019327964065925       -2.4785332552559099E-003
  0.89176169824450513        5.4750847723127635E-004
  0.89894688492048891       -4.2505274616567703E-004
  0.86998569944954041       -1.3171948025796579E-003
  0.89551469815631279       -1.8023279581236178E-003
  0.91495119576567796        8.3129325865411764E-004
  0.86363131186734821        1.6411836388117915E-003
  -7.7539553703654826E-002  0.13246439172701949     
  0.71384828387189281        8.4916412160106983E-004
  0.70335707557503357       -5.4668864384596884E-005
  0.81236271287802198       -1.3352013552095448E-003
  0.78544332531923722       -4.2244938179285637E-004
  0.74431462729552811       -3.3303824079798957E-003
  0.66536045628658036        2.9710001599958600E-004
  0.73245195082558956        4.4567733278943306E-004
  0.79823658338566494       -2.3710797897497052E-003
  0.74776422344953319        9.8087097748654267E-004
  0.68482231650262437        9.4037645013731136E-004
  0.71931402086693019        1.0679193046887114E-003
  0.78597554270521774       -1.1549248023281166E-003
  0.68528934477179593        1.8992592505824720E-003
  0.68239139488801082        5.5251441139887595E-003
  0.70932906798230067        4.3041167197905104E-003
  0.67740128122532450        1.1148198628110624E-003
  0.79229724940624136       -1.3085628101525500E-003
  0.55711390772408531        6.9246880664974152E-003
  0.76600088506320052        5.5167347462069475E-003
  0.66004424357031732        2.1253009273816455E-003
  0.14923803266772534        8.4135536254450499E-002
  0.26601779327687020        8.2703558476082906E-002
  -5.2623900615734803E-003   7.5380639790021020E-002
  -3.6478442188436419E-002   5.4533390711802091E-002
   5.7674132094097545E-002   6.4489324284025470E-002
  0.12045486426708497        7.1651545479248444E-002
   7.5952764846524329E-002   9.0258191014254516E-002
  0.31218546849608564       -8.5020807505557317E-004
  0.35270277603854133       -1.5506346889086720E-004
  0.27307157411927602       -5.1013352026934482E-003
  0.35139326812996546       -2.5845571095877728E-003
  0.19366843975789247        4.6924016013175840E-003
  -7.9613464426423058E-002   8.4751966823167141E-004
  -8.8466184121557351E-002   2.5476774128805581E-002
  0.50128694324227718        1.9621664489074078E-003
  0.53827219197086229       -8.6461834010806492E-004
  0.46375389584739990       -6.8462720169913715E-004
  0.68332422438579155        3.7369930714168309E-003
  0.44879394342707751        8.6660225717047866E-004
  0.83637429707416522        8.3818313049875796E-003
  0.83555583227234409        2.6070822242617044E-003
  0.86435652385547845        1.8072617873496892E-002
  0.92310804361034615        1.3724598829335260E-002
  0.84922003243651722        1.3313824791760968E-002
  0.77069137218772010        2.0056339037771636E-004
  0.86976798731396465        4.3708906987681489E-003
  0.78971625482981900        3.5249432613144997E-002
  0.88891210790530029        1.1506305277751162E-002
  0.64945097885895198       -5.4098435224847240E-003
  0.57235211885063675        1.0679439633908623E-003
  0.63573459698237877       -1.1953104522261194E-003
  0.72769934908212897        8.8012785027625573E-004
  0.56872337047908184        8.7154376573935952E-004
