 cosx vtec
  0.63439747824352954       -9.6162401822252549E-004
  0.64475523814772606       -3.1685733285309186E-004
  0.66934622041190972        1.2930267714109428E-003
  0.64503118494381395        7.5567409252068395E-005
  0.60207027847689931        3.9073304018642291E-003
  0.67810653994816761       -7.3190681211835254E-004
  0.71892379278946850       -5.0381838196475351E-004
  0.91082380315696343       -1.2897270245265243E-003
  0.93164169345265457       -1.5853890733796313E-003
  0.90230273579867104        2.7911010227498938E-003
  0.92939923850920436        2.5617719413499748E-004
  0.95298922066225367        1.3981685127904576E-003
  0.89194981652886185       -5.1007868414364495E-003
  0.76290702784745212       -1.4334823602417959E-004
  0.77237777324255841        9.1280395362138908E-005
  0.79365164174328040        2.6484931139093269E-003
  0.88398676116824493        2.4790802105653944E-003
  0.89124882739374578        4.0766235908728171E-004
  0.77357164457266070       -1.5515789069554193E-003
  0.72321925267066189       -3.5281456368758475E-003
  0.80122125741049022       -1.1035258684171378E-003
  0.82874480664259842        4.7901094501673130E-004
  0.28934007112627280        1.5687779507678255E-003
  0.17473769070282819        2.7623175054397550E-003
  0.24411298474159399        4.0197458449612528E-003
  0.32805537007866958       -4.7835043372671920E-004
  0.16256345568936753       -3.4377783499088652E-003
  0.47437944881353195       0.24536648206127828     
  0.42424137401261064       0.18116790074331321     
  0.47549224243359334       0.18711093450550123     
  0.36360175677762385       0.18987606643068172     
  0.53970299589719073       0.21150504713415480     
  0.44236488221766335       0.18739092016021178     
  0.37536986148232893       0.18751340178758585     
  0.90218261474139960        1.7863194930720187E-002
  0.91038100588600712        1.9575283317887330E-002
  0.92924119146325179        3.0287222014354839E-002
  0.94521528273505917        1.6668697761839574E-002
  0.97694725951953820        1.3116161486377044E-002
  0.90686937609283202        2.5127913673000962E-002
  0.94959097141973847        1.0602088710713380E-002
  0.93903653041060497        1.3917213258329682E-002
  0.96364316292964025        1.0555076789434181E-002
  0.32869196531538064       -2.7604670143527199E-003
  0.17751472181577632       -1.1527491207212459E-004
  0.13343354370787683       -1.3811317215394021E-003
  0.10449819681349275        4.4922859168688416E-003
  0.33286632848455300       -1.2436391499969313E-003
  0.59816898057518197        2.0479110461447654E-004
  0.22573973754753071       -4.5297425071958546E-003
  0.45832052389658451        3.3594982712548912E-003
  0.28375954205618470       -1.0845568661108529E-002
  0.22527107020187945        2.4618362171800252E-002
  0.23656266731700976       -3.8686800322529163E-002
  0.43788160631911577        4.1191537438215890E-004
  0.85681480410548572        2.3041674179984772E-003
  0.88336574483847419       -2.7525199677435008E-004
  0.86895788271792573       -1.2724938539822386E-003
  0.92611654231262808       -2.9124891541573404E-003
  0.91252286687631956        1.6272398366837053E-003
  0.85050574803467960       -1.8118724865727565E-004
   8.1190881189802305E-002  0.16537621692818413     
  -3.8165256452321161E-002  0.15934392381651821     
  -6.7204963388398681E-002   2.5444023499378923E-002
   8.3054270287648557E-003  0.16245428121964881     
   8.6040543965448510E-002  0.15838180996555629     
   1.6436096658018026E-002  0.16540010551223430     
  0.24899248517893710        5.2849905566731969E-002
  0.28801795600400937        3.8106920053663500E-002
  0.27252511745660424        6.3276848475789002E-002
   4.5818140775679111E-002   7.0919116972806243E-002
  0.25485028614967764       0.10519336145341916     
  0.21950825296369172        5.0497807114577992E-002
   4.7637600920714118E-003  0.10388572255787835     
  0.37349972683565791        5.3512534605510184E-002
  0.19836200491531922        7.5890816554633062E-002
   7.0853644871881921E-002   6.5135368128468984E-002
  0.39936871713515193        6.0586009130342254E-002
  0.19381288844246566       -1.1004490245101013E-003
  0.20006122894780798       -8.3599036980587562E-005
  -1.1220451871258863E-002  -7.6881997226430749E-004
  0.22395815576938741       -1.8436084074217239E-004
  0.16392052279158204        8.0550389157429145E-004
  0.25872216523747082        9.8471546486337408E-004
   9.5688504981160244E-002  -6.6271548454806327E-004
  0.83197839148509400        5.8068373183961623E-002
  0.83372691246493724        6.6928927599418278E-002
  0.85269422594751454        7.8420673010781289E-002
  0.87398792120252411        6.1524758571879119E-002
  0.94361634895660595        3.4345231023820519E-002
  0.83244235446268089        6.3733997491919478E-002
  0.89564800107353382        4.5257741978062357E-002
  0.72134337993019382       0.10812904251234406     
  0.86706624572638613        6.0545584113714725E-002
  0.21832998680690863        4.4498150413293282E-003
  0.24397796744393241        1.7487307358282290E-002
  0.25771324748952978        4.1352447010887541E-002
   3.5467990077056866E-002   2.9894771136291815E-002
  0.22807232418385193        4.3363388991551628E-002
  0.19079272064878181       -3.1374722056225199E-002
  -4.7551942724351315E-002   4.4487769866509388E-002
  0.32102382805859569        9.1331953273705319E-003
  0.16513236497570424        3.6179897849154104E-002
   8.5321409426672878E-002   1.7362169594392445E-002
  0.41353643442823551        2.1612762921603676E-002
  0.19991397101631656       0.15621543594884907     
  0.29701734800463797       0.16669204073483934     
   7.6643456010169447E-002  0.15831919765343447     
  0.13402908679296238       0.15216228660618406     
  0.20644809603393183       0.14958327736875440     
  0.14226605064576228       0.15520144799549179     
   1.6314106007810025E-002  -2.0566632077150596E-002
  0.23928641122235872       -1.2701386721718732E-002
   7.2544392540915270E-002  -4.1639714671229781E-003
   4.0015171841401090E-002  -1.2944937963955926E-003
   3.2766098455650289E-002  -5.6288340745692606E-003
  0.22101247309642330       -4.6381131940633384E-003
  0.86482670752124957       -1.8425442309917390E-003
  0.94495484852238720       -6.4994435822044718E-003
  0.89718061870361909       -1.5193500429710259E-003
  0.89057998311232323       -1.0268789279195456E-003
  0.93548794750630382       -2.8028151825057441E-004
  0.20983603342111298        5.2825112062993246E-004
  0.29709719434228460       -2.3291142227196697E-004
  0.10629630754557651       -1.0360885492778609E-003
   4.9291517352166428E-002   2.9107282886670050E-005
  0.14835967681852716       -2.7870839953360914E-003
  0.29239432129780668        1.0504469837238101E-003
  0.49928712415800147        1.2428388263224378E-003
  0.50989386511372259       -2.6804108066335843E-004
  0.54551430640591336        5.3309663252945824E-003
  0.51151545901079709       -1.7674594537552189E-004
  0.47065562311672737        1.4058700887975260E-003
  0.54919190642292148        3.4385848994467221E-003
  0.40877059230738788        7.1561491682741601E-004
  0.32658583343362696       -1.9313477136490538E-003
  0.61780265060143369        4.6256906650562378E-004
  -8.8854753356946675E-002   1.7706911728363754E-002
  0.13642863684950818        8.3064049308213578E-004
  -6.9636413796757418E-002  -9.0239836387568228E-003
  -9.2068357262626410E-002   2.1763725522982606E-002
  -8.5937962230958537E-002  -7.8960665841218552E-003
  -5.4370997178857211E-002   8.2147199687336817E-002
  -1.3789660656495464E-002  0.26215514191980205     
  -8.4196127031355886E-002  0.25371490527562868     
  -7.2839794221886939E-002  0.17979436456887404     
  -7.1076839140564951E-002  0.16523917677199620     
  0.76017013197919903       0.14616974875789149     
  0.74931542304339249       0.13480062142992202     
  0.77985337764636575       0.13244874296649659     
  0.83538099239820163       0.12622566330818735     
  0.79412020012762674       0.13218300977472652     
  0.76777611640075416       0.13403129489593524     
  0.68177312381821609       0.16718654530471480     
  0.72000970597842218        4.4968026919053892E-003
  0.75700089049172137        4.2981282663374643E-003
  0.74142743718574944        1.4764253058574511E-003
  0.81724042979885780        7.5457911314361602E-003
  0.71410957528924079        8.4268154823119001E-004
  0.84946991176491560        4.5253359407055623E-004
  0.85758117516603116        9.6129781111855802E-004
  0.88212751609683848       -3.0777218663015225E-003
  0.93847885383025653        1.1174027867113141E-003
  0.93056746280981861        4.3087592295885479E-004
  0.86195867419438787       -2.2641791912794453E-003
  0.79921549260404257       -1.7650548315984085E-003
  0.88396924263229326        8.1385757764911872E-004
  0.90739098944256680       -4.3943034735775886E-004
  0.32032580949721473       0.13828575727672404     
  0.32011714385353041       0.13496985917050677     
  0.18253837656875155       0.17457448895407282     
  0.31624719267773660       0.13312764346030101     
  0.26233562923939791       0.13731931094613789     
  0.40971170658743317       0.14286392655987321     
   1.1241432539721152E-002  -6.3980360992366920E-003
  0.25403938175826979       -2.4152062409891399E-004
   9.3141989667855543E-002  -1.6801410417189593E-004
   5.7527162094613726E-002   3.3360350109583664E-003
   3.9506036691875079E-002   4.1850298004085691E-003
  -4.8665302091681101E-002   8.7806748522432240E-002
  0.90732105165394683        1.8039901042231622E-002
  0.93192054306600425        9.4478455624341824E-003
  0.93694330777546275        7.0401137222157381E-004
  0.91257564408148661        6.7728585436055448E-003
  0.80099293881638201        1.3401480297468547E-003
  0.80365827361934850       -2.2287743463634928E-003
  0.92690096332935501        4.6502114942599477E-003
  0.86906643100047520       -5.4593737072498264E-003
  0.82367019977824574       -2.8915610890522516E-003
  0.75522933246234569       -3.4230545147837048E-003
  0.83047799574269399       -3.1479813156236563E-003
  0.87783189916407645        1.0378312096303243E-003
  0.29782012431358551        7.8589178373334942E-004
  0.31128291943669406        8.1466062100912489E-003
  0.35970794887494140       -1.6584863994053397E-002
   7.8148534193058977E-002  -1.3931294641972591E-003
  0.31208199066748976        5.5444735493517883E-003
  0.27075650333593115        9.1762047814772235E-003
  0.36626886251864404       -1.2828109273727184E-002
  0.22856330941095510        3.2156347579018912E-003
  0.17716568908051525       -1.6253284049114482E-003
  0.49708941461940720        7.0115968919918338E-003
  0.70305974465697529       0.15502508079457533     
  0.69933691298257128       0.15193625256534618     
  0.73189773490618015       0.14234849483706394     
  0.82773242576749473       0.14808115052818685     
  0.74249051196927673       0.15622842766649297     
  0.72784712677361441       0.16013105653987095     
  0.24196344171792292       0.24981006337795672     
  0.23371652192853118       0.23712981313967793     
  0.31181985647637972       0.27819200677065820     
  0.11611646680449120       0.24906902391523478     
  0.16040685351144951       0.25112652606919900     
  0.16173273418772835       0.25379079357669648     
  0.17727560691284816       0.23963081729763375     
   9.3696117578000920E-002  0.12439328161424504     
  0.10536332039807642       0.12268714835724899     
  -8.6486649724138234E-002  0.13250280893800487     
  -3.1488013701709366E-002  0.14929554268333578     
   9.3643780294882351E-002  0.12294461422415401     
  -7.6629587874220140E-002  0.13888483793408246     
   3.8838869042888302E-002  0.16177407630208820     
  0.28369556966497111       0.14745223535839036     
  0.17172142755572545       -9.8763709137592026E-004
   6.9206862138745731E-002  -4.1869643802628563E-004
   1.5784201707571881E-002   2.6979917087478181E-003
  0.11092930254238952       -2.0610140261236542E-002
  0.26100853844366223        1.2452667861203354E-003
  0.52804757603458474        1.2527483998860428E-003
  0.55767648699311057       -1.7301745083221845E-004
  0.49540700929629278       -3.1242440398636237E-003
  0.56403075226766475       -1.7347450135841900E-003
  0.36648566801125870        2.6230552523900720E-003
  0.48997602167204934        1.8930705919911962E-002
  0.55421952124541685        1.1916057871492762E-002
  0.30981085029574462        2.6299998063288428E-002
  0.51940318772998340        3.0246794274645942E-002
  0.27593274885154295        1.8192433725313806E-002
  0.39342937639836206        2.2596442649661611E-002
  0.47776002080803304        3.6811161512725413E-002
  0.40176730984623865        1.8706940296745276E-002
  0.19639101969658843        4.3737613825485785E-002
  0.35583749363685713        5.4220707082015401E-002
   4.3638419026999331E-002   2.2100578287264510E-002
  0.25402632971833328        3.8172727753038857E-002
  -3.4488539424904679E-002   3.4166946097695702E-002
   3.0331618172633273E-002   3.9101947776732475E-002
   8.7843055012131327E-002   3.1988908536078074E-002
  0.17002579368780535        1.7970343024593889E-002
   9.6650474631029229E-002   4.5846785742042269E-002
  0.92153171087066299       -1.9788785958775273E-003
  0.98191086058282273        3.0912012073850120E-003
  0.95961092963301797       -1.0990283110258188E-003
  0.94472233804731209       -6.3503376515465252E-003
  0.94872942933548465       -6.4708599269172379E-004
  0.97305100268145228       -7.8571204327096563E-004
  0.97774811012485163        9.8326762151727080E-003
   3.6762794670096105E-002  -6.6559077245274684E-002
  0.24684958878838498        1.2596067335274474E-002
   7.3877638730972986E-002   7.0879289311199635E-003
   4.2914061715037935E-002   6.6438648602652759E-003
   4.5356453755304213E-002  -5.4175284405365660E-003
  0.21636827539414116        2.9433060817074527E-002
  0.71552381561298584        9.9820059252443555E-003
  0.73481633883798636       -3.7000416006854219E-004
  0.73151267331734104        1.8675346546876515E-002
  0.81839951777709274        1.4043305679535661E-002
  0.72156335775935665        1.3691458398637160E-002
  0.66966952240646271       -3.2657256707119119E-003
  0.76740418161624813        3.4037502207289396E-003
  0.63108511800612588        3.1281954673396055E-002
  0.77367871682137102        1.2257620280420930E-002
  0.71933758433484529        2.5771873650454365E-003
  0.61412872728602863       -1.3529777179666987E-003
  0.43672624227837642       -1.1808690353571833E-003
  0.69786352234248605        7.4402037411422828E-004
  0.60726593821369168        7.6328347695225137E-004
   5.5568675882908786E-002   1.0945867007753183E-002
  0.97347761224852547       -3.0756226850504678E-003
  0.98278655885267263        1.0429660983790989E-003
  0.99605020898922714       -3.9392958123306140E-003
  0.98959395013160634       -2.6960714250803385E-003
  0.99333100014224585       -1.8727780249503010E-003
  0.99885342274211852       -1.1094276968550666E-003
  0.12289074338084918        3.7236779886469638E-002
  -7.4042005030600433E-002   1.1119219847883991E-003
   4.2468613626450269E-002   4.7128949035861690E-003
  -4.9678885343696466E-002  0.31946926041257023     
  -8.8539834423565222E-002  0.27576256098499924     
  -3.1715023802240394E-002  0.13561832585111258     
  -2.1320763390264286E-002  0.14488049082489490     
  -3.4238706379138423E-002  0.12712883641484735     
  -9.3405337430168101E-002  0.14434854905661090     
  0.61690247487395888        9.1890626038973619E-002
  0.65705699149730723        8.9232693140954458E-002
  0.67674313829947508        7.9305013365230340E-002
  0.54374193561356576       0.10785865931896235     
  0.71288839063691933        9.8507271950027134E-002
  0.62246547201005775        8.8057338305888105E-002
  0.55706788016395958       0.10911163290952455     
  0.51861576397831399       -3.3425157168294802E-003
  0.58725949927858512       -3.8818913480724538E-003
  0.29607028137494995        8.9833006876898162E-003
  0.51648238860371154       -1.3661553311033220E-002
  0.28350276991811657       -8.8073565653271145E-004
  0.37931860594058481        4.9149835120062069E-003
  0.48691826712869068       -2.4785332552559099E-003
  0.95131586363350373        5.4750847723127635E-004
  0.96913743226623783       -4.2505274616567703E-004
  0.95800241264564812       -1.3171948025796579E-003
  0.97630499186361841       -1.8023279581236178E-003
  0.98000937278283839        8.3129325865411764E-004
  0.94653019271835137        1.6411836388117915E-003
  -1.2694639802212165E-002  0.13246439172701949     
  -2.6972180884132363E-002  0.10889889671508828     
  0.72448330741828670        8.4916412160106983E-004
  0.72976411837675548       -5.4668864384596884E-005
  0.78183148824398696       -1.3352013552095448E-003
  0.83664796875275382       -4.2244938179285637E-004
  0.74108705691697396       -3.3303824079798957E-003
  0.68817357479174435        2.9710001599958600E-004
  0.75851959670150193        4.4567733278943306E-004
  0.80876929123125096       -2.3710797897497052E-003
  0.88226553416799181        9.8087097748654267E-004
  0.83959429517920925        9.4037645013731136E-004
  0.86692261119059499        1.0679193046887114E-003
  0.91106385644920673       -1.1549248023281166E-003
  0.83524233852542973        1.8992592505824720E-003
  0.76911403040980963        5.5251441139887595E-003
  0.80226888016568298        4.3041167197905104E-003
  0.78880783472280824        1.1148198628110624E-003
  0.90113274265259646       -1.3085628101525500E-003
  0.63966802197132155        6.9246880664974152E-003
  0.84885814707900820        5.5167347462069475E-003
  0.76407684089201200        2.1253009273816455E-003
  0.23371208210963759        8.4135536254450499E-002
  0.35119059864291657        8.2703558476082906E-002
   9.8143565649047596E-002   7.5380639790021020E-002
   7.5999236096965031E-002   5.4533390711802091E-002
  0.14805747685878975        6.4489324284025470E-002
  0.22321896591990203        7.1651545479248444E-002
  0.15643505880001934        9.0258191014254516E-002
  0.29921413330667307       -8.5020807505557317E-004
  0.32429595000374517       -1.5506346889086720E-004
  0.27038103611044595       -5.1013352026934482E-003
  0.35400025806229779       -2.5845571095877728E-003
  0.19069286092073326        4.6924016013175840E-003
  -8.0389924061310958E-002   2.4799101011279450E-002
  0.15426518021715568        8.4751966823167141E-004
  -3.1645029635021610E-002  -1.8370760649632202E-002
  -5.8779286056179020E-002  -1.0370612665447969E-002
  -6.6127985088678315E-002  -6.4404368176136234E-003
  0.13305624355707332        2.5476774128805581E-002
  0.63772026740271548        1.9621664489074078E-003
  0.68471036794503748       -8.6461834010806492E-004
  0.63291046716233768       -6.8462720169913715E-004
  0.80631365663368948        3.7369930714168309E-003
  0.61074749465265732        8.6660225717047866E-004
  0.74403829511907271        8.3818313049875796E-003
  0.76315293458303579        2.6070822242617044E-003
  0.75947524252129350        1.8072617873496892E-002
  0.83707139184567281        1.3724598829335260E-002
  0.75006448843520290        1.3313824791760968E-002
  0.69479759095334059        2.0056339037771636E-004
  0.79437077800553624        4.3708906987681489E-003
  0.65382087933079847        3.5249432613144997E-002
  0.79926553193020244        1.1506305277751162E-002
   7.5521029129704140E-002   3.7478703672659777E-002
   1.6905853097653856E-002  -3.3462569972034603E-002
  0.80192691726561738       -5.4098435224847240E-003
  0.74680638582793302        1.0679439633908623E-003
  0.80337475627422894       -1.1953104522261194E-003
  0.86484656324391895        8.8012785027625573E-004
  0.73752029360968052        8.7154376573935952E-004
