 cosx vtec
  0.50056802168296133       -9.6162401822252549E-004
  0.51649505423496467       -3.1685733285309186E-004
  0.53329048072073504        1.2930267714109428E-003
  0.50967037411182359        7.5567409252068395E-005
  0.46922980314409624        3.9073304018642291E-003
  0.55273515964150988       -7.3190681211835254E-004
  0.59352547776253839       -5.0381838196475351E-004
  0.96802763089071475       -1.2897270245265243E-003
  0.97850524322312027       -1.5853890733796313E-003
  0.95588150547090267        2.7911010227498938E-003
  0.96256645198377810        2.5617719413499748E-004
  0.98750403599246250        1.3981685127904576E-003
  0.95476586431019350       -5.1007868414364495E-003
  0.64856817565593694       -1.4334823602417959E-004
  0.66472221772103035        9.1280395362138908E-005
  0.67829754313206903        2.6484931139093269E-003
  0.79230237932652925        2.4790802105653944E-003
  0.81487081770701708        4.0766235908728171E-004
  0.65796480562140625       -1.5515789069554193E-003
  0.60847528318341781       -3.5281456368758475E-003
  0.69718403690813979       -1.1035258684171378E-003
  0.72493704158521488        4.7901094501673130E-004
  0.21512171490501447        1.5687779507678255E-003
  0.13926465573151411        2.7623175054397550E-003
  0.18205712915169658        4.0197458449612528E-003
  0.26980827925673612       -4.7835043372671920E-004
   9.9935008421624630E-002  -3.4377783499088652E-003
  0.49923193850648623       0.24536648206127828     
  0.48201177967956355       0.18116790074331321     
  0.52991999767492404       0.18711093450550123     
  0.42849177199136201       0.18987606643068172     
  0.58045791879416453       0.21150504713415480     
  0.50827287958964562       0.18739092016021178     
  0.43545105423800001       0.18751340178758585     
  0.81626306406494575        1.7863194930720187E-002
  0.83874479714586780        1.9575283317887330E-002
  0.88299736951039953        3.0287222014354839E-002
  0.88950038679306476        1.6668697761839574E-002
  0.93322317481441563        1.3116161486377044E-002
  0.82815266402822163        2.5127913673000962E-002
  0.88386434824281390        1.0602088710713380E-002
  0.87635101156447615        1.3917213258329682E-002
  0.93698891807528206        1.0555076789434181E-002
  0.45860916452989808       -2.7604670143527199E-003
  0.30784752429641604       -1.1527491207212459E-004
  0.27016924786627927       -1.3811317215394021E-003
  0.25220497110236878        4.4922859168688416E-003
  0.47412490986097361       -1.2436391499969313E-003
  0.72703350765470076        2.0479110461447654E-004
  0.38883908969356656       -4.5297425071958546E-003
  0.59786429815108932        3.3594982712548912E-003
  0.42833129475682319       -1.0845568661108529E-002
  0.37844560542707623        2.4618362171800252E-002
  0.39603868349917082       -3.8686800322529163E-002
  0.58316056486040080        4.1191537438215890E-004
  0.92947853274071424        2.3041674179984772E-003
  0.95022908487611479       -2.7525199677435008E-004
  0.94168959445498635       -1.2724938539822386E-003
  0.97601219258152594       -2.9124891541573404E-003
  0.96868376865507877        1.6272398366837053E-003
  0.92823796319373963       -1.8118724865727565E-004
  0.21220886426779764       0.16537621692818413     
  0.10376634898010614       0.15934392381651821     
   7.9597451991761964E-002   2.5444023499378923E-002
  0.14405362978932856       0.16245428121964881     
  0.22430597841268668       0.15838180996555629     
  0.14902697890474143       0.16540010551223430     
   7.7061194987456505E-002   5.2849905566731969E-002
  0.11810247168405186        3.8106920053663500E-002
  0.10261602355371524        6.3276848475789002E-002
   8.3415642699533610E-002  0.10519336145341916     
   4.7211109280900443E-002   5.0497807114577992E-002
  0.20715636450702263        5.3512534605510184E-002
   2.6386418962610902E-002   7.5890816554633062E-002
  0.23525732708948682        6.0586009130342254E-002
   5.9759097677146544E-002  -1.1004490245101013E-003
   7.2814393700971258E-002  -8.3599036980587562E-005
   8.2363724716284448E-002  -1.8436084074217239E-004
   3.4991012610827710E-002   8.0550389157429145E-004
  0.13250912181861119        9.8471546486337408E-004
  -3.2512390260965252E-002  -6.6271548454806327E-004
  0.73401140944430687        5.8068373183961623E-002
  0.75175078107994531        6.6928927599418278E-002
  0.79285438901993288        7.8420673010781289E-002
  0.80597390950087355        6.1524758571879119E-002
  0.89349949930518668        3.4345231023820519E-002
  0.74356709184935987        6.3733997491919478E-002
  0.81610778288753005        4.5257741978062357E-002
  0.61968195021580086       0.10812904251234406     
  0.79199503388156234        6.0545584113714725E-002
   4.7945025686563947E-002   4.4498150413293282E-003
   7.7128026533401228E-002   1.7487307358282290E-002
   8.6170898865092049E-002   4.1352447010887541E-002
   5.6820450778909126E-002   4.3363388991551628E-002
   2.2044763779569487E-002  -3.1374722056225199E-002
  0.15651351546200654        9.1331953273705319E-003
  -8.4360845906710225E-003   3.6179897849154104E-002
  -8.2927629995397628E-002   1.7362169594392445E-002
  0.24939481623912751        2.1612762921603676E-002
  0.32156954957355011       0.15621543594884907     
  0.41335015584891910       0.16669204073483934     
  0.21173246159759712       0.15831919765343447     
  0.26080914978198366       0.15216228660618406     
  0.33481474909860226       0.14958327736875440     
  0.26570066808340920       0.15520144799549179     
  0.17975496646838726       -2.0566632077150596E-002
  0.38682226835995309       -1.2701386721718732E-002
  0.22001455930851554       -4.1639714671229781E-003
  0.19239661540999731       -1.2944937963955926E-003
  0.19149554626115689       -5.6288340745692606E-003
  0.37728487243146319       -4.6381131940633384E-003
  0.85167556536439593       -1.8425442309917390E-003
  0.94750430904190774       -6.4994435822044718E-003
  0.90517295366586603       -1.5193500429710259E-003
  0.88393065697270323       -1.0268789279195456E-003
  0.92702284198044771       -2.8028151825057441E-004
  0.24469664594360241        5.2825112062993246E-004
  0.36212499958504829       -2.3291142227196697E-004
  0.16589043585539628       -1.0360885492778609E-003
  0.11799782303725663        2.9107282886670050E-005
  0.17346014326826975       -2.7870839953360914E-003
  0.32869230488573686        1.0504469837238101E-003
  0.35460413691836079        1.2428388263224378E-003
  0.37047834860992535       -2.6804108066335843E-004
  0.39639126563428823        5.3309663252945824E-003
  0.36467766262568779       -1.7674594537552189E-004
  0.32804295335866829        1.4058700887975260E-003
  0.41211269571322062        3.4385848994467221E-003
  0.24616039673066836        7.1561491682741601E-004
  0.18034331782828372       -1.9313477136490538E-003
  0.48007422011680823        4.6256906650562378E-004
   8.1736846185888584E-002   1.7706911728363754E-002
  0.29909515223529010        8.3064049308213578E-004
   9.2101401887938500E-002  -9.0239836387568228E-003
   7.3322112489012131E-002   2.1763725522982606E-002
   8.2910322406257508E-002  -7.8960665841218552E-003
  0.11978803327015689        8.2147199687336817E-002
  -9.4084925760053589E-002  0.26215514191980205     
   6.5079537832324869E-002  0.17979436456887404     
  -5.4707979012978414E-002  0.16086609414302988     
  -7.0110523455188201E-002  0.16159190962225733     
  -2.0867432025985122E-002  0.16379153790527184     
   7.5385878128994721E-002  0.16523917677199620     
  -1.5244264418984965E-002  0.16719070424129434     
  0.74758291559721812       0.14616974875789149     
  0.75810849726151064       0.13480062142992202     
  0.78491299987246455       0.13244874296649659     
  0.85299350937388041       0.12622566330818735     
  0.79176600680869680       0.13218300977472652     
  0.78605433498507205       0.13403129489593524     
  0.69713061563804313       0.16718654530471480     
  0.82221818973368355        4.4968026919053892E-003
  0.85423806320080375        4.2981282663374643E-003
  0.84514008898488280        1.4764253058574511E-003
  0.89949489176559128        7.5457911314361602E-003
  0.82132249052966588        8.4268154823119001E-004
  0.75737666989618080        4.5253359407055623E-004
  0.77448542412880506        9.6129781111855802E-004
  0.78931338209501334       -3.0777218663015225E-003
  0.86995302887804926        1.1174027867113141E-003
  0.87205117754406736        4.3087592295885479E-004
  0.76831126791996573       -2.2641791912794453E-003
  0.70535324795399923       -1.7650548315984085E-003
  0.80533953201910558        8.1385757764911872E-004
  0.82901146188016461       -4.3943034735775886E-004
  0.16587795936280986       0.13828575727672404     
  0.17499802347341337       0.13496985917050677     
   4.0608992163781166E-002  0.17457448895407282     
  0.16690904369501419       0.13312764346030101     
  0.11477773194756713       0.13731931094613789     
  0.26873900641181775       0.14286392655987321     
  0.17022992373387272       -6.3980360992366920E-003
  0.39246777883674511       -2.4152062409891399E-004
  0.23109119612878287       -1.6801410417189593E-004
  0.20075089002475038        3.3360350109583664E-003
  0.19111186875017369        4.1850298004085691E-003
  0.11297431674444017        8.7806748522432240E-002
  -7.4720807429067559E-002   4.9557197440978550E-002
  -8.1784723360666334E-002   4.7976232722304335E-002
  -4.2421533562034264E-002   6.5191784758076146E-002
   6.7073152030389549E-002   6.2451256859090268E-002
  -3.3557733848598725E-002   8.2339747719577638E-002
  0.94211330303479091        1.8039901042231622E-002
  0.96176126894130420        9.4478455624341824E-003
  0.97350354700817765        7.0401137222157381E-004
  0.95403332187691847        6.7728585436055448E-003
  0.72571089485143858        1.3401480297468547E-003
  0.74044425177727347       -2.2287743463634928E-003
  0.87840790554069781        4.6502114942599477E-003
  0.82729013866611723       -5.4593737072498264E-003
  0.74098126517837160       -2.8915610890522516E-003
  0.68330300134017063       -3.4230545147837048E-003
  0.77087987962119886       -3.1479813156236563E-003
  0.81678546973720334        1.0378312096303243E-003
  0.14084267593424010        7.8589178373334942E-004
  0.15920419343768583        8.1466062100912489E-003
  0.19644804330462889       -1.6584863994053397E-002
  -8.3913184145885306E-002  -1.3931294641972591E-003
  0.15256192623191922        5.5444735493517883E-003
  0.11657092605204411        9.1762047814772235E-003
  0.21604320032247687       -1.2828109273727184E-002
   5.9716298655989264E-002   3.2156347579018912E-003
   2.2842024975552710E-002  -1.6253284049114482E-003
  0.34525910201952248        7.0115968919918338E-003
  0.67122725154534546       0.15502508079457533     
  0.68632129867465819       0.15193625256534618     
  0.71502992710365287       0.14234849483706394     
  0.82911810827753551       0.14808115052818685     
  0.71826987322211111       0.15622842766649297     
  0.72752891142169318       0.16013105653987095     
  0.21026689472120960       0.24981006337795672     
  0.22251115684719505       0.23712981313967793     
  0.29752273327837730       0.27819200677065820     
   9.1454039728748993E-002  0.24906902391523478     
  0.12246079252449900       0.25112652606919900     
  0.16002824277570082       0.25379079357669648     
  0.16799728822869972       0.23963081729763375     
  -8.8275701110642479E-003  0.20000990441896402     
  -8.7676172459126567E-002  0.19102871679253400     
  -8.2453771195478559E-002  0.19544743668399317     
  -7.5205011931010979E-002  0.12439328161424504     
  -5.7778835413857893E-002  0.12268714835724899     
  -7.2556488526715618E-002  0.12294461422415401     
  0.12449853496939067       0.14745223535839036     
  0.20462228408805289       -9.8763709137592026E-004
  0.12645657139493749       -4.1869643802628563E-004
   8.1676090558390452E-002   2.6979917087478181E-003
  0.13526244259597250       -2.0610140261236542E-002
  0.29457823471468386        1.2452667861203354E-003
  0.42758272609963072        1.2527483998860428E-003
  0.44751173821691148       -1.7301745083221845E-004
  0.40039488063424100       -3.1242440398636237E-003
  0.47447935522519702       -1.7347450135841900E-003
  0.26710631556283027        2.6230552523900720E-003
  0.62623997026687883        1.8930705919911962E-002
  0.68458256838795317        1.1916057871492762E-002
  0.46600913062706972        2.6299998063288428E-002
  0.65814736980650990        3.0246794274645942E-002
  0.43655997041623884        1.8192433725313806E-002
  0.53923253645205071        2.2596442649661611E-002
  0.61927192435784795        3.6811161512725413E-002
  0.54290995373760564        1.8706940296745276E-002
  0.35469686168436088        4.3737613825485785E-002
  0.50409087446321421        5.4220707082015401E-002
  0.21282348734654746        2.2100578287264510E-002
  0.41673261481484664        3.8172727753038857E-002
  0.13948096773546179        3.4166946097695702E-002
  0.20102591152130633        3.9101947776732475E-002
  0.25294659073904291        3.1988908536078074E-002
  0.33465145494427834        1.7970343024593889E-002
  0.25815985490712678        4.5846785742042269E-002
  0.86757110129203252       -1.9788785958775273E-003
  0.96439350344964536        3.0912012073850120E-003
  0.94832159491606971       -1.0990283110258188E-003
  0.88618295577425210       -6.3503376515465252E-003
  0.92231737209700970       -6.4708599269172379E-004
  0.94665159570863544       -7.8571204327096563E-004
  0.98684406753773224        9.8326762151727080E-003
  0.20421072507804000       -6.6559077245274684E-002
  0.40088207449989566        1.2596067335274474E-002
  0.22868913943285990        7.0879289311199635E-003
  0.20254607667678895        6.6438648602652759E-003
  0.20984012780003614       -5.4175284405365660E-003
  0.37721366788958527        2.9433060817074527E-002
  0.58334697708743044        9.9820059252443555E-003
  0.60685742135313536       -3.7000416006854219E-004
  0.60315445192505779        1.8675346546876515E-002
  0.70808588679973372        1.4043305679535661E-002
  0.59061225343497803        1.3691458398637160E-002
  0.53266128247488354       -3.2657256707119119E-003
  0.64457055737840085        3.4037502207289396E-003
  0.48947611737667263        3.1281954673396055E-002
  0.65239285988434703        1.2257620280420930E-002
  0.82209307695716738        2.5771873650454365E-003
  0.72484568900092095       -1.3529777179666987E-003
  0.55481383281759866       -1.1808690353571833E-003
  0.78115356587455786        7.4402037411422828E-004
  0.72547132438758610        7.6328347695225137E-004
  0.19766081035205740        1.0945867007753183E-002
  -6.5195252031935824E-002   2.3432810183311586E-003
  -8.4936467449159087E-002  -3.2395965922499021E-004
  -9.0793658838005165E-002  -4.8797874420135490E-003
  0.95003739402595599       -3.0756226850504678E-003
  0.99237204132070778        1.0429660983790989E-003
  0.99633025061883396       -3.9392958123306140E-003
  0.99623620808469582       -2.6960714250803385E-003
  0.98392575264158966       -1.8727780249503010E-003
  0.99146326770586723       -1.1094276968550666E-003
   6.3769250434268232E-002  -6.5629287989389468E-002
  0.29070948035014998        3.7236779886469638E-002
   6.0049072942577331E-002   2.3331244339242788E-002
   4.5289821827176113E-002   5.3890500421188120E-002
   6.1492749370176569E-002  -2.5957776823408510E-002
  0.10015793732413220        1.1119219847883991E-003
  0.21488404521208093        4.7128949035861690E-003
  0.70369634805488668        9.1890626038973619E-002
  0.74012273787085392        8.9232693140954458E-002
  0.76821009303407617        7.9305013365230340E-002
  0.63974064157997990       0.10785865931896235     
  0.78288418338307009        9.8507271950027134E-002
  0.71505922007801515        8.8057338305888105E-002
  0.64764871101744625       0.10911163290952455     
  0.65786574201474612       -3.3425157168294802E-003
  0.71870434250195792       -3.8818913480724538E-003
  0.45741604946828462        8.9833006876898162E-003
  0.65669497352354655       -1.3661553311033220E-002
  0.44545101791599656       -8.8073565653271145E-004
  0.53250247430589237        4.9149835120062069E-003
  0.63116946485446412       -2.4785332552559099E-003
  0.98706105669634980        5.4750847723127635E-004
  0.99720588357891460       -4.2505274616567703E-004
  0.99192323629207069       -1.3171948025796579E-003
  0.99324967153024091       -1.8023279581236178E-003
  0.99963502217786937        8.3129325865411764E-004
  0.98816600575892855        1.6411836388117915E-003
  0.13930847207494149       0.13246439172701949     
   8.1578833185296240E-003  0.11013581044319495     
  -6.9662018851357810E-002  0.11128465476742398     
  -4.0428114493415435E-003  0.11089543821439511     
   4.1931155479312310E-002  0.11116968048219136     
  0.13272350050634232       0.10889889671508828     
   4.8020940876870477E-002  0.12766311865842941     
  0.62278010461483946        8.4916412160106983E-004
  0.63631760727266795       -5.4668864384596884E-005
  0.67081882380926094       -1.3352013552095448E-003
  0.77045089458268401       -4.2244938179285637E-004
  0.63499411382923587       -3.3303824079798957E-003
  0.58898823827171887        2.9710001599958600E-004
  0.66798505818139886        4.4567733278943306E-004
  0.71713113316268529       -2.3710797897497052E-003
  0.94260396756291898        9.8087097748654267E-004
  0.90563350880535820        9.4037645013731136E-004
  0.91532610857704810        1.0679193046887114E-003
  0.95810810409759672       -1.1549248023281166E-003
  0.90976480322716902        1.8992592505824720E-003
  0.86138844725869168        5.5251441139887595E-003
  0.88954352395264125        4.3041167197905104E-003
  0.88230911489728747        1.1148198628110624E-003
  0.96230708312128976       -1.3085628101525500E-003
  0.75109245828204807        6.9246880664974152E-003
  0.92317738569175767        5.5167347462069475E-003
  0.86137305271614140        2.1253009273816455E-003
  0.38256531238538338        8.4135536254450499E-002
  0.49262350598277371        8.2703558476082906E-002
  0.25894134109035760        7.5380639790021020E-002
  0.23988729995098795        5.4533390711802091E-002
  0.30308503861805497        6.4489324284025470E-002
  0.37814825406919705        7.1651545479248444E-002
  0.30792655797889318        9.0258191014254516E-002
  -5.6323140341255490E-002  0.22177906897442204     
  -2.6948328333273180E-002  0.21899558070053621     
  0.16614623905778383       -8.5020807505557317E-004
  0.18485772435162992       -1.5506346889086720E-004
  0.14186374538764840       -5.1013352026934482E-003
  0.22894913365187408       -2.5845571095877728E-003
   6.2060620641580605E-002   4.6924016013175840E-003
   8.1837828321012468E-002   2.4799101011279450E-002
  0.30396288149674106        8.4751966823167141E-004
  0.11626799293194129       -1.8370760649632202E-002
   9.3267559762474805E-002  -1.0370612665447969E-002
   9.1723816308465073E-002  -6.4404368176136234E-003
  0.29310704377281654        2.5476774128805581E-002
  0.76107211434809696        1.9621664489074078E-003
  0.80086019120840990       -8.6461834010806492E-004
  0.75638845418211287       -6.8462720169913715E-004
  0.89674566890852447        3.7369930714168309E-003
  0.73871238636029590        8.6660225717047866E-004
  0.61671505053052744        8.3818313049875796E-003
  0.64024719277373021        2.6070822242617044E-003
  0.63640743083635254        1.8072617873496892E-002
  0.73143165879338912        1.3724598829335260E-002
  0.62417949208074019        1.3313824791760968E-002
  0.56165726588533038        2.0056339037771636E-004
  0.67691610752506381        4.3708906987681489E-003
  0.51585736685970651        3.5249432613144997E-002
  0.68341222813811875        1.1506305277751162E-002
  -1.7535280535869280E-002  -5.3442707312885435E-003
  0.23490137370923730        3.7478703672659777E-002
  -1.6587914001142678E-004  -2.1772687804446937E-003
  -1.8296717941052254E-002   1.0759656352642602E-003
  -1.4343668680412536E-002   4.2652573153633314E-002
  0.18517355450079029       -3.3462569972034603E-002
  0.88883603462566318       -5.4098435224847240E-003
  0.84007510403115659        1.0679439633908623E-003
  0.87415145177887932       -1.1953104522261194E-003
  0.93329174420092487        8.8012785027625573E-004
  0.83760968961600213        8.7154376573935952E-004
