 cosx vtec
  0.53495115642334856        3.1388095203105523E-002
  0.51379717849532214        1.1266557126342261E-002
  0.51524730633649329        1.6147304182509994E-002
  0.52956853282104333        2.6590208887822465E-002
  0.44255198297367859        2.7965496839924199E-002
  0.57517458974868751        4.8858144319178523E-002
  0.69595814847772386       -1.2897270245265243E-003
  0.64883362967718594       -1.5853890733796313E-003
  0.67272632659131548        2.7911010227498938E-003
  0.57376493887528524        2.5617719413499748E-004
  0.59106509000671459        1.3981685127904576E-003
  0.71832157182215062       -5.1007868414364495E-003
  -3.5220839903899931E-002   4.0766235908728171E-004
  0.33573581387359053       0.24536648206127828     
  0.49260005766819970       0.18116790074331321     
  0.49625367907690526       0.18711093450550123     
  0.50540233951250868       0.18987606643068172     
  0.44950379443429850       0.21150504713415480     
  0.54432500636920966       0.18739092016021178     
  0.48437193484855673       0.18751340178758585     
  -8.2216172661016468E-002   1.7863194930720187E-002
  -1.4442139724657188E-003   1.9575283317887330E-002
  0.14396713301241343        3.0287222014354839E-002
   9.9491391668265594E-002   1.6668697761839574E-002
  0.17784109340596488        1.3116161486377044E-002
  -4.1249921662197681E-002   2.5127913673000962E-002
   4.7169499223298300E-002   1.0602088710713380E-002
   5.9148818785469848E-002   1.3917213258329682E-002
  0.26457005768543840        1.0555076789434181E-002
  0.84248538758077562       -2.7604670143527199E-003
  0.78060010390591139       -1.1527491207212459E-004
  0.79654856884200531       -1.3811317215394021E-003
  0.84364291363953847        4.4922859168688416E-003
  0.90562988359202801       -1.2436391499969313E-003
  0.95110980536258727        2.0479110461447654E-004
  0.97837405916741149       -4.5297425071958546E-003
  0.94957200462016711        3.3594982712548912E-003
  0.90272632619707915       -1.0845568661108529E-002
  0.92446734604105785        2.4618362171800252E-002
  0.96335790991003778       -3.8686800322529163E-002
  0.97193695108097899        4.1191537438215890E-004
  0.75670662468922856        2.3041674179984772E-003
  0.73658174606082860       -2.7525199677435008E-004
  0.76222600288181763       -1.2724938539822386E-003
  0.66289781378160850       -2.9124891541573404E-003
  0.69103517990250130        1.6272398366837053E-003
  0.78145810091670764       -1.8118724865727565E-004
  0.74344423082890931       0.16537621692818413     
  0.75186825437951388       0.15934392381651821     
  0.76590692659773352        2.5444023499378923E-002
  0.73812130861334979       0.16245428121964881     
  0.78472101069573730       0.15838180996555629     
  0.72448484544054026       0.16540010551223430     
  0.53924507810355893       0.19077796878947312     
  0.54908722854811887       0.19748407119543368     
  0.53212902746847179       0.19677924073786038     
  0.51966237060663290       0.19784547479312053     
  0.59299013860935679        7.1904269094688437E-003
  0.53344375846279901       -4.0428397746459149E-004
  0.54130756159768934        8.0264766956408590E-004
  0.56933210999477180       -4.8977605447199585E-004
  0.45748658108888185       -4.6278575108834206E-003
  -8.9917599762529860E-002   6.6928927599418278E-002
   3.7918935234956888E-002   7.8420673010781289E-002
   2.7180795821169224E-003   6.1524758571879119E-002
  0.12910675409639497        3.4345231023820519E-002
  -5.0466776385478695E-002   4.5257741978062357E-002
  -3.8408175977824172E-002   6.0545584113714725E-002
  0.66879612344290074       -1.9673738106778019E-003
  0.63258930416988324        3.1601492638171458E-003
  0.63892950571868057       -3.5944424831929598E-003
  0.65848209027569915       -4.0640839485871225E-003
  0.54983805136923092        8.8320842817718771E-003
  0.52357271191156141        7.7012684142695968E-003
  0.49435258367888057        2.1670522914370286E-003
  0.49786008894622069        1.8489583781809297E-003
  0.51508915762903107        4.0539128396376491E-003
  0.42859945223502216        1.1603254861881261E-002
  0.74314602282511188       0.15621543594884907     
  0.75553640206834582       0.16669204073483934     
  0.76354529762461365       0.15831919765343447     
  0.74292652381670876       0.15216228660618406     
  0.78223481696515362       0.14958327736875440     
  0.72831712035716323       0.15520144799549179     
  0.89137694944913648       -2.0566632077150596E-002
  0.89989955000531152       -1.2701386721718732E-002
  0.82880667379231932       -4.1639714671229781E-003
  0.84158396595798379       -1.2944937963955926E-003
  0.87286073312302137       -5.6288340745692606E-003
  0.93942472169011670       -4.6381131940633384E-003
  0.29572058900768317       -1.8425442309917390E-003
  0.41467695977575403       -6.4994435822044718E-003
  0.42386354944180982       -1.5193500429710259E-003
  0.34183037582735037       -1.0268789279195456E-003
  0.35105575378423376       -2.8028151825057441E-004
  0.27766657882536300        5.2825112062993246E-004
  0.47793458549154177       -2.3291142227196697E-004
  0.36758643395468038       -1.0360885492778609E-003
  0.39271345689075365        2.9107282886670050E-005
  0.19876952914736978       -2.7870839953360914E-003
  0.32046878936811651        1.0504469837238101E-003
  0.88545693330649233        1.7706911728363754E-002
  0.93814309683286201        8.3064049308213578E-004
  0.84569795726175434       -9.0239836387568228E-003
  0.85594783900133109        2.1763725522982606E-002
  0.87726042772570789       -7.8960665841218552E-003
  0.91939112544125023        8.2147199687336817E-002
  0.71544587298875939       0.17979436456887404     
  0.70798094999870376       0.16086609414302988     
  0.71640687056045882       0.16159190962225733     
  0.70036310559472770       0.16379153790527184     
  0.76242608330243888       0.16523917677199620     
  0.68765875982493840       0.16719070424129434     
  0.25437353108887961       0.14616974875789149     
  0.36546749773386139       0.13480062142992202     
  0.35821921402622681       0.13244874296649659     
  0.44970550066403037       0.12622566330818735     
  0.32415199433750191       0.13218300977472652     
  0.42462773760848482       0.13403129489593524     
  0.37233703028254972       0.16718654530471480     
  0.85855012235890937        4.4968026919053892E-003
  0.84734086679265219        4.2981282663374643E-003
  0.87577598776125698        1.4764253058574511E-003
  0.79181789082369147        7.5457911314361602E-003
  0.88312844587117700        8.4268154823119001E-004
  -8.5856637370873429E-002   9.6129781111855802E-004
   2.7307569306588841E-002   1.1174027867113141E-003
   7.8117663814502220E-002   4.3087592295885479E-004
  -5.0494097950461586E-002   8.1385757764911872E-004
  -3.9203971109950303E-002  -4.3943034735775886E-004
  0.86513107543900225       -6.3980360992366920E-003
  0.85687345682269933       -2.4152062409891399E-004
  0.78602241568943942       -1.6801410417189593E-004
  0.79945638202702063        3.3360350109583664E-003
  0.83717077268941698        4.1850298004085691E-003
  -3.2567203953537405E-004  0.15366162381360923     
  -3.5999096220616367E-003  0.11551612918117631     
  -9.5546211814505302E-002  0.16378948154012907     
  0.85406319609929948        8.7806748522432240E-002
  0.81077428080290814        4.9557197440978550E-002
  0.80225327741743080        3.7410694713585532E-002
  0.81127840223818093        4.7976232722304335E-002
  0.81490289088449375        6.5191784758076146E-002
  0.87746990400307934        6.2451256859090268E-002
  0.80271348784857877        8.2339747719577638E-002
  0.57319250346144335        1.8039901042231622E-002
  0.55683335707075210        9.4478455624341824E-003
  0.59532664956642445        7.0401137222157381E-004
  0.61149145473755584        6.7728585436055448E-003
  -6.7579537072446738E-002   1.3401480297468547E-003
  -1.1430267481329914E-003  -2.2287743463634928E-003
  0.13080265067749428        4.6502114942599477E-003
  0.14261496053900660       -5.4593737072498264E-003
  -9.8041300890306909E-002  -2.8915610890522516E-003
  -6.8834596281649729E-002  -3.4230545147837048E-003
   2.9802152752039887E-002  -3.1479813156236563E-003
   4.2053710858563811E-002   1.0378312096303243E-003
  0.12600012939264504       0.15502508079457533     
  0.22624783422553957       0.15193625256534618     
  0.21921515015300480       0.14234849483706394     
  0.35864963605950007       0.14808115052818685     
  0.18391929733035023       0.15622842766649297     
  0.30705444028384377       0.16013105653987095     
  -6.8876269601892970E-002  0.24981006337795672     
   3.8512617553620648E-002  0.23712981313967793     
   5.4915626794651271E-002  0.27819200677065820     
  -8.4199697332731971E-002  0.24906902391523478     
   5.9388481827723841E-002  0.25379079357669648     
   2.4996704900396894E-002  0.23963081729763375     
  0.57817854305952110       0.20000990441896402     
  0.57623766669515353       0.18849306004408550     
  0.59107422336619764       0.20000520977718561     
  0.56397042320262458       0.19102871679253400     
  0.55100571491361827       0.19544743668399317     
  0.37623986378622187       0.21606207179078721     
  0.38734635830278030       0.22397928138036893     
  0.37003472823649253       0.21680856679272215     
  0.35703002615767171       0.23013724365828847     
  0.25089195309220469       -9.8763709137592026E-004
  0.33916512048934339       -4.1869643802628563E-004
  0.36326841873545990        2.6979917087478181E-003
  0.17873797853649104       -2.0610140261236542E-002
  0.29238986216059992        1.2452667861203354E-003
  -9.9098150931555523E-002  0.24713170551468802     
  -8.9382748806447823E-003  0.23721193722235798     
  0.94525260624438523        1.8930705919911962E-002
  0.94057421587546497        1.1916057871492762E-002
  0.97669479206001131        2.6299998063288428E-002
  0.97115828753103084        3.0246794274645942E-002
  0.98628969868031313        1.8192433725313806E-002
  0.95591557038691854        2.2596442649661611E-002
  0.96846935288097979        3.6811161512725413E-002
  0.93423253103837589        1.8706940296745276E-002
  0.93998342146913305        4.3737613825485785E-002
  0.95322717561180881        5.4220707082015401E-002
  0.93405344462328799        2.2100578287264510E-002
  0.98824708061672606        3.8172727753038857E-002
  0.92680031115924966        3.4166946097695702E-002
  0.93657539842301429        3.9101947776732475E-002
  0.93071938309396041        3.1988908536078074E-002
  0.96299797192684100        1.7970343024593889E-002
  0.91500609838224722        4.5846785742042269E-002
   9.8937324323248158E-002  -1.9788785958775273E-003
  0.32176384070144093        3.0912012073850120E-003
  0.34600626542980295       -1.0990283110258188E-003
   8.3997634005339411E-002  -6.3503376515465252E-003
  0.25955375820852283       -6.4708599269172379E-004
  0.26994021826769349       -7.8571204327096563E-004
  0.46401512732863326        9.8326762151727080E-003
  0.59341914530191697        4.4944733756782226E-003
  0.51260763112653729        4.1619556586150374E-005
  0.52185906448131325        1.0181072196445450E-004
  0.55706085671506989        9.7886086240164469E-004
  0.42957415572416691        1.4547404301936036E-003
  0.92173610413556817       -6.6559077245274684E-002
  0.93826443314527708        1.2596067335274474E-002
  0.86909971829125043        7.0879289311199635E-003
  0.88205004835891598        6.6438648602652759E-003
  0.90934081780807163       -5.4175284405365660E-003
  0.96220113557964448        2.9433060817074527E-002
  0.49901481970747952       0.16996716393424466     
  0.50388169405098127       0.16878339842997775     
  0.49925036693408464       0.17779457800968479     
  0.48766859049261185       0.19331008144297543     
  0.86122511075612285        2.5771873650454365E-003
  0.85967537070221545       -1.3529777179666987E-003
  0.82430142581837906       -1.1808690353571833E-003
  0.74677834178998925        7.4402037411422828E-004
  0.89728736668587938        7.6328347695225137E-004
  0.71029600393330017        2.6846181032148721E-003
  0.79250193975109773        1.0945867007753183E-002
  0.64831309610261212        2.3432810183311586E-003
  0.65750029884608086       -3.2395965922499021E-004
  0.68680792933396095       -4.8797874420135490E-003
  0.53964162314313391       -5.2858658594888007E-004
  0.28613477305744411       -3.0756226850504678E-003
  0.46880165349286412        1.0429660983790989E-003
  0.42407237424653793       -3.9392958123306140E-003
  0.45576238749099607       -2.6960714250803385E-003
  0.37050710654563634       -1.8727780249503010E-003
  0.38375451862773802       -1.1094276968550666E-003
  0.89232072876850377       -6.5629287989389468E-002
  0.96028099492253149        3.7236779886469638E-002
  0.86013454288565649        2.3331244339242788E-002
  0.86984068928298564        5.3890500421188120E-002
  0.88765285405686267       -2.5957776823408510E-002
  0.91126743701627144        1.1119219847883991E-003
  0.95103820204888501        4.7128949035861690E-003
  0.60764356264515051        8.2660410074114427E-002
  0.59957669500846345        5.3228857593158180E-002
  0.59672911282760432        7.3020605151964693E-002
  0.60631763642351522        7.8166746204510071E-002
  0.50469961338257030        9.1071406014058096E-002
  0.62243812309461111        9.4915412526753465E-002
  0.61491856800428790       0.12187381817133008     
  0.51438960635072606        9.4451464532240188E-003
  0.47759055847276055        1.1453759532210719E-003
  0.48239610327512139        3.0972946582373577E-004
  0.50242199712320901        4.0459565148590155E-003
  0.41424626296537692       -2.9440414659286200E-003
  0.73139291206454404        9.1890626038973619E-002
  0.72825310423941469        8.9232693140954458E-002
  0.78206752981464023        7.9305013365230340E-002
  0.75016754246242112       0.10785865931896235     
  0.68121088713828848        9.8507271950027134E-002
  0.76513878903498800        8.8057338305888105E-002
  0.72650215155970288       0.10911163290952455     
  0.97356133844162018       -3.3425157168294802E-003
  0.96044496195829199       -3.8818913480724538E-003
  0.99872109167027834        8.9833006876898162E-003
  0.97786541329751997       -1.3661553311033220E-002
  0.99664984840055071       -8.8073565653271145E-004
  0.98986983349170654        4.9149835120062069E-003
  0.98717819855638211       -2.4785332552559099E-003
  0.59701335462681115        5.4750847723127635E-004
  0.56303135568510332       -4.2505274616567703E-004
  0.58997747872656547       -1.3171948025796579E-003
  0.50587606633348292       -1.8023279581236178E-003
  0.52195558345970694        8.3129325865411764E-004
  0.62686005429609704        1.6411836388117915E-003
  0.81717541517091208       0.13246439172701949     
  0.80456462876818502       0.11013581044319495     
  0.81039748055977234       0.11128465476742398     
  0.80932096316775071       0.11089543821439511     
  0.80039795946692638       0.11116968048219136     
  0.85274655754472806       0.10889889671508828     
  0.78732949733011515       0.12766311865842941     
  -3.2904339730719101E-003  -4.2244938179285637E-004
  0.70080563791694850        9.8087097748654267E-004
  0.71355273295885180        9.4037645013731136E-004
  0.62971107388189917        1.0679193046887114E-003
  0.64108168295460932       -1.1549248023281166E-003
  0.75761338423842506        1.8992592505824720E-003
  0.82562383069229484        5.5251441139887595E-003
  0.81263305552755383        4.3041167197905104E-003
  0.84061772287859993        1.1148198628110624E-003
  0.71333321162395924       -1.3085628101525500E-003
  0.87433845163918056        6.9246880664974152E-003
  0.76228990093619065        5.5167347462069475E-003
  0.85066220402812098        2.1253009273816455E-003
  0.90466366860653813        8.4135536254450499E-002
  0.91434699617191650        8.2703558476082906E-002
  0.91178868512215139        7.5380639790021020E-002
  0.91911735490838564        5.4533390711802091E-002
  0.90173843018574973        6.4489324284025470E-002
  0.93309257648078126        7.1651545479248444E-002
  0.88615716239351783        9.0258191014254516E-002
  0.58367459715747327       0.22177906897442204     
  0.57294254945309353       0.19590597892690828     
  0.58429284465354736       0.20224077677783442     
  0.56385799278111881       0.19946131417052668     
  0.65087671739505693       0.21899558070053621     
  0.55124846377709924       0.20788173597004292     
  0.84378724772968328        2.4799101011279450E-002
  0.87552953845867931        8.4751966823167141E-004
  0.78700263051464858       -1.8370760649632202E-002
  0.79786147251693207       -1.0370612665447969E-002
  0.82615728151758316       -6.4404368176136234E-003
  0.92255754301848281        2.5476774128805581E-002
  0.93805702380222533        1.9621664489074078E-003
  0.91901819051006051       -8.6461834010806492E-004
  0.93669915364198630       -6.8462720169913715E-004
  0.83143499905324025        3.7369930714168309E-003
  0.95157766720327874        8.6660225717047866E-004
  0.82002288067520135       -5.3442707312885435E-003
  0.89452107808020676        3.7478703672659777E-002
  0.77802000183239794       -2.1772687804446937E-003
  0.78701905485351120        1.0759656352642602E-003
  0.80910657698436472        4.2652573153633314E-002
  0.91774831231907084       -3.3462569972034603E-002
  0.81050994695664824       -5.4098435224847240E-003
  0.82154083735780448        1.0679439633908623E-003
  0.72382398524971392       -1.1953104522261194E-003
  0.73728539720840880        8.8012785027625573E-004
  0.85451129553162786        8.7154376573935952E-004
