 cosx vtec
  -8.3484105100733175E-002   4.8858144319178523E-002
  0.19180906164951533       -9.6162401822252549E-004
  0.21726831951844755       -3.1685733285309186E-004
  0.21719404262145331        1.2930267714109428E-003
  0.19707392725082651        7.5567409252068395E-005
  0.16524641177195803        3.9073304018642291E-003
  0.25592830282226908       -7.3190681211835254E-004
  0.29298504850724888       -5.0381838196475351E-004
  0.99335178297062465       -1.2897270245265243E-003
  0.98251762572385148       -1.5853890733796313E-003
  0.97516163515764087        2.7911010227498938E-003
  0.94104047959109893        2.5617719413499748E-004
  0.96638219618476939        1.3981685127904576E-003
  0.99234054478098987       -5.1007868414364495E-003
  0.36484411841093195       -1.4334823602417959E-004
  0.39270410164972047        9.1280395362138908E-005
  0.38989135196133623        2.6484931139093269E-003
  0.54022974220436537        2.4790802105653944E-003
  0.59090949222123468        4.0766235908728171E-004
  0.37089544154178988       -1.5515789069554193E-003
  0.32757089312090620       -3.5281456368758475E-003
  0.42936361089968644       -1.1035258684171378E-003
  0.45506439348976324        4.7901094501673130E-004
   4.9529599493269488E-002   1.5687779507678255E-003
   5.6830528660105503E-002   2.7623175054397550E-003
   4.3403890035460413E-002   4.0197458449612528E-003
  0.13073903236480958       -4.7835043372671920E-004
  -3.2436115062925736E-002  -3.4377783499088652E-003
  0.50313595521742138       0.24536648206127828     
  0.55230521363361329       0.18116790074331321     
  0.58930692410839547       0.18711093450550123     
  0.51763722400614176       0.18987606643068172     
  0.60835457241595214       0.21150504713415480     
  0.59222469421399127       0.18739092016021178     
  0.51449703706974648       0.18751340178758585     
  0.57338294874656670        1.7863194930720187E-002
  0.62196884072630609        1.9575283317887330E-002
  0.71224173027266358        3.0287222014354839E-002
  0.69950360438219017        1.6668697761839574E-002
  0.76289856118273158        1.3116161486377044E-002
  0.59838656950710289        2.5127913673000962E-002
  0.67465685392161778        1.0602088710713380E-002
  0.67381125387618090        1.3917213258329682E-002
  0.79994554164126597        1.0555076789434181E-002
  0.67311566591334049       -2.7604670143527199E-003
  0.53677586773148211       -1.1527491207212459E-004
  0.51510856675182581       -1.3811317215394021E-003
  0.52037400134824185        4.4922859168688416E-003
  0.70956958350979349       -1.2436391499969313E-003
  0.91524664888361418        2.0479110461447654E-004
  0.67499704660749449       -4.5297425071958546E-003
  0.81876642276354417        3.3594982712548912E-003
  0.67443361224247167       -1.0845568661108529E-002
  0.64599329594148469        2.4618362171800252E-002
  0.67441044043250176       -3.8686800322529163E-002
  0.81668551918048837        4.1191537438215890E-004
  0.98873104084329877        2.3041674179984772E-003
  0.99618472975611527       -2.7525199677435008E-004
  0.99997419574070667       -1.2724938539822386E-003
  0.98622159586572367       -2.9124891541573404E-003
  0.99189455411691108        1.6272398366837053E-003
  0.99758537786163459       -1.8118724865727565E-004
  0.45111625209111528       0.16537621692818413     
  0.37395417397114517       0.15934392381651821     
  0.36155966586114840        2.5444023499378923E-002
  0.39842739680707490       0.16245428121964881     
  0.47639653295141676       0.15838180996555629     
  0.39673329185570894       0.16540010551223430     
   2.9554636376026733E-002  0.19077796878947312     
   2.2717580650469027E-002  0.19748407119543368     
   5.0723939516916894E-002  0.19677924073786038     
   5.0286706061853648E-002  0.19784547479312053     
   3.7372984189236236E-002   7.1904269094688437E-003
   3.6918044944313222E-002  -4.0428397746459149E-004
   2.7089452858617802E-002   8.0264766956408590E-004
   3.4503460404188446E-002  -4.8977605447199585E-004
  -8.9783220674854725E-002  -4.6278575108834206E-003
  0.47482407547916117        5.8068373183961623E-002
  0.52245864621214788        6.6928927599418278E-002
  0.60345345330587119        7.8420673010781289E-002
  0.59928921454910977        6.1524758571879119E-002
  0.71416787466285792        3.4345231023820519E-002
  0.50142473763183193        6.3733997491919478E-002
  0.58580651081213841        4.5257741978062357E-002
  0.36353395274048661       0.10812904251234406     
  0.57267168582377548        6.0545584113714725E-002
   7.1406745921398007E-002  -1.9673738106778019E-003
   6.6871425814566066E-002   3.1601492638171458E-003
   5.8170269184875723E-002  -3.5944424831929598E-003
   6.8114695278184423E-002  -4.0640839485871225E-003
  -6.3042267513679695E-002   8.8320842817718771E-003
  -9.6404021312017085E-002   2.1612762921603676E-002
  0.53216895619685389       0.15621543594884907     
  0.60518436191908431       0.16669204073483934     
  0.45870118441528007       0.15831919765343447     
  0.48698424763654818       0.15216228660618406     
  0.55743727420097944       0.14958327736875440     
  0.48484516149690582       0.15520144799549179     
  0.48545128022153405       -2.0566632077150596E-002
  0.64250810253585744       -1.2701386721718732E-002
  0.49062211324063099       -4.1639714671229781E-003
  0.47516947079397182       -1.2944937963955926E-003
  0.48685283292380865       -5.6288340745692606E-003
  0.65103889737785758       -4.6381131940633384E-003
  0.74892595615945334       -1.8425442309917390E-003
  0.86703219693651823       -6.4994435822044718E-003
  0.83924078105111988       -1.5193500429710259E-003
  0.79107673979598125       -1.0268789279195456E-003
  0.82670431810940825       -2.8028151825057441E-004
  0.29127960457130098        5.2825112062993246E-004
  0.45753013673145793       -2.3291142227196697E-004
  0.26829961622206971       -1.0360885492778609E-003
  0.24267585259788460        2.9107282886670050E-005
  0.20724705569473334       -2.7870839953360914E-003
  0.37052738091376397        1.0504469837238101E-003
   3.7638255229102691E-002   1.2428388263224378E-003
   6.2455024553022709E-002  -2.6804108066335843E-004
   6.6909721786421184E-002   5.3309663252945824E-003
   4.2558698496142133E-002  -1.7674594537552189E-004
   1.7551423828484070E-002   1.4058700887975260E-003
  0.10493431741538883        3.4385848994467221E-003
  -9.6330284555788181E-002   7.1561491682741601E-004
  0.16548494182808754        4.6256906650562378E-004
  0.41036156790311162        1.7706911728363754E-002
  0.59249820681018195        8.3064049308213578E-004
  0.40235237699280113       -9.0239836387568228E-003
  0.39246187201790733        2.1763725522982606E-002
  0.40799550098091958       -7.8960665841218552E-003
  0.45200585334884558        8.2147199687336817E-002
  0.33085544836248160       0.17979436456887404     
  0.23899776633716263       0.16086609414302988     
  0.23089323479516466       0.16159190962225733     
  0.26110661915101097       0.16379153790527184     
  0.35705902877722623       0.16523917677199620     
  0.26026294907751818       0.16719070424129434     
  0.65533633117389190       0.14616974875789149     
  0.70702313862211419       0.13480062142992202     
  0.72405559881288906       0.13244874296649659     
  0.81071756172348863       0.12622566330818735     
  0.71568789104320629       0.13218300977472652     
  0.75112950328352845       0.13403129489593524     
  0.66447668637087798       0.16718654530471480     
  0.94934063523911671        4.4968026919053892E-003
  0.96867977558337326        4.2981282663374643E-003
  0.97315691804582261        1.4764253058574511E-003
  0.98034288893896449        7.5457911314361602E-003
  0.95838256105916209        8.4268154823119001E-004
  0.50765009189694488        4.5253359407055623E-004
  0.54093671606775828        9.6129781111855802E-004
  0.53528526562770518       -3.0777218663015225E-003
  0.65648740543462303        1.1174027867113141E-003
  0.67811118213897037        4.3087592295885479E-004
  0.51453695188541759       -2.2641791912794453E-003
  0.45683650202697323       -1.7650548315984085E-003
  0.57780323195288585        8.1385757764911872E-004
  0.59983200162086825       -4.3943034735775886E-004
  -3.3171402492030821E-002  0.14286392655987321     
  0.46801622912091168       -6.3980360992366920E-003
  0.62970602254379249       -2.4152062409891399E-004
  0.48194667110023826       -1.6801410417189593E-004
  0.46473275825368227        3.3360350109583664E-003
  0.47247299071536331        4.1850298004085691E-003
  0.42114851308299139        8.7806748522432240E-002
  0.26473995791939958        4.9557197440978550E-002
  0.23349306109019119        3.7410694713585532E-002
  0.25969602045625190        4.7976232722304335E-002
  0.29034387312079191        6.5191784758076146E-002
  0.39632345094262661        6.2451256859090268E-002
  0.29210885512408541        8.2339747719577638E-002
  0.92563352363739582        1.8039901042231622E-002
  0.93375604688095515        9.4478455624341824E-003
  0.95767367372473189        7.0401137222157381E-004
  0.94960632317721561        6.7728585436055448E-003
  0.51195312430337347        1.3401480297468547E-003
  0.54912644994436310       -2.2287743463634928E-003
  0.70363624509828437        4.6502114942599477E-003
  0.67036029347824055       -5.4593737072498264E-003
  0.51125691836821885       -2.8915610890522516E-003
  0.47998117049197464       -3.4230545147837048E-003
  0.58393780685773411       -3.1479813156236563E-003
  0.62284870286871930        1.0378312096303243E-003
  -9.9337229257860649E-002  -1.2828109273727184E-002
   1.5058942502753581E-002   7.0115968919918338E-003
  0.54796446382844166       0.15502508079457533     
  0.59875858725382680       0.15193625256534618     
  0.61728948837257047       0.14234849483706394     
  0.75703581975050638       0.14808115052818685     
  0.60575484345055186       0.15622842766649297     
  0.66125701984942131       0.16013105653987095     
  0.12886444576374007       0.24981006337795672     
  0.18036365442209693       0.23712981313967793     
  0.24251734138074976       0.27819200677065820     
   3.4626618342378915E-002  0.24906902391523478     
   3.6671972174366324E-002  0.25112652606919900     
  0.14223165860464218       0.25379079357669648     
  0.13456412731712869       0.23963081729763375     
  0.22178847935551696       0.20000990441896402     
  0.13620027543690777       0.18849306004408550     
  0.12686766597625776       0.20000520977718561     
  0.15765367690489757       0.19102871679253400     
  0.15640972195867589       0.19544743668399317     
  0.25096119739948441       -9.8763709137592026E-004
  0.22780627585907964       -4.1869643802628563E-004
  0.20408812079358746        2.6979917087478181E-003
  0.17098460587819048       -2.0610140261236542E-002
  0.33411775548525824        1.2452667861203354E-003
  0.19112469545560057        1.2527483998860428E-003
  0.19015043629223388       -1.7301745083221845E-004
  0.17712978097118071       -3.1242440398636237E-003
  0.25528513512362877       -1.7347450135841900E-003
   4.7266127354924747E-002   2.6230552523900720E-003
  0.83812175486880469        1.8930705919911962E-002
  0.87957757765330880        1.1916057871492762E-002
  0.73161155591435667        2.6299998063288428E-002
  0.87203524747171879        3.0246794274645942E-002
  0.71354291268430581        1.8192433725313806E-002
  0.77775360403631766        2.2596442649661611E-002
  0.84211889106481452        3.6811161512725413E-002
  0.77191978207793754        1.8706940296745276E-002
  0.63449410910191384        4.3737613825485785E-002
  0.75060877649915991        5.4220707082015401E-002
  0.52684990041102309        2.2100578287264510E-002
  0.69959954048729289        3.8172727753038857E-002
  0.46954860102411183        3.4166946097695702E-002
  0.51908941604778158        3.9101947776732475E-002
  0.55531363549891710        3.1988908536078074E-002
  0.62870501882867391        1.7970343024593889E-002
  0.55297740113568439        4.5846785742042269E-002
  0.68300827384022278       -1.9788785958775273E-003
  0.84287355961125132        3.0912012073850120E-003
  0.84051863322696607       -1.0990283110258188E-003
  0.69092235398849888       -6.3503376515465252E-003
  0.78707482969248177       -6.4708599269172379E-004
  0.80923828591111269       -7.8571204327096563E-004
  0.91571640020498601        9.8326762151727080E-003
   7.3639553720882323E-002   4.4944733756782226E-003
   7.7059514354507974E-002   4.1619556586150374E-005
   6.6202434800474053E-002   1.0181072196445450E-004
   7.2140451377750603E-002   9.7886086240164469E-004
  -6.9267869593661435E-002   1.4547404301936036E-003
  0.51559277623850197       -6.6559077245274684E-002
  0.66809514894504407        1.2596067335274474E-002
  0.51297358880282506        7.0879289311199635E-003
  0.49868398126755553        6.6438648602652759E-003
  0.51487579114445914       -5.4175284405365660E-003
  0.65998115587093853        2.9433060817074527E-002
  -9.1658041899425557E-002  0.16996716393424466     
  -9.6768376509665854E-002  0.16878339842997775     
  -6.8439900600309411E-002  0.17779457800968479     
  -6.6772445376525824E-002  0.19331008144297543     
  0.27037387171084015        9.9820059252443555E-003
  0.30007064493433605       -3.7000416006854219E-004
  0.29591532026835121        1.8675346546876515E-002
  0.42691966855532643        1.4043305679535661E-002
  0.27939782530304258        1.3691458398637160E-002
  0.21474555786145155       -3.2657256707119119E-003
  0.34447577157930781        3.4037502207289396E-003
  0.16639527224230294        3.1281954673396055E-002
  0.35464077209554157        1.2257620280420930E-002
  0.95030420856770492        2.5771873650454365E-003
  0.87751251158823640       -1.3529777179666987E-003
  0.73733998040579807       -1.1808690353571833E-003
  0.87471923027255549        7.4402037411422828E-004
  0.89283101264292197        7.6328347695225137E-004
  0.20444878781462350        2.6846181032148721E-003
  0.45969269327698675        1.0945867007753183E-002
  0.20764915090074104        2.3432810183311586E-003
  0.19662499355056834       -3.2395965922499021E-004
  0.20385211411236953       -4.8797874420135490E-003
   1.4171535753362219E-002  -5.2858658594888007E-004
  0.81814704677684136       -3.0756226850504678E-003
  0.92170975956262402        1.0429660983790989E-003
  0.90698267801933274       -3.9392958123306140E-003
  0.91942824088106767       -2.6960714250803385E-003
  0.87662114560151627       -1.8727780249503010E-003
  0.88744750601142564       -1.1094276968550666E-003
  0.39973625411088182       -6.5629287989389468E-002
  0.59501707187110697        3.7236779886469638E-002
  0.38426371950461113        2.3331244339242788E-002
  0.37714225844398003        5.3890500421188120E-002
  0.39620308537590709       -2.5957776823408510E-002
  0.43422756697239717        1.1119219847883991E-003
  0.53508710715873276        4.7128949035861690E-003
  -3.8402465632175253E-002   8.2660410074114427E-002
  -5.1612009930956326E-002   5.3228857593158180E-002
  -5.8235984049557155E-002   7.3020605151964693E-002
  -4.2629113466895074E-002   7.8166746204510071E-002
  -7.5537711186060563E-003   9.4915412526753465E-002
   1.7715845679908693E-003  0.12187381817133008     
  0.81115219528547566        9.1890626038973619E-002
  0.83694884577274631        8.9232693140954458E-002
  0.87904902155567033        7.9305013365230340E-002
  0.77109721080525950       0.10785865931896235     
  0.85010913123052578        9.8507271950027134E-002
  0.83291331580539374        8.8057338305888105E-002
  0.76762060218388029       0.10911163290952455     
  0.87277525459614047       -3.3425157168294802E-003
  0.91275125722959460       -3.8818913480724538E-003
  0.73393240248803648        8.9833006876898162E-003
  0.87360609030345149       -1.3661553311033220E-002
  0.72423363271725916       -8.8073565653271145E-004
  0.78616795473431411        4.9149835120062069E-003
  0.85833826955701009       -2.4785332552559099E-003
  0.96840255808828202        5.4750847723127635E-004
  0.96251178493418221       -4.2505274616567703E-004
  0.96923271562093227       -1.3171948025796579E-003
  0.93700298986372432       -1.8023279581236178E-003
  0.94809266814587090        8.3129325865411764E-004
  0.98101006373755983        1.6411836388117915E-003
  0.42612631696928671       0.13246439172701949     
  0.32380239365549646       0.11013581044319495     
  0.26834591837999622       0.11128465476742398     
  0.31662512927072151       0.11089543821439511     
  0.34722428877150047       0.11116968048219136     
  0.43528691334101405       0.10889889671508828     
  0.34658315433044645       0.12766311865842941     
  0.36627028290955943        8.4916412160106983E-004
  0.39484880104102371       -5.4668864384596884E-005
  0.39163839556293656       -1.3352013552095448E-003
  0.57055011916987153       -4.2244938179285637E-004
  0.36873611825800556       -3.3303824079798957E-003
  0.34048669424013400        2.9710001599958600E-004
  0.42939435567234241        4.4567733278943306E-004
  0.47193226089406315       -2.3710797897497052E-003
  0.97639607154453067        9.8087097748654267E-004
  0.95398981237112546        9.4037645013731136E-004
  0.92807226611832438        1.0679193046887114E-003
  0.96431683129878487       -1.1549248023281166E-003
  0.97445708182991431        1.8992592505824720E-003
  0.96541025767483712        5.5251441139887595E-003
  0.98117726367248781        4.3041167197905104E-003
  0.98685969686395736        1.1148198628110624E-003
  0.99596778521052154       -1.3085628101525500E-003
  0.90278448073885587        6.9246880664974152E-003
  0.98625916610947462        5.5167347462069475E-003
  0.97528725742886113        2.1253009273816455E-003
  0.64122997140364224        8.4135536254450499E-002
  0.72674240144020308        8.2703558476082906E-002
  0.55228678569450274        7.5380639790021020E-002
  0.54103867579104881        5.4533390711802091E-002
  0.58108228317000932        6.4489324284025470E-002
  0.64917896324232227        7.1651545479248444E-002
  0.57852226725191658        9.0258191014254516E-002
  0.18870653638004481       0.22177906897442204     
   9.3066409389186422E-002  0.19590597892690828     
   8.5273798199296535E-002  0.20224077677783442     
  0.11420206499391466       0.19946131417052668     
  0.23704951125617410       0.21899558070053621     
  0.11339750095674384       0.20788173597004292     
  -3.8011641832432552E-002  -2.5845571095877728E-003
  0.39397987534972301        2.4799101011279450E-002
  0.57138314221251774        8.4751966823167141E-004
  0.39710888314722592       -1.8370760649632202E-002
  0.38432582762791745       -1.0370612665447969E-002
  0.39435490707104781       -6.4404368176136234E-003
  0.58189845383369643        2.5476774128805581E-002
  0.93535608266206050        1.9621664489074078E-003
  0.95736885312125508       -8.6461834010806492E-004
  0.93134347786092420       -6.8462720169913715E-004
  0.99394835907529799        3.7369930714168309E-003
  0.92409980344048659        8.6660225717047866E-004
  0.31029084876755603        8.3818313049875796E-003
  0.34040046144079661        2.6070822242617044E-003
  0.33658794691766275        1.8072617873496892E-002
  0.45736472707132170        1.3724598829335260E-002
  0.31991456776663019        1.3313824791760968E-002
  0.24874353096169854        2.0056339037771636E-004
  0.38449724473965180        4.3708906987681489E-003
  0.19757634447468830        3.5249432613144997E-002
  0.39356129529724909        1.1506305277751162E-002
  0.31083716902150116       -5.3442707312885435E-003
  0.52762415724511491        3.7478703672659777E-002
  0.30714097870879808       -2.1772687804446937E-003
  0.29723778056199029        1.0759656352642602E-003
  0.30889488509564400        4.2652573153633314E-002
  0.49988796835338617       -3.3462569972034603E-002
  0.97981366478039544       -5.4098435224847240E-003
  0.94797841451225318        1.0679439633908623E-003
  0.93467940759115353       -1.1953104522261194E-003
  0.98389126829332063        8.8012785027625573E-004
  0.95916956785506058        8.7154376573935952E-004
