 cosx vtec
  0.38068716851494344        3.1388095203105523E-002
  0.36248170911690447        1.1266557126342261E-002
  0.36116743865559880        1.6147304182509994E-002
  0.37535669988762788        2.6590208887822465E-002
  0.28191099608369941        2.7965496839924199E-002
  0.42485329303151387        4.8858144319178523E-002
  0.80971194026369486       -1.2897270245265243E-003
  0.77012873931726089       -1.5853890733796313E-003
  0.78672674767775064        2.7911010227498938E-003
  0.70053067041016592        2.5617719413499748E-004
  0.72083382857912481        1.3981685127904576E-003
  0.82683441098352972       -5.1007868414364495E-003
  -9.2194322566430620E-002   9.1280395362138908E-005
   5.1718592218154280E-002   2.4790802105653944E-003
  0.13223642719833356        4.0766235908728171E-004
  -5.7541674667026144E-002  -1.1035258684171378E-003
  -4.0550163033312048E-002   4.7901094501673130E-004
  -7.6304328470573418E-002   2.7623175054397550E-003
  0.39707758140681704       0.24536648206127828     
  0.53237930923864751       0.18116790074331321     
  0.54521728278780901       0.18711093450550123     
  0.53297220754771146       0.18987606643068172     
  0.51399802368007008       0.21150504713415480     
  0.58339836902892328       0.18739092016021178     
  0.51576513956965975       0.18751340178758585     
   9.0945776326859934E-002   1.7863194930720187E-002
  0.16690061791429522        1.9575283317887330E-002
  0.30439766226207721        3.0287222014354839E-002
  0.26636048994036188        1.6668697761839574E-002
  0.34443179835436083        1.3116161486377044E-002
  0.12956655614154594        2.5127913673000962E-002
  0.21894896741701453        1.0602088710713380E-002
  0.22803878619688950        1.3917213258329682E-002
  0.42190314682566016        1.0555076789434181E-002
  0.83717855760947613       -2.7604670143527199E-003
  0.75220834555094895       -1.1527491207212459E-004
  0.75876065781489965       -1.3811317215394021E-003
  0.79681600487748727        4.4922859168688416E-003
  0.89614423132113907       -1.2436391499969313E-003
  0.98708470341282295        2.0479110461447654E-004
  0.94338943230056738       -4.5297425071958546E-003
  0.95982450793148677        3.3594982712548912E-003
  0.88439373085317319       -1.0845568661108529E-002
  0.89362213030522819        2.4618362171800252E-002
  0.93155047084051434       -3.8686800322529163E-002
  0.97665919480777053        4.1191537438215890E-004
  0.85571757924929681        2.3041674179984772E-003
  0.84207680630851600       -2.7525199677435008E-004
  0.86304821599271597       -1.2724938539822386E-003
  0.78206935487875961       -2.9124891541573404E-003
  0.80548888215268410        1.6272398366837053E-003
  0.87736279677418660       -1.8118724865727565E-004
  0.70016538097908632       0.16537621692818413     
  0.68587288002411007       0.15934392381651821     
  0.69344466935944238        2.5444023499378923E-002
  0.68179106156322300       0.16245428121964881     
  0.73910244871474784       0.15838180996555629     
  0.67072611610953381       0.16540010551223430     
  0.42744235303255323       0.19077796878947312     
  0.43325116593389867       0.19748407119543368     
  0.42762590604804629       0.19677924073786038     
  0.41781045045765586       0.19784547479312053     
  0.47136070450601630        7.1904269094688437E-003
  0.42491894200678532       -4.0428397746459149E-004
  0.42838071449570597        8.0264766956408590E-004
  0.45218282720344571       -4.8977605447199585E-004
  0.33160657592858006       -4.6278575108834206E-003
  -9.5589750166744092E-003   5.8068373183961623E-002
   7.1198000015691043E-002   6.6928927599418278E-002
  0.19251780638855082        7.8420673010781289E-002
  0.16401143809265809        6.1524758571879119E-002
  0.29335868468718856        3.4345231023820519E-002
   3.6050759981554936E-002   6.3733997491919478E-002
  0.11899863052226420        4.5257741978062357E-002
  -9.1684108804186426E-002  0.10812904251234406     
  0.12483020183242266        6.0545584113714725E-002
  0.53952146642087762       -1.9673738106778019E-003
  0.51013235022649506        3.1601492638171458E-003
  0.51271354618769116       -3.5944424831929598E-003
  0.53060922992858595       -4.0640839485871225E-003
  0.41066729874977292        8.8320842817718771E-003
  0.37164178588221869        7.7012684142695968E-003
  0.34747519521753567        2.1670522914370286E-003
  0.34775242791922717        1.8489583781809297E-003
  0.36387260119526765        4.0539128396376491E-003
  0.27175826370970885        1.1603254861881261E-002
  0.72182969157358245       0.15621543594884907     
  0.75119270596755106       0.16669204073483934     
  0.71785029420562818       0.15831919765343447     
  0.70945236550365687       0.15216228660618406     
  0.75906157679274910       0.14958327736875440     
  0.69751039580639751       0.15520144799549179     
  0.82451216886199341       -2.0566632077150596E-002
  0.87357025728277959       -1.2701386721718732E-002
  0.77723802776007733       -4.1639714671229781E-003
  0.78300248685593465       -1.2944937963955926E-003
  0.81048773688355680       -5.6288340745692606E-003
  0.90661996537970779       -4.6381131940633384E-003
  0.43235108874182693       -1.8425442309917390E-003
  0.55678895573666587       -6.4994435822044718E-003
  0.55642704163258117       -1.5193500429710259E-003
  0.47960511137390582       -1.0268789279195456E-003
  0.49640592225030949       -2.8028151825057441E-004
  0.29467503666087336        5.2825112062993246E-004
  0.49536824180410977       -2.3291142227196697E-004
  0.35841225549302952       -1.0360885492778609E-003
  0.37103538558156585        2.9107282886670050E-005
  0.21060275034412218       -2.7870839953360914E-003
  0.34937792264150352        1.0504469837238101E-003
  0.79962183245960361        1.7706911728363754E-002
  0.88980835210620557        8.3064049308213578E-004
  0.76653116743193539       -9.0239836387568228E-003
  0.77183225391288490        2.1763725522982606E-002
  0.79260689324474554       -7.8960665841218552E-003
  0.83726809391164991        8.2147199687336817E-002
  0.64589823592596907       0.17979436456887404     
  0.61527633163807338       0.16086609414302988     
  0.61964110642228820       0.16159190962225733     
  0.61532337642846735       0.16379153790527184     
  0.68952121308140324       0.16523917677199620     
  0.60521323340196931       0.16719070424129434     
  0.37490568011121145       0.14616974875789149     
  0.47528456487526755       0.13480062142992202     
  0.47424769645244014       0.13244874296649659     
  0.56882300328270707       0.12622566330818735     
  0.44548757909312109       0.13218300977472652     
  0.53321833540598595       0.13403129489593524     
  0.46913424773942136       0.16718654530471480     
  0.92429649411310777        4.4968026919053892E-003
  0.92080168296898579        4.2981282663374643E-003
  0.94412977442740975        1.4764253058574511E-003
  0.88076324839823128        7.5457911314361602E-003
  0.94585769958913157        8.4268154823119001E-004
   2.9805832470905236E-002   4.5253359407055623E-004
   7.9348692861087144E-002   9.6129781111855802E-004
   4.5013752713994548E-002  -3.0777218663015225E-003
  0.19859067734625324        1.1174027867113141E-003
  0.24395554795507671        4.3087592295885479E-004
   2.9245461345735912E-002  -2.2641791912794453E-003
  -7.9514669976023522E-003  -1.7650548315984085E-003
  0.11681530346874897        8.1385757764911872E-004
  0.13154850463068374       -4.3943034735775886E-004
  0.79938644824528149       -6.3980360992366920E-003
  0.83664343394458318       -2.4152062409891399E-004
  0.74161412419425798       -1.6801410417189593E-004
  0.74741358037101679        3.3360350109583664E-003
  0.77884118154700233        4.1850298004085691E-003
  0.77811591814717940        8.7806748522432240E-002
  0.70218956603210581        4.9557197440978550E-002
  0.68712009631673432        3.7410694713585532E-002
  0.70121909020925866        4.7976232722304335E-002
  0.71231791664492661        6.5191784758076146E-002
  0.78961664878480387        6.2451256859090268E-002
  0.70331305168859970        8.2339747719577638E-002
  0.69592322698812037        1.8039901042231622E-002
  0.68539235840121804        9.4478455624341824E-003
  0.72179613823316302        7.0401137222157381E-004
  0.73219074101391779        6.7728585436055448E-003
   8.5735876111291326E-002   1.3401480297468547E-003
  0.14745662946318938       -2.2287743463634928E-003
  0.29183275297555433        4.6502114942599477E-003
  0.29203164691316047       -5.4593737072498264E-003
   6.1852751107352777E-002  -2.8915610890522516E-003
   7.6122434512585713E-002  -3.4230545147837048E-003
  0.18093194568699900       -3.1479813156236563E-003
  0.20097369055772213        1.0378312096303243E-003
  0.24604253945202764       0.15502508079457533     
  0.33774337288502926       0.15193625256534618     
  0.33727901293911566       0.14234849483706394     
  0.48349206615957396       0.14808115052818685     
  0.30670764499188147       0.15622842766649297     
  0.41748361883234342       0.16013105653987095     
  -1.8763676243535879E-002  0.24981006337795672     
   7.8682488741353626E-002  0.23712981313967793     
  0.10823249697801489       0.27819200677065820     
  -5.6141405045720426E-002  0.24906902391523478     
  -9.6889135026022616E-002  0.25112652606919900     
   8.4619722887921772E-002  0.25379079357669648     
   5.5796296515924014E-002  0.23963081729763375     
  0.50965891786371187       0.20000990441896402     
  0.48502764985054603       0.18849306004408550     
  0.49404725077436351       0.20000520977718561     
  0.48128103489294261       0.19102871679253400     
  0.47086022937719785       0.19544743668399317     
  0.24990080630867545       0.21606207179078721     
  0.25696485852837042       0.22397928138036893     
  0.25099259780381333       0.21680856679272215     
  0.24082861182212192       0.23013724365828847     
  0.26295611341188302       -9.8763709137592026E-004
  0.32536517861298858       -4.1869643802628563E-004
  0.33770678975451740        2.6979917087478181E-003
  0.18522471965945156       -2.0610140261236542E-002
  0.31770038489942942        1.2452667861203354E-003
  -6.0736134040914061E-002  0.23721193722235798     
  0.96169342847768613        1.8930705919911962E-002
  0.96925351963262052        1.1916057871492762E-002
  0.95737752529252029        2.6299998063288428E-002
  0.99100615417597526        3.0246794274645942E-002
  0.95995981890170690        1.8192433725313806E-002
  0.95367937023011629        2.2596442649661611E-002
  0.98083267225972381        3.6811161512725413E-002
  0.93523696083301577        1.8706940296745276E-002
  0.90258500512620365        4.3737613825485785E-002
  0.94425503293008195        5.4220707082015401E-002
  0.86889236877104847        2.2100578287264510E-002
  0.95771560916400833        3.8172727753038857E-002
  0.84777056618001345        3.4166946097695702E-002
  0.86875761653001060        3.9101947776732475E-002
  0.87398836771660027        3.1988908536078074E-002
  0.91892323273648202        1.7970343024593889E-002
  0.86113447151623501        4.5846785742042269E-002
  0.26147331145877239       -1.9788785958775273E-003
  0.47798895673924069        3.0912012073850120E-003
  0.49621003557769139       -1.0990283110258188E-003
  0.25199027307879773       -6.3503376515465252E-003
  0.41452415358246980       -6.4708599269172379E-004
  0.42859081215556738       -7.8571204327096563E-004
  0.60831920701184705        9.8326762151727080E-003
  0.48149177577380642        4.4944733756782226E-003
  0.41955547420603023        4.1619556586150374E-005
  0.42381878693656438        1.0181072196445450E-004
  0.45280506737339110        9.7886086240164469E-004
  0.31543675683169048        1.4547404301936036E-003
  0.85627008227805523       -6.6559077245274684E-002
  0.91032514374027207        1.2596067335274474E-002
  0.81461867254220244        7.0879289311199635E-003
  0.82083192349503786        6.6438648602652759E-003
  0.84643456859214206       -5.4175284405365660E-003
  0.92675260899612777        2.9433060817074527E-002
  0.36340333080382659       0.16996716393424466     
  0.36580853721616374       0.16878339842997775     
  0.36985890258854642       0.17779457800968479     
  0.36130034049481541       0.19331008144297543     
  -7.8952967309219801E-002   1.4043305679535661E-002
  0.92663757370457800        2.5771873650454365E-003
  0.90576751427640612       -1.3529777179666987E-003
  0.84038405549292117       -1.1808690353571833E-003
  0.81719461410205585        7.4402037411422828E-004
  0.93916272524805799        7.6328347695225137E-004
  0.60774376544612141        2.6846181032148721E-003
  0.74064241804307274        1.0945867007753183E-002
  0.56039419569544968        2.3432810183311586E-003
  0.56456241004550023       -3.2395965922499021E-004
  0.58931209618691160       -4.8797874420135490E-003
  0.42359508708613958       -5.2858658594888007E-004
  0.44359462891061274       -3.0756226850504678E-003
  0.61366156111214765        1.0429660983790989E-003
  0.57488985770998302       -3.9392958123306140E-003
  0.60290246359158339       -2.6960714250803385E-003
  0.52502135025603813       -1.8727780249503010E-003
  0.53825073378943566       -1.1094276968550666E-003
  0.80209050380451219       -6.5629287989389468E-002
  0.90770904780109596        3.7236779886469638E-002
  0.77287421191893713        2.3331244339242788E-002
  0.77850040074607951        5.3890500421188120E-002
  0.79750506122413156       -2.5957776823408510E-002
  0.82614620674691286        1.1119219847883991E-003
  0.88432943465106006        4.7128949035861690E-003
  0.46228841264767495        8.2660410074114427E-002
  0.45244496352580443        5.3228857593158180E-002
  0.44844048040530371        7.3020605151964693E-002
  0.46011520210579315        7.8166746204510071E-002
  0.34744741646610616        9.1071406014058096E-002
  0.48213026967348049        9.4915412526753465E-002
  0.47880032601470912       0.12187381817133008     
  0.36665281000992922        9.4451464532240188E-003
  0.33677985494050494        1.1453759532210719E-003
  0.33805553009780398        3.0972946582373577E-004
  0.35614321460413767        4.0459565148590155E-003
  0.26277596370381062       -2.9440414659286200E-003
  0.78805432821265353        9.1890626038973619E-002
  0.79258092052248497        8.9232693140954458E-002
  0.84581441657050338        7.9305013365230340E-002
  0.79183759984054913       0.10785865931896235     
  0.75954380424610535        9.8507271950027134E-002
  0.82018269712961267        8.8057338305888105E-002
  0.77248999257055018       0.10911163290952455     
  0.99307530785432374       -3.3425157168294802E-003
  0.99367203961623329       -3.8818913480724538E-003
  0.97513791836168484        8.9833006876898162E-003
  0.99664773287462527       -1.3661553311033220E-002
  0.97090666794593417       -8.8073565653271145E-004
  0.98236422348692509        4.9149835120062069E-003
  0.99976721331841478       -2.4785332552559099E-003
  0.72600655504499745        5.4750847723127635E-004
  0.69798186809933083       -4.2505274616567703E-004
  0.72075788104559346       -1.3171948025796579E-003
  0.64663177977173003       -1.8023279581236178E-003
  0.66213528491519913        8.3129325865411764E-004
  0.75262906611771330        1.6411836388117915E-003
  0.75076706502635882       0.13246439172701949     
  0.71331494904756465       0.11013581044319495     
  0.70287061267475126       0.11128465476742398     
  0.71507579244460495       0.11089543821439511     
  0.71640124806359329       0.11116968048219136     
  0.78091122431826776       0.10889889671508828     
  0.70606258750185213       0.12766311865842941     
  -9.0084573453031058E-002   8.4916412160106983E-004
  -4.5865939419177659E-002  -5.4668864384596884E-005
  0.15157381760076161       -4.2244938179285637E-004
  -9.8433326027711876E-002   2.9710001599958600E-004
  -1.4786762450178403E-002   4.4567733278943306E-004
   8.6413554918452484E-003  -2.3710797897497052E-003
  0.80890205583124830        9.8087097748654267E-004
  0.81276451585060649        9.4037645013731136E-004
  0.74054569329948361        1.0679193046887114E-003
  0.75918187590357122       -1.1549248023281166E-003
  0.85256682280099338        1.8992592505824720E-003
  0.90302557196469502        5.5251441139887595E-003
  0.89717997745026312        4.3041167197905104E-003
  0.92048328580858330        1.1148198628110624E-003
  0.82393404952216132       -1.3085628101525500E-003
  0.92400055379907509        6.9246880664974152E-003
  0.85939282368286152        5.5167347462069475E-003
  0.92517022673889515        2.1253009273816455E-003
  0.87693079835439136        8.4135536254450499E-002
  0.90756415407715885        8.2703558476082906E-002
  0.85844519947566100        7.5380639790021020E-002
  0.86110723134973299        5.4533390711802091E-002
  0.85840655250315401        6.4489324284025470E-002
  0.90119197216185032        7.1651545479248444E-002
  0.84559489296090318        9.0258191014254516E-002
  0.50499704816252211       0.22177906897442204     
  0.47081194974280460       0.19590597892690828     
  0.47753574903294443       0.20224077677783442     
  0.46945518704757450       0.19946131417052668     
  0.57033080550798587       0.21899558070053621     
  0.45942936281338032       0.20788173597004292     
  0.76278307958621494        2.4799101011279450E-002
  0.83539944435796110        8.4751966823167141E-004
  0.71945778559688878       -1.8370760649632202E-002
  0.72445114056888538       -1.0370612665447969E-002
  0.74917071460390261       -6.4404368176136234E-003
  0.87482143485013153        2.5476774128805581E-002
  0.98236397730799618        1.9621664489074078E-003
  0.97350111329561428       -8.6461834010806492E-004
  0.98022374222057673       -6.8462720169913715E-004
  0.91525538690215247        3.7369930714168309E-003
  0.98984030270611578        8.6660225717047866E-004
  -4.4892453632287277E-002   1.3724598829335260E-002
  0.72183679708328718       -5.3442707312885435E-003
  0.83835081083181717        3.7478703672659777E-002
  0.68816583663857944       -2.1772687804446937E-003
  0.69249052205445116        1.0759656352642602E-003
  0.71282071488882992        4.2652573153633314E-002
  0.84892549889919489       -3.3462569972034603E-002
  0.89516011780794846       -5.4098435224847240E-003
  0.89514037877339425        1.0679439633908623E-003
  0.81553745284331614       -1.1953104522261194E-003
  0.83930308822774213        8.8012785027625573E-004
  0.92381011701362303        8.7154376573935952E-004
