 cosx vtec
  0.21485619298608738        3.1388095203105523E-002
  0.20015241582014626        1.1266557126342261E-002
  0.19611368050149464        1.6147304182509994E-002
  0.20973984293464637        2.6590208887822465E-002
  0.11270428575604896        2.7965496839924199E-002
  0.26162304327509317        4.8858144319178523E-002
  -7.1747286117336384E-002  -7.3190681211835254E-004
  -4.2893703543558037E-002  -5.0381838196475351E-004
  0.89886304311297893       -1.2897270245265243E-003
  0.86802387561810757       -1.5853890733796313E-003
  0.87682287331192454        2.7911010227498938E-003
  0.80601113082863285        2.5617719413499748E-004
  0.82870039481380486        1.3981685127904576E-003
  0.91022430357090633       -5.1007868414364495E-003
   3.7114473535633741E-002  -1.4334823602417959E-004
   7.3320072614841358E-002   9.1280395362138908E-005
   5.4458506969906950E-002   2.6484931139093269E-003
  0.22299742164093317        2.4790802105653944E-003
  0.29567575715195615        4.0766235908728171E-004
   3.9090610914073176E-002  -1.5515789069554193E-003
   7.1566167399598757E-003  -3.5281456368758475E-003
  0.10975559383179873       -1.1035258684171378E-003
  0.13030426048059035        4.7901094501673130E-004
  -3.2458199274599420E-002   2.7623175054397550E-003
  -2.4099272201631411E-002  -4.7835043372671920E-004
  0.44635434689017578       0.24536648206127828     
  0.55598248399681405       0.18116790074331321     
  0.57761473433481392       0.18711093450550123     
  0.54434798385453298       0.18987606643068172     
  0.56287468220488335       0.21150504713415480     
  0.60474546647546146       0.18739092016021178     
  0.53148708064472228       0.18751340178758585     
  0.26134438376842484        1.7863194930720187E-002
  0.33017425869999767        1.9575283317887330E-002
  0.45557922206311263        3.0287222014354839E-002
  0.42513635906124680        1.6668697761839574E-002
  0.50055711681968695        1.3116161486377044E-002
  0.29644621948222261        2.5127913673000962E-002
  0.38407578165997491        1.0602088710713380E-002
  0.38999991009826462        1.3917213258329682E-002
  0.56641692163123025        1.0555076789434181E-002
  0.80643447938588753       -2.7604670143527199E-003
  0.70096111598341759       -1.1527491207212459E-004
  0.69791818687166285       -1.3811317215394021E-003
  0.72577824367155286        4.4922859168688416E-003
  0.85942968854084201       -1.2436391499969313E-003
  0.99306753057384944        2.0479110461447654E-004
  0.87974039332008924       -4.5297425071958546E-003
  0.94091322764495455        3.3594982712548912E-003
  0.83918927803035825       -1.0845568661108529E-002
  0.83562465682736820        2.4618362171800252E-002
  0.87143834053048652       -3.8686800322529163E-002
  0.95170614146634080        4.1191537438215890E-004
  0.92872798673447676        2.3041674179984772E-003
  0.92198578748756521       -2.7525199677435008E-004
  0.93764714432839336       -1.2724938539822386E-003
  0.87747811305494805       -2.9124891541573404E-003
  0.89546821095703577        1.6272398366837053E-003
  0.94660926653878197       -1.8118724865727565E-004
  0.63561235914798353       0.16537621692818413     
  0.59903760412069684       0.15934392381651821     
  0.59991244557292644        2.5444023499378923E-002
  0.60474493696040632       0.16245428121964881     
  0.67102663158676013       0.15838180996555629     
  0.59658771201297900       0.16540010551223430     
  0.30265200763992928       0.19077796878947312     
  0.30425098514765592       0.19748407119543368     
  0.31012958714019956       0.19677924073786038     
  0.30326357048906771       0.19784547479312053     
  0.33540921312121491        7.1904269094688437E-003
  0.30348317780052020       -4.0428397746459149E-004
  0.30243773543229757        8.0264766956408590E-004
  0.32129419726037184       -4.8977605447199585E-004
  0.19565087220037264       -4.6278575108834206E-003
  0.15836594719923164        5.8068373183961623E-002
  0.23015028447126815        6.6928927599418278E-002
  0.34126712108900875        7.8420673010781289E-002
  0.32032139177389884        6.1524758571879119E-002
  0.44869705959559464        3.4345231023820519E-002
  0.19880315648319716        6.3733997491919478E-002
  0.28484832405707916        4.5257741978062357E-002
   6.3538392959426149E-002  0.10812904251234406     
  0.28427567691656352        6.0545584113714725E-002
  0.39385372174264976       -1.9673738106778019E-003
  0.37217528210043044        3.1601492638171458E-003
  0.37091904413653887       -3.5944424831929598E-003
  0.38661407573630996       -4.0640839485871225E-003
  0.25901862737278747        8.8320842817718771E-003
  0.20841871162179315        7.7012684142695968E-003
  0.19003994819433262        2.1670522914370286E-003
  0.18707848475455335        1.8489583781809297E-003
  0.20159995928884189        4.0539128396376491E-003
  0.10665983739950263        1.1603254861881261E-002
  0.67858092918948720       0.15621543594884907     
  0.72402439835070376       0.16669204073483934     
  0.65034377163614232       0.15831919765343447     
  0.65442185486832216       0.15216228660618406     
  0.71282463343283620       0.14958327736875440     
  0.64551016965981522       0.15520144799549179     
  0.73259500185651660       -2.0566632077150596E-002
  0.82069797286708956       -1.2701386721718732E-002
  0.70205339624475327       -4.1639714671229781E-003
  0.70062987208840966       -1.2944937963955926E-003
  0.72348847951837403       -5.6288340745692606E-003
  0.84626801866382817       -4.6381131940633384E-003
  0.55584481869548674       -1.8425442309917390E-003
  0.68198320008715851       -6.4994435822044718E-003
  0.67208377879045866       -1.5193500429710259E-003
  0.60280728749428492       -1.0268789279195456E-003
  0.62667304712501093       -2.8028151825057441E-004
  0.30272994212316151        5.2825112062993246E-004
  0.49775038392231974       -2.3291142227196697E-004
  0.33834790140902116       -1.0360885492778609E-003
  0.33808359120860026        2.9107282886670050E-005
  0.21603691318656673       -2.7870839953360914E-003
  0.36767138393987242        1.0504469837238101E-003
  0.68949062551283380        1.7706911728363754E-002
  0.81443722936466434        8.3064049308213578E-004
  0.66407371467023246       -9.0239836387568228E-003
  0.66426493505336859        2.1763725522982606E-002
  0.68387039805404726       -7.8960665841218552E-003
  0.72970509361437530        8.2147199687336817E-002
  0.55672530671537301       0.17979436456887404     
  0.50387685224764545       0.16086609414302988     
  0.50404785977382172       0.16159190962225733     
  0.51158735680017953       0.16379153790527184     
  0.59566558855240426       0.16523917677199620     
  0.50437860811390711       0.16719070424129434     
  0.48404650912241765       0.14616974875789149     
  0.57066035021684414       0.13480062142992202     
  0.57586640180291981       0.13244874296649659     
  0.67065710582550131       0.12622566330818735     
  0.55328724843415911       0.13218300977472652     
  0.62560736300426378       0.13403129489593524     
  0.55167705768079944       0.16718654530471480     
  0.96195858305121051        4.4968026919053892E-003
  0.96628440440327290        4.2981282663374643E-003
  0.98379665405778693        1.4764253058574511E-003
  0.94294705887226660        7.5457911314361602E-003
  0.97984754413672925        8.4268154823119001E-004
  0.19669341732442114        4.5253359407055623E-004
  0.24214305307899792        9.6129781111855802E-004
  0.21669384259983021       -3.0777218663015225E-003
  0.36383970781150943        1.1174027867113141E-003
  0.40238096580700655        4.3087592295885479E-004
  0.19870188227798341       -2.2641791912794453E-003
  0.15321852873132702       -1.7650548315984085E-003
  0.28057533080641855        8.1385757764911872E-004
  0.29830394540297978       -4.3943034735775886E-004
  0.70935286698231836       -6.3980360992366920E-003
  0.79099242227685251       -2.4152062409891399E-004
  0.67467226155936599       -1.6801410417189593E-004
  0.67266099402425572        3.3360350109583664E-003
  0.69684689390222088        4.1850298004085691E-003
  0.67852598045531831        8.7806748522432240E-002
  0.57226917543806044        4.9557197440978550E-002
  0.55110911762999526        3.7410694713585532E-002
  0.56985358977552303        4.7976232722304335E-002
  0.58808952175685447        6.5191784758076146E-002
  0.67777128992661484        6.2451256859090268E-002
  0.58254280316032103        8.2339747719577638E-002
  0.79750867424305516        1.8039901042231622E-002
  0.79312605859084151        9.4478455624341824E-003
  0.82633421526866235        7.0401137222157381E-004
  0.83064278089593702        6.7728585436055448E-003
  0.23644624793921917        1.3401480297468547E-003
  0.29157589035620435       -2.2287743463634928E-003
  0.44399566425670017        4.6502114942599477E-003
  0.43257509897841556       -5.4593737072498264E-003
  0.21986743845728754       -2.8915610890522516E-003
  0.21876652352556686       -3.4230545147837048E-003
  0.32656421270305297       -3.1479813156236563E-003
  0.35378718602788506        1.0378312096303243E-003
  0.35860907103867912       0.15502508079457533     
  0.43897674949610987       0.15193625256534618     
  0.44509482301957970       0.14234849483706394     
  0.59364383367264661       0.14808115052818685     
  0.42017683554455043       0.15622842766649297     
  0.51522776817533378       0.16013105653987095     
   3.1919041954252547E-002  0.24981006337795672     
  0.11646163219122289       0.23712981313967793     
  0.15826077732642585       0.27819200677065820     
  -2.6377284480619462E-002  0.24906902391523478     
  -5.3540029484330356E-002  0.25112652606919900     
  0.10727983634508328       0.25379079357669648     
   8.4900545801988428E-002  0.23963081729763375     
  0.42565356348879990       0.20000990441896402     
  0.37908031248293950       0.18849306004408550     
  0.38200890163438472       0.20000520977718561     
  0.38396816506618930       0.19102871679253400     
  0.37640789324369744       0.19544743668399317     
  0.11596863886582764       0.21606207179078721     
  0.11877561112463131       0.22397928138036893     
  0.12432418387188449       0.21680856679272215     
  0.11730974157529539       0.23013724365828847     
  0.26703048484421227       -9.8763709137592026E-004
  0.30167917987839088       -4.1869643802628563E-004
  0.30188411028513595        2.6979917087478181E-003
  0.18608350109136135       -2.0610140261236542E-002
  0.33335774167135845        1.2452667861203354E-003
  -6.8385795430399354E-002   1.2527483998860428E-003
  -9.0145815834304255E-002  -1.7301745083221845E-004
  -6.7499785611098539E-002  -3.1242440398636237E-003
   5.2997584225699668E-003  -1.7347450135841900E-003
  0.94891368090490591        1.8930705919911962E-002
  0.96848254402679101        1.1916057871492762E-002
  0.90897082526055695        2.6299998063288428E-002
  0.98074279862800751        3.0246794274645942E-002
  0.90446204416966103        1.8192433725313806E-002
  0.92246610338529400        2.2596442649661611E-002
  0.96339388556271111        3.6811161512725413E-002
  0.90782468724796483        1.8706940296745276E-002
  0.83776199861012390        4.3737613825485785E-002
  0.90659217729614827        5.4220707082015401E-002
  0.77733043650884470        2.2100578287264510E-002
  0.89808443193889143        3.8172727753038857E-002
  0.74298174011002105        3.4166946097695702E-002
  0.77454307260592581        3.9101947776732475E-002
  0.79070165657141955        3.1988908536078074E-002
  0.84692747456701800        1.7970343024593889E-002
  0.78109770803574619        4.5846785742042269E-002
  0.41606456389646007       -1.9788785958775273E-003
  0.61969061939435066        3.0912012073850120E-003
  0.63133671405196012       -1.0990283110258188E-003
  0.41232631479294163       -6.3503376515465252E-003
  0.55689944160995519       -6.4708599269172379E-004
  0.57421889037058182       -7.8571204327096563E-004
  0.73413981438829157        9.8326762151727080E-003
  0.35493452147324400        4.4944733756782226E-003
  0.31375533579939890        4.1619556586150374E-005
  0.31290098929852306        1.0181072196445450E-004
  0.33479102442621983        9.7886086240164469E-004
  0.19171497116951886        1.4547404301936036E-003
  0.76478672581977314       -6.6559077245274684E-002
  0.85472608395397176        1.2596067335274474E-002
  0.73538584927083483        7.0879289311199635E-003
  0.73467323461221445        6.6438648602652759E-003
  0.75780983189836981       -5.4175284405365660E-003
  0.86314517178450589        2.9433060817074527E-002
  0.21675001497168467       0.16996716393424466     
  0.21662047246905458       0.16878339842997775     
  0.22922946202162847       0.17779457800968479     
  0.22395416186845218       0.19331008144297543     
  -7.5210314683951174E-002   9.9820059252443555E-003
  -4.2909081828433504E-002  -3.7000416006854219E-004
  -4.7015568223937210E-002   1.8675346546876515E-002
   9.4260634783200903E-002   1.4043305679535661E-002
  -6.5516105889644571E-002   1.3691458398637160E-002
   2.8321215179373804E-003   3.4037502207289396E-003
   1.4113770895229250E-002   1.2257620280420930E-002
  0.96389462131424508        2.5771873650454365E-003
  0.92433836874197683       -1.3529777179666987E-003
  0.83093203947863892       -1.1808690353571833E-003
  0.86278084020665091        7.4402037411422828E-004
  0.95250209805870578        7.6328347695225137E-004
  0.48672553915393063        2.6846181032148721E-003
  0.66627884999667297        1.0945867007753183E-002
  0.45544800027997834        2.3432810183311586E-003
  0.45447057714577177       -3.2395965922499021E-004
  0.47391031220950647       -4.8797874420135490E-003
  0.29467782794298747       -5.2858658594888007E-004
  0.58757608568580966       -3.0756226850504678E-003
  0.73987567168967439        1.0429660983790989E-003
  0.70823960278551612       -3.9392958123306140E-003
  0.73172365240235826       -2.6960714250803385E-003
  0.66358308502694974       -1.8727780249503010E-003
  0.67639247186505713       -1.1094276968550666E-003
  0.68748916340686828       -6.5629287989389468E-002
  0.82755681905408118        3.7236779886469638E-002
  0.66213048781263228        2.3331244339242788E-002
  0.66350577015957390        5.3890500421188120E-002
  0.68312547931794154       -2.5957776823408510E-002
  0.71592294064219397        1.1119219847883991E-003
  0.79075076338200034        4.7128949035861690E-003
  0.30288686238135581        8.2660410074114427E-002
  0.29156592001144765        5.3228857593158180E-002
  0.28652621015131030        7.3020605151964693E-002
  0.29993239942551064        7.8166746204510071E-002
  0.17963820503113626        9.1071406014058096E-002
  0.32717313116477298        9.4915412526753465E-002
  0.32813397759620910       0.12187381817133008     
  0.20777545295380084        9.4451464532240188E-003
  0.18573626536664595        1.1453759532210719E-003
  0.18344331013259940        3.0972946582373577E-004
  0.19904320012575499        4.0459565148590155E-003
  0.10332134931291848       -2.9440414659286200E-003
  0.82077111104349765        9.1890626038973619E-002
  0.83282656526388665        8.9232693140954458E-002
  0.88386165885493539        7.9305013365230340E-002
  0.80944807110104400       0.10785865931896235     
  0.81479836592844934        9.8507271950027134E-002
  0.85030576762097643        8.8057338305888105E-002
  0.79500611475293670       0.10911163290952455     
  0.98241518488315049       -3.3425157168294802E-003
  0.99670689349666675       -3.8818913480724538E-003
  0.92192567120244751        8.9833006876898162E-003
  0.98514741373532055       -1.3661553311033220E-002
  0.91566297805057739       -8.8073565653271145E-004
  0.94500997199476700        4.9149835120062069E-003
  0.98197880552402450       -2.4785332552559099E-003
  0.83294041244058881        5.4750847723127635E-004
  0.81172455346990235       -4.2505274616567703E-004
  0.82963841865439436       -1.3171948025796579E-003
  0.76773991270237185       -1.8023279581236178E-003
  0.78219633967830349        8.3129325865411764E-004
  0.85552982334452521        1.6411836388117915E-003
  0.66154703625108424       0.13246439172701949     
  0.60039155435172598       0.11013581044319495     
  0.57398737570772762       0.11128465476742398     
  0.59910340440768173       0.11089543821439511     
  0.61063704604597679       0.11116968048219136     
  0.68534829738383629       0.10889889671508828     
  0.60334232204629845       0.12766311865842941     
   6.5582857078029355E-002   8.4916412160106983E-004
  0.10575539943257672       -5.4668864384596884E-005
   6.5220594242337004E-002  -1.3352013552095448E-003
  0.30183257517118067       -4.2244938179285637E-004
   5.8003102409264262E-002  -3.3303824079798957E-003
   5.0917427572393259E-002   2.9710001599958600E-004
  0.13901235383032035        4.4567733278943306E-004
  0.16981138984747246       -2.3710797897497052E-003
  0.89242039273888585        9.8087097748654267E-004
  0.88728085883599472        9.4037645013731136E-004
  0.82887920531124537        1.0679193046887114E-003
  0.85421471043721420       -1.1549248023281166E-003
  0.92161544843431009        1.8992592505824720E-003
  0.95298933666275176        5.5251441139887595E-003
  0.95446653823979688        4.3041167197905104E-003
  0.97238042833365945        1.1148198628110624E-003
  0.90950006686660334       -1.3085628101525500E-003
  0.94558736514006192        6.9246880664974152E-003
  0.93038352890609444        5.5167347462069475E-003
  0.97156741870839536        2.1253009273816455E-003
  0.82255282806347307        8.4135536254450499E-002
  0.87320543287954855        8.2703558476082906E-002
  0.77901828938934570        7.5380639790021020E-002
  0.77693279885532474        5.4533390711802091E-002
  0.78899242464950181        6.4489324284025470E-002
  0.84190910427383203        7.1651545479248444E-002
  0.77933964917102116        9.0258191014254516E-002
  0.41097541854818215       0.22177906897442204     
  0.35437596638777746       0.19590597892690828     
  0.35626897051723766       0.20224077677783442     
  0.36078822221952012       0.19946131417052668     
  0.47245567973485830       0.21899558070053621     
  0.35365073236810640       0.20788173597004292     
  0.65860213226975295        2.4799101011279450E-002
  0.76988615946382721        8.4751966823167141E-004
  0.63005257871342335       -1.8370760649632202E-002
  0.62902872608264582       -1.0370612665447969E-002
  0.64942097336198756       -6.4404368176136234E-003
  0.80050431858925442        2.5476774128805581E-002
  0.99682229680641332        1.9621664489074078E-003
  0.99840469572695434       -8.6461834010806492E-004
  0.99396472675554337       -6.8462720169913715E-004
  0.97126620141780307        3.7369930714168309E-003
  0.99802713982496938        8.6660225717047866E-004
  -3.3559010823724811E-002   8.3818313049875796E-003
  -5.0359157945950583E-004   2.6070822242617044E-003
  -3.8290131448055487E-003   1.8072617873496892E-002
  0.12813285624100423        1.3724598829335260E-002
  -2.2936776981988372E-002   1.3313824791760968E-002
  -9.4172346512233884E-002   2.0056339037771636E-004
   4.5702337108863789E-002   4.3708906987681489E-003
   5.6241059282391648E-002   1.1506305277751162E-002
  0.60171806646147841       -5.3442707312885435E-003
  0.75670767700818875        3.7478703672659777E-002
  0.57740209956644506       -2.1772687804446937E-003
  0.57692101399181595        1.0759656352642602E-003
  0.59487615487372913        4.2652573153633314E-002
  0.75430851234036644       -3.3462569972034603E-002
  0.95261129994261351       -5.4098435224847240E-003
  0.94154153123295836        1.0679439633908623E-003
  0.88247122623852492       -1.1953104522261194E-003
  0.91581897820343094        8.8012785027625573E-004
  0.96503943400239200        8.7154376573935952E-004
