 cosx vtec
  0.53914686306830284        3.1388095203105523E-002
  0.52265147591449412        1.1266557126342261E-002
  0.52198283767534404        1.6147304182509994E-002
  0.53467996074463686        2.6590208887822465E-002
  0.44875174393057171        2.7965496839924199E-002
  0.57503207778045962        4.8858144319178523E-002
  0.69211977168112004       -1.2897270245265243E-003
  0.64936606238698569       -1.5853890733796313E-003
  0.67625715804317832        2.7911010227498938E-003
  0.57898704220034825        2.5617719413499748E-004
  0.59205030299818839        1.3981685127904576E-003
  0.71937117730845224       -5.1007868414364495E-003
  -2.9459263460088647E-002   4.0766235908728171E-004
  -8.9234840858431932E-002   2.7623175054397550E-003
  0.30863336502024602       0.24536648206127828     
  0.46674228383959682       0.18116790074331321     
  0.47091043507652097       0.18711093450550123     
  0.47935449801010943       0.18987606643068172     
  0.42431139861534928       0.21150504713415480     
  0.51944537763030652       0.18739092016021178     
  0.45806263105934880       0.18751340178758585     
  -8.8205351653317055E-002   1.7863194930720187E-002
  -1.1372089493658394E-002   1.9575283317887330E-002
  0.13182455438982904        3.0287222014354839E-002
   9.0194090224097717E-002   1.6668697761839574E-002
  0.17119134997481680        1.3116161486377044E-002
  -4.9634725174841354E-002   2.5127913673000962E-002
   4.1404495887317011E-002   1.0602088710713380E-002
   5.0516079702104422E-002   1.3917213258329682E-002
  0.25425275166237354        1.0555076789434181E-002
  0.85817952871618508       -2.7604670143527199E-003
  0.79911690642483368       -1.1527491207212459E-004
  0.81424403314011917       -1.3811317215394021E-003
  0.85883931534910363        4.4922859168688416E-003
  0.91791678136263732       -1.2436391499969313E-003
  0.95309200356481094        2.0479110461447654E-004
  0.98339348104166369       -4.5297425071958546E-003
  0.95719546396266242        3.3594982712548912E-003
  0.91532964429520691       -1.0845568661108529E-002
  0.93541531545140355        2.4618362171800252E-002
  0.97069155124646733       -3.8686800322529163E-002
  0.97743425671536532        4.1191537438215890E-004
  0.75019266180855404        2.3041674179984772E-003
  0.73218018764140980       -2.7525199677435008E-004
  0.76007196291925083       -1.2724938539822386E-003
  0.66311340456995360       -2.9124891541573404E-003
  0.68678435786898484        1.6272398366837053E-003
  0.77755634191292367       -1.8118724865727565E-004
  0.72419534574876565       0.16537621692818413     
  0.73486347077253178       0.15934392381651821     
  0.75020864177604152        2.5444023499378923E-002
  0.71968348194802023       0.16245428121964881     
  0.76711449485405658       0.15838180996555629     
  0.70537897433122698       0.16540010551223430     
  0.52262764420756824       0.19077796878947312     
  0.53351219742314870       0.19748407119543368     
  0.51405465453603760       0.19677924073786038     
  0.50089240702304139       0.19784547479312053     
  0.60879335783258770        7.1904269094688437E-003
  0.55331443451608664       -4.0428397746459149E-004
  0.56029686521678834        8.0264766956408590E-004
  0.58680508425035460       -4.8977605447199585E-004
  0.47615733013063316       -4.6278575108834206E-003
   2.2094414126282866E-002   7.8420673010781289E-002
  -1.0849175146820378E-002   6.1524758571879119E-002
  0.11874820731754512        3.4345231023820519E-002
  -5.9951744119951550E-002   4.5257741978062357E-002
  -5.1318862812531563E-002   6.0545584113714725E-002
  0.67891619629969613       -1.9673738106778019E-003
  0.64669242484079958        3.1601492638171458E-003
  0.65172654623184711       -3.5944424831929598E-003
  0.66974541041316982       -4.0640839485871225E-003
  0.56242152267257373        8.8320842817718771E-003
  0.53139718490943766        7.7012684142695968E-003
  0.50627897984230219        2.1670522914370286E-003
  0.50820200084399503        1.8489583781809297E-003
  0.52392788696832260        4.0539128396376491E-003
  0.43844804685619609        1.1603254861881261E-002
  0.72285413837270440       0.15621543594884907     
  0.73536855488765063       0.16669204073483934     
  0.74515566874289729       0.15831919765343447     
  0.72310521342911638       0.15216228660618406     
  0.76336269398034473       0.14958327736875440     
  0.70790269729832023       0.15520144799549179     
  0.90181951450317310       -2.0566632077150596E-002
  0.91264162254175130       -1.2701386721718732E-002
  0.84446510807792630       -4.1639714671229781E-003
  0.85609696316736283       -1.2944937963955926E-003
  0.88518619617428906       -5.6288340745692606E-003
  0.94909317582970154       -4.6381131940633384E-003
  0.30861298741857868       -1.8425442309917390E-003
  0.42168600345932616       -6.4994435822044718E-003
  0.43436723981124592       -1.5193500429710259E-003
  0.35319733262789110       -1.0268789279195456E-003
  0.35924871753877197       -2.8028151825057441E-004
  0.30595429306479582        5.2825112062993246E-004
  0.50348360752804822       -2.3291142227196697E-004
  0.39550742536094091       -1.0360885492778609E-003
  0.42036524929389568        2.9107282886670050E-005
  0.22789548913902827       -2.7870839953360914E-003
  0.34777125107003981        1.0504469837238101E-003
  0.89232955796310098        1.7706911728363754E-002
  0.94682444891479645        8.3064049308213578E-004
  0.85754230043067692       -9.0239836387568228E-003
  0.86613836679151546        2.1763725522982606E-002
  0.88541562972067744       -7.8960665841218552E-003
  0.92077044176891509        8.2147199687336817E-002
  0.69755661544631453       0.17979436456887404     
  0.69303979763070667       0.16086609414302988     
  0.70252512526440924       0.16159190962225733     
  0.68394078917694123       0.16379153790527184     
  0.74664443255344337       0.16523917677199620     
  0.67044940720340374       0.16719070424129434     
  0.23280510473975827       0.14616974875789149     
  0.34391560125525505       0.13480062142992202     
  0.33759240356553022       0.13244874296649659     
  0.43189800702221753       0.12622566330818735     
  0.30386597663305637       0.13218300977472652     
  0.40410480568406626       0.13403129489593524     
  0.34903094830239467       0.16718654530471480     
  0.84977770165547917        4.4968026919053892E-003
  0.84003359631769858        4.2981282663374643E-003
  0.87086680938961347        1.4764253058574511E-003
  0.78431184664216425        7.5457911314361602E-003
  0.87655739683622391        8.4268154823119001E-004
  -7.8651387771014464E-002   9.6129781111855802E-004
   2.9156832685286821E-002   1.1174027867113141E-003
   8.3488122216747868E-002   4.3087592295885479E-004
  -4.4561844758328528E-002   8.1385757764911872E-004
  -3.5832919973563720E-002  -4.3943034735775886E-004
  0.87757523937140003       -6.3980360992366920E-003
  0.87208332688196399       -2.4152062409891399E-004
  0.80391603746486728       -1.6801410417189593E-004
  0.81642386429115010        3.3360350109583664E-003
  0.85193567344218690        4.1850298004085691E-003
  -3.2532741339708349E-003  0.15366162381360923     
  -5.3803593555454554E-003  0.11551612918117631     
  -9.6623091263615027E-002  0.16378948154012907     
  0.84336929305141195        8.7806748522432240E-002
  0.80617724219397369        4.9557197440978550E-002
  0.80130803086320812        3.7410694713585532E-002
  0.80759639430962593        4.7976232722304335E-002
  0.80812752498047780        6.5191784758076146E-002
  0.87172480197674118        6.2451256859090268E-002
  0.79395194478642572        8.2339747719577638E-002
  0.56149911234527750        1.8039901042231622E-002
  0.54670436786829790        9.4478455624341824E-003
  0.58725984905419282        7.0401137222157381E-004
  0.60153697136412265        6.7728585436055448E-003
  -5.5482268612983443E-002   1.3401480297468547E-003
   1.2240576456363755E-002  -2.2287743463634928E-003
  0.13791443233369718        4.6502114942599477E-003
  0.15434924759595445       -5.4593737072498264E-003
  -8.8370996129735035E-002  -2.8915610890522516E-003
  -5.4209837898375218E-002  -3.4230545147837048E-003
   4.2203518737838910E-002  -3.1479813156236563E-003
   5.1477396955589214E-002   1.0378312096303243E-003
  0.10299144792587248       0.15502508079457533     
  0.20287501206627478       0.15193625256534618     
  0.19677560068186828       0.14234849483706394     
  0.33979064290625804       0.14808115052818685     
  0.16188288922831928       0.15622842766649297     
  0.28459850296314826       0.16013105653987095     
  -9.8429060748730340E-002  0.24981006337795672     
   8.5967980736147021E-003  0.23712981313967793     
   2.5478165893905353E-002  0.27819200677065820     
   2.9213869835464208E-002  0.25379079357669648     
  -5.1352821954878721E-003  0.23963081729763375     
  0.55649836555730181       0.20000990441896402     
  0.55714950193594259       0.18849306004408550     
  0.57320457487185228       0.20000520977718561     
  0.54350474301329854       0.19102871679253400     
  0.52996731157628085       0.19544743668399317     
  0.35938434060709334       0.21606207179078721     
  0.37155419942947693       0.22397928138036893     
  0.35164123785309837       0.21680856679272215     
  0.33794939595777196       0.23013724365828847     
  0.27959824008383899       -9.8763709137592026E-004
  0.36746573277047273       -4.1869643802628563E-004
  0.39127917645884175        2.6979917087478181E-003
  0.20814346659040725       -2.0610140261236542E-002
  0.32018011069762575        1.2452667861203354E-003
  -3.6929463273969378E-002  0.23721193722235798     
  0.93609891941367396        1.8930705919911962E-002
  0.93248753810963037        1.1916057871492762E-002
  0.96988931274241241        2.6299998063288428E-002
  0.96624739147624283        3.0246794274645942E-002
  0.98143822580310458        1.8192433725313806E-002
  0.94670034470674191        2.2596442649661611E-002
  0.96176163675996273        3.6811161512725413E-002
  0.92315124181641606        1.8706940296745276E-002
  0.93042509137417884        4.3737613825485785E-002
  0.94364432785358288        5.4220707082015401E-002
  0.92825388243118934        2.2100578287264510E-002
  0.98428675600670201        3.8172727753038857E-002
  0.92632802727422614        3.4166946097695702E-002
  0.93193969889245165        3.9101947776732475E-002
  0.92274962602582333        3.1988908536078074E-002
  0.95668070461627019        1.7970343024593889E-002
  0.90519409961106179        4.5846785742042269E-002
  0.10586879016826913       -1.9788785958775273E-003
  0.32489748506899152        3.0912012073850120E-003
  0.35198574858235898       -1.0990283110258188E-003
   8.7661146697946196E-002  -6.3503376515465252E-003
  0.26635801482756638       -6.4708599269172379E-004
  0.27403565965434107       -7.8571204327096563E-004
  0.46630445318506397        9.8326762151727080E-003
  0.61110966465265759        4.4944733756782226E-003
  0.53488777040262492        4.1619556586150374E-005
  0.54338316088658334        1.0181072196445450E-004
  0.57695764775821168        9.7886086240164469E-004
  0.45079327884146236        1.4547404301936036E-003
  0.92962656965613943       -6.6559077245274684E-002
  0.94819578376486824        1.2596067335274474E-002
  0.88239906970298798        7.0879289311199635E-003
  0.89388934622892624        6.6438648602652759E-003
  0.91886309826515711       -5.4175284405365660E-003
  0.96944450237462021        2.9433060817074527E-002
  0.48697015521074816       0.16996716393424466     
  0.49273702248077889       0.16878339842997775     
  0.48550691498152415       0.17779457800968479     
  0.47290653417538420       0.19331008144297543     
  0.86665991147838117        2.5771873650454365E-003
  0.86987550223291121       -1.3529777179666987E-003
  0.83982872368489414       -1.1808690353571833E-003
  0.75937642178833542        7.4402037411422828E-004
  0.90522651110854069        7.6328347695225137E-004
  0.72536542194167941        2.6846181032148721E-003
  0.80977499521347895        1.0945867007753183E-002
  0.66771243268743641        2.3432810183311586E-003
  0.67600995818375043       -3.2395965922499021E-004
  0.70366383653871045       -4.8797874420135490E-003
  0.55814671736556454       -5.2858658594888007E-004
  0.29031591530385958       -3.0756226850504678E-003
  0.46272006841842261        1.0429660983790989E-003
  0.42144904904414671       -3.9392958123306140E-003
  0.45540649993993421       -2.6960714250803385E-003
  0.37127491525934792       -1.8727780249503010E-003
  0.38168646161948994       -1.1094276968550666E-003
  0.89588773944588806       -6.5629287989389468E-002
  0.96563344224868264        3.7236779886469638E-002
  0.86925132775655645        2.3331244339242788E-002
  0.87671385449451544        5.3890500421188120E-002
  0.89234402658848877       -2.5957776823408510E-002
  0.91091283691986358        1.1119219847883991E-003
  0.95350638679527877        4.7128949035861690E-003
  0.60555650167381303        8.2660410074114427E-002
  0.60418516463157534        5.3228857593158180E-002
  0.59753579744181273        7.3020605151964693E-002
  0.60507180445285058        7.8166746204510071E-002
  0.50499338617875233        9.1071406014058096E-002
  0.61773254177026982        9.4915412526753465E-002
  0.60754473264658193       0.12187381817133008     
  0.52509654221006907        9.4451464532240188E-003
  0.49217631630431519        1.1453759532210719E-003
  0.49569694940528547        3.0972946582373577E-004
  0.51427075888646800        4.0459565148590155E-003
  0.42707699940297217       -2.9440414659286200E-003
  0.71318100829628772        9.1890626038973619E-002
  0.71080296322432135        8.9232693140954458E-002
  0.76713693158299590        7.9305013365230340E-002
  0.73134800168417047       0.10785865931896235     
  0.66375532725466480        9.8507271950027134E-002
  0.74820503809558203        8.8057338305888105E-002
  0.70711492535841247       0.10911163290952455     
  0.96914407726110752       -3.3425157168294802E-003
  0.95804117175153181       -3.8818913480724538E-003
  0.99795202598006105        8.9833006876898162E-003
  0.97929872830498788       -1.3661553311033220E-002
  0.99799286687312216       -8.8073565653271145E-004
  0.98522723813389168        4.9149835120062069E-003
  0.98678172325004965       -2.4785332552559099E-003
  0.59145016106276516        5.4750847723127635E-004
  0.56042249421626866       -4.2505274616567703E-004
  0.58959443889384267       -1.3171948025796579E-003
  0.50690627593194337       -1.8023279581236178E-003
  0.51976404389941466        8.3129325865411764E-004
  0.62440854529806333        1.6411836388117915E-003
  0.80297448082919065       0.13246439172701949     
  0.79387392882990304       0.11013581044319495     
  0.80522721574755685       0.11128465476742398     
  0.79963191367205921       0.11089543821439511     
  0.78802403486966988       0.11116968048219136     
  0.84125669351973842       0.10889889671508828     
  0.77383608504792456       0.12766311865842941     
   8.0523506792020416E-003  -4.2244938179285637E-004
  0.70483364382623948        9.8087097748654267E-004
  0.72058429537597257        9.4037645013731136E-004
  0.63818408799802195        1.0679193046887114E-003
  0.64541423188780267       -1.1549248023281166E-003
  0.76242502354866715        1.8992592505824720E-003
  0.81715391799936976        5.5251441139887595E-003
  0.80574001667063611        4.3041167197905104E-003
  0.83602289714464617        1.1148198628110624E-003
  0.71256758274279663       -1.3085628101525500E-003
  0.86326557408416926        6.9246880664974152E-003
  0.75534321189382281        5.5167347462069475E-003
  0.84440495170531915        2.1253009273816455E-003
  0.89184096368423638        8.4135536254450499E-002
  0.90167415365194781        8.2703558476082906E-002
  0.90165118696146207        7.5380639790021020E-002
  0.91026495292300336        5.4533390711802091E-002
  0.88979241114909724        6.4489324284025470E-002
  0.92253191310302729        7.1651545479248444E-002
  0.87300015725035984        9.0258191014254516E-002
  0.56317883309889583       0.22177906897442204     
  0.55543444566816824       0.19590597892690828     
  0.56788447197197700       0.20224077677783442     
  0.54493414965647979       0.19946131417052668     
  0.63230929457350260       0.21899558070053621     
  0.53167768811961336       0.20788173597004292     
  0.85545228988896549        2.4799101011279450E-002
  0.88933409902620997        8.4751966823167141E-004
  0.80337679309940402       -1.8370760649632202E-002
  0.81314954440754406       -1.0370612665447969E-002
  0.83952789251838378       -6.4404368176136234E-003
  0.93269370381329808        2.5476774128805581E-002
  0.93435217094776868        1.9621664489074078E-003
  0.91777495400769327       -8.6461834010806492E-004
  0.93870537728357339       -6.8462720169913715E-004
  0.82918637483882973        3.7369930714168309E-003
  0.95180795100161120        8.6660225717047866E-004
  0.82966058301402790       -5.3442707312885435E-003
  0.90601888317630375        3.7478703672659777E-002
  0.79206925148354079       -2.1772687804446937E-003
  0.79974582888300771        1.0759656352642602E-003
  0.82005598943650593        4.2652573153633314E-002
  0.92540188430523018       -3.3462569972034603E-002
  0.81402034375011301       -5.4098435224847240E-003
  0.82836977023284708        1.0679439633908623E-003
  0.73266882166246994       -1.1953104522261194E-003
  0.74058893042293983        8.8012785027625573E-004
  0.85930593256633503        8.7154376573935952E-004
