 cosx vtec
  0.96199923698028611       -9.6162401822252549E-004
  0.94431780236874452       -3.1685733285309186E-004
  0.97297693865270518        1.2930267714109428E-003
  0.96887938641098659        7.5567409252068395E-005
  0.95118857593074879        3.9073304018642291E-003
  0.94076993101841988       -7.3190681211835254E-004
  0.94694442581081217       -5.0381838196475351E-004
   8.6903424114183614E-002  -1.2897270245265243E-003
  0.16348379571549276       -1.5853890733796313E-003
  0.12864590492460104        2.7911010227498938E-003
  0.24819900885357032        2.5617719413499748E-004
  0.23580227442269308        1.3981685127904576E-003
   6.9000650540350705E-002  -5.1007868414364495E-003
  0.91462132692014431       -1.4334823602417959E-004
  0.89120280452183986        9.1280395362138908E-005
  0.91758160948015233        2.6484931139093269E-003
  0.83689078005307549        2.4790802105653944E-003
  0.78033979272853626        4.0766235908728171E-004
  0.91966497569283079       -1.5515789069554193E-003
  0.90975602909887288       -3.5281456368758475E-003
  0.88136846992184470       -1.1035258684171378E-003
  0.88197471480851442        4.7901094501673130E-004
  0.58638894801371566        1.5687779507678255E-003
  0.35689913103478155        2.7623175054397550E-003
  0.51166762795906373        4.0197458449612528E-003
  0.52571762522623122       -4.7835043372671920E-004
  0.48227939219700339       -3.4377783499088652E-003
  -2.3022397676737139E-002  0.24536648206127828     
  -6.7548915835472484E-002  0.21150504713415480     
  0.78906684651263592        1.7863194930720187E-002
  0.70673065260476453        1.9575283317887330E-002
  0.57989569944801989        3.0287222014354839E-002
  0.64443923093548272        1.6668697761839574E-002
  0.60790027589035112        1.3116161486377044E-002
  0.74626502352842594        2.5127913673000962E-002
  0.70930183334211649        1.0602088710713380E-002
  0.67904217124150668        1.3917213258329682E-002
  0.50354873600250361        1.0555076789434181E-002
  -2.3015339969187365E-002   2.3041674179984772E-003
   2.4995790296126141E-002  -2.7525199677435008E-004
  -2.0639158280117420E-003  -1.2724938539822386E-003
  0.14484518600095964       -2.9124891541573404E-003
   9.1298810926871865E-002   1.6272398366837053E-003
  -4.1300104300234730E-002  -1.8118724865727565E-004
  -6.3786602065316389E-002  0.15282663361311893     
  -8.2248542696211513E-002  0.18282056158905738     
  -7.8204440156724231E-002  0.16106935157295429     
   3.8550800274561592E-002  0.19583999216562853     
  -3.9008956695652797E-002  0.15789407856856472     
  -9.9171280033758469E-002  0.15939434382024795     
  0.95699250015568538        5.2849905566731969E-002
  0.97535011170745989        3.8106920053663500E-002
  0.94534755715754315        6.3276848475789002E-002
  0.88412351820513901        7.0919116972806243E-002
  0.95203428074215002       0.10519336145341916     
  0.95658695862528598        5.0497807114577992E-002
  0.84380393940949405       0.10388572255787835     
  0.99028731985401208        5.3512534605510184E-002
  0.92511937165626801        7.5890816554633062E-002
  0.90403526464247908        6.5135368128468984E-002
  0.97020052185561978        6.0586009130342254E-002
  0.81755344439790800       -1.1004490245101013E-003
  0.79108482650081813       -8.3599036980587562E-005
  0.74811454505431985       -7.6881997226430749E-004
  0.86046952941636579       -1.8436084074217239E-004
  0.78401930354406879        8.0550389157429145E-004
  0.80933212074904315        9.8471546486337408E-004
  0.75335034636973874       -6.6271548454806327E-004
  0.80395004653601465        5.8068373183961623E-002
  0.71124495101971252        6.6928927599418278E-002
  0.60159926859121016        7.8420673010781289E-002
  0.65975497958541462        6.1524758571879119E-002
  0.61191372563310809        3.4345231023820519E-002
  0.74989953339120841        6.3733997491919478E-002
  0.74153913307590225        4.5257741978062357E-002
  0.75444192450150582       0.10812904251234406     
  0.69444493644074434        6.0545584113714725E-002
  0.12951889048955972        9.8655685494388690E-002
  0.10911795685238357       0.13308650335389738     
  0.26488535484156489        5.5964969898950119E-002
  0.11661054876735816       0.10687066290385225     
   3.8091550440408517E-002  0.10745699758102502     
  0.22217645759183280       0.13555866064375602     
  0.14355363639021268        9.3728464902475037E-002
   9.4300930198588651E-002  0.10544067617861003     
  0.95687539785264597        4.4498150413293282E-003
  0.95852095259759174        1.7487307358282290E-002
  0.96538014545591810        4.1352447010887541E-002
  0.88789593330782490        2.9894771136291815E-002
  0.96036963103653217        4.3363388991551628E-002
  0.94437960267041032       -3.1374722056225199E-002
  0.84292171445286590        4.4487769866509388E-002
  0.97741090655513285        9.1331953273705319E-003
  0.93780217113616837        3.6179897849154104E-002
  0.90202479308569339        1.7362169594392445E-002
  0.99419153215985312        2.1612762921603676E-002
   6.0649090858137411E-002   3.9713315750270527E-003
  -3.2802418853668691E-002   1.5067994553094507E-004
  0.13049186270639845       -6.6718014027117778E-004
  -3.0904199431880885E-002   4.4953568808341338E-003
   6.2849463276249573E-002  -1.1062818537919612E-003
   1.1244903295665909E-002  -4.5443046438902509E-003
  0.48019894116251666       -1.8425442309917390E-003
  0.41411099095074150       -6.4994435822044718E-003
  0.37963469603850880       -1.5193500429710259E-003
  0.45305151591839177       -1.0268789279195456E-003
  0.46940960178239471       -2.8028151825057441E-004
   1.9872685101070847E-002   5.2825112062993246E-004
   4.5571524575635014E-002  -2.7870839953360914E-003
   4.4081006003538370E-002   1.0504469837238101E-003
  0.96707950971209788        1.2428388263224378E-003
  0.95077131274564064       -2.6804108066335843E-004
  0.99209636723408634        5.3309663252945824E-003
  0.97780073927287781       -1.7674594537552189E-004
  0.95107464108291984        1.4058700887975260E-003
  0.95314627520185913        3.4385848994467221E-003
  0.99537284409021543        7.1561491682741601E-004
  0.91706662274728901       -1.9313477136490538E-003
  0.97174464830772189        4.6256906650562378E-004
  0.29506145801264794       0.26215514191980205     
  0.21082188882745340       0.25579646739042927     
  0.26727710375264280       0.25371490527562868     
  0.30542528096335841       0.14616974875789149     
  0.19425287588793755       0.13480062142992202     
  0.22925205777752364       0.13244874296649659     
  0.20064053498986001       0.12622566330818735     
  0.27354049820520698       0.13218300977472652     
  0.15858868193999770       0.13403129489593524     
  0.12636748658589789       0.16718654530471480     
  -9.1307736061944089E-002   7.5457911314361602E-003
  0.84034607643782078        4.5253359407055623E-004
  0.80490387384989404        9.6129781111855802E-004
  0.84043867099445202       -3.0777218663015225E-003
  0.74673348637981785        1.1174027867113141E-003
  0.70649151664708421        4.3087592295885479E-004
  0.84646864273705036       -2.2641791912794453E-003
  0.84041423818615013       -1.7650548315984085E-003
  0.78911312055480487        8.1385757764911872E-004
  0.78832094783415474       -4.3943034735775886E-004
  0.85762279836388489       0.13828575727672404     
  0.79983521514090339       0.13496985917050677     
  0.71857802968391216       0.17457448895407282     
  0.82368638460239596       0.13312764346030101     
  0.78773449955554120       0.13731931094613789     
  0.81809310242141287       0.14286392655987321     
  0.16811273859832898        1.8039901042231622E-002
  0.20903399232903336        9.4478455624341824E-003
  0.18528651282106984        7.0401137222157381E-004
  0.14353667418068167        6.7728585436055448E-003
  0.76003708199056541        1.3401480297468547E-003
  0.70574324621223583       -2.2287743463634928E-003
  0.66139361119527429        4.6502114942599477E-003
  0.62047116364953381       -5.4593737072498264E-003
  0.79761365532363315       -2.8915610890522516E-003
  0.73324284564486597       -3.4230545147837048E-003
  0.69545173563770690       -3.1479813156236563E-003
  0.71174151235146454        1.0378312096303243E-003
  0.94671835185241338        7.8589178373334942E-004
  0.93383401285709011        8.1466062100912489E-003
  0.98545820984151422       -1.6584863994053397E-002
  0.88017447000722870       -1.3931294641972591E-003
  0.96015064483429624        5.5444735493517883E-003
  0.92708400488764520        9.1762047814772235E-003
  0.94592982160516925       -1.2828109273727184E-002
  0.95777209856517587        3.2156347579018912E-003
  0.89229835796098578       -1.6253284049114482E-003
  0.98982537887457767        7.0115968919918338E-003
  0.37184669231039663       0.15502508079457533     
  0.27507509979807576       0.15193625256534618     
  0.31155494475645146       0.14234849483706394     
  0.27443060480307646       0.14808115052818685     
  0.35421138434340788       0.15622842766649297     
  0.22723906857283016       0.16013105653987095     
  0.15133251334807879       0.24981006337795672     
   4.4295618981054205E-002  0.23712981313967793     
   9.4619665527695213E-002  0.27819200677065820     
   6.1035105787249702E-002  0.24906902391523478     
  0.14762329617825093       0.25112652606919900     
  -3.4583362981226155E-002  0.25379079357669648     
   9.9407185046204785E-003  0.23963081729763375     
  0.85198907441309124       0.12439328161424504     
  0.81651491079259053       0.12268714835724899     
  0.76234209758494931       0.13250280893800487     
  0.72611907497380224       0.14929554268333578     
  0.83246588916128572       0.12294461422415401     
  0.73623518007560995       0.13888483793408246     
  0.79236117735410949       0.16177407630208820     
  0.87077278241728373       0.14745223535839036     
   1.5026421361647002E-002  -9.8763709137592026E-004
   3.4553902683236354E-002  -2.0610140261236542E-002
   4.6178386916956138E-002   1.2452667861203354E-003
  0.79292760913628724        1.2527483998860428E-003
  0.84530671205973795       -1.7301745083221845E-004
  0.75738294204448042       -3.1242440398636237E-003
  0.75574254597707080       -1.7347450135841900E-003
  0.73121640185631342        2.6230552523900720E-003
  0.68571633143254573       -1.9788785958775273E-003
  0.51552156229753576        3.0912012073850120E-003
  0.48553490121563636       -1.0990283110258188E-003
  0.70629312140444556       -6.3503376515465252E-003
  0.55939232020419072       -6.4708599269172379E-004
  0.55962010173461707       -7.8571204327096563E-004
  0.37790317578826704        9.8326762151727080E-003
  0.95514713104452764        9.9820059252443555E-003
  0.95145486550674607       -3.7000416006854219E-004
  0.93170859219009894        1.8675346546876515E-002
  0.87604758082445022        1.4043305679535661E-002
  0.94624356479537619        1.3691458398637160E-002
  0.97470320103372976       -3.2657256707119119E-003
  0.93355069085284970        3.4037502207289396E-003
  0.94942159276465410        3.1281954673396055E-002
  0.91793970879252984        1.2257620280420930E-002
  -7.2697229710992961E-002   7.4402037411422828E-004
  0.54536013057148480       -3.0756226850504678E-003
  0.34661294522334607        1.0429660983790989E-003
  0.41144962461498136       -3.9392958123306140E-003
  0.38537405938032943       -2.6960714250803385E-003
  0.47115177194411240       -1.8727780249503010E-003
  0.45294738010963836       -1.1094276968550666E-003
  0.24775233980298683        9.8461162684642806E-002
  0.22498694583469081       0.13174878465105111     
  0.36877948934740012        7.6485740926834231E-002
  0.23434104955089052       0.10454917800673171     
  0.13822505250637507       0.11754210326410783     
  0.31541598010265959       0.11888509311478077     
  0.26209693095185671        9.7090992999645923E-002
  0.21141960967615159       0.10509869906497141     
  0.31747175673882549       0.24900590984499346     
  0.27857905142421086       0.22365486852961142     
  0.18201189653341637       0.31946926041257023     
  0.22779078215297596       0.23657501750403848     
  0.40950799794047904       0.27576256098499924     
  0.23433278771503910       0.24673764574183799     
  0.28127906502184852       0.23544226493101264     
   3.5859996045953885E-002  0.16105346369551943     
  0.14247084247917458       0.27503329833987039     
  0.19262949699312107       0.28070750620823104     
  0.78404624656707023       0.13561832585111258     
  0.74080309895981900       0.14488049082489490     
  0.68064544846080610       0.14099650179983431     
  0.64983056903241965       0.14005128467219471     
  0.75868188760742372       0.12712883641484735     
  0.65882355571083018       0.14563795754615758     
  0.70919023042534446       0.14434854905661090     
  0.20471617041835721        5.4750847723127635E-004
  0.26149837878655163       -4.2505274616567703E-004
  0.23582659732929789       -1.3171948025796579E-003
  0.33348665571081315       -1.8023279581236178E-003
  0.30976168868500886        8.3129325865411764E-004
  0.18482640881336809        1.6411836388117915E-003
  0.85692160830823516        8.4916412160106983E-004
  0.82277266099110347       -5.4668864384596884E-005
  0.90481406257986063       -1.3352013552095448E-003
  0.72706132081001429       -4.2244938179285637E-004
  0.87904467154640797       -3.3303824079798957E-003
  0.83661604827178915        2.9710001599958600E-004
  0.81730972479479336        4.4567733278943306E-004
  0.83290046053955158       -2.3710797897497052E-003
   8.8273770445088384E-002   9.8087097748654267E-004
   5.2858239664903162E-002   9.4037645013731136E-004
  0.15774115106626663        1.0679193046887114E-003
  0.16791958806883028       -1.1549248023281166E-003
   4.8656012396236514E-004   1.8992592505824720E-003
   7.4364544466449856E-002  -1.3085628101525500E-003
  -3.6249049189988947E-002   5.5167347462069475E-003
  0.85366555455677173       -8.5020807505557317E-004
  0.88916021915739618       -1.5506346889086720E-004
  0.82361998634089018       -5.1013352026934482E-003
  0.83983557417001564       -2.5845571095877728E-003
  0.79334082521082361        4.6924016013175840E-003
  0.94201793058398975        8.3818313049875796E-003
  0.93742003914512084        2.6070822242617044E-003
  0.91603390708166188        1.8072617873496892E-002
  0.86030063120914968        1.3724598829335260E-002
  0.93188981543928673        1.3313824791760968E-002
  0.96622819320116571        2.0056339037771636E-004
  0.91695484045924136        4.3708906987681489E-003
  0.93891303922214620        3.5249432613144997E-002
  0.90069928134558008        1.1506305277751162E-002
  -8.0238920973425887E-002  -5.4098435224847240E-003
   2.0577902147101035E-002  -1.1953104522261194E-003
   3.7772011321080545E-002   8.8012785027625573E-004
