 cosx vtec
  0.94417189324757533       -9.6162401822252549E-004
  0.94498531382691409       -3.1685733285309186E-004
  0.95746197863651372        1.2930267714109428E-003
  0.94962348307174282        7.5567409252068395E-005
  0.92619747881138337        3.9073304018642291E-003
  0.95928267094714181       -7.3190681211835254E-004
  0.97643930018814795       -5.0381838196475351E-004
  0.56347002633799459       -1.2897270245265243E-003
  0.63401435466979617       -1.5853890733796313E-003
  0.60677954110127486        2.7911010227498938E-003
  0.69698549164438883        2.5617719413499748E-004
  0.68957499495193486        1.3981685127904576E-003
  0.55824175641766116       -5.1007868414364495E-003
  0.98686339601592299       -1.4334823602417959E-004
  0.98402498262727411        9.1280395362138908E-005
  0.99292562441813292        2.6484931139093269E-003
  0.99763809921755309        2.4790802105653944E-003
  0.98395737464623434        4.0766235908728171E-004
  0.99079828716012197       -1.5515789069554193E-003
  0.96994295966821042       -3.5281456368758475E-003
  0.99143944883360591       -1.1035258684171378E-003
  0.99890031497655851        4.7901094501673130E-004
  0.58830499243329137        1.5687779507678255E-003
  0.40057678863783586        2.7623175054397550E-003
  0.52358413919580771        4.0197458449612528E-003
  0.57789042577146432       -4.7835043372671920E-004
  0.46161472483130450       -3.4377783499088652E-003
  0.17184911271234571       0.24536648206127828     
   4.2573690232120209E-002  0.18116790074331321     
   9.7125452504854964E-002  0.18711093450550123     
  -2.8817763781678551E-002  0.18987606643068172     
  0.19011040186100314       0.21150504713415480     
   3.9338254404042677E-002  0.18739092016021178     
  -6.7095184666512986E-003  0.18751340178758585     
  0.95683287035480924        1.7863194930720187E-002
  0.90113284927367443        1.9575283317887330E-002
  0.83154194797997638        3.0287222014354839E-002
  0.88734515850106621        1.6668697761839574E-002
  0.89323879204923962        1.3116161486377044E-002
  0.92698309538701118        2.5127913673000962E-002
  0.93888576798651191        1.0602088710713380E-002
  0.90593185894530326        1.3917213258329682E-002
  0.81330151616055946        1.0555076789434181E-002
  -1.8876029609999068E-002  -2.7604670143527199E-003
  -6.6537951482559976E-002  -1.2436391499969313E-003
  0.13153902488194896        2.0479110461447654E-004
   1.6322166040023178E-002   3.3594982712548912E-003
  -2.8503802052830596E-002   4.1191537438215890E-004
  0.46006557081917676        2.3041674179984772E-003
  0.51003068442585708       -2.7525199677435008E-004
  0.49344846004803439       -1.2724938539822386E-003
  0.61902595988209252       -2.9124891541573404E-003
  0.56563818264155463        1.6272398366837053E-003
  0.45441950499162415       -1.8118724865727565E-004
  0.69087903695134534        5.2849905566731969E-002
  0.73449558000699877        3.8106920053663500E-002
  0.68753195170498205        6.3276848475789002E-002
  0.53353685787776839        7.0919116972806243E-002
  0.68700537870792755       0.10519336145341916     
  0.68271361973021982        5.0497807114577992E-002
  0.47512062937663579       0.10388572255787835     
  0.78936604001846611        5.3512534605510184E-002
  0.63385608663387749        7.5890816554633062E-002
  0.57414853026704282        6.5135368128468984E-002
  0.77507537462072029        6.0586009130342254E-002
  0.64297688805589348       -1.1004490245101013E-003
  0.63557382067392254       -8.3599036980587562E-005
  0.48445309765435218       -7.6881997226430749E-004
  0.67854286183721912       -1.8436084074217239E-004
  0.61051780089333563        8.0550389157429145E-004
  0.67866518102030760        9.8471546486337408E-004
  0.55510773260785495       -6.6271548454806327E-004
  0.91125583149058520        5.8068373183961623E-002
  0.84662663723800924        6.6928927599418278E-002
  0.78782225179997856        7.8420673010781289E-002
  0.84108339357104978        6.1524758571879119E-002
  0.86416855078441190        3.4345231023820519E-002
  0.87244091584410721        6.3733997491919478E-002
  0.91417365106765835        4.5257741978062357E-002
  0.80022310629690796       0.10812904251234406     
  0.85926522974219788        6.0545584113714725E-002
  0.69133271266232588        4.4498150413293282E-003
  0.71451631988218689        1.7487307358282290E-002
  0.70661917839994892        4.1352447010887541E-002
  0.54711881842091747        2.9894771136291815E-002
  0.69458545180030540        4.3363388991551628E-002
  0.67472155309926563       -3.1374722056225199E-002
  0.46099472887279835        4.4487769866509388E-002
  0.76802334246108184        9.1331953273705319E-003
  0.63865469447427436        3.6179897849154104E-002
  0.59368874915972192        1.7362169594392445E-002
  0.81287775367479731        2.1612762921603676E-002
  0.81876472398175082       -1.8425442309917390E-003
  0.80760686457253139       -6.4994435822044718E-003
  0.77156208204215260       -1.5193500429710259E-003
  0.81296503215730642       -1.0268789279195456E-003
  0.83794434421003472       -2.8028151825057441E-004
  0.22524533044733547        5.2825112062993246E-004
  0.19531519604513783       -2.3291142227196697E-004
   6.6904742932935191E-002  -1.0360885492778609E-003
  -7.6634492585472280E-003   2.9107282886670050E-005
  0.20733385330418272       -2.7870839953360914E-003
  0.28366103231818829        1.0504469837238101E-003
  0.87641362150049862        1.2428388263224378E-003
  0.87795350761203739       -2.6804108066335843E-004
  0.90274090012020913        5.3309663252945824E-003
  0.88505240546122022       -1.7674594537552189E-004
  0.85636295089073178        1.4058700887975260E-003
  0.89967394235346687        3.4385848994467221E-003
  0.82039739703759262        7.1561491682741601E-004
  0.76151786566809998       -1.9313477136490538E-003
  0.93786478502964177        4.6256906650562378E-004
   7.4343696948938637E-002  0.26215514191980205     
  -3.5168715659819966E-002  0.25579646739042927     
   1.8984854791539690E-002  0.25371490527562868     
  0.54459994226199759       0.14616974875789149     
  0.47420167857976758       0.13480062142992202     
  0.51506858701295588       0.13244874296649659     
  0.53983993659801843       0.12622566330818735     
  0.54999134755812884       0.13218300977472652     
  0.46763838875799124       0.13403129489593524     
  0.39026870638187905       0.16718654530471480     
  0.25028100899967903        4.4968026919053892E-003
  0.30294110339947083        4.2981282663374643E-003
  0.28446716497557289        1.4764253058574511E-003
  0.39454027286702864        7.5457911314361602E-003
  0.24293242555320194        8.4268154823119001E-004
  0.99391006297870632        4.5253359407055623E-004
  0.98342846868715117        9.6129781111855802E-004
  0.99746515311942230       -3.0777218663015225E-003
  0.97901288065341352        1.1174027867113141E-003
  0.96274103275876632        4.3087592295885479E-004
  0.99852841061433195       -2.2641791912794453E-003
  0.97604965563073853       -1.7650548315984085E-003
  0.98537863736382958        8.1385757764911872E-004
  0.99005764116612838       -4.3943034735775886E-004
  0.63715406733255164       0.13828575727672404     
  0.59378555096832875       0.13496985917050677     
  0.46126301225853727       0.17457448895407282     
  0.60925939701607357       0.13312764346030101     
  0.55365955851939197       0.13731931094613789     
  0.65687519373414005       0.14286392655987321     
  0.58261412617245867        1.8039901042231622E-002
  0.62556489385359337        9.4478455624341824E-003
  0.62150643377127623        7.0401137222157381E-004
  0.57715260391437451        6.7728585436055448E-003
  0.94087140003912806        1.3401480297468547E-003
  0.91527553835894915       -2.2287743463634928E-003
  0.94028853424685055        4.6502114942599477E-003
  0.89840671208941125       -5.4593737072498264E-003
  0.96771231969303440       -2.8915610890522516E-003
  0.90725591247109616       -3.4230545147837048E-003
  0.92160194996848821       -3.1479813156236563E-003
  0.94859677875732529        1.0378312096303243E-003
  0.75169552305337006        7.8589178373334942E-004
  0.75719122383056492        8.1466062100912489E-003
  0.79312170053902764       -1.6584863994053397E-002
  0.58759132173804374       -1.3931294641972591E-003
  0.76299778207946478        5.5444735493517883E-003
  0.72983888510268935        9.1762047814772235E-003
  0.79416121497015579       -1.2828109273727184E-002
  0.70149632833008402        3.2156347579018912E-003
  0.65946231245427134       -1.6253284049114482E-003
  0.87769147172941164        7.0115968919918338E-003
  0.54525981296105597       0.15502508079457533     
  0.48604701761826402       0.15193625256534618     
  0.52896349603400705       0.14234849483706394     
  0.57458380903773998       0.14808115052818685     
  0.56102695842999373       0.15622842766649297     
  0.47789142308589289       0.16013105653987095     
  0.13030432597001515       0.24981006337795672     
   6.2556514492097995E-002  0.23712981313967793     
  0.13827039570961322       0.27819200677065820     
   3.8961980970461108E-003  0.24906902391523478     
   8.0830103166482287E-002  0.25112652606919900     
  -2.5391515618111093E-002  0.25379079357669648     
   9.4277242723652312E-003  0.23963081729763375     
  0.51935722413341523       0.12439328161424504     
  0.49526090690451530       0.12268714835724899     
  0.36455450314480842       0.13250280893800487     
  0.35935821402190254       0.14929554268333578     
  0.50272043621022089       0.12294461422415401     
  0.34687826428751506       0.13888483793408246     
  0.44438191935945781       0.16177407630208820     
  0.62802438216902678       0.14745223535839036     
  0.20181240041544773       -9.8763709137592026E-004
   4.5211588955296325E-002  -4.1869643802628563E-004
  -2.5169558123279867E-002   2.6979917087478181E-003
  0.18027765287839284       -2.0610140261236542E-002
  0.26834853407566767        1.2452667861203354E-003
  0.82270007201398698        1.2527483998860428E-003
  0.86247018655722929       -1.7301745083221845E-004
  0.78819530328991572       -3.1242440398636237E-003
  0.82375556421177176       -1.7347450135841900E-003
  0.70462218720947245        2.6230552523900720E-003
  -3.8993348180145493E-002   1.8930705919911962E-002
   3.6597926617050858E-002   1.1916057871492762E-002
   1.0222630150278356E-003   3.0246794274645942E-002
  -5.0912908277159996E-002   3.6811161512725413E-002
  0.95064091296741260       -1.9788785958775273E-003
  0.87480356421248973        3.0912012073850120E-003
  0.85393406380739434       -1.0990283110258188E-003
  0.96520972924106130       -6.3503376515465252E-003
  0.89299379736544326       -6.4708599269172379E-004
  0.89829785482224478       -7.8571204327096563E-004
  0.79018161961776423        9.8326762151727080E-003
  0.95784045473916546        9.9820059252443555E-003
  0.97494888682549319       -3.7000416006854219E-004
  0.94365259407156188        1.8675346546876515E-002
  0.95944423838338944        1.4043305679535661E-002
  0.95145216457556647        1.3691458398637160E-002
  0.95584901276071965       -3.2657256707119119E-003
  0.97797065758200030        3.4037502207289396E-003
  0.89079593889107600        3.1281954673396055E-002
  0.96324491277261881        1.2257620280420930E-002
  0.32503531468806146        2.5771873650454365E-003
  0.24138739735721604       -1.3529777179666987E-003
  0.10311764275352919       -1.1808690353571833E-003
  0.40219003575805312        7.4402037411422828E-004
  0.20194692115632007        7.6328347695225137E-004
  0.89059177148138502       -3.0756226850504678E-003
  0.74761613162430296        1.0429660983790989E-003
  0.80403081678713639       -3.9392958123306140E-003
  0.79267286849826502       -2.6960714250803385E-003
  0.84803357879500674       -1.8727780249503010E-003
  0.83142611751678908       -1.1094276968550666E-003
   3.4895095112723457E-002  0.24900590984499346     
  -1.5729287926695673E-002  0.31946926041257023     
  -7.8942868064446475E-002  0.23657501750403848     
  0.10849293987580737       0.27576256098499924     
  -2.7389695407193798E-002  0.23544226493101264     
  0.40596483721051169       0.13561832585111258     
  0.37550691688330629       0.14488049082489490     
  0.25184206451221619       0.14099650179983431     
  0.24669672398205089       0.14005128467219471     
  0.38383081275765557       0.12712883641484735     
  0.23852688205811112       0.14563795754615758     
  0.31784098579920206       0.14434854905661090     
  0.15880095809427502        9.1890626038973619E-002
  0.20667623029100099        8.9232693140954458E-002
  0.21230790423061505        7.9305013365230340E-002
   6.8849959860702525E-002  0.10785865931896235     
  0.29018943991398516        9.8507271950027134E-002
  0.15359192363977089        8.8057338305888105E-002
   9.2335765662456215E-002  0.10911163290952455     
   1.5896908870166038E-003  -3.3425157168294802E-003
   9.1403972858762561E-002  -3.8818913480724538E-003
   2.8723989208965406E-002  -1.3661553311033220E-002
  -1.7116615179071648E-002  -2.4785332552559099E-003
  0.64921975334289017        5.4750847723127635E-004
  0.70196568374434776       -4.2505274616567703E-004
  0.68800331230222955       -1.3171948025796579E-003
  0.75958179929901548       -1.8023279581236178E-003
  0.73747388092656396        8.3129325865411764E-004
  0.64516202676385892        1.6411836388117915E-003
  0.95048866657084841        8.4916412160106983E-004
  0.93805764982209794       -5.4668864384596884E-005
  0.99102405577756625       -1.3352013552095448E-003
  0.93994785756060140       -4.2244938179285637E-004
  0.96682072288597598       -3.3303824079798957E-003
  0.92457342701911505        2.9710001599958600E-004
  0.94872878794747506        4.4567733278943306E-004
  0.97680751833751767       -2.3710797897497052E-003
  0.57353010103722046        9.8087097748654267E-004
  0.53828127873953191        9.4037645013731136E-004
  0.61933323667807805        1.0679193046887114E-003
  0.63713752527914547       -1.1549248023281166E-003
  0.49826314024420026        1.8992592505824720E-003
  0.32089958526223583        5.5251441139887595E-003
  0.37109167689253186        4.3041167197905104E-003
  0.35453075281878327        1.1148198628110624E-003
  0.56069671451750469       -1.3085628101525500E-003
  0.14523242057098001        6.9246880664974152E-003
  0.44641442450452007        5.5167347462069475E-003
  0.31427167435212583        2.1253009273816455E-003
  0.72141953426493011       -8.5020807505557317E-004
  0.75027560878423039       -1.5506346889086720E-004
  0.69174371003504220       -5.1013352026934482E-003
  0.74763920448535282       -2.5845571095877728E-003
  0.63086689573689969        4.6924016013175840E-003
  0.14915909248778070        1.9621664489074078E-003
  0.22185653902616637       -8.6461834010806492E-004
  0.17574622836957970       -6.8462720169913715E-004
  0.39045947490474153        3.7369930714168309E-003
  0.13499205408136833        8.6660225717047866E-004
  0.96582097202947570        8.3818313049875796E-003
  0.98244996794939565        2.6070822242617044E-003
  0.94972732512918734        1.8072617873496892E-002
  0.96081600133161826        1.3724598829335260E-002
  0.95857731355250486        1.3313824791760968E-002
  0.96560083170998601        2.0056339037771636E-004
  0.98288806419168750        4.3708906987681489E-003
  0.89611021094568133        3.5249432613144997E-002
  0.96717761682142445        1.1506305277751162E-002
  0.42816091374127174       -5.4098435224847240E-003
  0.38248277986362689        1.0679439633908623E-003
  0.50467008987864759       -1.1953104522261194E-003
  0.53194389579214030        8.8012785027625573E-004
  0.34419910143518345        8.7154376573935952E-004
