 cosx vtec
  0.98595369286757850       -9.6162401822252549E-004
  0.97414137725314998       -3.1685733285309186E-004
  0.99807848130555543        1.2930267714109428E-003
  0.99255330954426624        7.5567409252068395E-005
  0.97231631653627559        3.9073304018642291E-003
  0.97667991034437007       -7.3190681211835254E-004
  0.98686194835718011       -5.0381838196475351E-004
  0.25513653016695836       -1.2897270245265243E-003
  0.33202037776065119       -1.5853890733796313E-003
  0.29873130541076681        2.7911010227498938E-003
  0.41183864293641986        2.5617719413499748E-004
  0.40078513865203386        1.3981685127904576E-003
  0.24107455268966405       -5.1007868414364495E-003
  0.96837189699145232       -1.4334823602417959E-004
  0.95136691356683456        9.1280395362138908E-005
  0.97250223935945534        2.6484931139093269E-003
  0.91894308651413970        2.4790802105653944E-003
  0.87550866708519814        4.0766235908728171E-004
  0.97318852930486566       -1.5515789069554193E-003
  0.95916743138253646       -3.5281456368758475E-003
  0.94721484959441338       -1.1035258684171378E-003
  0.95022067714613423        4.7901094501673130E-004
  0.60542984483886686        1.5687779507678255E-003
  0.38325224329923480        2.7623175054397550E-003
  0.53184013508019568        4.0197458449612528E-003
  0.56031127469519115       -4.7835043372671920E-004
  0.49021564603553536       -3.4377783499088652E-003
   4.3934323121029462E-002  0.24536648206127828     
  -7.8134796184833988E-002  0.18711093450550123     
   1.9818470011602307E-002  0.21150504713415480     
  0.87205808196357071        1.7863194930720187E-002
  0.79639239384117833        1.9575283317887330E-002
  0.68546350956104896        3.0287222014354839E-002
  0.74899413707991969        1.6668697761839574E-002
  0.72604685721631268        1.3116161486377044E-002
  0.83241319257998780        2.5127913673000962E-002
  0.81126263615478145        1.0602088710713380E-002
  0.77911903565704355        1.3917213258329682E-002
  0.62690427521981140        1.0555076789434181E-002
  0.14403567655605337        2.3041674179984772E-003
  0.19422992580233950       -2.7525199677435008E-004
  0.16996105053858551       -1.2724938539822386E-003
  0.31406540291615048       -2.9124891541573404E-003
  0.25889614461037463        1.6272398366837053E-003
  0.12956730301513131       -1.8118724865727565E-004
  0.89456119714314064        5.2849905566731969E-002
  0.92226640949992034        3.8106920053663500E-002
  0.88543315647535681        6.3276848475789002E-002
  0.79007151231072148        7.0919116972806243E-002
  0.88982426791645119       0.10519336145341916     
  0.89144797075081328        5.0497807114577992E-002
  0.74220355273605232       0.10388572255787835     
  0.95154037247853629        5.3512534605510184E-002
  0.85295483029494357        7.5890816554633062E-002
  0.81779623490856979        6.5135368128468984E-002
  0.93283709737848253        6.0586009130342254E-002
  0.78254302357133709       -1.1004490245101013E-003
  0.76186636424548926       -8.3599036980587562E-005
  0.67998928412345427       -7.6881997226430749E-004
  0.82425128780857659       -1.8436084074217239E-004
  0.74833139752074729        8.0550389157429145E-004
  0.78931372108098263        9.8471546486337408E-004
  0.70810888042472098       -6.6271548454806327E-004
  0.86641005086764489        5.8068373183961623E-002
  0.78055054700072657        6.6928927599418278E-002
  0.68512593406600386        7.8420673010781289E-002
  0.74340418380332096        6.1524758571879119E-002
  0.71869622966954472        3.4345231023820519E-002
  0.81595704354104348        6.3733997491919478E-002
  0.82473181977924015        4.5257741978062357E-002
  0.79398323995890852       0.10812904251234406     
  0.77344799731908864        6.0545584113714725E-002
  -3.9564180599944265E-002   9.8655685494388690E-002
  -6.4604367493929338E-002  0.13308650335389738     
  0.10639644374202278        5.5964969898950119E-002
  -5.4303201998757322E-002  0.10687066290385225     
   5.0252651772905166E-002  0.13555866064375602     
  -2.2358319146531858E-002   9.3728464902475037E-002
  -7.6008798947916456E-002  0.10544067617861003     
  0.89463865437137635        4.4498150413293282E-003
  0.90381586242197276        1.7487307358282290E-002
  0.90576517821712199        4.1352447010887541E-002
  0.79736896162848425        2.9894771136291815E-002
  0.89815851509365618        4.3363388991551628E-002
  0.88032203185314639       -3.1374722056225199E-002
  0.73669420155084120        4.4487769866509388E-002
  0.93532014592997048        9.1331953273705319E-003
  0.86329691511679840        3.6179897849154104E-002
  0.82320723818607922        1.7362169594392445E-002
  0.96237654346658741        2.1612762921603676E-002
  -6.2636262163502376E-002   3.9713315750270527E-003
   2.0652220312482983E-002  -6.6718014027117778E-004
  -5.2367094243791268E-002  -1.1062818537919612E-003
  0.61282942701014720       -1.8425442309917390E-003
  0.56374752262238781       -6.4994435822044718E-003
  0.52764612630323415       -1.5193500429710259E-003
  0.59224528260002374       -1.0268789279195456E-003
  0.61211009641442105       -2.8028151825057441E-004
   9.1820599733644426E-002   5.2825112062993246E-004
  -3.1007314806714148E-003  -2.3291142227196697E-004
  -7.8523250126981164E-002  -1.0360885492778609E-003
  0.10317905053512573       -2.7870839953360914E-003
  0.12866762692798001        1.0504469837238101E-003
  0.96589660321257265        1.2428388263224378E-003
  0.95527593630408236       -2.6804108066335843E-004
  0.99215250955944756        5.3309663252945824E-003
  0.97623057435622496       -1.7674594537552189E-004
  0.94798510343092368        1.4058700887975260E-003
  0.96444393414515062        3.4385848994467221E-003
  0.96579615315856548        7.1561491682741601E-004
  0.89178289629125429       -1.9313477136490538E-003
  0.99042951113336786        4.6256906650562378E-004
  0.22765321966363317       0.26215514191980205     
  0.13199669867657682       0.25579646739042927     
  0.18942167782248226       0.25371490527562868     
  0.39806077254301664       0.14616974875789149     
  0.29756530814205673       0.13480062142992202     
  0.33569908697447592       0.13244874296649659     
  0.32473065214431418       0.12622566330818735     
  0.37812271198745795       0.13218300977472652     
  0.27089015601595245       0.13403129489593524     
  0.22197935151313092       0.16718654530471480     
  -7.5031288993696710E-002   4.4968026919053892E-003
  -2.5338687931301396E-002   4.2981282663374643E-003
  -5.2292659228052485E-002   1.4764253058574511E-003
   7.4564229075403443E-002   7.5457911314361602E-003
  -9.0794015521965754E-002   8.4268154823119001E-004
  0.92001191504576452        4.5253359407055623E-004
  0.89212780108883538        9.6129781111855802E-004
  0.92130992330452000       -3.0777218663015225E-003
  0.85080339487712764        1.1174027867113141E-003
  0.81762511284438721        4.3087592295885479E-004
  0.92580393236342795       -2.2641791912794453E-003
  0.91385568603665701       -1.7650548315984085E-003
  0.88200357613800606        8.1385757764911872E-004
  0.88308669905319026       -4.3943034735775886E-004
  0.80792983156428910       0.13828575727672404     
  0.75333906880989887       0.13496985917050677     
  0.65173128549704551       0.17457448895407282     
  0.77502823997676518       0.13312764346030101     
  0.73112608087636122       0.13731931094613789     
  0.78773900231947436       0.14286392655987321     
  0.31733564912006779        1.8039901042231622E-002
  0.36024408040164485        9.4478455624341824E-003
  0.34259035929008730        7.0401137222157381E-004
  0.29862786416747761        6.7728585436055448E-003
  0.84665719301045728        1.3401480297468547E-003
  0.80062867247368152       -2.2287743463634928E-003
  0.77897865770766628        4.6502114942599477E-003
  0.73644065069379516       -5.4593737072498264E-003
  0.88168283663300795       -2.8915610890522516E-003
  0.81665431953125422       -3.4230545147837048E-003
  0.79578600431939406       -3.1479813156236563E-003
  0.81630407354118906        1.0378312096303243E-003
  0.90865460979865853        7.8589178373334942E-004
  0.90174983970052391        8.1466062100912489E-003
  0.94954139389019476       -1.6584863994053397E-002
  0.80614312257702292       -1.3931294641972591E-003
  0.92176807272956451        5.5444735493517883E-003
  0.88763319473553604        9.1762047814772235E-003
  0.92286340340498096       -1.2828109273727184E-002
  0.89878182047127797        3.2156347579018912E-003
  0.83939688356785402       -1.6253284049114482E-003
  0.98189948682537720        7.0115968919918338E-003
  0.44372486455587101       0.15502508079457533     
  0.35696480851883533       0.15193625256534618     
  0.39682322872931886       0.14234849483706394     
  0.38727245302096491       0.14808115052818685     
  0.43713747558945804       0.15622842766649297     
  0.32141062769655981       0.16013105653987095     
  0.14877175355856598       0.24981006337795672     
   5.2025637484800977E-002  0.23712981313967793     
  0.11274446781568030       0.27819200677065820     
   4.3103606720979862E-002  0.24906902391523478     
  0.12905228227649035       0.25112652606919900     
  -3.2474794412298329E-002  0.25379079357669648     
   1.0074066231729652E-002  0.23963081729763375     
  0.76316572300518115       0.12439328161424504     
  0.73053140274840522       0.12268714835724899     
  0.64808115827006962       0.13250280893800487     
  0.62149849918599354       0.14929554268333578     
  0.74403318192628731       0.12294461422415401     
  0.62408408156216710       0.13888483793408246     
  0.69633918900121816       0.16177407630208820     
  0.81375424404873598       0.14745223535839036     
   8.0367388877682272E-002  -9.8763709137592026E-004
  -8.7861111122148700E-002  -4.1869643802628563E-004
   8.6246033467953259E-002  -2.0610140261236542E-002
  0.12478434512833800        1.2452667861203354E-003
  0.82811516703718158        1.2527483998860428E-003
  0.87775659953142637       -1.7301745083221845E-004
  0.79181780228832954       -3.1242440398636237E-003
  0.80304565433190933       -1.7347450135841900E-003
  0.74489419592575712        2.6230552523900720E-003
  0.79921172166203869       -1.9788785958775273E-003
  0.65645360794587015        3.0912012073850120E-003
  0.62869362222886993       -1.0990283110258188E-003
  0.81834677179825066       -6.3503376515465252E-003
  0.69278037549477245       -6.4708599269172379E-004
  0.69477826706584456       -7.8571204327096563E-004
  0.53292819424613114        9.8326762151727080E-003
  0.98601361795195519        9.9820059252443555E-003
  0.98942965569420260       -3.7000416006854219E-004
  0.96505332078080186        1.8675346546876515E-002
  0.93246332708256774        1.4043305679535661E-002
  0.97770459003807497        1.3691458398637160E-002
  0.99869913714998682       -3.2657256707119119E-003
  0.97823192888673338        3.4037502207289396E-003
  0.95881280304717742        3.1281954673396055E-002
  0.96243919071410988        1.2257620280420930E-002
  -1.5156587624590878E-002   2.5771873650454365E-003
  -8.9832092756984505E-002  -1.3529777179666987E-003
   8.9951299970260912E-002   7.4402037411422828E-004
  0.68234757762526443       -3.0756226850504678E-003
  0.49674157705280503        1.0429660983790989E-003
  0.56068509246331499       -3.9392958123306140E-003
  0.53890378126582483       -2.6960714250803385E-003
  0.61680576540052223       -1.8727780249503010E-003
  0.59858551718710085       -1.1094276968550666E-003
   7.8295399378972230E-002   9.8461162684642806E-002
   5.2418449179326365E-002  0.13174878465105111     
  0.21002125912828962        7.6485740926834231E-002
   6.3336535792657189E-002  0.10454917800673171     
  -3.2057596249967568E-002  0.11754210326410783     
  0.14606011183656820       0.11888509311478077     
   9.5511474653871331E-002   9.7090992999645923E-002
   4.0272731125877537E-002  0.10509869906497141     
  0.22928241117812709       0.24900590984499346     
  0.14918212669108172       0.22365486852961142     
  0.11904074567781062       0.31946926041257023     
  0.12840150172493076       0.23657501750403848     
  0.31779917138901181       0.27576256098499924     
  0.12505074241231817       0.24673764574183799     
  0.18289387113521721       0.23544226493101264     
  -4.1295603726617031E-002  0.16105346369551943     
   5.8830706314186632E-002  0.27503329833987039     
   7.5029544674249216E-002  0.28070750620823104     
  0.67730932871023242       0.13561832585111258     
  0.63715134883723745       0.14488049082489490     
  0.55305273967541524       0.14099650179983431     
  0.53018716267030397       0.14005128467219471     
  0.65227201927248291       0.12712883641484735     
  0.53350137153419708       0.14563795754615758     
  0.59549970541300423       0.14434854905661090     
  -6.5111265048147293E-002   8.9232693140954458E-002
  -7.9723436806687420E-002   7.9305013365230340E-002
   2.4668490203670790E-002   9.8507271950027134E-002
  0.36550576276539526        5.4750847723127635E-004
  0.42266555034003023       -4.2505274616567703E-004
  0.40025593684282057       -1.3171948025796579E-003
  0.49191829898110651       -1.8023279581236178E-003
  0.46801146621994127        8.3129325865411764E-004
  0.35049113086085620        1.6411836388117915E-003
  0.91627015388350075        8.4916412160106983E-004
  0.88859365131805113       -5.4668864384596884E-005
  0.96310831504546102       -1.3352013552095448E-003
  0.82377970090970354       -4.2244938179285637E-004
  0.93707528407094776       -3.3303824079798957E-003
  0.89338006449070673        2.9710001599958600E-004
  0.88856283025770599        4.4567733278943306E-004
  0.90897916237049947       -2.3710797897497052E-003
  0.25956772955081242        9.8087097748654267E-004
  0.22310029214682076        9.4037645013731136E-004
  0.32299347868044104        1.0679193046887114E-003
  0.33613930421017318       -1.1549248023281166E-003
  0.17337779973048817        1.8992592505824720E-003
  -1.6002352450267265E-003   5.5251441139887595E-003
   4.6501954742410812E-002   4.3041167197905104E-003
   2.1421388502107230E-002   1.1148198628110624E-003
  0.24559627023630548       -1.3085628101525500E-003
  0.13024229292190870        5.5167347462069475E-003
  -1.6892907154408610E-002   2.1253009273816455E-003
  0.83448800698584757       -8.5020807505557317E-004
  0.86878939710200864       -1.5506346889086720E-004
  0.80362932224067585       -5.1013352026934482E-003
  0.83413373915060118       -2.5845571095877728E-003
  0.76177486037277564        4.6924016013175840E-003
   5.5390875024131370E-002   3.7369930714168309E-003
  0.97980432046739208        8.3818313049875796E-003
  0.98243436717416877        2.6070822242617044E-003
  0.95644093663131202        1.8072617873496892E-002
  0.92216818741160289        1.3724598829335260E-002
  0.97036058547637705        1.3313824791760968E-002
  0.99628866154118545        2.0056339037771636E-004
  0.96858749600697203        4.3708906987681489E-003
  0.95347015637931365        3.5249432613144997E-002
  0.95201185755010109        1.1506305277751162E-002
   9.3812070598989827E-002  -5.4098435224847240E-003
   4.8659891117822263E-002   1.0679439633908623E-003
  0.18934619736913649       -1.1953104522261194E-003
  0.21057975416598562        8.8012785027625573E-004
   4.2497733541032590E-003   8.7154376573935952E-004
