 cosx vtec
  0.82801671894140505       -9.6162401822252549E-004
  0.80037077716490757       -3.1685733285309186E-004
  0.83574457975615146        1.2930267714109428E-003
  0.83482861229716754        7.5567409252068395E-005
  0.82374904899618495        3.9073304018642291E-003
  0.78515515464862062       -7.3190681211835254E-004
  0.78287920385118370       -5.0381838196475351E-004
  -9.6503214996394526E-002   2.5617719413499748E-004
  0.72622684200423704       -1.4334823602417959E-004
  0.69228917339087759        9.1280395362138908E-005
  0.72661544953249568        2.6484931139093269E-003
  0.59976640452945817        2.4790802105653944E-003
  0.52248343253576768        4.0766235908728171E-004
  0.73126253612727732       -1.5515789069554193E-003
  0.73034703346660823       -3.5281456368758475E-003
  0.67215030512339902       -1.1035258684171378E-003
  0.66797559314959143        4.7901094501673130E-004
   1.9072049344538156E-002  0.10729922832570163     
   9.6307152701156640E-003  0.12261495911962182     
  -6.4325034470409603E-002  0.10407521999405821     
   3.1294850046572842E-002   7.9455081797138630E-002
  -2.1407389341728256E-002  0.11227182130513493     
  -7.7126436714574836E-002  0.23848472930534723     
  0.49597566965186568        1.5687779507678255E-003
  0.27279052778556967        2.7623175054397550E-003
  0.42576763725261113        4.0197458449612528E-003
  0.41014579392260497       -4.7835043372671920E-004
  0.42313182410126837       -3.4377783499088652E-003
  0.55440830830071475        1.7863194930720187E-002
  0.46636299973452117        1.9575283317887330E-002
  0.31964355869931693        3.0287222014354839E-002
  0.38035834131291302        1.6668697761839574E-002
  0.32034593185802485        1.3116161486377044E-002
  0.50925055996966495        2.5127913673000962E-002
  0.44447775977185117        1.0602088710713380E-002
  0.42065906941104664        1.3917213258329682E-002
  0.21515041530340684        1.0555076789434181E-002
   2.0911526861279728E-003  0.18163321329719903     
  -2.2878367516838805E-002  0.18364688198242726     
  -9.2202260511244000E-002  0.17466758563093754     
  -4.7203384891532862E-002  0.17416515867053778     
  0.27939961719181727       0.15282663361311893     
  0.26349585656637592       0.18282056158905738     
  0.26679903699479607       0.16106935157295429     
  0.19742104753329276       0.15907872351079722     
  0.37769356882905974       0.19583999216562853     
  0.29871329689973114       0.15789407856856472     
  0.24601847176415420       0.15939434382024795     
  0.99360847141244879        5.2849905566731969E-002
  0.99189849125427854        3.8106920053663500E-002
  0.97805692490551965        6.3276848475789002E-002
  0.98959510398915063        7.0919116972806243E-002
  0.98866177688942281       0.10519336145341916     
  0.99857262008850767        5.0497807114577992E-002
  0.96778097946575936       0.10388572255787835     
  0.97725001648640764        5.3512534605510184E-002
  0.98378200104365521        7.5890816554633062E-002
  0.99232164920026089        6.5135368128468984E-002
  0.95625064753182798        6.0586009130342254E-002
  0.81274244452591182       -1.1004490245101013E-003
  0.77725416575019712       -8.3599036980587562E-005
  0.81479253827073672       -7.6881997226430749E-004
  0.85416514216826500       -1.8436084074217239E-004
  0.78356848358323916        8.0550389157429145E-004
  0.77573441580963387        9.8471546486337408E-004
  0.77448363442067580       -6.6271548454806327E-004
  0.60838722431201742        5.8068373183961623E-002
  0.51056375109087482        6.6928927599418278E-002
  0.38280138916436746        7.8420673010781289E-002
  0.43546834047949690        6.1524758571879119E-002
  0.34638010977116773        3.4345231023820519E-002
  0.55212800029355447        6.3733997491919478E-002
  0.51077225174173424        4.5257741978062357E-002
  0.60848723841245334       0.10812904251234406     
  0.47617932913891309        6.0545584113714725E-002
  0.45086100444586868        9.8655685494388690E-002
  0.44143839769015769       0.13308650335389738     
  0.55314689447860110        5.5964969898950119E-002
  0.44272312094943223       0.10687066290385225     
  0.36512551278235661       0.10745699758102502     
  0.54075320947237770       0.13555866064375602     
  0.45738351308403824        9.3728464902475037E-002
  0.42123681492762566       0.10544067617861003     
  0.99311872781244492        4.4498150413293282E-003
  0.97978134258531979        1.7487307358282290E-002
  0.99569219861212677        4.1352447010887541E-002
  0.98608417101745693        2.9894771136291815E-002
  0.99624719899780834        4.3363388991551628E-002
  0.98533676134769554       -3.1374722056225199E-002
  0.97609201746499263        4.4487769866509388E-002
  0.97212147184871811        9.1331953273705319E-003
  0.99993073599132354        3.6179897849154104E-002
  0.97587513113500624        1.7362169594392445E-002
  0.96714865736814870        2.1612762921603676E-002
  0.29800144981967713        3.9713315750270527E-003
  0.16985286337322922        1.5067994553094507E-004
  0.33505940942849938       -6.6718014027117778E-004
  0.20545140555268449        4.4953568808341338E-003
  0.28411085732042068       -1.1062818537919612E-003
  0.26573012693897591       -4.5443046438902509E-003
  0.17563940005752107       -1.8425442309917390E-003
   8.2019211875674625E-002  -6.4994435822044718E-003
   5.3854547268836594E-002  -1.5193500429710259E-003
  0.13801435461699971       -1.0268789279195456E-003
  0.14598954024586480       -2.8028151825057441E-004
  -7.2005082660612743E-002  -2.7870839953360914E-003
  0.88214953599117729        1.2428388263224378E-003
  0.85611058464704248       -2.6804108066335843E-004
  0.90246866594302855        5.3309663252945824E-003
  0.89266613630283764       -1.7674594537552189E-004
  0.87134412124924743        1.4058700887975260E-003
  0.84489158578548240        3.4385848994467221E-003
  0.96381479323017394        7.1561491682741601E-004
  0.88411867394478505       -1.9313477136490538E-003
  0.84726187137502018        4.6256906650562378E-004
  0.40120629453585915       0.26215514191980205     
  0.34705468965448055       0.25579646739042927     
  0.39650587268267606       0.25371490527562868     
   9.5410375110062326E-002  0.14616974875789149     
  -2.6760381795716631E-002  0.13480062142992202     
  -1.0931362556237945E-003  0.13244874296649659     
  -6.1873133219404408E-002  0.12622566330818735     
   4.2872115614028095E-002  0.13218300977472652     
  -7.6911542056857268E-002  0.13403129489593524     
  -7.3353297332774653E-002  0.16718654530471480     
  0.60761035267462460        4.5253359407055623E-004
  0.56047958102393236        9.6129781111855802E-004
  0.60532039088262013       -3.0777218663015225E-003
  0.47437781741472235        1.1174027867113141E-003
  0.42385414264087107        4.3087592295885479E-004
  0.61383153256622747       -2.2641791912794453E-003
  0.61993202071094289       -1.7650548315984085E-003
  0.53495274957022854        8.1385757764911872E-004
  0.53053844344802592       -4.3943034735775886E-004
  0.87811530008006000       0.13828575727672404     
  0.81924539890034076       0.13496985917050677     
  0.78540292423810887       0.17457448895407282     
  0.84520277627701823       0.13312764346030101     
  0.82815382254335534       0.13731931094613789     
  0.80406224756816214       0.14286392655987321     
  0.52085041766846008        1.3401480297468547E-003
  0.45517603627172842       -2.2287743463634928E-003
  0.37011855678175787        4.6502114942599477E-003
  0.33607058367961090       -5.4593737072498264E-003
  0.56006079737447678       -2.8915610890522516E-003
  0.50279361393282040       -3.4230545147837048E-003
  0.43508100695737861       -3.1479813156236563E-003
  0.44157284224891391        1.0378312096303243E-003
  0.93626663641121755        7.8589178373334942E-004
  0.91276740318545857        8.1466062100912489E-003
  0.96728236763901843       -1.6584863994053397E-002
  0.94656938015589154       -1.3931294641972591E-003
  0.94911490259019882        5.5444735493517883E-003
  0.92113589269486762        9.1762047814772235E-003
  0.90601029387506238       -1.2828109273727184E-002
  0.98754023041684025        3.2156347579018912E-003
  0.91598160089477276       -1.6253284049114482E-003
  0.91612412813531896        7.0115968919918338E-003
  0.19672250260573682       0.15502508079457533     
   8.8963759493109279E-002  0.15193625256534618     
  0.11549752401371929       0.14234849483706394     
   2.7413603609175219E-002  0.14808115052818685     
  0.15891828067354380       0.15622842766649297     
   2.1253463277194573E-002  0.16013105653987095     
  0.14272145208244272       0.24981006337795672     
   2.5073649052898148E-002  0.23712981313967793     
   5.0383216016142506E-002  0.27819200677065820     
   9.0846050325517277E-002  0.24906902391523478     
  0.17088096330501890       0.25112652606919900     
  -3.5615966167632962E-002  0.25379079357669648     
   8.7811210450335509E-003  0.23963081729763375     
  0.95006172077436168       0.12439328161424504     
  0.91219500097536321       0.12268714835724899     
  0.91860588235176699       0.13250280893800487     
  0.86666346335931133       0.14929554268333578     
  0.93153069896792906       0.12294461422415401     
  0.89069902388857558       0.13888483793408246     
  0.90999261186831837       0.16177407630208820     
  0.90450731686992158       0.14745223535839036     
  -7.0377527510880070E-002  -2.0610140261236542E-002
  0.65207557773962244        1.2527483998860428E-003
  0.70512065821794723       -1.7301745083221845E-004
  0.62122064051100567       -3.1242440398636237E-003
  0.59438275682962982       -1.7347450135841900E-003
  0.63829855365522581        2.6230552523900720E-003
  0.40030168184143750       -1.9788785958775273E-003
  0.19142397067759426        3.0912012073850120E-003
  0.15975731978200014       -1.0990283110258188E-003
  0.42186149564416431       -6.3503376515465252E-003
  0.24619501865229837       -6.4708599269172379E-004
  0.24291581121342778       -7.8571204327096563E-004
   3.8465190511017711E-002   9.8326762151727080E-003
  0.80816883690653729        9.9820059252443555E-003
  0.79080910113308522       -3.7000416006854219E-004
  0.78196398048465376        1.8675346546876515E-002
  0.68588424307159312        1.4043305679535661E-002
  0.79889762991568603        1.3691458398637160E-002
  0.83949270079363458       -3.2657256707119119E-003
  0.76131130132442526        3.4037502207289396E-003
  0.84525795328852737        3.1281954673396055E-002
  0.74746689203796968        1.2257620280420930E-002
  0.22633953944758867       -3.0756226850504678E-003
   1.9642284898420737E-002   1.0429660983790989E-003
   8.0387922866015427E-002  -3.9392958123306140E-003
   4.8207133576355365E-002  -2.6960714250803385E-003
  0.14175725684798349       -1.8727780249503010E-003
  0.12522668316300292       -1.1094276968550666E-003
  0.55916259661227674        9.8461162684642806E-002
  0.54457989967085862       0.13174878465105111     
  0.64819708835133427        7.6485740926834231E-002
  0.55000953512594464       0.10454917800673171     
  0.46114431388963895       0.11754210326410783     
  0.62052185512912184       0.11888509311478077     
  0.56655715178211608        9.7090992999645923E-002
  0.52943670684805211       0.10509869906497141     
  0.46252529693184219       0.24900590984499346     
  0.50830497773010419       0.22365486852961142     
  0.28961786912450116       0.31946926041257023     
  0.40299582620615620       0.23657501750403848     
  0.55318910762099305       0.27576256098499924     
  0.42843248792179855       0.24673764574183799     
  0.44968018248180697       0.23544226493101264     
  0.18459120450019964       0.16105346369551943     
  0.29435456895463002       0.27503329833987039     
  0.40687517497966774       0.28070750620823104     
  0.92353223080517988       0.13561832585111258     
  0.87811432985380988       0.14488049082489490     
  0.87053920373739380       0.14099650179983431     
  0.82684768988012736       0.14005128467219471     
  0.89981234297886903       0.12712883641484735     
  0.84621424577690274       0.14563795754615758     
  0.86912642563145959       0.14434854905661090     
  -7.9534050263711853E-002  -4.2505274616567703E-004
  -8.6533560415984478E-003  -1.8023279581236178E-003
  -2.9879407328837704E-002   8.3129325865411764E-004
  0.66270752520208598        8.4916412160106983E-004
  0.61889161906757773       -5.4668864384596884E-005
  0.70835518247697160       -1.3352013552095448E-003
  0.47096036095669930       -4.2244938179285637E-004
  0.68543023985448415       -3.3303824079798957E-003
  0.64932467040993536        2.9710001599958600E-004
  0.60322242688288830        4.4567733278943306E-004
  0.60790183691693311       -2.3710797897497052E-003
  0.81441147661363011       -8.5020807505557317E-004
  0.84905373999023914       -1.5506346889086720E-004
  0.78867845503537770       -5.1013352026934482E-003
  0.77528740670965968       -2.5845571095877728E-003
  0.78393028257220576        4.6924016013175840E-003
  0.78259473955070413        8.3818313049875796E-003
  0.76417545805902654        2.6070822242617044E-003
  0.75379360897143255        1.8072617873496892E-002
  0.66082017556940742        1.3724598829335260E-002
  0.77203252120256216        1.3313824791760968E-002
  0.81983759850657911        2.0056339037771636E-004
  0.73252127927052868        4.3708906987681489E-003
  0.82552273908900986        3.5249432613144997E-002
  0.71836289687211385        1.1506305277751162E-002
