 cosx vtec
  0.38895109843065756        3.1388095203105523E-002
  0.37992127282256094        1.1266557126342261E-002
  0.37443384730604573        1.6147304182509994E-002
  0.38542424886191085        2.6590208887822465E-002
  0.29412214294821148        2.7965496839924199E-002
  0.42457259921346480        4.8858144319178523E-002
  0.80215181284740278       -1.2897270245265243E-003
  0.77117742717152515       -1.5853890733796313E-003
  0.79368112893733755        2.7911010227498938E-003
  0.71081620739899165        2.5617719413499748E-004
  0.72277431961020810        1.3981685127904576E-003
  0.82890173048699811       -5.1007868414364495E-003
  -7.8024398597875633E-002   9.1280395362138908E-005
   5.4178255793607522E-002   2.4790802105653944E-003
  0.14358451894181751        4.0766235908728171E-004
  -4.5513498470115155E-002  -1.1035258684171378E-003
  -3.3803389745748980E-002   4.7901094501673130E-004
  -1.9978934658206216E-002   2.7623175054397550E-003
  -5.0499704214751223E-002  -4.7835043372671920E-004
  0.34369617111741668       0.24536648206127828     
  0.48144943048915467       0.18116790074331321     
  0.49530083009493919       0.18711093450550123     
  0.48166796851319127       0.18987606643068172     
  0.46437868394212789       0.21150504713415480     
  0.53439506025981709       0.18739092016021178     
  0.46394592029542536       0.18751340178758585     
   7.9149395017751728E-002   1.7863194930720187E-002
  0.14734651786353609        1.9575283317887330E-002
  0.28048144808781861        3.0287222014354839E-002
  0.24804837852707481        1.6668697761839574E-002
  0.33133435891860463        1.3116161486377044E-002
  0.11305171503156253        2.5127913673000962E-002
  0.20759412601271826        1.0602088710713380E-002
  0.21103560728032439        1.3917213258329682E-002
  0.40158201832252260        1.0555076789434181E-002
  0.86808998526763281       -2.7604670143527199E-003
  0.78867933154409897       -1.1527491207212459E-004
  0.79361392310728995       -1.3811317215394021E-003
  0.82674707712008788        4.4922859168688416E-003
  0.92034469876324920       -1.2436391499969313E-003
  0.99098887222355958        2.0479110461447654E-004
  0.95327576471041475       -4.5297425071958546E-003
  0.97483979356816042        3.3594982712548912E-003
  0.90921742475790146       -1.0845568661108529E-002
  0.91518542335272524        2.4618362171800252E-002
  0.94599492636605054       -3.8686800322529163E-002
  0.98748677460114409        4.1191537438215890E-004
  0.84288757532511993        2.3041674179984772E-003
  0.83340742749440322       -2.7525199677435008E-004
  0.85880558494325809       -1.2724938539822386E-003
  0.78249398589234587       -2.9124891541573404E-003
  0.79711639609925644        1.6272398366837053E-003
  0.86967783076397842       -1.8118724865727565E-004
  0.66225247363861661       0.16537621692818413     
  0.65237999030338045       0.15934392381651821     
  0.66252508023149559        2.5444023499378923E-002
  0.64547562765565758       0.16245428121964881     
  0.70442437770362576       0.15838180996555629     
  0.63309489133934860       0.16540010551223430     
  0.39471239340569830       0.19077796878947312     
  0.40257433922900804       0.19748407119543368     
  0.39202633633939099       0.19677924073786038     
  0.38084083444271216       0.19784547479312053     
  0.50248697408458709        7.1904269094688437E-003
  0.46405653864493612       -4.0428397746459149E-004
  0.46578234610052038        8.0264766956408590E-004
  0.48659787260250009       -4.8977605447199585E-004
  0.36838077741868502       -4.6278575108834206E-003
  -2.9558746600625019E-002   5.8068373183961623E-002
   4.3910398246863602E-002   6.6928927599418278E-002
  0.16134958028077739        7.8420673010781289E-002
  0.13728915941204226        6.1524758571879119E-002
  0.27295632774166501        3.4345231023820519E-002
   1.1312874928524785E-002   6.3733997491919478E-002
  0.10031688862671076        4.5257741978062357E-002
   9.9401109621206241E-002   6.0545584113714725E-002
  0.55945412137211292       -1.9673738106778019E-003
  0.53791007890956966        3.1601492638171458E-003
  0.53791879881338245       -3.5944424831929598E-003
  0.55279364273691389       -4.0640839485871225E-003
  0.43545190209478557        8.8320842817718771E-003
  0.38705299118171405        7.7012684142695968E-003
  0.37096561301404324        2.1670522914370286E-003
  0.36812202054088417        1.8489583781809297E-003
  0.38128150176549991        4.0539128396376491E-003
  0.29115621085063625        1.1603254861881261E-002
  0.68186247623593987       0.15621543594884907     
  0.71146979639461183       0.16669204073483934     
  0.68162979141207458       0.15831919765343447     
  0.67041200025846792       0.15216228660618406     
  0.72189074601153780       0.14958327736875440     
  0.65730182649879354       0.15520144799549179     
  0.84508000952612206       -2.0566632077150596E-002
  0.89866724411543075       -1.2701386721718732E-002
  0.80807912664426362       -4.1639714671229781E-003
  0.81158751482720526       -1.2944937963955926E-003
  0.83476416311008861       -5.6288340745692606E-003
  0.92566310498979287       -4.6381131940633384E-003
  0.45774415978534988       -1.8425442309917390E-003
  0.57059407861075351       -6.4994435822044718E-003
  0.57711527568101451       -1.5193500429710259E-003
  0.50199364858672202       -1.0268789279195456E-003
  0.51254291275008934       -2.8028151825057441E-004
  0.35039096432982769        5.2825112062993246E-004
  0.54568999815917718       -2.3291142227196697E-004
  0.41340588009166013       -1.0360885492778609E-003
  0.42549879158213810        2.9107282886670050E-005
  0.26796970005411186       -2.7870839953360914E-003
  0.40315328138887951        1.0504469837238101E-003
  0.81315826226875743        1.7706911728363754E-002
  0.90690727995070153        8.3064049308213578E-004
  0.78985997235764571       -9.0239836387568228E-003
  0.79190367801101547        2.1763725522982606E-002
  0.80866950758790235       -7.8960665841218552E-003
  0.83998481708321160        8.2147199687336817E-002
  0.61066327240612628       0.17979436456887404     
  0.58584800252034941       0.16086609414302988     
  0.59229940216555521       0.16159190962225733     
  0.58297772326096653       0.16379153790527184     
  0.65843742510952086       0.16523917677199620     
  0.57131742132697505       0.16719070424129434     
  0.33242416774052835       0.14616974875789149     
  0.43283560999799653       0.13480062142992202     
  0.43362080557175642       0.13244874296649659     
  0.53374908322982617       0.12622566330818735     
  0.40553191899470098       0.13218300977472652     
  0.49279604532707200       0.13403129489593524     
  0.42323022145924516       0.16718654530471480     
  0.90701819607683087        4.4968026919053892E-003
  0.90640916790771353        4.2981282663374643E-003
  0.93446057935730387        1.4764253058574511E-003
  0.86597922551260087        7.5457911314361602E-003
  0.93291525787603469        8.4268154823119001E-004
   4.0810515400612535E-002   4.5253359407055623E-004
   9.3540265999325745E-002   9.6129781111855802E-004
   4.6782922678635541E-002  -3.0777218663015225E-003
  0.20223301563404444        1.1174027867113141E-003
  0.25453328744141301        4.3087592295885479E-004
   3.6564595392059918E-002  -2.2641791912794453E-003
   9.7390607584779132E-003  -1.7650548315984085E-003
  0.12849956282492081        8.1385757764911872E-004
  0.13818818006340006       -4.3943034735775886E-004
  0.82389666959754548       -6.3980360992366920E-003
  0.86660103366096020       -2.4152062409891399E-004
  0.77685768357614726       -1.6801410417189593E-004
  0.78083300077914164        3.3360350109583664E-003
  0.80792236270634343        4.1850298004085691E-003
  0.75705303821026515        8.7806748522432240E-002
  0.69313516635672512        4.9557197440978550E-002
  0.68525832381017437        3.7410694713585532E-002
  0.69396694937923309        4.7976232722304335E-002
  0.69897304920729419        6.5191784758076146E-002
  0.77830100531354696        6.2451256859090268E-002
  0.68605617842597089        8.2339747719577638E-002
  0.67289173960392956        1.8039901042231622E-002
  0.66544214167508675        9.4478455624341824E-003
  0.70590764084326596        7.0401137222157381E-004
  0.71258423371815094        6.7728585436055448E-003
  0.10956284667435703        1.3401480297468547E-003
  0.17381718520764233       -2.2287743463634928E-003
  0.30584023017928130        4.6502114942599477E-003
  0.31514368358667438       -5.4593737072498264E-003
   8.0899535729692440E-002  -2.8915610890522516E-003
  0.10492758905287680       -3.4230545147837048E-003
  0.20535787152931484       -3.1479813156236563E-003
  0.21953473117460176        1.0378312096303243E-003
  0.20072427790887043       0.15502508079457533     
  0.29170789409651621       0.15193625256534618     
  0.29308172274184197       0.14234849483706394     
  0.44634709610149104       0.14808115052818685     
  0.26330438838711828       0.15622842766649297     
  0.37325405086837027       0.16013105653987095     
  -7.6971319321943843E-002  0.24981006337795672     
   1.9759819338040087E-002  0.23712981313967793     
   5.0252010169459120E-002  0.27819200677065820     
   2.5187331674922615E-002  0.25379079357669648     
  -3.5521400295747203E-003  0.23963081729763375     
  0.46695729866112923       0.20000990441896402     
  0.44743129978650498       0.18849306004408550     
  0.45885090954461893       0.20000520977718561     
  0.44097150873352875       0.19102871679253400     
  0.42942265868159951       0.19544743668399317     
  0.21670190227840283       0.21606207179078721     
  0.22586037358928451       0.22397928138036893     
  0.21476448933571310       0.21680856679272215     
  0.20324710194481502       0.23013724365828847     
  0.31949646856863151       -9.8763709137592026E-004
  0.38110651046809069       -4.1869643802628563E-004
  0.39287721950571386        2.6979917087478181E-003
  0.24314223224512543       -2.0610140261236542E-002
  0.37243649628282255        1.2452667861203354E-003
  -8.4698647594266874E-002  -1.7347450135841900E-003
  0.94366418266986385        1.8930705919911962E-002
  0.95332587169083982        1.1916057871492762E-002
  0.94397334600102645        2.6299998063288428E-002
  0.98133357593008397        3.0246794274645942E-002
  0.95040428148265166        1.8192433725313806E-002
  0.93552891653477721        2.2596442649661611E-002
  0.96762104890058043        3.6811161512725413E-002
  0.91341107898396845        1.8706940296745276E-002
  0.88375876756954441        4.3737613825485785E-002
  0.92538050499754088        5.4220707082015401E-002
  0.85746945969923216        2.2100578287264510E-002
  0.94991529141298658        3.8172727753038857E-002
  0.84684034839873712        3.4166946097695702E-002
  0.85962706969424718        3.9101947776732475E-002
  0.85829100862321428        3.1988908536078074E-002
  0.90648064350632918        1.7970343024593889E-002
  0.84180860413805136        4.5846785742042269E-002
  0.27512563579972832       -1.9788785958775273E-003
  0.48416103205946198        3.0912012073850120E-003
  0.50798731980807055       -1.0990283110258188E-003
  0.25920598540068762       -6.3503376515465252E-003
  0.42792592462762419       -6.4708599269172379E-004
  0.43665725803873523       -7.8571204327096563E-004
  0.61282829928943217        9.8326762151727080E-003
  0.51633530141993722        4.4944733756782226E-003
  0.46343878757145868        4.1619556586150374E-005
  0.46621298635137254        1.0181072196445450E-004
  0.49199410050702813        9.7886086240164469E-004
  0.35723027605332602        1.4547404301936036E-003
  0.87181126749003313       -6.6559077245274684E-002
  0.92988608839959086        1.2596067335274474E-002
  0.84081328462816052        7.0879289311199635E-003
  0.84415079112051628        6.6438648602652759E-003
  0.86518980221405462       -5.4175284405365660E-003
  0.94101925836244527        2.9433060817074527E-002
  0.33967996983458904       0.16996716393424466     
  0.34385781649536162       0.16878339842997775     
  0.34278958308010804       0.17779457800968479     
  0.33222476178053539       0.19331008144297543     
  -9.0289047379228937E-002   1.4043305679535661E-002
  0.93734204283819278        2.5771873650454365E-003
  0.92585785405316479       -1.3529777179666987E-003
  0.87096686601987050       -1.1808690353571833E-003
  0.84200799096292256        7.4402037411422828E-004
  0.95479978919258024        7.6328347695225137E-004
  0.63742472859010335        2.6846181032148721E-003
  0.77466370023710440        1.0945867007753183E-002
  0.59860343469006139        2.3432810183311586E-003
  0.60101932671630665       -3.2395965922499021E-004
  0.62251175660009783       -4.8797874420135490E-003
  0.46004301223404287       -5.2858658594888007E-004
  0.45182987255748741       -3.0756226850504678E-003
  0.60168317532769877        1.0429660983790989E-003
  0.56972291505807982       -3.9392958123306140E-003
  0.60220150186362575       -2.6960714250803385E-003
  0.52653363839620593       -1.8727780249503010E-003
  0.53417745612155676       -1.1094276968550666E-003
  0.80911614423672829       -6.5629287989389468E-002
  0.91825131238817292        3.7236779886469638E-002
  0.79083077504528554        2.3331244339242788E-002
  0.79203789524072288        5.3890500421188120E-002
  0.80674486855682537       -2.5957776823408510E-002
  0.82544778080992687        1.1119219847883991E-003
  0.88919081021642810        4.7128949035861690E-003
  0.45817770447466738        8.2660410074114427E-002
  0.46152187790681676        5.3228857593158180E-002
  0.45002933913162108        7.3020605151964693E-002
  0.45766139182696691        7.8166746204510071E-002
  0.34802603599416854        9.1071406014058096E-002
  0.47286208255562878        9.4915412526753465E-002
  0.46427670371156737       0.12187381817133008     
  0.38774135957763195        9.4451464532240188E-003
  0.36550819337963358        1.1453759532210719E-003
  0.36425308620472574        3.0972946582373577E-004
  0.37948072246287257        4.0459565148590155E-003
  0.28804758435317157       -2.9440414659286200E-003
  0.75218387560281874        9.1890626038973619E-002
  0.75821084783366088        8.9232693140954458E-002
  0.81640687504603138        7.9305013365230340E-002
  0.75477033580186326       0.10785865931896235     
  0.72516305846844364        9.8507271950027134E-002
  0.78682971447013617        8.8057338305888105E-002
  0.73430460637815875       0.10911163290952455     
  0.98437500063454686       -3.3425157168294802E-003
  0.98893749655073193       -3.8818913480724538E-003
  0.97362315446078651        8.9833006876898162E-003
  0.99947081269673355       -1.3661553311033220E-002
  0.97355189829019273       -8.8073565653271145E-004
  0.97322009452115454        4.9149835120062069E-003
  0.99898630930817311       -2.4785332552559099E-003
  0.71504920134723227        5.4750847723127635E-004
  0.69284341344493217       -4.2505274616567703E-004
  0.72000343975586323       -1.3171948025796579E-003
  0.64866089682890338       -1.8023279581236178E-003
  0.65781879406721533        8.3129325865411764E-004
  0.74780053536905955        1.6411836388117915E-003
  0.72279668099610839       0.13246439172701949     
  0.69225837800579793       0.11013581044319495     
  0.69268717763760068       0.11128465476742398     
  0.69599208789663058       0.11089543821439511     
  0.69202937121251895       0.11116968048219136     
  0.75828060709964318       0.10889889671508828     
  0.67948575006781486       0.12766311865842941     
  -6.7548607788899873E-002   8.4916412160106983E-004
  -2.0781866208951782E-002  -5.4668864384596884E-005
  -9.3124164438569079E-002  -1.3352013552095448E-003
  0.17391474496949383       -4.2244938179285637E-004
  -8.3506783484497804E-002  -3.3303824079798957E-003
  -7.1823997691643049E-002   2.9710001599958600E-004
   8.6269582272894829E-003   4.4567733278943306E-004
   2.6079272308434431E-002  -2.3710797897497052E-003
  0.81683567973569715        9.8087097748654267E-004
  0.82661399197709795        9.4037645013731136E-004
  0.75723427540393107        1.0679193046887114E-003
  0.76771533254629665       -1.1549248023281166E-003
  0.86204390339893133        1.8992592505824720E-003
  0.88634309847224391        5.5251441139887595E-003
  0.88360333951053338        4.3041167197905104E-003
  0.91143324464663089        1.1148198628110624E-003
  0.82242605481452769       -1.3085628101525500E-003
  0.90219123970178428        6.9246880664974152E-003
  0.84571051549255338        5.5167347462069475E-003
  0.91284584397425184        2.1253009273816455E-003
  0.85167499670409752        8.4135536254450499E-002
  0.88260352377574125        8.2703558476082906E-002
  0.83847822337132194        7.5380639790021020E-002
  0.84367140092033321        5.4533390711802091E-002
  0.83487748518635163        6.4489324284025470E-002
  0.88039152317856362        7.1651545479248444E-002
  0.81968064832835608        9.0258191014254516E-002
  0.46462826834022741       0.22177906897442204     
  0.43632771266925452       0.19590597892690828     
  0.44521755966799326       0.20224077677783442     
  0.43218248746404797       0.19946131417052668     
  0.53376011696919512       0.21899558070053621     
  0.42088245472004970       0.20788173597004292     
  0.78575873041825983        2.4799101011279450E-002
  0.86258912435727586        8.4751966823167141E-004
  0.75170859421613712       -1.8370760649632202E-002
  0.75456276784443677       -1.0370612665447969E-002
  0.77550568069924986       -6.4404368176136234E-003
  0.89478577685757332        2.5476774128805581E-002
  0.97506684075196859        1.9621664489074078E-003
  0.97105241509204099       -8.6461834010806492E-004
  0.98417523191522993       -6.8462720169913715E-004
  0.91082646121998789        3.7369930714168309E-003
  0.99029387330367702        8.6660225717047866E-004
  -5.6419185961070650E-002   1.3724598829335260E-002
  0.74081936746207155       -5.3442707312885435E-003
  0.86099706890921501        3.7478703672659777E-002
  0.71583746011231286       -2.1772687804446937E-003
  0.71755737670678266        1.0759656352642602E-003
  0.73438685017418392        4.2652573153633314E-002
  0.86400009487328588       -3.3462569972034603E-002
  0.90207425064238489       -5.4098435224847240E-003
  0.90859075256116495        1.0679439633908623E-003
  0.83295838200166772       -1.1953104522261194E-003
  0.84580977929775503        8.8012785027625573E-004
  0.93325370966177856        8.7154376573935952E-004
