 cosx vtec
  0.68871693436799020       -9.6162401822252549E-004
  0.71614061258839512       -3.1685733285309186E-004
  0.67746641376311911        1.2930267714109428E-003
  0.68309869029609238        7.5567409252068395E-005
  0.68100300953476045        3.9073304018642291E-003
  0.73868447599510056       -7.3190681211835254E-004
  0.74429038506358058       -5.0381838196475351E-004
  0.84323352565462184       -1.2897270245265243E-003
  0.91196102307119142       -1.5853890733796313E-003
  0.91716709046602851        2.7911010227498938E-003
  0.96175857548088461        2.5617719413499748E-004
  0.93737733745975427        1.3981685127904576E-003
  0.87967504663640672       -5.1007868414364495E-003
  0.79992398292252065       -1.4334823602417959E-004
  0.82710851461594992        9.1280395362138908E-005
  0.78404165139047000        2.6484931139093269E-003
  0.86954502406458600        2.4790802105653944E-003
  0.92746318745422751        4.0766235908728171E-004
  0.79272577382475085       -1.5515789069554193E-003
  0.79140436751923249       -3.5281456368758475E-003
  0.84307695744627054       -1.1035258684171378E-003
  0.83985648573530614        4.7901094501673130E-004
  0.56086220770928807        1.5687779507678255E-003
  0.48804366022069928        2.7623175054397550E-003
  0.53276999008787251        4.0197458449612528E-003
  0.60664803972131121       -4.7835043372671920E-004
  0.46066707034105608       -3.4377783499088652E-003
  0.15861855694668303       0.24536648206127828     
  0.12482349956149316       0.18116790074331321     
  0.18023479446210455       0.18711093450550123     
   6.4033198086679510E-002  0.18987606643068172     
  0.24385843754460806       0.21150504713415480     
  0.15359080036817033       0.18739092016021178     
   7.2395374401025198E-002  0.18751340178758585     
  0.80653539349480941        1.7863194930720187E-002
  0.77092710454833280        1.9575283317887330E-002
  0.76526111917786632        3.0287222014354839E-002
  0.81227079017916592        1.6668697761839574E-002
  0.87301478184735704        1.3116161486377044E-002
  0.78454198656754448        2.5127913673000962E-002
  0.85567658671940905        1.0602088710713380E-002
  0.81348605088227621        1.3917213258329682E-002
  0.81963988491066986        1.0555076789434181E-002
  0.49835032829520781       -2.7604670143527199E-003
  0.38310155628763948       -1.1527491207212459E-004
  0.33131637850056961       -1.3811317215394021E-003
  0.27563369251186853        4.4922859168688416E-003
  0.46468319450445528       -1.2436391499969313E-003
  0.60681153047905600        2.0479110461447654E-004
  0.28013877950554716       -4.5297425071958546E-003
  0.53435442880921968        3.3594982712548912E-003
  0.42063481028406313       -1.0845568661108529E-002
  0.34561007140243494        2.4618362171800252E-002
  0.31638967854696404       -3.8686800322529163E-002
  0.49093047083131469        4.1191537438215890E-004
  0.76136717452591696        2.3041674179984772E-003
  0.81057028969802114       -2.7525199677435008E-004
  0.82186138793758423       -1.2724938539822386E-003
  0.90314770364216601       -2.9124891541573404E-003
  0.84024497070974147        1.6272398366837053E-003
  0.78457179389116938       -1.8118724865727565E-004
  0.21821282564503316        5.2849905566731969E-002
  0.29194044015514709        3.8106920053663500E-002
  0.20629052752550073        6.3276848475789002E-002
   2.7797603045284863E-002   7.0919116972806243E-002
  0.20892881673161603       0.10519336145341916     
  0.22058834501547334        5.0497807114577992E-002
  -5.1015824085742706E-002  0.10388572255787835     
  0.36445133220793458        5.3512534605510184E-002
  0.13701806632595540        7.5890816554633062E-002
  0.10216730487995926        6.5135368128468984E-002
  0.32949562413877892        6.0586009130342254E-002
  0.38567457230882674       -1.1004490245101013E-003
  0.40651610837498042       -8.3599036980587562E-005
  0.18628933764628530       -7.6881997226430749E-004
  0.39214920222953842       -1.8436084074217239E-004
  0.37099532346406661        8.0550389157429145E-004
  0.45903142449653211        9.8471546486337408E-004
  0.31053165197330235       -6.6271548454806327E-004
  0.69148381784632840        5.8068373183961623E-002
  0.65232875756502862        6.6928927599418278E-002
  0.64940002475293923        7.8420673010781289E-002
  0.69504553944697101        6.1524758571879119E-002
  0.79903138451113098        3.4345231023820519E-002
  0.66533519079505210        6.3733997491919478E-002
  0.76133243726358923        4.5257741978062357E-002
  0.52058332124177153       0.10812904251234406     
  0.69544754113656027        6.0545584113714725E-002
  0.25065791192304948        4.4498150413293282E-003
  0.30100003291140393        1.7487307358282290E-002
  0.24669230460934238        4.1352447010887541E-002
   7.7106771633528193E-002   2.9894771136291815E-002
  0.24511732828607735        4.3363388991551628E-002
  0.24614978524571737       -3.1374722056225199E-002
  -4.5239688322145949E-002   4.4487769866509388E-002
  0.36946167054435786        9.1331953273705319E-003
  0.16154457982826662        3.6179897849154104E-002
  0.15847282343982427        1.7362169594392445E-002
  0.39705519450535054        2.1612762921603676E-002
  -2.8911348369001527E-002  0.15621543594884907     
   6.6600955154226038E-002  0.16669204073483934     
  -8.7474900724481053E-002  0.15216228660618406     
  -6.5069013890095562E-003  0.14958327736875440     
  -8.6202242086079295E-002  0.15520144799549179     
  0.13737742741243442       -2.0566632077150596E-002
  0.37909062522349091       -1.2701386721718732E-002
  0.24976092421300700       -4.1639714671229781E-003
  0.20552764085771652       -1.2944937963955926E-003
  0.17424354350570179       -5.6288340745692606E-003
  0.32727522728924019       -4.6381131940633384E-003
  0.98335264437974312       -1.8425442309917390E-003
  0.99590725348481357       -6.4994435822044718E-003
  0.98871806396225737       -1.5193500429710259E-003
  0.99151371573853964       -1.0268789279195456E-003
  0.99961011431809810       -2.8028151825057441E-004
  0.52077180152832336        5.2825112062993246E-004
  0.57581201472262578       -2.3291142227196697E-004
  0.41687985923294973       -1.0360885492778609E-003
  0.35879463191991939        2.9107282886670050E-005
  0.47015046158572543       -2.7870839953360914E-003
  0.58997226445488304        1.0504469837238101E-003
  0.58215553731978820        1.2428388263224378E-003
  0.60909511319555465       -2.6804108066335843E-004
  0.57640010269137321        5.3309663252945824E-003
  0.57823377470173942       -1.7674594537552189E-004
  0.57393083415808643        1.4058700887975260E-003
  0.63934178828190535        3.4385848994467221E-003
  0.42518666644373881        7.1561491682741601E-004
  0.46111568621597843       -1.9313477136490538E-003
  0.66446109570048550        4.6256906650562378E-004
  -4.4032401862118264E-003   1.7706911728363754E-002
  0.23431063723367354        8.3064049308213578E-004
   6.9527897619593437E-002  -9.0239836387568228E-003
   2.9382559314244300E-002   2.1763725522982606E-002
   1.2703464771204986E-002  -7.8960665841218552E-003
  -3.2174848536474232E-002   8.2147199687336817E-002
  0.49681349086444526       0.14616974875789149     
  0.48709811989790397       0.13480062142992202     
  0.52697177930259576       0.13244874296649659     
  0.61275641701113071       0.12622566330818735     
  0.54440956506450822       0.13218300977472652     
  0.51680081150898871       0.13403129489593524     
  0.40211721324103167       0.16718654530471480     
  0.60418783032253320        4.4968026919053892E-003
  0.65632309793306376        4.2981282663374643E-003
  0.66818253433082098        1.4764253058574511E-003
  0.71214618824821063        7.5457911314361602E-003
  0.62319849665600824        8.4268154823119001E-004
  0.88447861908723935        4.5253359407055623E-004
  0.91069752982392438        9.6129781111855802E-004
  0.86378993289597883       -3.0777218663015225E-003
  0.92985635285519730        1.1174027867113141E-003
  0.96180663318060600        4.3087592295885479E-004
  0.87565674299212670       -2.2641791912794453E-003
  0.87354664633802059       -1.7650548315984085E-003
  0.92223393439801871        8.1385757764911872E-004
  0.91637435627202080       -4.3943034735775886E-004
  0.15993920322800964       0.13828575727672404     
  0.12629547506526520       0.13496985917050677     
  -2.8270700254846653E-002  0.17457448895407282     
  0.13584486758638706       0.13312764346030101     
   7.0869780705048929E-002  0.13731931094613789     
  0.21621546564505456       0.14286392655987321     
  0.15467705717633390       -6.3980360992366920E-003
  0.42070894408150522       -2.4152062409891399E-004
  0.29444361079162246       -1.6801410417189593E-004
  0.24967472272702795        3.3360350109583664E-003
  0.20782389387794009        4.1850298004085691E-003
  0.75141933229539237        1.8039901042231622E-002
  0.79263169349446450        9.4478455624341824E-003
  0.82074495361857935        7.0401137222157381E-004
  0.77614494747033336        6.7728585436055448E-003
  0.91062999523070176        1.3401480297468547E-003
  0.92794778577846504       -2.2287743463634928E-003
  0.97799744724613069        4.6502114942599477E-003
  0.97367642074558203       -5.4593737072498264E-003
  0.90531788540207569       -2.8915610890522516E-003
  0.89452725968502922       -3.4230545147837048E-003
  0.94312573460294280       -3.1479813156236563E-003
  0.95580096859287378        1.0378312096303243E-003
  0.39760957033535022        7.8589178373334942E-004
  0.42843744862582928        8.1466062100912489E-003
  0.40064029885145114       -1.6584863994053397E-002
  0.18805652800815914       -1.3931294641972591E-003
  0.39539208312402663        5.5444735493517883E-003
  0.38882839332848884        9.1762047814772235E-003
  0.47588040398837034       -1.2828109273727184E-002
  0.27339139302675913        3.2156347579018912E-003
  0.31071327622831335       -1.6253284049114482E-003
  0.54369510202128057        7.0115968919918338E-003
  0.42469620718173551       0.15502508079457533     
  0.41757690244873491       0.15193625256534618     
  0.45950263235883432       0.14234849483706394     
  0.59309870050913094       0.14808115052818685     
  0.47407124458024696       0.15622842766649297     
  0.45588170258984889       0.16013105653987095     
  -9.6117242205902440E-002  0.24981006337795672     
  -2.6478711830810315E-002  0.27819200677065820     
  -4.9388619636351883E-003  0.12439328161424504     
  -2.8751245626084221E-002  0.12268714835724899     
  -2.3108581553456548E-002  0.12294461422415401     
  -8.8331175698830422E-002  0.16177407630208820     
  0.13933102407750189       0.14745223535839036     
  0.48837996070942558       -9.8763709137592026E-004
  0.38503682285736407       -4.1869643802628563E-004
  0.33018500314737659        2.6979917087478181E-003
  0.43690551766713809       -2.0610140261236542E-002
  0.56486416035796871        1.2452667861203354E-003
  0.71452754540499797        1.2527483998860428E-003
  0.71715702314556717       -1.7301745083221845E-004
  0.69958373229949034       -3.1242440398636237E-003
  0.75576131816796710       -1.7347450135841900E-003
  0.59462817079049790        2.6230552523900720E-003
  0.37758847417037178        1.8930705919911962E-002
  0.45171021529443867        1.1916057871492762E-002
  0.22947711094178341        2.6299998063288428E-002
  0.45362908631436438        3.0246794274645942E-002
  0.21854119979196129        1.8192433725313806E-002
  0.28344104041397267        2.2596442649661611E-002
  0.39320603570484458        3.6811161512725413E-002
  0.27055321272679711        1.8706940296745276E-002
   8.8661049765233174E-002   4.3737613825485785E-002
  0.24290672532013433        5.4220707082015401E-002
  -1.7347729581301596E-002   2.2100578287264510E-002
  0.20728692471145371        3.8172727753038857E-002
  -3.3557757252084680E-002   3.4166946097695702E-002
  -1.7222657138404707E-002   3.9101947776732475E-002
   1.2106224185925163E-003   3.1988908536078074E-002
   9.9453355637407134E-002   1.7970343024593889E-002
  -1.0923336211288215E-002   4.5846785742042269E-002
  0.97060619954871097       -1.9788785958775273E-003
  0.98790141017667854        3.0912012073850120E-003
  0.99822356533545586       -1.0990283110258188E-003
  0.95648312677224545       -6.3503376515465252E-003
  0.99641818543760174       -6.4708599269172379E-004
  0.98977634323644914       -7.8571204327096563E-004
  0.97522453733072256        9.8326762151727080E-003
  -2.5403877584912762E-002   4.1619556586150374E-005
  -5.6142822003878060E-002   1.0181072196445450E-004
  -9.2240445328153439E-002   9.7886086240164469E-004
  0.12884514486520601       -6.6559077245274684E-002
  0.35523230673474127        1.2596067335274474E-002
  0.22492362338930463        7.0879289311199635E-003
  0.17869349908530896        6.6438648602652759E-003
  0.15532854702458632       -5.4175284405365660E-003
  0.29581378731486990        2.9433060817074527E-002
  0.66787721368335451        9.9820059252443555E-003
  0.71437466537347416       -3.7000416006854219E-004
  0.64978792794228413        1.8675346546876515E-002
  0.72706371073894849        1.4043305679535661E-002
  0.65762574376707317        1.3691458398637160E-002
  0.66821238894066715       -3.2657256707119119E-003
  0.72755789025128514        3.4037502207289396E-003
  0.53447440501137300        3.1281954673396055E-002
  0.70184940518836214        1.2257620280420930E-002
  0.76224975076088053        2.5771873650454365E-003
  0.71356154396646820       -1.3529777179666987E-003
  0.60103247511683644       -1.1808690353571833E-003
  0.82083186744879966        7.4402037411422828E-004
  0.68186616046046156        7.6328347695225137E-004
  -7.3417708193988462E-002   2.6846181032148721E-003
  0.25115252701122481        1.0945867007753183E-002
   2.5839886543180174E-002   2.3432810183311586E-003
  -6.5803380867549000E-003  -3.2395965922499021E-004
  -3.6739459191172025E-002  -4.8797874420135490E-003
  0.99123642253013378       -3.0756226850504678E-003
  0.88662630688795052        1.0429660983790989E-003
  0.93785630101582351       -3.9392958123306140E-003
  0.95710557670633678       -2.6960714250803385E-003
  0.97280597828761384       -1.8727780249503010E-003
  0.94655115166198889       -1.1094276968550666E-003
  -6.1507522517795649E-002  -6.5629287989389468E-002
  0.18413500888247877        3.7236779886469638E-002
   2.6481297136459192E-003   2.3331244339242788E-002
  -3.9757661382955889E-002   5.3890500421188120E-002
  -5.0462241863195256E-002  -2.5957776823408510E-002
  -7.0642178389370786E-002   1.1119219847883991E-003
   7.3965843066534850E-002   4.7128949035861690E-003
  0.39816951344109824        9.1890626038973619E-002
  0.44555652099643361        8.9232693140954458E-002
  0.49306680369835509        7.9305013365230340E-002
  0.32061961140612671       0.10785865931896235     
  0.49931642410325394        9.8507271950027134E-002
  0.41802193934492771        8.8057338305888105E-002
  0.32705561617713358       0.10911163290952455     
  0.45839366701034212       -3.3425157168294802E-003
  0.54730320995298587       -3.8818913480724538E-003
  0.28371746592484198        8.9833006876898162E-003
  0.52170337413872181       -1.3661553311033220E-002
  0.29512511424654503       -8.8073565653271145E-004
  0.32103793803093505        4.9149835120062069E-003
  0.47267865416186583       -2.4785332552559099E-003
  0.86264202812501400        5.4750847723127635E-004
  0.91271743630605306       -4.2505274616567703E-004
  0.92694358219619433       -1.3171948025796579E-003
  0.95999350602045852       -1.8023279581236178E-003
  0.92768289746839783        8.3129325865411764E-004
  0.89292975691572518        1.6411836388117915E-003
  0.82822794031546354        8.4916412160106983E-004
  0.84805363681254220       -5.4668864384596884E-005
  0.81463551622756625       -1.3352013552095448E-003
  0.93709461900103641       -4.2244938179285637E-004
  0.82365805624409005       -3.3303824079798957E-003
  0.81614821881090871        2.9710001599958600E-004
  0.86658890626442175        4.4567733278943306E-004
  0.88145717709655136       -2.3710797897497052E-003
  0.90346707226398415        9.8087097748654267E-004
  0.89575493562331199        9.4037645013731136E-004
  0.93786401625896643        1.0679193046887114E-003
  0.93443386920380445       -1.1549248023281166E-003
  0.86698599913196572        1.8992592505824720E-003
  0.65494929011204039        5.5251441139887595E-003
  0.70460665784401821        4.3041167197905104E-003
  0.71739409436938839        1.1148198628110624E-003
  0.86826580117563301       -1.3085628101525500E-003
  0.50075625197309082        6.9246880664974152E-003
  0.74885724902526352        5.5167347462069475E-003
  0.67492447765695562        2.1253009273816455E-003
   8.8152567527794226E-002   8.4135536254450499E-002
  0.20367456078200671        8.2703558476082906E-002
  -1.3130767148154088E-002   7.5380639790021020E-002
  -2.0185295759639177E-002   5.4533390711802091E-002
   1.4960670626412959E-002   6.4489324284025470E-002
  0.10341327150097548        7.1651545479248444E-002
   9.4623647716803039E-003   9.0258191014254516E-002
  0.47692539592128425       -8.5020807505557317E-004
  0.48021825170969679       -1.5506346889086720E-004
  0.46379504723595388       -5.1013352026934482E-003
  0.53914172647818337       -2.5845571095877728E-003
  0.39532917638698961        4.6924016013175840E-003
   5.7098210168346444E-002   2.4799101011279450E-002
  0.30846911670334293        8.4751966823167141E-004
  0.15660253560773876       -1.8370760649632202E-002
  0.11824733877743342       -1.0370612665447969E-002
   8.9867041832619315E-002  -6.4404368176136234E-003
  0.24720839252076898        2.5476774128805581E-002
  0.58152456772028072        1.9621664489074078E-003
  0.65443266927845511       -8.6461834010806492E-004
  0.64065222743327421       -6.8462720169913715E-004
  0.76050781695563452        3.7369930714168309E-003
  0.59942885898987464        8.6660225717047866E-004
  0.69263186018233602        8.3818313049875796E-003
  0.73946107460554400        2.6070822242617044E-003
  0.67361888463617525        1.8072617873496892E-002
  0.74425245847800825        1.3724598829335260E-002
  0.68189390347780421        1.3313824791760968E-002
  0.69319508970706045        2.0056339037771636E-004
  0.75025226302598880        4.3708906987681489E-003
  0.55070620485194310        3.5249432613144997E-002
  0.72383355336600741        1.1506305277751162E-002
  -6.5508245276421129E-002  -5.3442707312885435E-003
  0.20653232853509509        3.7478703672659777E-002
   9.9514018566557449E-003  -2.1772687804446937E-003
  -2.5575220150664768E-002   1.0759656352642602E-003
  -4.5441775710893251E-002   4.2652573153633314E-002
  0.10694269715017862       -3.3462569972034603E-002
  0.82047262536262344       -5.4098435224847240E-003
  0.80421050971785302        1.0679439633908623E-003
  0.88098273701567154       -1.1953104522261194E-003
  0.87870352835676180        8.8012785027625573E-004
  0.77267434860177875        8.7154376573935952E-004
