 cosx vtec
  0.54709779696041339        3.1388095203105523E-002
  0.53506022135845277        1.1266557126342261E-002
  0.53241792560025081        1.6147304182509994E-002
  0.54352461005983665        2.6590208887822465E-002
  0.45896331892006731        2.7965496839924199E-002
  0.57860349268539890        4.8858144319178523E-002
  0.68404016153647329       -1.2897270245265243E-003
  0.64536339725221614       -1.5853890733796313E-003
  0.67534731279468685        2.7911010227498938E-003
  0.57947076180880774        2.5617719413499748E-004
  0.58831229438268018        1.3981685127904576E-003
  0.71615719918320020       -5.1007868414364495E-003
  -2.8835272537770795E-002   4.0766235908728171E-004
  -6.2587705612148631E-002   2.7623175054397550E-003
  0.28005866140596902       0.24536648206127828     
  0.43980461948462696       0.18116790074331321     
  0.44419183617192165       0.18711093450550123     
  0.45258033163771894       0.18987606643068172     
  0.39733842815119724       0.21150504713415480     
  0.49340635558641577       0.18739092016021178     
  0.43094937003600720       0.18751340178758585     
  -9.9081354694693868E-002   1.7863194930720187E-002
  -2.6033693945990921E-002   1.9575283317887330E-002
  0.11505302831658885        3.0287222014354839E-002
   7.6049695839491699E-002   1.6668697761839574E-002
  0.15951499744303660        1.3116161486377044E-002
  -6.2819536180633934E-002   2.5127913673000962E-002
   3.0609862958817402E-002   1.0602088710713380E-002
   3.7010886662990794E-002   1.3917213258329682E-002
  0.23917840003367183        1.0555076789434181E-002
  0.87240072791056589       -2.7604670143527199E-003
  0.81685060174480273       -1.1527491207212459E-004
  0.83144064397626172       -1.3811317215394021E-003
  0.87381871226452579        4.4922859168688416E-003
  0.92887274848198698       -1.2436391499969313E-003
  0.95263371975826217        2.0479110461447654E-004
  0.98796607588386476       -4.5297425071958546E-003
  0.96297883056210343        3.3594982712548912E-003
  0.92686112367980145       -1.0845568661108529E-002
  0.94568635412667590        2.4618362171800252E-002
  0.97743356268960646       -3.8686800322529163E-002
  0.98129089513724732        4.1191537438215890E-004
  0.73987663604384679        2.3041674179984772E-003
  0.72374594606405762       -2.7525199677435008E-004
  0.75392162197805024       -1.2724938539822386E-003
  0.65884778869744198       -2.9124891541573404E-003
  0.67829063949690083        1.6272398366837053E-003
  0.76983216840829116       -1.8118724865727565E-004
  0.70580724276111484       0.16537621692818413     
  0.71931947954433217       0.15934392381651821     
  0.73610571557231352        2.5444023499378923E-002
  0.70247962582451196       0.16245428121964881     
  0.75033228725650991       0.15838180996555629     
  0.68746911760634077       0.16540010551223430     
  0.50912138496992843       0.19077796878947312     
  0.52112386552776235       0.19748407119543368     
  0.49892705414056571       0.19677924073786038     
  0.48502810886473008       0.19784547479312053     
  0.62694303622049075        7.1904269094688437E-003
  0.57509748039339503       -4.0428397746459149E-004
  0.58134626044846749        8.0264766956408590E-004
  0.60647215440422297       -4.8977605447199585E-004
  0.49740034749966361       -4.6278575108834206E-003
   2.0726904109884675E-003   7.8420673010781289E-002
  -2.8834283387913273E-002   6.1524758571879119E-002
  0.10361252945583713        3.4345231023820519E-002
  -7.4150229015750302E-002   4.5257741978062357E-002
  -6.8669177348990557E-002   6.0545584113714725E-002
  0.69168026009495776       -1.9673738106778019E-003
  0.66316414055190631        3.1601492638171458E-003
  0.66703565549542321       -3.5944424831929598E-003
  0.68359017718101223       -4.0640839485871225E-003
  0.57803332320420231        8.8320842817718771E-003
  0.54281241256137192        7.7012684142695968E-003
  0.52156033434979188        2.1670522914370286E-003
  0.52203886581007108        1.8489583781809297E-003
  0.53631680655545122        4.0539128396376491E-003
  0.45210301275988007        1.1603254861881261E-002
  0.70279795400460410       0.15621543594884907     
  0.71490778412923295       0.16669204073483934     
  0.72764545761659971       0.15831919765343447     
  0.70386940305586632       0.15216228660618406     
  0.74468511348490485       0.14958327736875440     
  0.68803200495467720       0.15520144799549179     
  0.91272367470137028       -2.0566632077150596E-002
  0.92455079953952990       -1.2701386721718732E-002
  0.86005472289477392       -4.1639714671229781E-003
  0.87076827348331154       -1.2944937963955926E-003
  0.89780701837136323       -5.6288340745692606E-003
  0.95816170818595459       -4.6381131940633384E-003
  0.31661990500220727       -1.8425442309917390E-003
  0.42366124153057394       -6.4994435822044718E-003
  0.44000406724320651       -1.5193500429710259E-003
  0.35962771224647139       -1.0268789279195456E-003
  0.36236221937288560       -2.8028151825057441E-004
  0.33249293197565222        5.2825112062993246E-004
  0.52707951746065240       -2.3291142227196697E-004
  0.42235068186073582       -1.0360885492778609E-003
  0.44728719462347788        2.9107282886670050E-005
  0.25550991419072694       -2.7870839953360914E-003
  0.37293979809311184        1.0504469837238101E-003
  0.90034801037157453        1.7706911728363754E-002
  0.95540233063792446        8.3064049308213578E-004
  0.87023637473001714       -9.0239836387568228E-003
  0.87736290772502301        2.1763725522982606E-002
  0.89465356890399905       -7.8960665841218552E-003
  0.92330490445564783        8.2147199687336817E-002
  0.68131124630899598       0.17979436456887404     
  0.68035611346105251       0.16086609414302988     
  0.69097862954127387       0.16159190962225733     
  0.66960203236446825       0.16379153790527184     
  0.73247868924926673       0.16523917677199620     
  0.65528731698656395       0.16719070424129434     
  0.20793665990443305       0.14616974875789149     
  0.31923152252944542       0.13480062142992202     
  0.31362937510095834       0.13244874296649659     
  0.41045079007088875       0.12622566330818735     
  0.28012128167072059       0.13218300977472652     
  0.38037402957817235       0.13403129489593524     
  0.32302615875687890       0.16718654530471480     
  0.83812760520723462        4.4968026919053892E-003
  0.82958865950298033        4.2981282663374643E-003
  0.86286093802340147        1.4764253058574511E-003
  0.77328694458874148        7.5457911314361602E-003
  0.86709837338141205        8.4268154823119001E-004
  -7.6490792983599371E-002   9.6129781111855802E-004
   2.5787190077222383E-002   1.1174027867113141E-003
   8.3625971196753246E-002   4.3087592295885479E-004
  -4.3747001864651108E-002   8.1385757764911872E-004
  -3.7619961508004424E-002  -4.3943034735775886E-004
  0.89042264050573894       -6.3980360992366920E-003
  0.88626179107245062       -2.4152062409891399E-004
  0.82151731496282232       -1.6801410417189593E-004
  0.83333717380703543        3.3360350109583664E-003
  0.86684974573185336        4.1850298004085691E-003
  -9.8217727979527103E-004  0.15366162381360923     
  -1.9618183101805797E-003  0.11551612918117631     
  -9.2446602577198042E-002  0.16378948154012907     
  0.83410213024195923        8.7806748522432240E-002
  0.80385764021489425        4.9557197440978550E-002
  0.80273689264099479        3.7410694713585532E-002
  0.80620745341183886        4.7976232722304335E-002
  0.80351059406958569        6.5191784758076146E-002
  0.86758024857455784        6.2451256859090268E-002
  0.78733060439313629        8.2339747719577638E-002
  0.54570283003364328        1.8039901042231622E-002
  0.53227298017042191        9.4478455624341824E-003
  0.57483774911193875        7.0401137222157381E-004
  0.58743504720851281        6.7728585436055448E-003
  -4.8247570184490995E-002   1.3401480297468547E-003
   2.0772562854164928E-002  -2.2287743463634928E-003
  0.13981233743374191        4.6502114942599477E-003
  0.16106052013392524       -5.4593737072498264E-003
  -8.3644614162479508E-002  -2.8915610890522516E-003
  -4.4272618746852760E-002  -3.4230545147837048E-003
   4.9664984069034149E-002  -3.1479813156236563E-003
   5.5801758441911417E-002   1.0378312096303243E-003
   7.6917138063969520E-002  0.15502508079457533     
  0.17656595318883966       0.15193625256534618     
  0.17118455470372004       0.14234849483706394     
  0.31727738879347478       0.14808115052818685     
  0.13658974873644691       0.15622842766649297     
  0.25909960870645482       0.16013105653987095     
  -2.1664835639867947E-002  0.23712981313967793     
  -4.7355252395914656E-003  0.27819200677065820     
  -8.8030291413281059E-004  0.25379079357669648     
  -3.5307602018833241E-002  0.23963081729763375     
  0.53673466663878111       0.20000990441896402     
  0.54058068117325619       0.18849306004408550     
  0.55797096848618866       0.20000520977718561     
  0.52536211612761086       0.19102871679253400     
  0.51121101457275686       0.19544743668399317     
  0.34630564279094467       0.21606207179078721     
  0.35961229286225210       0.22397928138036893     
  0.33686146412061413       0.21680856679272215     
  0.32243618524583439       0.23013724365828847     
  0.30672738390295395       -9.8763709137592026E-004
  0.39485445165638522       -4.1869643802628563E-004
  0.41870575061723053        2.6979917087478181E-003
  0.23621636771576951       -2.0610140261236542E-002
  0.34596779478374684        1.2452667861203354E-003
  -6.2507959829623150E-002  0.23721193722235798     
  0.92543565367398395        1.8930705919911962E-002
  0.92249906343008425        1.1916057871492762E-002
  0.96252978945990852        2.6299998063288428E-002
  0.95956054136529456        3.0246794274645942E-002
  0.97617002233771288        1.8192433725313806E-002
  0.93652166344658361        2.2596442649661611E-002
  0.95356020725340673        3.6811161512725413E-002
  0.91109595054537074        1.8706940296745276E-002
  0.92098772530885731        4.3737613825485785E-002
  0.93331443857625718        5.4220707082015401E-002
  0.92329994353452982        2.2100578287264510E-002
  0.98000566426073443        3.8172727753038857E-002
  0.92696443313345567        3.4166946097695702E-002
  0.92819029847815993        3.9101947776732475E-002
  0.91544375117629606        3.1988908536078074E-002
  0.95055414973558394        1.7970343024593889E-002
  0.89603793727660785        4.5846785742042269E-002
  0.10759047884230245       -1.9788785958775273E-003
  0.32282013599225423        3.0912012073850120E-003
  0.35281471340596304       -1.0990283110258188E-003
   8.6071377916772634E-002  -6.3503376515465252E-003
  0.26796257074002666       -6.4708599269172379E-004
  0.27288934642174667       -7.8571204327096563E-004
  0.46357015345491770        9.8326762151727080E-003
  0.63079839671213811        4.4944733756782226E-003
  0.55857264481259772        4.1619556586150374E-005
  0.56647154147505230        1.0181072196445450E-004
  0.59860589923036045        9.7886086240164469E-004
  0.47419412898455371        1.4547404301936036E-003
  0.93797270335809624       -6.6559077245274684E-002
  0.95737522636693773        1.2596067335274474E-002
  0.89573319486817315        7.0879289311199635E-003
  0.90599162133756173        6.6438648602652759E-003
  0.92873186072012193       -5.4175284405365660E-003
  0.97620951975264048        2.9433060817074527E-002
  0.47866529849631984       0.16996716393424466     
  0.48537180154344045       0.16878339842997775     
  0.47536844367669795       0.17779457800968479     
  0.46170582130633608       0.19331008144297543     
  0.86879168183683098        2.5771873650454365E-003
  0.87720805520241130       -1.3529777179666987E-003
  0.85327304140712990       -1.1808690353571833E-003
  0.76846097404598879        7.4402037411422828E-004
  0.91044139574753824        7.6328347695225137E-004
  0.74207194777917185        2.6846181032148721E-003
  0.82698864212609535        1.0945867007753183E-002
  0.68826440926762011        2.3432810183311586E-003
  0.69583687867909017       -3.2395965922499021E-004
  0.72198346524456070       -4.8797874420135490E-003
  0.57882224940466809       -5.2858658594888007E-004
  0.28926612976804528       -3.0756226850504678E-003
  0.45184601032150395        1.0429660983790989E-003
  0.41381122041027307       -3.9392958123306140E-003
  0.45003381195420505       -2.6960714250803385E-003
  0.36688799220742530       -1.8727780249503010E-003
  0.37453221910826739       -1.1094276968550666E-003
  0.90082312316774349       -6.5629287989389468E-002
  0.97108000897377000        3.7236779886469638E-002
  0.87952311162651442        2.3331244339242788E-002
  0.88491896885043175        5.3890500421188120E-002
  0.89837334718974993       -2.5957776823408510E-002
  0.91186691805126630        1.1119219847883991E-003
  0.95659201219768186        4.7128949035861690E-003
  0.60704934183588000        8.2660410074114427E-002
  0.61223431356439295        5.3228857593158180E-002
  0.60193719795926504        7.3020605151964693E-002
  0.60740748406317646        7.8166746204510071E-002
  0.50929182914957305        9.1071406014058096E-002
  0.61651511396722003        9.4915412526753465E-002
  0.60362506693097306       0.12187381817133008     
  0.53919373830667194        9.4451464532240188E-003
  0.50987767381864990        1.1453759532210719E-003
  0.51225147303588459        3.0972946582373577E-004
  0.52944786430993607        4.0459565148590155E-003
  0.44348245912732920       -2.9440414659286200E-003
  0.69282439785941197        9.1890626038973619E-002
  0.69095987304339801        8.9232693140954458E-002
  0.74968044341575590        7.9305013365230340E-002
  0.71082506534189738       0.10785865931896235     
  0.64355239538143438        9.8507271950027134E-002
  0.72908988610746661        8.8057338305888105E-002
  0.68594479242728190       0.10911163290952455     
  0.96294256024213509       -3.3425157168294802E-003
  0.95339959164764609       -3.8818913480724538E-003
  0.99654295749680988        8.9833006876898162E-003
  0.97878601371116014       -1.3661553311033220E-002
  0.99869918083491049       -8.8073565653271145E-004
  0.97959338154119491        4.9149835120062069E-003
  0.98466737114660863       -2.4785332552559099E-003
  0.58137776837575361        5.4750847723127635E-004
  0.55308299032951513       -4.2505274616567703E-004
  0.58450097013116464       -1.3171948025796579E-003
  0.50299991191520232       -1.8023279581236178E-003
  0.51272901608161670        8.3129325865411764E-004
  0.61740885336088991        1.6411836388117915E-003
  0.79007197968590204       0.13246439172701949     
  0.78513561637086082       0.11013581044319495     
  0.80232066744698582       0.11128465476742398     
  0.79194793074551173       0.11089543821439511     
  0.77744232365616417       0.11116968048219136     
  0.83109651822693342       0.10889889671508828     
  0.76210513194265983       0.12766311865842941     
   1.4421016699843525E-002  -4.2244938179285637E-004
  0.70454404029521522        9.8087097748654267E-004
  0.72345536694939716        9.4037645013731136E-004
  0.64221995489913608        1.0679193046887114E-003
  0.64520244583824304       -1.1549248023281166E-003
  0.76321064684121698        1.8992592505824720E-003
  0.80549351115080547        5.5251441139887595E-003
  0.79541257451617198        4.3041167197905104E-003
  0.82802555642494935        1.1148198628110624E-003
  0.70753788434027221       -1.3085628101525500E-003
  0.84984456402690445        6.9246880664974152E-003
  0.74465704838463009        5.5167347462069475E-003
  0.83494224044637333        2.1253009273816455E-003
  0.87899760452060394        8.4135536254450499E-002
  0.88833594431922314        8.2703558476082906E-002
  0.89216802229638525        7.5380639790021020E-002
  0.90215743053793762        5.4533390711802091E-002
  0.87826987735217599        6.4489324284025470E-002
  0.91196760474911842        7.1651545479248444E-002
  0.86024191669727890        9.0258191014254516E-002
  0.54485998015934589       0.22177906897442204     
  0.54072896875803167       0.19590597892690828     
  0.55436819048550834       0.20224077677783442     
  0.52863716519379789       0.19946131417052668     
  0.61582397732318594       0.21899558070053621     
  0.51469340109885475       0.20788173597004292     
  0.86803011000035801        2.4799101011279450E-002
  0.90271984702440655        8.4751966823167141E-004
  0.82019574803377249       -1.8370760649632202E-002
  0.82907603592729173       -1.0370612665447969E-002
  0.85366340758258763       -6.4404368176136234E-003
  0.94268564236853902        2.5476774128805581E-002
  0.92814820792339592        1.9621664489074078E-003
  0.91367941649323614       -8.6461834010806492E-004
  0.93806423455629562       -6.8462720169913715E-004
  0.82335819541684208        3.7369930714168309E-003
  0.94958188678919264        8.6660225717047866E-004
  0.84081937158727538       -5.3442707312885435E-003
  0.91762189987244769        3.7478703672659777E-002
  0.80731380728561586       -2.1772687804446937E-003
  0.81383562645534613        1.0759656352642602E-003
  0.83244473644326478        4.2652573153633314E-002
  0.93362423369862468       -3.3462569972034603E-002
  0.81378005495270878       -5.4098435224847240E-003
  0.83166273098178456        1.0679439633908623E-003
  0.73750836316902768       -1.1953104522261194E-003
  0.73972875349222500        8.8012785027625573E-004
  0.86070990254745661        8.7154376573935952E-004
