 cosx vtec
   8.7459739099335743E-002   3.1388095203105523E-002
  0.11045029687002600        1.1266557126342261E-002
   8.8661022151346358E-002   1.6147304182509994E-002
   8.9410897507163745E-002   2.6590208887822465E-002
   8.2241360882628900E-004   2.7965496839924199E-002
  0.10313616621807709        4.8858144319178523E-002
   6.1715549451486107E-002  -9.6162401822252549E-004
  0.10198711490247903       -3.1685733285309186E-004
   5.2057854712534046E-002   1.2930267714109428E-003
   5.4183175394505956E-002   7.5567409252068395E-005
   5.4859557567217998E-002   3.9073304018642291E-003
  0.13305059149701143       -7.3190681211835254E-004
  0.14353157041303960       -5.0381838196475351E-004
  0.91658622649696253       -1.2897270245265243E-003
  0.92669889930873472       -1.5853890733796313E-003
  0.94997919634983163        2.7911010227498938E-003
  0.90812240612586481        2.5617719413499748E-004
  0.90119738471668864        1.3981685127904576E-003
  0.95794570293343795       -5.1007868414364495E-003
  0.22824082655749722       -1.4334823602417959E-004
  0.27232962773422420        9.1280395362138908E-005
  0.21932986051410597        2.6484931139093269E-003
  0.37807441269500885        2.4790802105653944E-003
  0.47376837248182907        4.0766235908728171E-004
  0.22065734388323271       -1.5515789069554193E-003
  0.21445028249078474       -3.5281456368758475E-003
  0.30103736116208518       -1.1035258684171378E-003
  0.30445208799562168        4.7901094501673130E-004
  0.14041075639330552        1.5687779507678255E-003
  0.21687009839329197        2.7623175054397550E-003
  0.15942688940825880        4.0197458449612528E-003
  0.23598087096998874       -4.7835043372671920E-004
   9.6416548854457884E-002  -3.4377783499088652E-003
  0.27597058148018250       0.24536648206127828     
  0.36726127893775257       0.18116790074331321     
  0.39974604649838463       0.18711093450550123     
  0.34365453661346651       0.18987606643068172     
  0.40154986132146780       0.21150504713415480     
  0.41923378750420853       0.18739092016021178     
  0.33330750841826279       0.18751340178758585     
  0.36137288575844484        1.7863194930720187E-002
  0.39239365404469068        1.9575283317887330E-002
  0.48588784914010258        3.0287222014354839E-002
  0.48422132193177736        1.6668697761839574E-002
  0.57363615466959339        1.3116161486377044E-002
  0.37447498320962302        2.5127913673000962E-002
  0.47623438752211233        1.0602088710713380E-002
  0.45816383014665396        1.3917213258329682E-002
  0.59972894217124950        1.0555076789434181E-002
  0.86192392497650183       -2.7604670143527199E-003
  0.76260280881442510       -1.1527491207212459E-004
  0.74502866766548037       -1.3811317215394021E-003
  0.74438883520600008        4.4922859168688416E-003
  0.88263915458035047       -1.2436391499969313E-003
  0.97451752532278735        2.0479110461447654E-004
  0.82486733812996171       -4.5297425071958546E-003
  0.94304037893532566        3.3594982712548912E-003
  0.85782546615731770       -1.0845568661108529E-002
  0.83078285206197811        2.4618362171800252E-002
  0.83695137545192300       -3.8686800322529163E-002
  0.93246116323779349        4.1191537438215890E-004
  0.91122044878352382        2.3041674179984772E-003
  0.92636683795504760       -2.7525199677435008E-004
  0.95301608414360262       -1.2724938539822386E-003
  0.93123329701829582       -2.9124891541573404E-003
  0.91106314485797868        1.6272398366837053E-003
  0.94405816018219557       -1.8118724865727565E-004
  0.41242697880395418       0.16537621692818413     
  0.37351614631464503       0.15934392381651821     
  0.37783802461329941        2.5444023499378923E-002
  0.37739030065045687       0.16245428121964881     
  0.45526640519331574       0.15838180996555629     
  0.36730239214396443       0.16540010551223430     
   5.7157852175959756E-002  0.19077796878947312     
   6.2495232902175457E-002  0.19748407119543368     
   6.0307487399040460E-002  0.19677924073786038     
   5.1297675352027394E-002  0.19784547479312053     
  0.31494880334866426        7.1904269094688437E-003
  0.32701443911491718       -4.0428397746459149E-004
  0.31551526945408714        8.0264766956408590E-004
  0.31812328276581614       -4.8977605447199585E-004
  0.20149788824689766       -4.6278575108834206E-003
  0.22977768228492823        5.8068373183961623E-002
  0.26371033509291575        6.6928927599418278E-002
  0.34695634409637521        7.8420673010781289E-002
  0.35010220003928300        6.1524758571879119E-002
  0.49603087003587332        3.4345231023820519E-002
  0.24644356762652705        6.3733997491919478E-002
  0.35437478935311861        4.5257741978062357E-002
   8.5793494368524736E-002  0.10812904251234406     
  0.32306742809575639        6.0545584113714725E-002
  0.32092838433974258       -1.9673738106778019E-003
  0.33608771927260606        3.1601492638171458E-003
  0.32189396174581070       -3.5944424831929598E-003
  0.32381362512340306       -4.0640839485871225E-003
  0.20386931356788962        8.8320842817718771E-003
  0.11008190533351292        7.7012684142695968E-003
  0.12754446659483648        2.1670522914370286E-003
  0.11022203713408441        1.8489583781809297E-003
  0.11177949228250350        4.0539128396376491E-003
   2.5322960620369428E-002   1.1603254861881261E-002
  0.46535871174572785       0.15621543594884907     
  0.52446335936214905       0.16669204073483934     
  0.43018762770035823       0.15831919765343447     
  0.43493061032200792       0.15216228660618406     
  0.50593237402616897       0.14958327736875440     
  0.42477435939447095       0.15520144799549179     
  0.69743677409188776       -2.0566632077150596E-002
  0.83413991191024106       -1.2701386721718732E-002
  0.72120709922546078       -4.1639714671229781E-003
  0.70499956074218739       -1.2944937963955926E-003
  0.70684923101435171       -5.6288340745692606E-003
  0.82956073001172181       -4.6381131940633384E-003
  0.73981179296890176       -1.8425442309917390E-003
  0.81971254834230067       -6.4994435822044718E-003
  0.82706641175274198       -1.5193500429710259E-003
  0.77357328150726856       -1.0268789279195456E-003
  0.77975179832418018       -2.8028151825057441E-004
  0.50453545437311531        5.2825112062993246E-004
  0.66692680563498952       -2.3291142227196697E-004
  0.51072202744877326       -1.0360885492778609E-003
  0.49687310266552975        2.9107282886670050E-005
  0.42494091551626156       -2.7870839953360914E-003
  0.56902353828381469        1.0504469837238101E-003
  -7.0925276983857255E-002   1.2428388263224378E-003
  -3.2044635286364365E-002  -2.6804108066335843E-004
  -8.3278379512177703E-002   5.3309663252945824E-003
  -7.9387760385473016E-002  -1.7674594537552189E-004
  -7.3485202654186621E-002   1.4058700887975260E-003
   3.0097647332820721E-003   3.4385848994467221E-003
   2.8636866900898061E-002   4.6256906650562378E-004
  0.61353140254199756        1.7706911728363754E-002
  0.77820777876395419        8.3064049308213578E-004
  0.63227176772358229       -9.0239836387568228E-003
  0.61578571482756306        2.1763725522982606E-002
  0.61873846283128620       -7.8960665841218552E-003
  0.61445787877495062        8.2147199687336817E-002
  0.32428153794401626       0.17979436456887404     
  0.27490938242214208       0.16086609414302988     
  0.27901249190454314       0.16159190962225733     
  0.27843976300601297       0.16379153790527184     
  0.37285568456598517       0.16523917677199620     
  0.26839039078132876       0.16719070424129434     
  0.40658599440170562       0.14616974875789149     
  0.47754672397163117       0.13480062142992202     
  0.49493096069325360       0.13244874296649659     
  0.60680576277889720       0.12622566330818735     
  0.48128852673490152       0.13218300977472652     
  0.53517513477151590       0.13403129489593524     
  0.43492501149619878       0.16718654530471480     
  0.89479468734567313        4.4968026919053892E-003
  0.91669430124890017        4.2981282663374643E-003
  0.94576415481632248        1.4764253058574511E-003
  0.90788450595910253        7.5457911314361602E-003
  0.92472722453177381        8.4268154823119001E-004
  0.38045488211502854        4.5253359407055623E-004
  0.43224925605388942        9.6129781111855802E-004
  0.36982079231170678       -3.0777218663015225E-003
  0.51240571459847772        1.1174027867113141E-003
  0.56897016073348827        4.3087592295885479E-004
  0.37106162590813285       -2.2641791912794453E-003
  0.35824927033049270       -1.7650548315984085E-003
  0.46078572129833706        8.1385757764911872E-004
  0.46185904734640582       -4.3943034735775886E-004
  0.69138690895546673       -6.3980360992366920E-003
  0.83009333251362105       -2.4152062409891399E-004
  0.71862112061430483       -1.6801410417189593E-004
  0.70288535223862214        3.3360350109583664E-003
  0.70354094059470518        4.1850298004085691E-003
  0.48443015384252269        8.7806748522432240E-002
  0.39935757419653739        4.9557197440978550E-002
  0.40014314887362573        3.7410694713585532E-002
  0.40240241137362248        4.7976232722304335E-002
  0.40382183391964682        6.5191784758076146E-002
  0.50872398088944448        6.2451256859090268E-002
  0.38712997296376006        8.2339747719577638E-002
  0.77310460506751677        1.8039901042231622E-002
  0.78584668627008858        9.4478455624341824E-003
  0.82992145679228169        7.0401137222157381E-004
  0.81480734838330138        6.7728585436055448E-003
  0.45153282407462925        1.3401480297468547E-003
  0.50795998017516464       -2.2287743463634928E-003
  0.61601885154860958        4.6502114942599477E-003
  0.62825429448266745       -5.4593737072498264E-003
  0.42449330506569571       -2.8915610890522516E-003
  0.44568376429267398       -3.4230545147837048E-003
  0.53579957846732584       -3.1479813156236563E-003
  0.54674173063696674        1.0378312096303243E-003
  0.27859055651223363       0.15502508079457533     
  0.34296625833451472       0.15193625256534618     
  0.36159338015201237       0.14234849483706394     
  0.53261174935979350       0.14808115052818685     
  0.34568093565708208       0.15622842766649297     
  0.41980416302848717       0.16013105653987095     
  -7.2054746280134641E-002  0.23712981313967793     
  -1.7328318545542443E-002  0.27819200677065820     
  -9.6414666863598106E-002  0.25379079357669648     
  0.17530350964384706       0.20000990441896402     
  0.12962452358946480       0.18849306004408550     
  0.13582617776469086       0.20000520977718561     
  0.13207351911303328       0.19102871679253400     
  0.12321186320270616       0.19544743668399317     
  0.46967544256755678       -9.8763709137592026E-004
  0.47497017207777731       -4.1869643802628563E-004
  0.46209937759879127        2.6979917087478181E-003
  0.39405408690254795       -2.0610140261236542E-002
  0.53721385789334064        1.2452667861203354E-003
  0.18403232499994127        1.2527483998860428E-003
  0.15486720078236610       -1.7301745083221845E-004
  0.18892749493990701       -3.1242440398636237E-003
  0.25744565353688509       -1.7347450135841900E-003
   8.2394463725707967E-002   2.6230552523900720E-003
  0.83394590990144546        1.8930705919911962E-002
  0.87137651903559576        1.1916057871492762E-002
  0.78051138213785487        2.6299998063288428E-002
  0.89774907325632702        3.0246794274645942E-002
  0.78402297418759415        1.8192433725313806E-002
  0.79143438347189510        2.2596442649661611E-002
  0.86149416883073027        3.6811161512725413E-002
  0.76718470137487427        1.8706940296745276E-002
  0.67716827424199932        4.3737613825485785E-002
  0.76767265357847747        5.4220707082015401E-002
  0.62234383061746368        2.2100578287264510E-002
  0.78065843304636173        3.8172727753038857E-002
  0.61622531347998555        3.4166946097695702E-002
  0.62575558010868293        3.9101947776732475E-002
  0.62684457145987682        3.1988908536078074E-002
  0.70313536598542847        1.7970343024593889E-002
  0.60711386819807966        4.5846785742042269E-002
  0.59004500111790104       -1.9788785958775273E-003
  0.74647334855613190        3.0912012073850120E-003
  0.77248315222199082       -1.0990283110258188E-003
  0.56781033883311938       -6.3503376515465252E-003
  0.71348024501276064       -6.4708599269172379E-004
  0.71331630763383891       -7.8571204327096563E-004
  0.83600680864485399        9.8326762151727080E-003
  0.35595830300229081        4.4944733756782226E-003
  0.36856907508732356        4.1619556586150374E-005
  0.35761638777237892        1.0181072196445450E-004
  0.36039043886209288        9.7886086240164469E-004
  0.22733630634446059        1.4547404301936036E-003
  0.71016819430204159       -6.6559077245274684E-002
  0.84389839621295937        1.2596067335274474E-002
  0.73239695978204933        7.0879289311199635E-003
  0.71481560117243859        6.6438648602652759E-003
  0.71793860972696089       -5.4175284405365660E-003
  0.82516587757156168        2.9433060817074527E-002
  -1.1816292333991008E-002  0.16996716393424466     
  -7.6669547627995493E-003  0.16878339842997775     
  -6.7679278870609316E-003  0.17779457800968479     
  -1.6302277518196850E-002  0.19331008144297543     
   6.7988024960518256E-002   9.9820059252443555E-003
  0.11722199307909636       -3.7000416006854219E-004
   7.3027678399413154E-002   1.8675346546876515E-002
  0.20499496255885241        1.4043305679535661E-002
   6.6858282425119653E-002   1.3691458398637160E-002
   4.2546705837925747E-002  -3.2657256707119119E-003
  0.15032501986553615        3.4037502207289396E-003
  -6.8318086439569436E-002   3.1281954673396055E-002
  0.14033833608358937        1.2257620280420930E-002
  0.99987314362381896        2.5771873650454365E-003
  0.97972382807604097       -1.3529777179666987E-003
  0.90347584651829405       -1.1808690353571833E-003
  0.96241379038979380        7.4402037411422828E-004
  0.98559201058841417        7.6328347695225137E-004
  0.46854236626039997        2.6846181032148721E-003
  0.69932902400674024        1.0945867007753183E-002
  0.48454970550992382        2.3432810183311586E-003
  0.47247913827582266       -3.2395965922499021E-004
  0.47431712367302004       -4.8797874420135490E-003
  0.30184056375427037       -5.2858658594888007E-004
  0.72529557930439992       -3.0756226850504678E-003
  0.78084488796337270        1.0429660983790989E-003
  0.78208646995744435       -3.9392958123306140E-003
  0.81710650792226891       -2.6960714250803385E-003
  0.76858542623412529       -1.8727780249503010E-003
  0.75984448381367597       -1.1094276968550666E-003
  0.58347184446272859       -6.5629287989389468E-002
  0.76223404791334093        3.7236779886469638E-002
  0.60303828828613004        2.3331244339242788E-002
  0.58416562160323315        5.3890500421188120E-002
  0.58767317013973508       -2.5957776823408510E-002
  0.58616579623060483        1.1119219847883991E-003
  0.69370388484803025        4.7128949035861690E-003
  0.13208263998528103        8.2660410074114427E-002
  0.16868208225260689        5.3228857593158180E-002
  0.13518458248822607        7.3020605151964693E-002
  0.13467055512278664        7.8166746204510071E-002
   2.3369630997901514E-002   9.1071406014058096E-002
  0.14034999451262042        9.4915412526753465E-002
  0.12569266327110873       0.12187381817133008     
  0.13440158082294479        9.4451464532240188E-003
  0.14856532315952442        1.1453759532210719E-003
  0.13377189538378370        3.0972946582373577E-004
  0.13593611970654407        4.0459565148590155E-003
   4.8950031017696960E-002  -2.9440414659286200E-003
  0.68578138048475112        9.1890626038973619E-002
  0.70972007077797683        8.9232693140954458E-002
  0.77516700073363065        7.9305013365230340E-002
  0.65683112082969553       0.10785865931896235     
  0.70589649315544678        9.8507271950027134E-002
  0.72115169105304200        8.8057338305888105E-002
  0.64323653828425575       0.10911163290952455     
  0.90259769091175901       -3.3425157168294802E-003
  0.94337769615730005       -3.8818913480724538E-003
  0.83263845004582149        8.9833006876898162E-003
  0.94712164346835515       -1.3661553311033220E-002
  0.84018327666016135       -8.8073565653271145E-004
  0.84090206581778659        4.9149835120062069E-003
  0.92505921995161966       -2.4785332552559099E-003
  0.85668806148992860        5.4750847723127635E-004
  0.86397786170550983       -4.2505274616567703E-004
  0.89303860006618418       -1.3171948025796579E-003
  0.85487408962495348       -1.8023279581236178E-003
  0.84433707296026728        8.3129325865411764E-004
  0.89745053954338905        1.6411836388117915E-003
  0.45189834110067545       0.13246439172701949     
  0.39730583061293662       0.11013581044319495     
  0.39776614906963470       0.11128465476742398     
  0.40061838038616115       0.11089543821439511     
  0.40134482529841525       0.11116968048219136     
  0.48882017150950430       0.10889889671508828     
  0.38891760291431349       0.12766311865842941     
  0.28697208367750321        8.4916412160106983E-004
  0.33137141144951193       -5.4668864384596884E-005
  0.25336469628568975       -1.3352013552095448E-003
  0.50848219504085823       -4.2244938179285637E-004
  0.27055557137695935       -3.3303824079798957E-003
  0.28225059504558125        2.9710001599958600E-004
  0.35912488009613358        4.4567733278943306E-004
  0.37326543745980034       -2.3710797897497052E-003
  0.96266130689350771        9.8087097748654267E-004
  0.97149387408998900        9.4037645013731136E-004
  0.93833135305007986        1.0679193046887114E-003
  0.93854635387930130       -1.1549248023281166E-003
  0.98338045586337564        1.8992592505824720E-003
  0.89948126100272652        5.5251441139887595E-003
  0.91900762797300706        4.3041167197905104E-003
  0.94812027465303306        1.1148198628110624E-003
  0.94597901148587038       -1.3085628101525500E-003
  0.84777476526806916        6.9246880664974152E-003
  0.90783405103448889        5.5167347462069475E-003
  0.93025395387858467        2.1253009273816455E-003
  0.64817478192102107        8.4135536254450499E-002
  0.71603055213982758        8.2703558476082906E-002
  0.60329214093340755        7.5380639790021020E-002
  0.60637166236398610        5.4533390711802091E-002
  0.60873239180993166        6.4489324284025470E-002
  0.67884764165605349        7.1651545479248444E-002
  0.59347495282682849        9.0258191014254516E-002
  0.16078772039243239       0.22177906897442204     
  0.10792849869504750       0.19590597892690828     
  0.11340603352926371       0.20224077677783442     
  0.11078311324573009       0.19946131417052668     
  0.23047165445027173       0.21899558070053621     
  0.10181193277066503       0.20788173597004292     
  -5.0967316561483456E-002  -2.5845571095877728E-003
  0.62414889511192173        2.4799101011279450E-002
  0.78162974043670097        8.4751966823167141E-004
  0.64437341046775809       -1.8370760649632202E-002
  0.63003951098408062       -1.0370612665447969E-002
  0.63175742313374605       -6.4404368176136234E-003
  0.77637180391510330        2.5476774128805581E-002
  0.94431353658421013        1.9621664489074078E-003
  0.97320989129494895       -8.6461834010806492E-004
  0.98255766936494693       -6.8462720169913715E-004
  0.96786794458429093        3.7369930714168309E-003
  0.96850171110064565        8.6660225717047866E-004
  0.10694726992224862        8.3818313049875796E-003
  0.15710640070278081        2.6070822242617044E-003
  0.11290738235695730        1.8072617873496892E-002
  0.23668165949797659        1.3724598829335260E-002
  0.10628438806890567        1.3313824791760968E-002
   7.7431888752896638E-002   2.0056339037771636E-004
  0.18962173738691740        4.3708906987681489E-003
  -4.0373679055921152E-002   3.5249432613144997E-002
  0.17913591470958518        1.1506305277751162E-002
  0.54029812044490655       -5.3442707312885435E-003
  0.73758391226766051        3.7478703672659777E-002
  0.55753020450395141       -2.1772687804446937E-003
  0.54308807062756814        1.0759656352642602E-003
  0.54524667813783789        4.2652573153633314E-002
  0.69553961667714592       -3.3462569972034603E-002
  0.99322271909415005       -5.4098435224847240E-003
  0.99680229895042038        1.0679439633908623E-003
  0.97324656695045864       -1.1953104522261194E-003
  0.97355266178756483        8.8012785027625573E-004
  0.99989169366846564        8.7154376573935952E-004
