 cosx vtec
  0.55239904331371470       -9.6162401822252549E-004
  0.58461018554769517       -3.1685733285309186E-004
  0.54103867901395963        1.2930267714109428E-003
  0.54599396484921803        7.5567409252068395E-005
  0.54454653830176170        3.9073304018642291E-003
  0.61053795329247740       -7.3190681211835254E-004
  0.61772999832779396       -5.0381838196475351E-004
  0.90353373891901434       -1.2897270245265243E-003
  0.95972616616623507       -1.5853890733796313E-003
  0.97006490757503494        2.7911010227498938E-003
  0.99344337186112430        2.5617719413499748E-004
  0.97260735046395697        1.3981685127904576E-003
  0.94305341523208397       -5.1007868414364495E-003
  0.68388934298876891       -1.4334823602417959E-004
  0.71694568316758511        9.1280395362138908E-005
  0.66912779708920433        2.6484931139093269E-003
  0.77852223420706579        2.4790802105653944E-003
  0.84942615779249098        4.0766235908728171E-004
  0.67624146298168253       -1.5515789069554193E-003
  0.67353676234318827       -3.5281456368758475E-003
  0.73712228093168286       -1.1035258684171378E-003
  0.73553968234230405        4.7901094501673130E-004
  0.47420512145122395        1.5687779507678255E-003
  0.43821773151189419        2.7623175054397550E-003
  0.45749043713053250        4.0197458449612528E-003
  0.53563830990600636       -4.7835043372671920E-004
  0.38438216606280096       -3.4377783499088652E-003
  0.19793640309101440       0.24536648206127828     
  0.19631056993711898       0.18116790074331321     
  0.24818862066358610       0.18711093450550123     
  0.14264678102113815       0.18987606643068172     
  0.29816632757905409       0.21150504713415480     
  0.23272785851197708       0.18739092016021178     
  0.14635616423217029       0.18751340178758585     
  0.72499754804073357        1.7863194930720187E-002
  0.70567943360164276        1.9575283317887330E-002
  0.72652940609481964        3.0287222014354839E-002
  0.76264622879918365        1.6668697761839574E-002
  0.83405195914499342        1.3116161486377044E-002
  0.71142922780692930        2.5127913673000962E-002
  0.79425228560197147        1.0602088710713380E-002
  0.75655213866571192        1.3917213258329682E-002
  0.79958258983814068        1.0555076789434181E-002
  0.62049528984928948       -2.7604670143527199E-003
  0.50401619800504016       -1.1527491207212459E-004
  0.45898685066028522       -1.3811317215394021E-003
  0.41550056005319203        4.4922859168688416E-003
  0.59990309914035866       -1.2436391499969313E-003
  0.73528013276792326        2.0479110461447654E-004
  0.44074605124262611       -4.5297425071958546E-003
  0.67041500560235190        3.3594982712548912E-003
  0.55893615523221452       -1.0845568661108529E-002
  0.49327174359675718        2.4618362171800252E-002
  0.47220873086300991       -3.8686800322529163E-002
  0.63377920208899630        4.1191537438215890E-004
  0.83840346486802619        2.3041674179984772E-003
  0.88076847022341576       -2.7525199677435008E-004
  0.89675064230311996       -1.2724938539822386E-003
  0.95409558186962473       -2.9124891541573404E-003
  0.89971700302598989        1.6272398366837053E-003
  0.86532451657190435       -1.8118724865727565E-004
   8.5372329302139116E-003  0.16537621692818413     
  -7.2370542122339732E-002  0.15934392381651821     
  -8.1671065415894362E-002   2.5444023499378923E-002
  -4.8820456312978433E-002  0.16245428121964881     
   3.8212250884109539E-002  0.15838180996555629     
  -5.1282718023172802E-002  0.16540010551223430     
   4.7691585773519618E-002   5.2849905566731969E-002
  0.12184526248847510        3.8106920053663500E-002
   3.9415713602946434E-002   6.3276848475789002E-002
   3.9597886695682205E-002  0.10519336145341916     
   4.8241721118596814E-002   5.0497807114577992E-002
  0.19852248686659602        5.3512534605510184E-002
  -3.2147285805267767E-002   7.5890816554633062E-002
  -7.1949114374362355E-002   6.5135368128468984E-002
  0.16858519793184973        6.0586009130342254E-002
  -8.1435711626535623E-002   7.1904269094688437E-003
  -8.6918618024712235E-003  -4.0428397746459149E-004
  -3.4857787787407779E-002   8.0264766956408590E-004
  -5.5466470218432651E-002  -4.8977605447199585E-004
  0.24283138514270619       -1.1004490245101013E-003
  0.26981134626334546       -8.3599036980587562E-005
   3.9656885725928848E-002  -7.6881997226430749E-004
  0.24284975291216560       -1.8436084074217239E-004
  0.23257948713913462        8.0550389157429145E-004
  0.32364199188468956        9.8471546486337408E-004
  0.17248855403152316       -6.6271548454806327E-004
  0.59995304795060322        5.8068373183961623E-002
  0.57866267672092453        6.6928927599418278E-002
  0.59887332051696884        7.8420673010781289E-002
  0.63522907659644279        6.1524758571879119E-002
  0.75553813234149048        3.4345231023820519E-002
  0.58411529257388062        6.3733997491919478E-002
  0.68794536393346539        4.5257741978062357E-002
  0.42811893234189469       0.10812904251234406     
  0.62823837237420366        6.0545584113714725E-002
  -8.1043139868760883E-002   3.1601492638171458E-003
   7.8791972720290482E-002   4.4498150413293282E-003
  0.13153784797754209        1.7487307358282290E-002
   7.5654837594054003E-002   4.1352447010887541E-002
  -9.6640381201734182E-002   2.9894771136291815E-002
   7.3084604350227567E-002   4.3363388991551628E-002
   7.4865859888569974E-002  -3.1374722056225199E-002
  0.20273236669413469        9.1331953273705319E-003
  -1.1859509323740025E-002   3.6179897849154104E-002
  -1.3127363340509679E-002   1.7362169594392445E-002
  0.23366860018520774        2.1612762921603676E-002
  0.10322697170330419       0.15621543594884907     
  0.19348939335258936       0.16669204073483934     
   1.7461364079912112E-002  0.15831919765343447     
   4.9452505451651335E-002  0.15216228660618406     
  0.13161545615069103       0.14958327736875440     
   4.7698761079909335E-002  0.15520144799549179     
  0.29527224293073939       -2.0566632077150596E-002
  0.52022189635623017       -1.2701386721718732E-002
  0.38911260523477098       -4.1639714671229781E-003
  0.35032677476372764       -1.2944937963955926E-003
  0.32649175273736342       -5.6288340745692606E-003
  0.47867961207119114       -4.6381131940633384E-003
  0.96477169767915727       -1.8425442309917390E-003
  0.99612252785645861       -6.4994435822044718E-003
  0.99251696709548287       -1.5193500429710259E-003
  0.98024050343057834       -1.0268789279195456E-003
  0.98820750125645007       -2.8028151825057441E-004
  0.54138810186711728        5.2825112062993246E-004
  0.62807158511133021       -2.3291142227196697E-004
  0.46224581078366955       -1.0360885492778609E-003
  0.41332225686793511        2.9107282886670050E-005
  0.48050933550668601       -2.7870839953360914E-003
  0.61263787262613278        1.0504469837238101E-003
  0.43367625622039130        1.2428388263224378E-003
  0.46513507756071093       -2.6804108066335843E-004
  0.42586214935754835        5.3309663252945824E-003
  0.42833953832306704       -1.7674594537552189E-004
  0.42658701251015241        1.4058700887975260E-003
  0.49813271156052119        3.4385848994467221E-003
  0.26182443231496610        7.1561491682741601E-004
  0.30871020893940770       -1.9313477136490538E-003
  0.52459519012882672        4.6256906650562378E-004
  0.16231954193072132        1.7706911728363754E-002
  0.39249306968771658        8.3064049308213578E-004
  0.22489044194612240       -9.0239836387568228E-003
  0.18920922795915263        2.1763725522982606E-002
  0.17703287630154979       -7.8960665841218552E-003
  0.14096735174062860        8.2147199687336817E-002
  -8.6673705122785938E-002  0.16523917677199620     
  0.49629093412108977       0.14616974875789149     
  0.50790365941941307       0.13480062142992202     
  0.54361618784725840       0.13244874296649659     
  0.64056761254630756       0.12622566330818735     
  0.55349489272150376       0.13218300977472652     
  0.54657648699586492       0.13403129489593524     
  0.43028605229995642       0.16718654530471480     
  0.71170224258060610        4.4968026919053892E-003
  0.75817243191230399        4.2981282663374643E-003
  0.77525061631568437        1.4764253058574511E-003
  0.79921513390869514        7.5457911314361602E-003
  0.73457614917606906        8.4268154823119001E-004
  0.79078158953179856        4.5253359407055623E-004
  0.82516845970471320        9.6129781111855802E-004
  0.77181586390628665       -3.0777218663015225E-003
  0.86172553422999010        1.1174027867113141E-003
  0.90185924689412000        4.3087592295885479E-004
  0.78138181300289833       -2.2641791912794453E-003
  0.77627920914545845       -1.7650548315984085E-003
  0.84185127584178221        8.1385757764911872E-004
  0.83758329071783866       -4.3943034735775886E-004
   1.2838841302147852E-002  0.13828575727672404     
  -9.9444598322959432E-003  0.13496985917050677     
  -5.2288509227730873E-003  0.13312764346030101     
  -6.7916853841290759E-002  0.13731931094613789     
   8.4107042741664972E-002  0.14286392655987321     
  0.30709460341929928       -6.3980360992366920E-003
  0.55150202377046265       -2.4152062409891399E-004
  0.42317096686259315       -1.6801410417189593E-004
  0.38409595792483942        3.3360350109583664E-003
  0.35171889833205550        4.1850298004085691E-003
   4.9555018733256628E-003   8.7806748522432240E-002
   1.3555525942314350E-002   6.2451256859090268E-002
  0.79335361424427464        1.8039901042231622E-002
  0.82885339595886065        9.4478455624341824E-003
  0.86262836825153166        7.0401137222157381E-004
  0.82385266669971913        6.7728585436055448E-003
  0.83032535618776604        1.3401480297468547E-003
  0.85903992361968762       -2.2287743463634928E-003
  0.92716360289299959        4.6502114942599477E-003
  0.92710782882943787       -5.4593737072498264E-003
  0.81888857982403529       -2.8915610890522516E-003
  0.81621953611649700       -3.4230545147837048E-003
  0.87836710070351365       -3.1479813156236563E-003
  0.89118268967317205        1.0378312096303243E-003
  0.23606065682536104        7.8589178373334942E-004
  0.27099174378851471        8.1466062100912489E-003
  0.23550523695857417       -1.6584863994053397E-002
   2.0959802648581050E-002  -1.3931294641972591E-003
  0.23205549101064227        5.5444735493517883E-003
  0.22923381189107184        9.1762047814772235E-003
  0.32063331558210401       -1.2828109273727184E-002
  0.10249075807311264        3.2156347579018912E-003
  0.15027164912960284       -1.6253284049114482E-003
  0.38972973122294807        7.0115968919918338E-003
  0.40561585626491425       0.15502508079457533     
  0.41746902653115547       0.15193625256534618     
  0.45511354613154992       0.14234849483706394     
  0.60523321404542796       0.14808115052818685     
  0.46214718999283572       0.15622842766649297     
  0.46802252477107181       0.16013105653987095     
  -2.5278002638544447E-002  0.27819200677065820     
  -1.3252510768501258E-002  0.14745223535839036     
  0.50677433884806378       -9.8763709137592026E-004
  0.42781801154152205       -4.1869643802628563E-004
  0.38167384279682925        2.6979917087478181E-003
  0.44630532598805467       -2.0610140261236542E-002
  0.58451389379015106        1.2452667861203354E-003
  0.60551984137548920        1.2527483998860428E-003
  0.59968629423717745       -1.7301745083221845E-004
  0.59521804164357150       -3.1242440398636237E-003
  0.65742653138405671       -1.7347450135841900E-003
  0.48479735741256769        2.6230552523900720E-003
  0.51900102088859834        1.8930705919911962E-002
  0.58676932736571685        1.1916057871492762E-002
  0.38935556891625089        2.6299998063288428E-002
  0.59538645288191772        3.0246794274645942E-002
  0.38179759183288459        1.8192433725313806E-002
  0.43428288805212295        2.2596442649661611E-002
  0.53859145103336903        3.6811161512725413E-002
  0.41770691984723141        1.8706940296745276E-002
  0.25190212108536486        4.3737613825485785E-002
  0.39633358981754130        5.4220707082015401E-002
  0.15463118180411844        2.2100578287264510E-002
  0.37213439375811530        3.8172727753038857E-002
  0.14036910974524947        3.4166946097695702E-002
  0.15565015027226675        3.9101947776732475E-002
  0.17028288590753443        3.1988908536078074E-002
  0.26731201850470726        1.7970343024593889E-002
  0.15551411957621025        4.5846785742042269E-002
  0.91439743324870804       -1.9788785958775273E-003
  0.97010961932657558        3.0912012073850120E-003
  0.98516534297805058       -1.0990283110258188E-003
  0.89740496973183015       -6.3503376515465252E-003
  0.96782145342302817       -6.4708599269172379E-004
  0.96261072987414464       -7.8571204327096563E-004
  0.98443610241047497        9.8326762151727080E-003
  -1.4260535722650930E-002   4.4944733756782226E-003
   7.9807713967092908E-002   4.1619556586150374E-005
   5.2938206555324746E-002   1.0181072196445450E-004
   2.5608646189773765E-002   9.7886086240164469E-004
  -8.0436099303300479E-002   1.4547404301936036E-003
  0.29207468074500653       -6.6559077245274684E-002
  0.50429966000380810        1.2596067335274474E-002
  0.37281554011195273        7.0879289311199635E-003
  0.33210530752079825        6.6438648602652759E-003
  0.31477427758163945       -5.4175284405365660E-003
  0.45301969285041505        2.9433060817074527E-002
  0.53788311880453188        9.9820059252443555E-003
  0.58735220360794482       -3.7000416006854219E-004
  0.52517360772078525        1.8675346546876515E-002
  0.62093427432023063        1.4043305679535661E-002
  0.52960369240926330        1.3691458398637160E-002
  0.53127090190826864       -3.2657256707119119E-003
  0.60654966878720085        3.4037502207289396E-003
  0.39729124822923223        3.1281954673396055E-002
  0.58385412863412567        1.2257620280420930E-002
  0.86303938947462167        2.5771873650454365E-003
  0.81972337813613716       -1.3529777179666987E-003
  0.71159301500979466       -1.1808690353571833E-003
  0.89848859479126275        7.4402037411422828E-004
  0.79665402776502581        7.6328347695225137E-004
   6.9467229255507051E-002   2.6846181032148721E-003
  0.38428474847158578        1.0945867007753183E-002
  0.15100029240799120        2.3432810183311586E-003
  0.12252098744675544       -3.2395965922499021E-004
   9.9557884946020192E-002  -4.8797874420135490E-003
  -5.6019061594995839E-002  -5.2858658594888007E-004
  0.96698265352438451       -3.0756226850504678E-003
  0.90061699708421339        1.0429660983790989E-003
  0.94080227007284867       -3.9392958123306140E-003
  0.96523616305672555       -2.6960714250803385E-003
  0.96434100478841556       -1.8727780249503010E-003
  0.94155702163668065       -1.1094276968550666E-003
  0.10977974772617263       -6.5629287989389468E-002
  0.34914807816492294        3.7236779886469638E-002
  0.16496983380788316        2.3331244339242788E-002
  0.12688555928985945        5.3890500421188120E-002
  0.11950643317466972       -2.5957776823408510E-002
  0.10340201413849914        1.1119219847883991E-003
  0.24493835165942912        4.7128949035861690E-003
  0.49498378603274817        9.1890626038973619E-002
  0.53831133835448708        8.9232693140954458E-002
  0.59294817491113105        7.9305013365230340E-002
  0.42683979835721370       0.10785865931896235     
  0.57909618536325669        9.8507271950027134E-002
  0.51998147225310187        8.8057338305888105E-002
  0.42817356379351790       0.10911163290952455     
  0.60040248606011437       -3.3425157168294802E-003
  0.68057849507862223       -3.8818913480724538E-003
  0.44562913018602524        8.9833006876898162E-003
  0.66167677992416540       -1.3661553311033220E-002
  0.45654092976832772       -8.8073565653271145E-004
  0.47689170839250672        4.9149835120062069E-003
  0.61758218434108847       -2.4785332552559099E-003
  0.90244946788015135        5.4750847723127635E-004
  0.94337055017058735       -4.2505274616567703E-004
  0.96228724529166321       -1.3171948025796579E-003
  0.97768543293349552       -1.8023279581236178E-003
  0.94970568069717376        8.3129325865411764E-004
  0.93702106533209151        1.6411836388117915E-003
  -7.3610996278096197E-003  0.13246439172701949     
  -9.6981737394830680E-002  0.11013581044319495     
  -9.8056547307921238E-002  0.11089543821439511     
  -8.2292700732234381E-002  0.11116968048219136     
   1.5564847469724141E-002  0.10889889671508828     
  -8.8480089403881079E-002  0.12766311865842941     
  0.72177208088661071        8.4916412160106983E-004
  0.74918815175471709       -5.4668864384596884E-005
  0.70212006291034768       -1.3352013552095448E-003
  0.86629597244624923       -4.2244938179285637E-004
  0.71378244415402081       -3.3303824079798957E-003
  0.71110022199900658        2.9710001599958600E-004
  0.77110359288730757        4.4567733278943306E-004
  0.78648910640795822       -2.3710797897497052E-003
  0.96283423969857407        9.8087097748654267E-004
  0.95922136806126956        9.4037645013731136E-004
  0.98301760924652937        1.0679193046887114E-003
  0.98040751066417098       -1.1549248023281166E-003
  0.94005425155608469        1.8992592505824720E-003
  0.75245372025618018        5.5251441139887595E-003
  0.79635531628606637        4.3041167197905104E-003
  0.81416691714571043        1.1148198628110624E-003
  0.93094581266368515       -1.3085628101525500E-003
  0.61854439043969878        6.9246880664974152E-003
  0.82775763962061888        5.5167347462069475E-003
  0.77630485805893912        2.1253009273816455E-003
  0.24367404050727443        8.4135536254450499E-002
  0.35186534132565733        8.2703558476082906E-002
  0.15276460881703410        7.5380639790021020E-002
  0.14810908811137091        5.4533390711802091E-002
  0.17608554460603718        6.4489324284025470E-002
  0.26383099130635201        7.1651545479248444E-002
  0.16768684597112560        9.0258191014254516E-002
  0.33571635175371328       -8.5020807505557317E-004
  0.33363705258939524       -1.5506346889086720E-004
  0.32641724627998625       -5.1013352026934482E-003
  0.40560906618555004       -2.5845571095877728E-003
  0.25732231967381680        4.6924016013175840E-003
  0.21302747872732980        2.4799101011279450E-002
  0.45110256473012578        8.4751966823167141E-004
  0.29589172855400037       -1.8370760649632202E-002
  0.26218439869301779       -1.0370612665447969E-002
  0.24057253813885143       -6.4404368176136234E-003
  0.40202975626422466        2.5476774128805581E-002
  0.70745080195642185        1.9621664489074078E-003
  0.77196954747808033       -8.6461834010806492E-004
  0.76377555583393386       -6.8462720169913715E-004
  0.85303824551812402        3.7369930714168309E-003
  0.72791226994300118        8.6660225717047866E-004
  0.56766360135804439        8.3818313049875796E-003
  0.61764068316228393        2.6070822242617044E-003
  0.55448424787065698        1.8072617873496892E-002
  0.64286486364544460        1.3724598829335260E-002
  0.55913187718172197        1.3313824791760968E-002
  0.56012817699738304        2.0056339037771636E-004
  0.63481871061847173        4.3708906987681489E-003
  0.41746648991285618        3.5249432613144997E-002
  0.61143587212208861        1.1506305277751162E-002
   9.5004416384877388E-002  -5.3442707312885435E-003
  0.35991090027362610        3.7478703672659777E-002
  0.15835682554602096       -2.1772687804446937E-003
  0.12682049694311165        1.0759656352642602E-003
  0.11195020480512827        4.2652573153633314E-002
  0.27108571092883871       -3.3462569972034603E-002
  0.90653214327835463       -5.4098435224847240E-003
  0.89484948137793319        1.0679439633908623E-003
  0.94820412490049821       -1.1953104522261194E-003
  0.94651390638264321        8.8012785027625573E-004
  0.87115329838353617        8.7154376573935952E-004
