 cosx vtec
  0.72476846977916043       -9.6162401822252549E-004
  0.69479930186576477       -3.1685733285309186E-004
  0.72638532792059063        1.2930267714109428E-003
  0.72979120125411368        7.5567409252068395E-005
  0.72624140253021940        3.9073304018642291E-003
  0.67333984046187556       -7.3190681211835254E-004
  0.66371519397439172       -5.0381838196475351E-004
  0.59823252395562898       -1.4334823602417959E-004
  0.56203978789747699        9.1280395362138908E-005
  0.59316770160763599        2.6484931139093269E-003
  0.44810396891884235        2.4790802105653944E-003
  0.36825477307976295        4.0766235908728171E-004
  0.60145183747000375       -1.5515789069554193E-003
  0.60953351995746274       -3.5281456368758475E-003
  0.53640893168495951       -1.1035258684171378E-003
  0.52725855147160827        4.7901094501673130E-004
  0.19535324888757943       0.10729922832570163     
  0.18735336034792827       0.12261495911962182     
  0.11260665840790210       0.10407521999405821     
  0.20453359746989092        7.9455081797138630E-002
  0.15627546923793498       0.11227182130513493     
   1.8742046461800915E-002  0.23299099210043162     
   5.0385651224681582E-002  0.23848472930534723     
  -7.6388228797883512E-002  0.24387617783107565     
   2.8688943612389967E-002  0.23595003965126718     
  0.44996914588928150        1.5687779507678255E-003
  0.24423776953768564        2.7623175054397550E-003
  0.38690629662268167        4.0197458449612528E-003
  0.35585387058494988       -4.7835043372671920E-004
  0.39900407538840699       -3.4377783499088652E-003
  0.39899498383478288        1.7863194930720187E-002
  0.30829893355436205        1.9575283317887330E-002
  0.15609533203209647        3.0287222014354839E-002
  0.21471192809541859        1.6668697761839574E-002
  0.14799901033881740        1.3116161486377044E-002
  0.35240101939658652        2.5127913673000962E-002
  0.27886640200043039        1.0602088710713380E-002
  0.25669847919379957        1.3917213258329682E-002
   4.3796119717224274E-002   1.0555076789434181E-002
  0.17707023748548370       0.18163321329719903     
  0.15028947283353469       0.18364688198242726     
   8.3970981191871658E-002  0.17466758563093754     
  0.12703211940016323       0.17416515867053778     
  0.44619349865624619       0.15282663361311893     
  0.42847765747564021       0.18282056158905738     
  0.43378803652296982       0.16106935157295429     
  0.36929878555840456       0.15907872351079722     
  0.53327205966074476       0.19583999216562853     
  0.46434208987164782       0.15789407856856472     
  0.41461579132003673       0.15939434382024795     
  0.96290149732047481        5.2849905566731969E-002
  0.95399756907724065        3.8106920053663500E-002
  0.94294563425399236        6.3276848475789002E-002
  0.99566023721165653        7.0919116972806243E-002
  0.95685902232288467       0.10519336145341916     
  0.97320563355204137        5.0497807114577992E-002
  0.98107528659297116       0.10388572255787835     
  0.92366073373625868        5.3512534605510184E-002
  0.96219687596426229        7.5890816554633062E-002
  0.99375798253790282        6.5135368128468984E-002
  0.89781904034408144        6.0586009130342254E-002
  0.78885893662301276       -1.1004490245101013E-003
  0.75168575748167332       -8.3599036980587562E-005
  0.82812439895219192       -7.6881997226430749E-004
  0.82547261048953091       -1.8436084074217239E-004
  0.76464710852309270        8.0550389157429145E-004
  0.73951657974516327        9.8471546486337408E-004
  0.76779048238488468       -6.6271548454806327E-004
  0.46660765446517416        5.8068373183961623E-002
  0.36715463899951239        6.6928927599418278E-002
  0.23415651471539844        7.8420673010781289E-002
  0.28366063376342726        6.1524758571879119E-002
  0.18056142508331888        3.4345231023820519E-002
  0.40951742228653387        6.3733997491919478E-002
  0.35601130752001564        4.5257741978062357E-002
  0.48693601581303297       0.10812904251234406     
  0.32619835857726764        6.0545584113714725E-002
  0.60228380585083396        9.8655685494388690E-002
  0.59414029787756240       0.13308650335389738     
  0.68673433960360653        5.5964969898950119E-002
  0.59563299676960368       0.10687066290385225     
  0.52437530668899446       0.10745699758102502     
  0.68209308419747960       0.13555866064375602     
  0.60649169548630155        9.3728464902475037E-002
  0.57615277123993824       0.10544067617861003     
  0.96780673319059607        4.4498150413293282E-003
  0.94955969723138522        1.7487307358282290E-002
  0.96338269800968912        4.1352447010887541E-002
  0.99382397575971315        2.9894771136291815E-002
  0.96925194667539871        4.3363388991551628E-002
  0.96484945931412003       -3.1374722056225199E-002
  0.99885020898712662        4.4487769866509388E-002
  0.92783204240709849        9.1331953273705319E-003
  0.98446099591362957        3.6179897849154104E-002
  0.97434148047019598        1.7362169594392445E-002
  0.90616802415478548        2.1612762921603676E-002
  0.42749476155335681        3.9713315750270527E-003
  0.29060153013923562        1.5067994553094507E-004
  0.44790749712005140       -6.6718014027117778E-004
  0.33940949778303492        4.4953568808341338E-003
  0.40728282367820817       -1.1062818537919612E-003
  0.40432713998603453       -4.5443046438902509E-003
  -3.0800581692487811E-002   6.7539068959038440E-002
  -5.9481550614467887E-002   5.8772998018942098E-002
   2.0971150439413583E-002  -1.8425442309917390E-003
  -8.8370356235692671E-002  -6.4994435822044718E-003
  -2.1826415123141901E-002  -1.0268789279195456E-003
  -2.1789569367654554E-002  -2.8028151825057441E-004
  0.80412604100584384        1.2428388263224378E-003
  0.77574383560253168       -2.6804108066335843E-004
  0.81648499712669620        5.3309663252945824E-003
  0.81261755342980191       -1.7674594537552189E-004
  0.79830675947921581        1.4058700887975260E-003
  0.75725545247217796        3.4385848994467221E-003
  0.90356655322621315        7.1561491682741601E-004
  0.83732572343265677       -1.9313477136490538E-003
  0.74732278252016959        4.6256906650562378E-004
  0.41029099315243639       0.26215514191980205     
  0.37445629232977939       0.25579646739042927     
  0.41827984198170026       0.25371490527562868     
  -4.0456287002974364E-002  0.14616974875789149     
  -9.9950005686954627E-002  0.13218300977472652     
  0.46219778017240420        4.5253359407055623E-004
  0.41286651908946825        9.6129781111855802E-004
  0.45408567245598852       -3.0777218663015225E-003
  0.31099780398115606        1.1174027867113141E-003
  0.26107600787647356        4.3087592295885479E-004
  0.46629759059758547       -2.2641791912794453E-003
  0.48371536190963926       -1.7650548315984085E-003
  0.38222021175225063        8.1385757764911872E-004
  0.37356724013283982       -4.3943034735775886E-004
  0.83312432446670603       0.13828575727672404     
  0.77352506595042270       0.13496985917050677     
  0.76419736019193307       0.17457448895407282     
  0.80052625153811663       0.13312764346030101     
  0.79304004679621065       0.13731931094613789     
  0.74186565333233045       0.14286392655987321     
  0.38278612895932373        1.3401480297468547E-003
  0.31563959729403013       -2.2287743463634928E-003
  0.20717669960805371        4.6502114942599477E-003
  0.18299213148038335       -5.4593737072498264E-003
  0.41852142648388357       -2.8915610890522516E-003
  0.37269515894002991       -3.4230545147837048E-003
  0.29041724556612075       -3.1479813156236563E-003
  0.28850003360724141        1.0378312096303243E-003
  0.89553674081328227        7.8589178373334942E-004
  0.86921021317982461        8.1466062100912489E-003
  0.91592339117271193       -1.6584863994053397E-002
  0.94581884034235331       -1.3931294641972591E-003
  0.90602557639915693        5.5444735493517883E-003
  0.88505044511533326        9.1762047814772235E-003
  0.85239816317341965       -1.2828109273727184E-002
  0.96025884479827550        3.2156347579018912E-003
  0.89676257733503784       -1.6253284049114482E-003
  0.83908402541990323        7.0115968919918338E-003
   7.2723235467100716E-002  0.15502508079457533     
  -3.5912031756324125E-002  0.15193625256534618     
  -1.4925552884166471E-002  0.14234849483706394     
   2.7192010219199494E-002  0.15622842766649297     
  0.10175133178059170       0.24981006337795672     
  -1.6095886223090088E-002  0.23712981313967793     
  -4.5980201326208305E-003  0.27819200677065820     
   7.1961826144139998E-002  0.24906902391523478     
  0.14511241987603077       0.25112652606919900     
  -6.4602798407670678E-002  0.25379079357669648     
  -2.2382214726808691E-002  0.23963081729763375     
  0.94707345564808076       0.12439328161424504     
  0.90663209331323324       0.12268714835724899     
  0.94783126282828956       0.13250280893800487     
  0.88530107705584082       0.14929554268333578     
  0.92832981557282801       0.12294461422415401     
  0.91780449543249287       0.13888483793408246     
  0.91644989700113433       0.16177407630208820     
  0.86650364096625865       0.14745223535839036     
  -9.2355637209341007E-002  -2.0610140261236542E-002
  -6.7037510233870057E-002  0.24713170551468802     
  0.56523723812800197        1.2527483998860428E-003
  0.61374380504152537       -1.7301745083221845E-004
  0.53981236419250422       -3.1242440398636237E-003
  0.50016686944352728       -1.7347450135841900E-003
  0.58046717739450648        2.6230552523900720E-003
  0.23877629133632500       -1.9788785958775273E-003
   1.6028617496001041E-002   3.0912012073850120E-003
  -1.2133988304840554E-002  -1.0990283110258188E-003
  0.25653606299566034       -6.3503376515465252E-003
   7.7506670353908277E-002  -6.4708599269172379E-004
   6.9846272932457348E-002  -7.8571204327096563E-004
  0.69017442029851828        9.9820059252443555E-003
  0.66899346565834161       -3.7000416006854219E-004
  0.66077614191790501        1.8675346546876515E-002
  0.54756518309549174        1.4043305679535661E-002
  0.67971476246638773        1.3691458398637160E-002
  0.73015353201456568       -3.2657256707119119E-003
  0.63320545375179926        3.4037502207289396E-003
  0.74324581624747188        3.1281954673396055E-002
  0.61810379820164252        1.2257620280420930E-002
   5.2949889608859393E-002  -3.0756226850504678E-003
  -9.9016996827731907E-002  -3.9392958123306140E-003
  -3.6361701628521259E-002  -1.8727780249503010E-003
  -5.4052491122558277E-002  -1.1094276968550666E-003
  0.69822069445292756        9.8461162684642806E-002
  0.68416364655192830       0.13174878465105111     
  0.77037141727359482        7.6485740926834231E-002
  0.69035843035325051       0.10454917800673171     
  0.61193413231477911       0.11754210326410783     
  0.74986001828199000       0.11888509311478077     
  0.70366622616635821        9.7090992999645923E-002
  0.67250673369947500       0.10509869906497141     
  0.49075555741773141       0.24900590984499346     
  0.58349947893512055       0.22365486852961142     
  0.30362948062048845       0.31946926041257023     
  0.45004007989340489       0.23657501750403848     
  0.57793586099192740       0.27576256098499924     
  0.48533199655083931       0.24673764574183799     
  0.49131803553615749       0.23544226493101264     
  0.22543966747613947       0.16105346369551943     
  0.33241021208368127       0.27503329833987039     
  0.47613333888355253       0.28070750620823104     
  0.94291948043355933       0.13561832585111258     
  0.89505828748931260       0.14488049082489490     
  0.91871012339664604       0.14099650179983431     
  0.86629255270521721       0.14005128467219471     
  0.91936604864242688       0.12712883641484735     
  0.89215400385604227       0.14563795754615758     
  0.89899424024536445       0.14434854905661090     
  0.54059425032764108        8.4916412160106983E-004
  0.49514850304263403       -5.4668864384596884E-005
  0.57667924343554655       -1.3352013552095448E-003
  0.32572794572749952       -4.2244938179285637E-004
  0.56068763373106956       -3.3303824079798957E-003
  0.53354353211592165        2.9710001599958600E-004
  0.47406124386797177        4.4567733278943306E-004
  0.46978175619240115       -2.3710797897497052E-003
  0.77146486560145500       -8.5020807505557317E-004
  0.80211378441786829       -1.5506346889086720E-004
  0.75055037315263329       -5.1013352026934482E-003
  0.72181510746111155       -2.5845571095877728E-003
  0.76016295147768553        4.6924016013175840E-003
  0.65906603269088637        8.3818313049875796E-003
  0.63684115988605539        2.6070822242617044E-003
  0.62713496379213951        1.8072617873496892E-002
  0.51875418512478411        1.3724598829335260E-002
  0.64730029625516561        1.3313824791760968E-002
  0.70565504413024449        2.0056339037771636E-004
  0.59911671362865693        4.3708906987681489E-003
  0.71911634116130996        3.5249432613144997E-002
  0.58394516768233184        1.1506305277751162E-002
