 cosx vtec
  0.97202639312543515       -9.6162401822252549E-004
  0.95978417140173355       -3.1685733285309186E-004
  0.96780137292938861        1.2930267714109428E-003
  0.97356708414547377        7.5567409252068395E-005
  0.96944502781342745        3.9073304018642291E-003
  0.95247166434957942       -7.3190681211835254E-004
  0.94693943045371576       -5.0381838196475351E-004
   5.6995397689946992E-002  -1.2897270245265243E-003
  0.14866726218542181       -1.5853890733796313E-003
  0.12527796077300368        2.7911010227498938E-003
  0.24998957777617020        2.5617719413499748E-004
  0.22196541120216795        1.3981685127904576E-003
   5.7103573704205879E-002  -5.1007868414364495E-003
  0.91804657338719731       -1.4334823602417959E-004
  0.90029501019076741        9.1280395362138908E-005
  0.90571914252794861        2.6484931139093269E-003
  0.82284195015398542        2.4790802105653944E-003
  0.78264959934779887        4.0766235908728171E-004
  0.91723547608058453       -1.5515789069554193E-003
  0.92357371536836452       -3.5281456368758475E-003
  0.88608225883318403       -1.1035258684171378E-003
  0.87654756108469067        4.7901094501673130E-004
  0.67011582874738629        1.5687779507678255E-003
  0.45553795281061815        2.7623175054397550E-003
  0.60145568916344061        4.0197458449612528E-003
  0.61150252466212074       -4.7835043372671920E-004
  0.57588121229696188       -3.4377783499088652E-003
  0.74880750472160962        1.7863194930720187E-002
  0.65245827491181330        1.9575283317887330E-002
  0.51781309447164148        3.0287222014354839E-002
  0.59208139269375659        1.6668697761839574E-002
  0.56467830678450692        1.3116161486377044E-002
  0.69745924343505328        2.5127913673000962E-002
  0.66934369661451598        1.0602088710713380E-002
  0.62905044354090123        1.3917213258329682E-002
  0.44774850569830260        1.0555076789434181E-002
  -6.1201832342014817E-002   2.3041674179984772E-003
  -6.2249636075726866E-003  -2.7525199677435008E-004
  -2.4830430065009679E-002  -1.2724938539822386E-003
  0.12905529639654001       -2.9124891541573404E-003
   5.9857893733531176E-002   1.6272398366837053E-003
  -6.9892422635668028E-002  -1.8118724865727565E-004
  -4.3970551145574466E-002  0.15282663361311893     
  -7.6644936759791227E-002  0.18282056158905738     
  -6.3218229959743244E-002  0.16106935157295429     
   4.1118852149198803E-002  0.19583999216562853     
  -9.9616120996594004E-003  0.15789407856856472     
  -8.2105602179742998E-002  0.15939434382024795     
  0.94300358762753766        5.2849905566731969E-002
  0.97215636763106972        3.8106920053663500E-002
  0.91976015375654763        6.3276848475789002E-002
  0.87616587534396961        7.0919116972806243E-002
  0.93312864611599267       0.10519336145341916     
  0.95311499123346133        5.0497807114577992E-002
  0.82412822282272480       0.10388572255787835     
  0.98213934405469649        5.3512534605510184E-002
  0.90179598693865581        7.5890816554633062E-002
  0.91170332630007778        6.5135368128468984E-002
  0.94228192624807461        6.0586009130342254E-002
  0.87600918163295427       -1.1004490245101013E-003
  0.85423703191155753       -8.3599036980587562E-005
  0.81032145022628865       -7.6881997226430749E-004
  0.91095486890277111       -1.8436084074217239E-004
  0.84770149846597553        8.0550389157429145E-004
  0.86995587339469604        9.8471546486337408E-004
  0.82019190362134331       -6.6271548454806327E-004
  0.74983600681438012        5.8068373183961623E-002
  0.64412963685434999        6.6928927599418278E-002
  0.52748551418778233        7.8420673010781289E-002
  0.59318009751963130        6.1524758571879119E-002
  0.55588648603459512        3.4345231023820519E-002
  0.68732010075230277        6.3733997491919478E-002
  0.68898106977268303        4.5257741978062357E-002
  0.68199063399636128       0.10812904251234406     
  0.63021984929727026        6.0545584113714725E-002
  0.16256580639890733        9.8655685494388690E-002
  0.12466929924991305       0.13308650335389738     
  0.31142825806779240        5.5964969898950119E-002
  0.14481658680150122       0.10687066290385225     
   7.4875400762213495E-002  0.10745699758102502     
  0.23834061063186068       0.13555866064375602     
  0.18325706453348201        9.3728464902475037E-002
  0.12474189508748851       0.10544067617861003     
  0.96347419012250191        4.4498150413293282E-003
  0.97284285430160311        1.7487307358282290E-002
  0.95766005949724708        4.1352447010887541E-002
  0.89923021116816559        2.9894771136291815E-002
  0.96195548984689094        4.3363388991551628E-002
  0.95865905238088533       -3.1374722056225199E-002
  0.84240982538003306        4.4487769866509388E-002
  0.98825697262288204        9.1331953273705319E-003
  0.93334053779275106        3.6179897849154104E-002
  0.92304090196432076        1.7362169594392445E-002
  0.98329214448135671        2.1612762921603676E-002
  0.14444793794056685        3.9713315750270527E-003
   6.2104737829045575E-002   1.5067994553094507E-004
  0.22057513200024528       -6.6718014027117778E-004
   5.5600661161841924E-002   4.4953568808341338E-003
  0.15113439092519318       -1.1062818537919612E-003
   9.1070872825198768E-002  -4.5443046438902509E-003
  0.50983788393087714       -1.8425442309917390E-003
  0.42142266457996708       -6.4994435822044718E-003
  0.40050035425292646       -1.5193500429710259E-003
  0.47685464009237155       -1.0268789279195456E-003
  0.48093474884512494       -2.8028151825057441E-004
  0.11810988957003410        5.2825112062993246E-004
  -1.6352888481704408E-002  -2.3291142227196697E-004
  -4.9396942846121950E-002  -1.0360885492778609E-003
  0.14779093112503594       -2.7870839953360914E-003
  0.13724658651418009        1.0504469837238101E-003
  0.98747136707791805        1.2428388263224378E-003
  0.97636144404749725       -2.6804108066335843E-004
  0.99529681983607721        5.3309663252945824E-003
  0.99286435131883144       -1.7674594537552189E-004
  0.97831936967466171        1.4058700887975260E-003
  0.97547337223716668        3.4385848994467221E-003
  0.99510494085626977        7.1561491682741601E-004
  0.95570320886161542       -1.9313477136490538E-003
  0.97943108161285286        4.6256906650562378E-004
  0.19723845778710417       0.26215514191980205     
  0.11507218925693075       0.25579646739042927     
  0.17224486248076909       0.25371490527562868     
  0.21337057882437305       0.14616974875789149     
  0.10288063569654732       0.13480062142992202     
  0.14054890555946717       0.13244874296649659     
  0.12125007928431120       0.12622566330818735     
  0.18564554391220747       0.13218300977472652     
   7.0745250618875100E-002  0.13403129489593524     
   3.0106414707409962E-002  0.16718654530471480     
  0.84251434664083102        4.5253359407055623E-004
  0.81290167632268939        9.6129781111855802E-004
  0.82514471180529392       -3.0777218663015225E-003
  0.73426019146112709        1.1174027867113141E-003
  0.70700178767040667        4.3087592295885479E-004
  0.84165394852060016       -2.2641791912794453E-003
  0.85568313285425246       -1.7650548315984085E-003
  0.79212939762256074        8.1385757764911872E-004
  0.78170591511890997       -4.3943034735775886E-004
  0.80147644527010486       0.13828575727672404     
  0.73304010797399677       0.13496985917050677     
  0.64767898808177682       0.17457448895407282     
  0.76119851739971645       0.13312764346030101     
  0.72222772954566694       0.13731931094613789     
  0.75058224834108334       0.14286392655987321     
  0.10964016129284110        1.8039901042231622E-002
  0.15561380040399936        9.4478455624341824E-003
  0.13930403511902395        7.0401137222157381E-004
   9.1336046585053732E-002   6.7728585436055448E-003
  0.78681752657848891        1.3401480297468547E-003
  0.73732581889437654       -2.2287743463634928E-003
  0.66841902391527297        4.6502114942599477E-003
  0.64531405987997581       -5.4593737072498264E-003
  0.81510914758588948       -2.8915610890522516E-003
  0.77002712206989632       -3.4230545147837048E-003
  0.72307159579107949       -3.1479813156236563E-003
  0.72774885865722261        1.0378312096303243E-003
  0.97436237079987698        7.8589178373334942E-004
  0.96697686822651763        8.1466062100912489E-003
  0.99353309250255051       -1.6584863994053397E-002
  0.91313142327248564       -1.3931294641972591E-003
  0.98233722539254698        5.5444735493517883E-003
  0.96089038356683254        9.1762047814772235E-003
  0.97613868386624170       -1.2828109273727184E-002
  0.96830426775856115        3.2156347579018912E-003
  0.93197582823645531       -1.6253284049114482E-003
  0.99851565202038550        7.0115968919918338E-003
  0.27532827936936888       0.15502508079457533     
  0.17768772416777129       0.15193625256534618     
  0.21682541379691289       0.14234849483706394     
  0.19109403449258944       0.14808115052818685     
  0.26058460029813318       0.15622842766649297     
  0.13285065260163481       0.16013105653987095     
   4.0060617357659180E-002  0.24981006337795672     
  -6.7722872572412274E-002  0.23712981313967793     
  -1.7221358558481132E-002  0.27819200677065820     
  -4.9488820770451261E-002  0.24906902391523478     
   3.7504165307801166E-002  0.25112652606919900     
  0.81772025459631426       0.12439328161424504     
  0.77079081472973721       0.12268714835724899     
  0.73261967814837514       0.13250280893800487     
  0.67793881169432191       0.14929554268333578     
  0.79240292583446648       0.12294461422415401     
  0.69731597233435982       0.13888483793408246     
  0.74950331648770208       0.16177407630208820     
  0.82007969197073471       0.14745223535839036     
  0.11544947837592645       -9.8763709137592026E-004
  -5.0014959300942630E-002  -4.1869643802628563E-004
  0.13847043499496089       -2.0610140261236542E-002
  0.14163580667607514        1.2452667861203354E-003
  0.84677359733825985        1.2527483998860428E-003
  0.89009625614596843       -1.7301745083221845E-004
  0.81728310351032907       -3.1242440398636237E-003
  0.81103789097756851       -1.7347450135841900E-003
  0.80001342304286682        2.6230552523900720E-003
  0.69208944961961771       -1.9788785958775273E-003
  0.50783190772669129        3.0912012073850120E-003
  0.48860345296569085       -1.0990283110258188E-003
  0.70040832673433784       -6.3503376515465252E-003
  0.56533185191053481       -6.4708599269172379E-004
  0.55537683184447229       -7.8571204327096563E-004
  0.36778170864852133        9.8326762151727080E-003
  0.93164720634609022        9.9820059252443555E-003
  0.93655268767445787       -3.7000416006854219E-004
  0.89714290691381282        1.8675346546876515E-002
  0.83773723131070088        1.4043305679535661E-002
  0.91746314170867249        1.3691458398637160E-002
  0.96643772092832314       -3.2657256707119119E-003
  0.91215097229626085        3.4037502207289396E-003
  0.91090697820614164        3.1281954673396055E-002
  0.88621831187472344        1.2257620280420930E-002
  -3.9069242207873334E-002   7.4402037411422828E-004
  0.54147417407323484       -3.0756226850504678E-003
  0.30636080296908030        1.0429660983790989E-003
  0.38317692624016741       -3.9392958123306140E-003
  0.36548615744327451       -2.6960714250803385E-003
  0.45491284355411754       -1.8727780249503010E-003
  0.42646475653740951       -1.1094276968550666E-003
  0.27206053954042003        9.8461162684642806E-002
  0.23338958346230027       0.13174878465105111     
  0.40581438273625597        7.6485740926834231E-002
  0.25387234456745189       0.10454917800673171     
  0.16770862561709221       0.11754210326410783     
  0.32599773028293294       0.11888509311478077     
  0.29350624234623568        9.7090992999645923E-002
  0.23312099291140526       0.10509869906497141     
  0.22779311524488732       0.24900590984499346     
  0.21137753000883069       0.22365486852961142     
   8.0757766362756306E-002  0.31946926041257023     
  0.14099411959301933       0.23657501750403848     
  0.32488843875565004       0.27576256098499924     
  0.15282013734135125       0.24673764574183799     
  0.19517352420531231       0.23544226493101264     
  -6.1153378214836657E-002  0.16105346369551943     
   4.7807975673933245E-002  0.27503329833987039     
  0.11534677811910299       0.28070750620823104     
  0.75027369707624381       0.13561832585111258     
  0.69437164349509328       0.14488049082489490     
  0.64969839851492250       0.14099650179983431     
  0.60337362728105748       0.14005128467219471     
  0.71841254901110430       0.12712883641484735     
  0.62019674843135753       0.14563795754615758     
  0.66655341188951389       0.14434854905661090     
  0.16743152657473970        5.4750847723127635E-004
  0.23432997929004212       -4.2505274616567703E-004
  0.21697227198216085       -1.3171948025796579E-003
  0.31902659685354451       -1.8023279581236178E-003
  0.28372035821198494        8.3129325865411764E-004
  0.15891588000435053        1.6411836388117915E-003
  0.88228234240888659        8.4916412160106983E-004
  0.85283801860264496       -5.4668864384596884E-005
  0.90673665144603111       -1.3352013552095448E-003
  0.75063600179368595       -4.2244938179285637E-004
  0.89739878108365478       -3.3303824079798957E-003
  0.87013638031517571        2.9710001599958600E-004
  0.84384355111377496        4.4567733278943306E-004
  0.84757154161287263       -2.3710797897497052E-003
   8.7201754604798565E-002   9.8087097748654267E-004
   6.3485990626470479E-002   9.4037645013731136E-004
  0.17268058647989215        1.0679193046887114E-003
  0.16713562663342491       -1.1549248023281166E-003
   3.3946759578240560E-003   1.8992592505824720E-003
   5.5746275758483843E-002  -1.3085628101525500E-003
  -7.5805668245229607E-002   5.5167347462069475E-003
  0.90657088695728216       -8.5020807505557317E-004
  0.93476005763314884       -1.5506346889086720E-004
  0.88189323037626188       -5.1013352026934482E-003
  0.89468110045609117       -2.5845571095877728E-003
  0.85598503125327330        4.6924016013175840E-003
  0.91708387551569892        8.3818313049875796E-003
  0.92125117854952399        2.6070822242617044E-003
  0.87992427020114872        1.8072617873496892E-002
  0.82138054882632083        1.3724598829335260E-002
  0.90152547020893858        1.3313824791760968E-002
  0.95771275840767944        2.0056339037771636E-004
  0.89397644354364325        4.3708906987681489E-003
  0.89812613957506837        3.5249432613144997E-002
  0.86762814395503396        1.1506305277751162E-002
  -8.1128390090568214E-002  -5.4098435224847240E-003
   3.8492273344233441E-002  -1.1953104522261194E-003
   3.4587922743442800E-002   8.8012785027625573E-004
