 cosx vtec
  0.39929678592399270       -9.6162401822252549E-004
  0.43531667286006126       -3.1685733285309186E-004
  0.38817175686914213        1.2930267714109428E-003
  0.39229948814571852        7.5567409252068395E-005
  0.39154429513779060        3.9073304018642291E-003
  0.46384054279634479       -7.3190681211835254E-004
  0.47240019713731896       -5.0381838196475351E-004
  0.93638053521244391       -1.2897270245265243E-003
  0.97833051372836632       -1.5853890733796313E-003
  0.99348779170763923        2.7911010227498938E-003
  0.99494289241826861        2.5617719413499748E-004
  0.97828517964682749        1.3981685127904576E-003
  0.97777758142328641       -5.1007868414364495E-003
  0.54707507027945412       -1.4334823602417959E-004
  0.58499881871888126        9.1280395362138908E-005
  0.53388283213973020        2.6484931139093269E-003
  0.66384443890124545        2.4790802105653944E-003
  0.74557974272382987        4.0766235908728171E-004
  0.53920989633995242       -1.5515789069554193E-003
  0.53520408233330063       -3.5281456368758475E-003
  0.60877051566951201       -1.1035258684171378E-003
  0.60887387666169290        4.7901094501673130E-004
  0.37313955173736546        1.5687779507678255E-003
  0.37507677804080525        2.7623175054397550E-003
  0.36831026797063754        4.0197458449612528E-003
  0.44835348018677917       -4.7835043372671920E-004
  0.29641800352712966       -3.4377783499088652E-003
  0.23124005145420762       0.24536648206127828     
  0.26183284265201884       0.18116790074331321     
  0.30860136079707268       0.18711093450550123     
  0.21692611345641322       0.18987606643068172     
  0.34341458412651837       0.21150504713415480     
  0.30479359804832090       0.18739092016021178     
  0.21586999582604627       0.18751340178758585     
  0.62143101773300669        1.7863194930720187E-002
  0.61899004896568099        1.9575283317887330E-002
  0.66572246342372210        3.0287222014354839E-002
  0.68984904638835232        1.6668697761839574E-002
  0.76974688830782234        1.3116161486377044E-002
  0.61670005075995249        2.5127913673000962E-002
  0.70869502935785689        1.0602088710713380E-002
  0.67663077127352511        1.3917213258329682E-002
  0.75523038103299178        1.0555076789434181E-002
  0.72378681496044284       -2.7604670143527199E-003
  0.60961656174040724       -1.1527491207212459E-004
  0.57271123884704211       -1.3811317215394021E-003
  0.54274265262987931        4.4922859168688416E-003
  0.71689525066260740       -1.2436391499969313E-003
  0.84140761905209849        2.0479110461447654E-004
  0.58796147649752983       -4.5297425071958546E-003
  0.78610536056579150        3.3594982712548912E-003
  0.68025450699618772       -1.0845568661108529E-002
  0.62594560263740873        2.4618362171800252E-002
  0.61367995904442929       -3.8686800322529163E-002
  0.75737087192992314        4.1191537438215890E-004
  0.88996528876856185        2.3041674179984772E-003
  0.92420494498578099       -2.7525199677435008E-004
  0.94439258066739562       -1.2724938539822386E-003
  0.97605374702830772       -2.9124891541573404E-003
  0.93185158796646139        1.6272398366837053E-003
  0.91978479023234372       -1.8118724865727565E-004
  0.14907419817976669       0.16537621692818413     
   8.0216430122451166E-002  0.15934392381651821     
   7.5355470078270870E-002   2.5444023499378923E-002
   9.7671117277461639E-002  0.16245428121964881     
  0.18425108268074256       0.15838180996555629     
   9.2483337203634330E-002  0.16540010551223430     
  -5.1952122027754566E-002   3.8106920053663500E-002
   2.6561635884182255E-002   5.3512534605510184E-002
   2.5523955096254380E-003   6.0586009130342254E-002
   5.3675264166648307E-002   7.1904269094688437E-003
  0.10762533946071118       -4.0428397746459149E-004
   8.5733172201714808E-002   8.0264766956408590E-004
   7.2541756663547730E-002  -4.8977605447199585E-004
  -3.1529203094767699E-002  -4.6278575108834206E-003
   9.2609888808036944E-002  -1.1004490245101013E-003
  0.12490850247152174       -8.3599036980587562E-005
   8.6171436330832574E-002  -1.8436084074217239E-004
   8.7096840396074182E-002   8.0550389157429145E-004
  0.17841886057427525        9.8471546486337408E-004
   2.9204478367969910E-002  -6.6271548454806327E-004
  0.49019300727181481        5.8068373183961623E-002
  0.48741422228603509        6.6928927599418278E-002
  0.53015015247145936        7.8420673010781289E-002
  0.55611149862347764        6.1524758571879119E-002
  0.68908823506698724        3.4345231023820519E-002
  0.48514734577919155        6.3733997491919478E-002
  0.59365541767697783        4.5257741978062357E-002
  0.32264636559930970       0.10812904251234406     
  0.54194049751152740        6.0545584113714725E-002
   1.8553644462548813E-002  -1.9673738106778019E-003
   6.1285267537792620E-002   3.1601492638171458E-003
   3.6890897287137681E-002  -3.5944424831929598E-003
   2.8508032423351537E-002  -4.0640839485871225E-003
  -8.3052172628117427E-002   8.8320842817718771E-003
  -9.5468020835815515E-002   4.4498150413293282E-003
  -4.1921048127626759E-002   1.7487307358282290E-002
  -9.7681363505945917E-002   4.1352447010887541E-002
  -9.8692826863619021E-002  -3.1374722056225199E-002
   2.9843142127477629E-002   9.1331953273705319E-003
   6.3182103296312297E-002   2.1612762921603676E-002
  0.23222879230165427       0.15621543594884907     
  0.31449875391792204       0.16669204073483934     
  0.16134687206269868       0.15831919765343447     
  0.18487732219039624       0.15216228660618406     
  0.26573874443388407       0.14958327736875440     
  0.18015046144676650       0.15520144799549179     
  0.44419536026450573       -2.0566632077150596E-002
  0.64554648753567923       -1.2701386721718732E-002
  0.51664129599061714       -4.1639714671229781E-003
  0.48448140630152853       -1.2944937963955926E-003
  0.46881967472418684       -5.6288340745692606E-003
  0.61553955825651430       -4.6381131940633384E-003
  0.91687664951529058       -1.8425442309917390E-003
  0.96607112160128961       -6.4994435822044718E-003
  0.96615874274719671       -1.5193500429710259E-003
  0.93918317779808047       -1.0268789279195456E-003
  0.94677870165938316       -2.8028151825057441E-004
  0.54555459777308712        5.2825112062993246E-004
  0.66124751714658003       -2.3291142227196697E-004
  0.49356665650169806       -1.0360885492778609E-003
  0.45529129349499842        2.9107282886670050E-005
  0.47626817560722967       -2.7870839953360914E-003
  0.61668878801398830        1.0504469837238101E-003
  0.27201994079500597        1.2428388263224378E-003
  0.30704214717932166       -2.6804108066335843E-004
  0.26238458939381437        5.3309663252945824E-003
  0.26543042110020876       -1.7674594537552189E-004
  0.26628155963099287        1.4058700887975260E-003
  0.34178812362545641        3.4385848994467221E-003
   9.0506794858224715E-002   7.1561491682741601E-004
  0.14692472765839754       -1.9313477136490538E-003
  0.36878972427821410        4.6256906650562378E-004
  0.32411032662994743        1.7706911728363754E-002
  0.53874979816833457        8.3064049308213578E-004
  0.37341980361483762       -9.0239836387568228E-003
  0.34328686963786131        2.1763725522982606E-002
  0.33598323316981854       -7.8960665841218552E-003
  0.30982633013023675        8.2147199687336817E-002
   3.0783796981272149E-002  0.17979436456887404     
  -4.4205384067735332E-002  0.16086609414302988     
  -4.5185284616300503E-002  0.16159190962225733     
  -3.1440302510628515E-002  0.16379153790527184     
   7.0203114430730074E-002  0.16523917677199620     
  -3.7044991910264391E-002  0.16719070424129434     
  0.48068882764267318       0.14616974875789149     
  0.51327680240440610       0.13480062142992202     
  0.54374309269029808       0.13244874296649659     
  0.64891548423663548       0.12622566330818735     
  0.54576255721147537       0.13218300977472652     
  0.55974471158447803       0.13403129489593524     
  0.44538086666920751       0.16718654530471480     
  0.79759194113611076        4.4968026919053892E-003
  0.83698507892279872        4.2981282663374643E-003
  0.85876309931187711        1.4764253058574511E-003
  0.86200033079965399        7.5457911314361602E-003
  0.82363407587783088        8.4268154823119001E-004
  0.67305706019937039        4.5253359407055623E-004
  0.71456706210090415        9.6129781111855802E-004
  0.65639055914760824       -3.0777218663015225E-003
  0.76741161984784367        1.1174027867113141E-003
  0.81450932223233830        4.3087592295885479E-004
  0.66336499070585175       -2.2641791912794453E-003
  0.65542491968985095       -1.7650548315984085E-003
  0.73588939084639515        8.1385757764911872E-004
  0.73334267929999197       -4.3943034735775886E-004
  -5.0556930237080966E-002  0.14286392655987321     
  0.45018123501674279       -6.3980360992366920E-003
  0.66553799261039459       -2.4152062409891399E-004
  0.53904048652649905       -1.6801410417189593E-004
  0.50684663115516115        3.3360350109583664E-003
  0.48492710144543744        4.1850298004085691E-003
  0.17163059015841547        8.7806748522432240E-002
   6.1980286650414884E-002   4.9557197440978550E-002
   6.3950493369469175E-002   3.7410694713585532E-002
   6.5037880932011682E-002   4.7976232722304335E-002
   6.9057322869292670E-002   6.5191784758076146E-002
  0.18595051070628904        6.2451256859090268E-002
   5.4551673124792088E-002   8.2339747719577638E-002
  0.81118224674244976        1.8039901042231622E-002
  0.83989080600902877        9.4478455624341824E-003
  0.87830125497113354        7.0401137222157381E-004
  0.84652803815135980        6.7728585436055448E-003
  0.72479169996141202        1.3401480297468547E-003
  0.76403056662791080       -2.2287743463634928E-003
  0.84815836006948653        4.6502114942599477E-003
  0.85236953310970420       -5.4593737072498264E-003
  0.70757775774439158       -2.8915610890522516E-003
  0.71311139359331555       -3.4230545147837048E-003
  0.78691972544281619       -3.1479813156236563E-003
  0.79948627418474305        1.0378312096303243E-003
   6.7339159312012509E-002   7.8589178373334942E-004
  0.10531209148752807        8.1466062100912489E-003
   6.3214467214870784E-002  -1.6584863994053397E-002
   6.1668009837222815E-002   5.5444735493517883E-003
   6.2674076690588665E-002   9.1762047814772235E-003
  0.15564394558933131       -1.2828109273727184E-002
  -7.1524006874636281E-002   3.2156347579018912E-003
  -1.4735906240258834E-002  -1.6253284049114482E-003
  0.22392261909678668        7.0115968919918338E-003
  0.37421107212283522       0.15502508079457533     
  0.40467656478777864       0.15193625256534618     
  0.43689606433595912       0.14234849483706394     
  0.59897802161485736       0.14808115052818685     
  0.43618102611572440       0.15622842766649297     
  0.46594271857851055       0.16013105653987095     
  -9.5574655037117900E-002  0.23712981313967793     
  -2.3309234084755104E-002  0.27819200677065820     
  -9.8567578217573115E-002  0.20000990441896402     
  0.50977063428618763       -9.8763709137592026E-004
  0.45760016570972550       -4.1869643802628563E-004
  0.42156571522539288        2.6979917087478181E-003
  0.44214437206740775       -2.0610140261236542E-002
  0.58640346735188875        1.2452667861203354E-003
  0.47811372235224614        1.2527483998860428E-003
  0.46399439972277345       -1.7301745083221845E-004
  0.47276695098318711       -3.1242440398636237E-003
  0.53911617100899978       -1.7347450135841900E-003
  0.36023622083122142        2.6230552523900720E-003
  0.64464398333888506        1.8930705919911962E-002
  0.70399974935485721        1.1916057871492762E-002
  0.53740365429587444        2.6299998063288428E-002
  0.71905330235446430        3.0246794274645942E-002
  0.53345325660086962        1.8192433725313806E-002
  0.57192926916202491        2.2596442649661611E-002
  0.66761203675419645        3.6811161512725413E-002
  0.55216881287343800        1.8706940296745276E-002
  0.40748927350004394        4.3737613825485785E-002
  0.53771805807429740        5.4220707082015401E-002
  0.32191170271674874        2.2100578287264510E-002
  0.52567474693182581        3.8172727753038857E-002
  0.31003093213640259        3.4166946097695702E-002
  0.32379360636714799        3.9101947776732475E-002
  0.33418118978824818        3.1988908536078074E-002
  0.42704854050525975        1.7970343024593889E-002
  0.31722635727201276        4.5846785742042269E-002
  0.83040516210450455       -1.9788785958775273E-003
  0.92284153695604965        3.0912012073850120E-003
  0.94217336853024070       -1.0990283110258188E-003
  0.81105961528123516       -6.3503376515465252E-003
  0.90981795465500259       -6.4708599269172379E-004
  0.90619667496545697       -7.8571204327096563E-004
  0.96373607300668507        9.8326762151727080E-003
  0.11386824061111617        4.4944733756782226E-003
  0.18259438838024414        4.1619556586150374E-005
  0.16041073440707521        1.0181072196445450E-004
  0.14267963190862948        9.7886086240164469E-004
   2.3931538306292743E-002   1.4547404301936036E-003
  0.44642967475463097       -6.6559077245274684E-002
  0.63804412244096942        1.2596067335274474E-002
  0.50937964467321617        7.0879289311199635E-003
  0.47542626368048152        6.6438648602652759E-003
  0.46465575046689689       -5.4175284405365660E-003
  0.59646082349359197        2.9433060817074527E-002
  0.39154571663554666        9.9820059252443555E-003
  0.44248334135962386       -3.7000416006854219E-004
  0.38460215229351863        1.8675346546876515E-002
  0.49593806313683142        1.4043305679535661E-002
  0.38548989995668470        1.3691458398637160E-002
  0.37818701646131075       -3.2657256707119119E-003
  0.46711174154285773        3.4037502207289396E-003
  0.24803659723858451        3.1281954673396055E-002
  0.44811873884096592        1.2257620280420930E-002
  0.93760601160244250        2.5771873650454365E-003
  0.90097833087850954       -1.3529777179666987E-003
  0.80053216002483585       -1.1808690353571833E-003
  0.94884519932262856        7.4402037411422828E-004
  0.88723596421857764        7.6328347695225137E-004
  0.21024143997901387        2.6846181032148721E-003
  0.50574067165890835        1.0945867007753183E-002
  0.27157263054311953        2.3432810183311586E-003
  0.24789957456864425       -3.2395965922499021E-004
  0.23283021295991832       -4.8797874420135490E-003
   6.6508832918689309E-002  -5.2858658594888007E-004
  0.91334760427706529       -3.0756226850504678E-003
  0.88724289403914092        1.0429660983790989E-003
  0.91516243663572550       -3.9392958123306140E-003
  0.94403853539758320       -2.6960714250803385E-003
  0.92657501621220661       -1.8727780249503010E-003
  0.90795415637160670       -1.1094276968550666E-003
  0.27773141570154225       -6.5629287989389468E-002
  0.50355245918085068        3.7236779886469638E-002
  0.32227901270236781        2.3331244339242788E-002
  0.28967342623681847        5.3890500421188120E-002
  0.28584396551211716       -2.5957776823408510E-002
  0.27430438861630069        1.1119219847883991E-003
  0.40846853196878663        4.7128949035861690E-003
  0.57675822592475734        9.1890626038973619E-002
  0.61470983718732009        8.9232693140954458E-002
  0.67481311487532714        7.9305013365230340E-002
  0.52009067330660175       0.10785865931896235     
  0.64128040109101181        9.8507271950027134E-002
  0.60614163037310431        8.8057338305888105E-002
  0.51628167361808930       0.10911163290952455     
  0.72416837837653469       -3.3425157168294802E-003
  0.79317474587266001       -3.8818913480724538E-003
  0.59400057807405882        8.9833006876898162E-003
  0.78154547046013167       -1.3661553311033220E-002
  0.60408497938988381       -8.8073565653271145E-004
  0.61825536470902009        4.9149835120062069E-003
  0.74372079131906044       -2.4785332552559099E-003
  0.91483643569300288        5.4750847723127635E-004
  0.94535982564548360       -4.2505274616567703E-004
  0.96839229575664199       -1.3171948025796579E-003
  0.96567088105043142       -1.8023279581236178E-003
  0.94287213579030671        8.3129325865411764E-004
  0.95264146125335336        1.6411836388117915E-003
  0.15190735850106279       0.13246439172701949     
   7.1643451699398453E-002  0.11013581044319495     
   6.0593433206318270E-002  0.11128465476742398     
   7.2058674883042961E-002  0.11089543821439511     
   8.3094072700011234E-002  0.11116968048219136     
  0.18041244711100307       0.10889889671508828     
   7.4545720522411041E-002  0.12766311865842941     
  0.59338554079686046        8.4916412160106983E-004
  0.62755896254962418       -5.4668864384596884E-005
  0.56827104558718766       -1.3352013552095448E-003
  0.76917535967436612       -4.2244938179285637E-004
  0.58221891248569912       -3.3303824079798957E-003
  0.58444580357628628        2.9710001599958600E-004
  0.65218868573689370        4.4567733278943306E-004
  0.66762396087723441       -2.3710797897497052E-003
  0.99294617435348997        9.8087097748654267E-004
  0.99354234300214528        9.4037645013731136E-004
  0.99830270794993703        1.0679193046887114E-003
  0.99659196436943609       -1.1549248023281166E-003
  0.98455942965143306        1.8992592505824720E-003
  0.82709522360108434        5.5251441139887595E-003
  0.86390712007473902        4.3041167197905104E-003
  0.88620168875959782        1.1148198628110624E-003
  0.96533950514498379       -1.3085628101525500E-003
  0.71753836955802686        6.9246880664974152E-003
  0.88150703180545265        5.5167347462069475E-003
  0.85409760686857683        2.1253009273816455E-003
  0.39179160065993646        8.4135536254450499E-002
  0.48936487093207054        8.2703558476082906E-002
  0.31401830918826201        7.5380639790021020E-002
  0.31190325203710784        5.4533390711802091E-002
  0.33186014811937836        6.4489324284025470E-002
  0.41623233950078969        7.1651545479248444E-002
  0.32081624692652966        9.0258191014254516E-002
  -6.8145351926191977E-002  0.21899558070053621     
  0.18430673555250504       -8.5020807505557317E-004
  0.17691845989189520       -1.5506346889086720E-004
  0.17912142192031139       -5.1013352026934482E-003
  0.25975217898079611       -2.5845571095877728E-003
  0.11149685405469145        4.6924016013175840E-003
  0.36248401478296327        2.4799101011279450E-002
  0.58002948883559546        8.4751966823167141E-004
  0.42619040055749052       -1.8370760649632202E-002
  0.39815511788378088       -1.0370612665447969E-002
  0.38396835920352546       -6.4404368176136234E-003
  0.54463564862233826        2.5476774128805581E-002
  0.81188150036919882        1.9621664489074078E-003
  0.86605052031089880       -8.6461834010806492E-004
  0.86369194917135583       -6.8462720169913715E-004
  0.91964953720985754        3.7369930714168309E-003
  0.83427843368748034        8.6660225717047866E-004
  0.42544717030062074        8.3818313049875796E-003
  0.47705359106059464        2.6070822242617044E-003
  0.41850188688087686        1.8072617873496892E-002
  0.52194414415197488        1.3724598829335260E-002
  0.41938091078873541        1.3313824791760968E-002
  0.41004205212337397        2.0056339037771636E-004
  0.50009651185179504        4.3708906987681489E-003
  0.27154226622183969        3.5249432613144997E-002
  0.48046002027387691        1.1506305277751162E-002
  0.25263041676862652       -5.3442707312885435E-003
  0.50235376082396421        3.7478703672659777E-002
  0.30195065695648116       -2.1772687804446937E-003
  0.27536283719762428        1.0759656352642602E-003
  0.26594063480885022        4.2652573153633314E-002
  0.42699192209965903       -3.3462569972034603E-002
  0.96504713921887242       -5.4098435224847240E-003
  0.95829890285263808        1.0679439633908623E-003
  0.98661480866527240       -1.1953104522261194E-003
  0.98556493672569634        8.8012785027625573E-004
  0.94316269454932566        8.7154376573935952E-004
