 cosx vtec
  0.99790359237810056       -9.6162401822252549E-004
  0.99257347834557041       -3.1685733285309186E-004
  0.99191048218312683        1.2930267714109428E-003
  0.99813989023094729        7.5567409252068395E-005
  0.99407350893047552        3.9073304018642291E-003
  0.99062549325762039       -7.3190681211835254E-004
  0.98685599512233901       -5.0381838196475351E-004
  0.21949353177797137       -1.2897270245265243E-003
  0.31436272047321712       -1.5853890733796313E-003
  0.29471754581771320        2.7911010227498938E-003
  0.41397255990968690        2.5617719413499748E-004
  0.38429500699031566        1.3981685127904576E-003
  0.22689616844961502       -5.1007868414364495E-003
  0.97245394682567743       -1.4334823602417959E-004
  0.96220258247433899        9.1280395362138908E-005
  0.95836510157345378        2.6484931139093269E-003
  0.90220034279853845        2.4790802105653944E-003
  0.87826138745669446        4.0766235908728171E-004
  0.97029316437716961       -1.5515789069554193E-003
  0.97563470884367653       -3.5281456368758475E-003
  0.95283252453523593       -1.1035258684171378E-003
  0.94375284711645768        4.7901094501673130E-004
  0.70521165701109234        1.5687779507678255E-003
  0.50080541500563125        2.7623175054397550E-003
  0.63884538094504595        4.0197458449612528E-003
  0.66254573808041184       -4.7835043372671920E-004
  0.60176595282292922       -3.4377783499088652E-003
  -8.2122268305510698E-002  0.24536648206127828     
  -9.9172115621660950E-002  0.21150504713415480     
  0.82407886614221582        1.7863194930720187E-002
  0.73171309192947631        1.9575283317887330E-002
  0.61147634110770088        3.0287222014354839E-002
  0.68659649446621718        1.6668697761839574E-002
  0.67453691960438034        1.3116161486377044E-002
  0.77424872807919320        2.5127913673000962E-002
  0.76364238255440897        1.0602088710713380E-002
  0.71954121381683700        1.3917213258329682E-002
  0.56040414944668437        1.0555076789434181E-002
   9.8526786506966835E-002   2.3041674179984772E-003
  0.15702247970383271       -2.7525199677435008E-004
  0.14282897506286713       -1.2724938539822386E-003
  0.29524774501557649       -2.9124891541573404E-003
  0.22142631811716357        1.6272398366837053E-003
   9.5492304487599156E-002  -1.8118724865727565E-004
  0.87788986017052140        5.2849905566731969E-002
  0.91846025347494886        3.8106920053663500E-002
  0.85493927616164356        6.3276848475789002E-002
  0.78058796272247633        7.0919116972806243E-002
  0.86729340964568169       0.10519336145341916     
  0.88731024108593859        5.0497807114577992E-002
  0.71875494651053184       0.10388572255787835     
  0.94182999292459946        5.3512534605510184E-002
  0.82515910241495538        7.5890816554633062E-002
  0.82693467505274998        6.5135368128468984E-002
  0.89956501034247172        6.0586009130342254E-002
  0.85220785930945764       -1.1004490245101013E-003
  0.83712823287523863       -8.3599036980587562E-005
  0.75412458778332958       -7.6881997226430749E-004
  0.88441737327529213       -1.8436084074217239E-004
  0.82422488306245068        8.0550389157429145E-004
  0.86156229700614961        9.8471546486337408E-004
  0.78776754742073751       -6.6271548454806327E-004
  0.80191944880448873        5.8068373183961623E-002
  0.70056562921511778        6.6928927599418278E-002
  0.59680059987870848        7.8420673010781289E-002
  0.66406332792207934        6.1524758571879119E-002
  0.65192556475094965        3.4345231023820519E-002
  0.74137777892849499        6.3733997491919478E-002
  0.76209555822615993        4.5257741978062357E-002
  0.70763915311999193       0.10812904251234406     
  0.69690751801376338        6.0545584113714725E-002
  -1.8039934303926142E-004   9.8655685494388690E-002
  -4.6070999087763187E-002  0.13308650335389738     
  0.16186411657271355        5.5964969898950119E-002
  -2.0688554413854643E-002  0.10687066290385225     
  -8.5855673700507729E-002  0.10745699758102502     
   6.9516339473079447E-002  0.13555866064375602     
   2.4958384579562787E-002   9.3728464902475037E-002
  -3.9730669221007764E-002  0.10544067617861003     
  0.90250278886515667        4.4498150413293282E-003
  0.92088404044623817        1.7487307358282290E-002
  0.89656473792445301        4.1352447010887541E-002
  0.81087662815873296        2.9894771136291815E-002
  0.90004846805213590        4.3363388991551628E-002
  0.89733961756096270       -3.1374722056225199E-002
  0.73608415590157239        4.4487769866509388E-002
  0.94824598429509743        9.1331953273705319E-003
  0.85797974748373773        3.6179897849154104E-002
  0.84825326176109728        1.7362169594392445E-002
  0.94938715887948621        2.1612762921603676E-002
   3.7231316164486328E-002   3.9713315750270527E-003
  -2.1084540712419858E-002   1.5067994553094507E-004
  0.12800928148296867       -6.6718014027117778E-004
  -4.6396849796312700E-002   4.4953568808341338E-003
   5.2846786783581012E-002  -1.1062818537919612E-003
  -2.3342885337020225E-002  -4.5443046438902509E-003
  0.64815174398148234       -1.8425442309917390E-003
  0.57246123604802857       -6.4994435822044718E-003
  0.55251284975640591       -1.5193500429710259E-003
  0.62061274170787339       -1.0268789279195456E-003
  0.62584523200520814       -2.8028151825057441E-004
  0.20889514256567693        5.2825112062993246E-004
  0.10099203594966516       -2.3291142227196697E-004
   3.9895105591739422E-002  -1.0360885492778609E-003
  -3.3964958617390933E-002   2.9107282886670050E-005
  0.22499939706293942       -2.7870839953360914E-003
  0.23969804361100283        1.0504469837238101E-003
  0.99019867279511731        1.2428388263224378E-003
  0.98577306760348826       -2.6804108066335843E-004
  0.99596666049400551        5.3309663252945824E-003
  0.99418268835633672       -1.7674594537552189E-004
  0.98045410701976987        1.4058700887975260E-003
  0.99105233258548797        3.4385848994467221E-003
  0.96547687851300767        7.1561491682741601E-004
  0.93782818718055594       -1.9313477136490538E-003
  0.99958984575477317        4.6256906650562378E-004
  0.11107230623300263       0.26215514191980205     
   1.7886648781325509E-002  0.25579646739042927     
   7.6166661442989281E-002  0.25371490527562868     
  0.28835424916708352       0.14616974875789149     
  0.18867211125425876       0.13480062142992202     
  0.22998678530805264       0.13244874296649659     
  0.23011679014368724       0.12622566330818735     
  0.27337358311392224       0.13218300977472652     
  0.16620242983002823       0.13403129489593524     
  0.10725987182500601       0.16718654530471480     
  -7.1416265858342654E-002   4.2981282663374643E-003
  -8.7610360837380274E-002   1.4764253058574511E-003
   2.5928148980715937E-002   7.5457911314361602E-003
  0.92259595888257728        4.5253359407055623E-004
  0.90165921103911806        9.6129781111855802E-004
  0.90308329226548079       -3.0777218663015225E-003
  0.83593830065840713        1.1174027867113141E-003
  0.81823323017731464        4.3087592295885479E-004
  0.92006600316120779       -2.2641791912794453E-003
  0.93205244634230378       -1.7650548315984085E-003
  0.88559823521519743        8.1385757764911872E-004
  0.87520320995002776       -4.3943034735775886E-004
  0.74101721270798881       0.13828575727672404     
  0.67373575886989701       0.13496985917050677     
  0.56723709688827173       0.17457448895407282     
  0.70055809880317577       0.13312764346030101     
  0.65305815139113133       0.13731931094613789     
  0.70728269841323121       0.14286392655987321     
  0.24765074416724547        1.8039901042231622E-002
  0.29658037395325226        9.4478455624341824E-003
  0.28779057559966303        7.0401137222157381E-004
  0.23641757790842449        6.7728585436055448E-003
  0.87857288446277537        1.3401480297468547E-003
  0.83826731740671456       -2.2287743463634928E-003
  0.78735121866200464        4.6502114942599477E-003
  0.76604726190107464       -5.4593737072498264E-003
  0.90253315265428824       -2.8915610890522516E-003
  0.86049211366583922       -3.4230545147837048E-003
  0.82870207230015969       -3.1479813156236563E-003
  0.83538088625009244        1.0378312096303243E-003
  0.94159946910943870        7.8589178373334942E-004
  0.94124795715509579        8.1466062100912489E-003
  0.95916466443289228       -1.6584863994053397E-002
  0.84541969052827848       -1.3931294641972591E-003
  0.94820901015143422        5.5444735493517883E-003
  0.92792206848827874        9.1762047814772235E-003
  0.95886492398782974       -1.2828109273727184E-002
  0.91133357110394941        3.2156347579018912E-003
  0.88668265191135109       -1.6253284049114482E-003
  0.99225615119841892        7.0115968919918338E-003
  0.32869869772806604       0.15502508079457533     
  0.24090305227116543       0.15193625256534618     
  0.28392896845662630       0.14234849483706394     
  0.28795579470367461       0.14808115052818685     
  0.32555741793017212       0.15622842766649297     
  0.20892289244185130       0.16013105653987095     
   1.6163070081140721E-002  0.24981006337795672     
  -8.1472803948346148E-002  0.23712981313967793     
  -2.0542476123082052E-002  0.27819200677065820     
  -8.8613681486585716E-002  0.24906902391523478     
  -2.1825892104295613E-003  0.25112652606919900     
  0.72232573335838690       0.12439328161424504     
  0.67603954630864116       0.12268714835724899     
  0.61265935767823576       0.13250280893800487     
  0.56407949660480527       0.14929554268333578     
  0.69628800084811737       0.12294461422415401     
  0.57770197532937706       0.13888483793408246     
  0.64526317869721217       0.16177407630208820     
  0.75334057062577486       0.14745223535839036     
  0.20004692936640181       -9.8763709137592026E-004
   3.2963538291636230E-002  -4.1869643802628563E-004
  -3.7031927084841099E-002   2.6979917087478181E-003
  0.21008893574566384       -2.0610140261236542E-002
  0.23854606950390364        1.2452667861203354E-003
  0.89228631773474265        1.2527483998860428E-003
  0.93113470028150724       -1.7301745083221845E-004
  0.86320403581449590       -3.1242440398636237E-003
  0.86894408122289502       -1.7347450135841900E-003
  0.82688329412089234        2.6230552523900720E-003
  0.80680690825350654       -1.9788785958775273E-003
  0.64728943436942954        3.0912012073850120E-003
  0.63235057984727971       -1.0990283110258188E-003
  0.81133354651982859       -6.3503376515465252E-003
  0.69985883383360159       -6.4708599269172379E-004
  0.68972133486600196       -7.8571204327096563E-004
  0.52086589926755678        9.8326762151727080E-003
  0.95800749791292272        9.9820059252443555E-003
  0.97166993150062564       -3.7000416006854219E-004
  0.92385954065164899        1.8675346546876515E-002
  0.88680682983895354        1.4043305679535661E-002
  0.94340541699459901        1.3691458398637160E-002
  0.98884872141535074       -3.2657256707119119E-003
  0.95272873709407246        3.4037502207289396E-003
  0.91291287219954853        3.1281954673396055E-002
  0.92463510149739214        1.2257620280420930E-002
  -5.7523359228847659E-003   2.5771873650454365E-003
  -5.7484718440635962E-002  -1.3529777179666987E-003
  0.13002757539535065        7.4402037411422828E-004
  0.67771647494927667       -3.0756226850504678E-003
  0.44877094130535805        1.0429660983790989E-003
  0.52699100217693018       -3.9392958123306140E-003
  0.51520230238360953       -2.6960714250803385E-003
  0.59745296390726088       -1.8727780249503010E-003
  0.56702475500467286       -1.1094276968550666E-003
  0.10726478411170698        9.8461162684642806E-002
   6.2432322885864977E-002  0.13174878465105111     
  0.25415772693365374        7.6485740926834231E-002
   8.6613027090858774E-002  0.10454917800673171     
   3.0795583713506547E-003  0.11754210326410783     
  0.15867095078923488       0.11888509311478077     
  0.13294363482214688        9.7090992999645923E-002
   6.6135432887639845E-002  0.10509869906497141     
  0.12240756664794092       0.24900590984499346     
   6.9094471104258315E-002  0.22365486852961142     
  -1.6292292432524558E-003  0.31946926041257023     
   2.4961265986508829E-002  0.23657501750403848     
  0.21695350645214059       0.27576256098499924     
   2.7907747259785953E-002  0.24673764574183799     
   8.0277282227846747E-002  0.23544226493101264     
  -5.3984106712120783E-002  0.27503329833987039     
  -1.7072414353409227E-002  0.28070750620823104     
  0.63706077101476311       0.13561832585111258     
  0.58181649427838178       0.14488049082489490     
  0.51617148125606493       0.14099650179983431     
  0.47482193473740347       0.14005128467219471     
  0.60428088972235516       0.12712883641484735     
  0.48746773460661103       0.14563795754615758     
  0.54468712310390821       0.14434854905661090     
  -6.4456239247226987E-002   9.8507271950027134E-002
  0.32107165395455495        5.4750847723127635E-004
  0.39028751222579655       -4.2505274616567703E-004
  0.37778622659042993       -1.3171948025796579E-003
  0.47468547167102293       -1.8023279581236178E-003
  0.43697661668052490        8.3129325865411764E-004
  0.31961216467640702        1.6411836388117915E-003
  0.94649390024078384        8.4916412160106983E-004
  0.92442414971710563       -5.4668864384596884E-005
  0.96539956726276099       -1.3352013552095448E-003
  0.85187491202135879       -4.2244938179285637E-004
  0.95894886032729487       -3.3303824079798957E-003
  0.93332804113327572        2.9710001599958600E-004
  0.92018461349829839        4.4567733278943306E-004
  0.92646347616785929       -2.3710797897497052E-003
  0.25829015080568141        9.8087097748654267E-004
  0.23576595269654949        9.4037645013731136E-004
  0.34079760473098919        1.0679193046887114E-003
  0.33520501534126484       -1.1549248023281166E-003
  0.17684355726697742        1.8992592505824720E-003
  -5.3039828873647665E-002   5.5251441139887595E-003
   9.4270157500198071E-004   4.3041167197905104E-003
  -1.3858680373146470E-002   1.1148198628110624E-003
  0.22340788133525813       -1.3085628101525500E-003
   8.3100549456109118E-002   5.5167347462069475E-003
  -5.8637421570308657E-002   2.1253009273816455E-003
  0.89753812773845265       -8.5020807505557317E-004
  0.92313316911406673       -1.5506346889086720E-004
  0.87307667104971132       -5.1013352026934482E-003
  0.89949609296588262       -2.5845571095877728E-003
  0.83643131892267797        4.6924016013175840E-003
   2.9680007045399803E-002   3.7369930714168309E-003
  0.95008907038623636        8.3818313049875796E-003
  0.96316506922766199        2.6070822242617044E-003
  0.91340714660777356        1.8072617873496892E-002
  0.87578503882155601        1.3724598829335260E-002
  0.93417376750396475        1.3313824791760968E-002
  0.98614036140527972        2.0056339037771636E-004
  0.94120290858463185        4.3708906987681489E-003
  0.90486222157976159        3.5249432613144997E-002
  0.91259921025559487        1.1506305277751162E-002
   9.2752042569735960E-002  -5.4098435224847240E-003
   6.3186705229904494E-002   1.0679439633908623E-003
  0.21069571387222708       -1.1953104522261194E-003
  0.20678510511648618        8.8012785027625573E-004
   1.0443351865866146E-002   8.7154376573935952E-004
