 cosx vtec
  0.79527556340432493       -9.6162401822252549E-004
  0.82487796438246397       -3.1685733285309186E-004
  0.76115360773134766        1.2930267714109428E-003
  0.78244975141002637        7.5567409252068395E-005
  0.80096016568892681        3.9073304018642291E-003
  0.83693485309864712       -7.3190681211835254E-004
  0.82245489289394047       -5.0381838196475351E-004
  0.68777291049639799       -1.2897270245265243E-003
  0.78801975179429129       -1.5853890733796313E-003
  0.80574838155054085        2.7911010227498938E-003
  0.87626495036751273        2.5617719413499748E-004
  0.82559336015455309        1.3981685127904576E-003
  0.74706899755399525       -5.1007868414364495E-003
  0.86988963684080467       -1.4334823602417959E-004
  0.89857011636647965        9.1280395362138908E-005
  0.83008760388905456        2.6484931139093269E-003
  0.88390743753856238        2.4790802105653944E-003
  0.95121777054771983        4.0766235908728171E-004
  0.85444984978222804       -1.5515789069554193E-003
  0.87982492261897283       -3.5281456368758475E-003
  0.90269101564078624       -1.1035258684171378E-003
  0.88229866183744032        4.7901094501673130E-004
  0.74157693639520905        1.5687779507678255E-003
  0.66060307247724348        2.7623175054397550E-003
  0.71356360973422017        4.0197458449612528E-003
  0.77265246927880415       -4.7835043372671920E-004
  0.65268370499267603       -3.4377783499088652E-003
  -5.3552482542362861E-002  0.24536648206127828     
  -5.0306892360822968E-002  0.18711093450550123     
   2.1275588099805159E-002  0.21150504713415480     
  -8.2286263063508100E-002  0.18739092016021178     
  0.77469559886786377        1.7863194930720187E-002
  0.70362269528431132        1.9575283317887330E-002
  0.66043495430576460        3.0287222014354839E-002
  0.73032222152506121        1.6668697761839574E-002
  0.79130604459141074        1.3116161486377044E-002
  0.73255341162560283        2.5127913673000962E-002
  0.80186208683255256        1.0602088710713380E-002
  0.74223302856121953        1.3917213258329682E-002
  0.70322601573997201        1.0555076789434181E-002
  0.43198915900309093       -2.7604670143527199E-003
  0.34505813958622999       -1.1527491207212459E-004
  0.28672858093699982       -1.3811317215394021E-003
  0.20978402542157276        4.4922859168688416E-003
  0.36885546711565526       -1.2436391499969313E-003
  0.44329212447883221        2.0479110461447654E-004
  0.13397888671471919       -4.5297425071958546E-003
  0.40375421797871114        3.3594982712548912E-003
  0.32776962400492671       -1.0845568661108529E-002
  0.24090028989628554        2.4618362171800252E-002
  0.18519622948280551       -3.8686800322529163E-002
  0.34525151274759092        4.1191537438215890E-004
  0.58169934757977115        2.3041674179984772E-003
  0.64542496717396258       -2.7525199677435008E-004
  0.66464426544363642       -1.2724938539822386E-003
  0.77513356967448710       -2.9124891541573404E-003
  0.68338147025981399        1.6272398366837053E-003
  0.61483764370921312       -1.8118724865727565E-004
  0.34873086308912582        5.2849905566731969E-002
  0.43442737620406841        3.8106920053663500E-002
  0.31594238386116252        6.3276848475789002E-002
  0.18180489127447033        7.0919116972806243E-002
  0.33119925806177863       0.10519336145341916     
  0.36909560092502419        5.0497807114577992E-002
   8.5861358049501263E-002  0.10388572255787835     
  0.49085164083973054        5.3512534605510184E-002
  0.25655871597406815        7.5890816554633062E-002
  0.27680838970821969        6.5135368128468984E-002
  0.42236432196928803        6.0586009130342254E-002
  0.59203753394448866       -1.1004490245101013E-003
  0.61298628770809160       -8.3599036980587562E-005
  0.41409457428692226       -7.6881997226430749E-004
  0.59198503846381334       -1.8436084074217239E-004
  0.58207487307496508        8.0550389157429145E-004
  0.65714984590083947        9.8471546486337408E-004
  0.52978337926908736       -6.6271548454806327E-004
  0.65466458394890292        5.8068373183961623E-002
  0.58030451604464095        6.6928927599418278E-002
  0.54422711664952517        7.8420673010781289E-002
  0.60787683784555524        6.1524758571879119E-002
  0.70622155057468083        3.4345231023820519E-002
  0.60691344683079829        6.3733997491919478E-002
  0.70516131885411926        4.5257741978062357E-002
  0.46636931247050556       0.10812904251234406     
  0.61907849575876917        6.0545584113714725E-002
  0.41256687321631802        4.4498150413293282E-003
  0.46958053932615601        1.7487307358282290E-002
  0.38575907058407566        4.1352447010887541E-002
  0.25859319708540207        2.9894771136291815E-002
  0.39972084690610143        4.3363388991551628E-002
  0.41971319135183599       -3.1374722056225199E-002
  0.12418332535282316        4.4487769866509388E-002
  0.52588775293862322        9.1331953273705319E-003
  0.31307104331103147        3.6179897849154104E-002
  0.34807035862907976        1.7362169594392445E-002
  0.51475885662288656        2.1612762921603676E-002
   3.8853277522298800E-002  -2.0566632077150596E-002
  0.28814281688497451       -1.2701386721718732E-002
  0.18947327141091586       -4.1639714671229781E-003
  0.13731692232810352       -1.2944937963955926E-003
   8.8874014002368884E-002  -5.6288340745692606E-003
  0.21310875714063701       -4.6381131940633384E-003
  0.98862952931797499       -1.8425442309917390E-003
  0.94747262515872210       -6.4994435822044718E-003
  0.95832519361507817       -1.5193500429710259E-003
  0.98013758017875807       -1.0268789279195456E-003
  0.96877377040738089       -2.8028151825057441E-004
  0.62244588976865667        5.2825112062993246E-004
  0.62656386905465256       -2.3291142227196697E-004
  0.50252801877048037       -1.0360885492778609E-003
  0.43948879726781814        2.9107282886670050E-005
  0.59099498961162256       -2.7870839953360914E-003
  0.67762791033896486        1.0504469837238101E-003
  0.72300790107013480        1.2428388263224378E-003
  0.75204040556771867       -2.6804108066335843E-004
  0.69284794661485283        5.3309663252945824E-003
  0.71240352350777814       -1.7674594537552189E-004
  0.72483562790142164        1.4058700887975260E-003
  0.77273319226268933        3.4385848994467221E-003
  0.55772281298116233        7.1561491682741601E-004
  0.64140243424653853       -1.9313477136490538E-003
  0.77227002565577374        4.6256906650562378E-004
  0.11631005978991374        8.3064049308213578E-004
  -1.2172708488534304E-002  -9.0239836387568228E-003
  -6.2706709348968964E-002   2.1763725522982606E-002
  -9.4193945929109374E-002  -7.8960665841218552E-003
  0.32437628457865919       0.14616974875789149     
  0.29562400703196712       0.13480062142992202     
  0.34129845742442400       0.13244874296649659     
  0.42560974159007892       0.12622566330818735     
  0.36627940023740513       0.13218300977472652     
  0.32034138737194240       0.13403129489593524     
  0.20098360693198231       0.16718654530471480     
  0.39669185472695001        4.4968026919053892E-003
  0.45814023389455633        4.2981282663374643E-003
  0.47827577537181792        1.4764253058574511E-003
  0.52161395441692138        7.5457911314361602E-003
  0.42343684463063863        8.4268154823119001E-004
  0.92576963404723556        4.5253359407055623E-004
  0.95156881618990796        9.6129781111855802E-004
  0.87748206188929678       -3.0777218663015225E-003
  0.92086407534022130        1.1174027867113141E-003
  0.96316632702193827        4.3087592295885479E-004
  0.90717248672963668       -2.2641791912794453E-003
  0.93933477048447778       -1.7650548315984085E-003
  0.94967489727181542        8.1385757764911872E-004
  0.92763909833429226       -4.3943034735775886E-004
  0.20565008764795642       0.13828575727672404     
  0.14692283508112544       0.13496985917050677     
  -8.6251805198293372E-003  0.17457448895407282     
  0.16728852438669828       0.13312764346030101     
   9.9287750619995369E-002  0.13731931094613789     
  0.22634201160390696       0.14286392655987321     
   7.1619123778838514E-002  -6.3980360992366920E-003
  0.35036283294235293       -2.4152062409891399E-004
  0.25336810445625813       -1.6801410417189593E-004
  0.20179572107501317        3.3360350109583664E-003
  0.14175042304083130        4.1850298004085691E-003
  0.57482274663931132        1.8039901042231622E-002
  0.62696784437869091        9.4478455624341824E-003
  0.65947999036732396        7.0401137222157381E-004
  0.60222804582910017        6.7728585436055448E-003
  0.97566023859933138        1.3401480297468547E-003
  0.98836192631781949       -2.2287743463634928E-003
  0.97968731920031582        4.6502114942599477E-003
  0.99920831741535943       -5.4593737072498264E-003
  0.96215978574262329       -2.8915610890522516E-003
  0.97414814351631773       -3.4230545147837048E-003
  0.99244349652126995       -3.1479813156236563E-003
  0.98615821595586273        1.0378312096303243E-003
  0.57346110938858541        7.8589178373334942E-004
  0.60702020579243809        8.1466062100912489E-003
  0.54934347421157559       -1.6584863994053397E-002
  0.39009363415317128       -1.3931294641972591E-003
  0.56461942312438962        5.5444735493517883E-003
  0.57289742817770828        9.1762047814772235E-003
  0.64492760508416769       -1.2828109273727184E-002
  0.43912312596409991        3.2156347579018912E-003
  0.50941227665823652       -1.6253284049114482E-003
  0.67396412400109229        7.0115968919918338E-003
  0.26762453904352235       0.15502508079457533     
  0.24118342269640825       0.15193625256534618     
  0.28888607515577763       0.14234849483706394     
  0.41618974557285277       0.14808115052818685     
  0.31160440935220424       0.15622842766649297     
  0.26998486798275728       0.16013105653987095     
  0.10143175783806976       0.12439328161424504     
   5.4063234335956875E-002  0.12268714835724899     
  -5.5143551370668079E-002  0.13250280893800487     
  -9.5395808659356235E-002  0.14929554268333578     
   7.1911776481171044E-002  0.12294461422415401     
  -9.2267284152952156E-002  0.13888483793408246     
   3.2833738612583971E-003  0.16177407630208820     
  0.20007556128053347       0.14745223535839036     
  0.59754755692655881       -9.8763709137592026E-004
  0.47823807307674920       -4.1869643802628563E-004
  0.41844382945028885        2.6979917087478181E-003
  0.56330979902256884       -2.0610140261236542E-002
  0.66051212809459336        1.2452667861203354E-003
  0.86123114075621909        1.2527483998860428E-003
  0.85781980919776502       -1.7301745083221845E-004
  0.85209930544151546       -3.1242440398636237E-003
  0.89190341941613638       -1.7347450135841900E-003
  0.77256501549686152        2.6230552523900720E-003
  0.15646828844237856        1.8930705919911962E-002
  0.23620051305254108        1.1916057871492762E-002
   1.8341429230025113E-002   2.6299998063288428E-002
  0.25052311864171262        3.0246794274645942E-002
   1.6828122388569747E-002   1.8192433725313806E-002
   6.1602995750741386E-002   2.2596442649661611E-002
  0.18147620287923694        3.6811161512725413E-002
   4.2255559591149565E-002   1.8706940296745276E-002
   2.0117243223372879E-002   5.4220707082015401E-002
   1.0389186260874927E-002   3.8172727753038857E-002
  0.97693522391822951       -1.9788785958775273E-003
  0.93406790297367726        3.0912012073850120E-003
  0.95591937776094316       -1.0990283110258188E-003
  0.94736963545828867       -6.3503376515465252E-003
  0.97375487415157669       -6.4708599269172379E-004
  0.95028125577596023       -7.8571204327096563E-004
  0.89218358594776948        9.8326762151727080E-003
   1.0497432425127691E-002   4.1619556586150374E-005
  -2.5588853965712970E-002   1.0181072196445450E-004
  -7.6321211753939758E-002   9.7886086240164469E-004
   1.0927897724413044E-002  -6.6559077245274684E-002
  0.24229745231463343        1.2596067335274474E-002
  0.14485278303335611        7.0879289311199635E-003
   8.8943220393259956E-002   6.6438648602652759E-003
   4.8263687948203113E-002  -5.4175284405365660E-003
  0.16463948992610847        2.9433060817074527E-002
  0.71739248108780818        9.9820059252443555E-003
  0.77160163530845394       -3.7000416006854219E-004
  0.67795418183936462        1.8675346546876515E-002
  0.72685644214510914        1.4043305679535661E-002
  0.69762739694944764        1.3691458398637160E-002
  0.74814448579760040       -3.2657256707119119E-003
  0.76805602003653095        3.4037502207289396E-003
  0.57558518115980706        3.1281954673396055E-002
  0.72490699963132910        1.2257620280420930E-002
  0.63118150718616661        2.5771873650454365E-003
  0.61014823978279786       -1.3529777179666987E-003
  0.53528476507294753       -1.1808690353571833E-003
  0.74872724529893842        7.4402037411422828E-004
  0.55979058699636863        7.6328347695225137E-004
  0.20616450723991078        1.0945867007753183E-002
   2.1290150663899738E-002   2.3432810183311586E-003
  -1.7186469850194074E-002  -3.2395965922499021E-004
  -6.1198215603700805E-002  -4.8797874420135490E-003
  0.94938646703376139       -3.0756226850504678E-003
  0.75737866079677008        1.0429660983790989E-003
  0.83488859595980314       -3.9392958123306140E-003
  0.86100322651993677       -2.6960714250803385E-003
  0.89753213280878541       -1.8727780249503010E-003
  0.85354680182047293       -1.1094276968550666E-003
   4.4481611009669450E-002   3.7236779886469638E-002
  -9.5747131844149014E-002   2.3331244339242788E-002
  -7.8468882784901384E-002   4.7128949035861690E-003
  -2.0432689873332729E-002  0.13561832585111258     
  -7.5786920776668654E-002  0.14488049082489490     
  -5.6397857379521722E-002  0.12712883641484735     
  0.16323905792753410        9.1890626038973619E-002
  0.21468351002789654        8.9232693140954458E-002
  0.26618438225044833        7.9305013365230340E-002
   8.0252236462899237E-002  0.10785865931896235     
  0.27573467952609881        9.8507271950027134E-002
  0.18406375171176945        8.8057338305888105E-002
   8.7523226480328314E-002  0.10911163290952455     
  0.25755366959442982       -3.3425157168294802E-003
  0.35859384268827749       -3.8818913480724538E-003
  0.10163161087183595        8.9833006876898162E-003
  0.35180864128208789       -1.3661553311033220E-002
  0.12501934694803191       -8.8073565653271145E-004
  0.11826284787343072        4.9149835120062069E-003
  0.29171405370700959       -2.4785332552559099E-003
  0.71441402722752578        5.4750847723127635E-004
  0.78610689300011960       -4.2505274616567703E-004
  0.80786803855063294       -1.3171948025796579E-003
  0.86289172646999324       -1.8023279581236178E-003
  0.81029824513679694        8.3129325865411764E-004
  0.75643044026209594        1.6411836388117915E-003
  0.92133754966624593        8.4916412160106983E-004
  0.93993611244660624       -5.4668864384596884E-005
  0.87797076884518044       -1.3352013552095448E-003
  0.98633662581580195       -4.2244938179285637E-004
  0.90945662594975984       -3.3303824079798957E-003
  0.92130974432490853        2.9710001599958600E-004
  0.94859056995142865        4.4567733278943306E-004
  0.94361235511626551       -2.3710797897497052E-003
  0.79016729964151788        9.8087097748654267E-004
  0.79714359739082952        9.4037645013731136E-004
  0.86119683100367261        1.0679193046887114E-003
  0.83271556821441317       -1.1549248023281166E-003
  0.74877666598486747        1.8992592505824720E-003
  0.45406191429247267        5.5251441139887595E-003
  0.51400462333897157        4.3041167197905104E-003
  0.53457380051848513        1.1148198628110624E-003
  0.72656336645231445       -1.3085628101525500E-003
  0.27929036772762461        6.9246880664974152E-003
  0.56599908895571160        5.5167347462069475E-003
  0.48173951710020491        2.1253009273816455E-003
  -2.9014282444948788E-002   8.2703558476082906E-002
  0.66760799372530699       -8.5020807505557317E-004
  0.66454737945044384       -1.5506346889086720E-004
  0.65989959637029094       -5.1013352026934482E-003
  0.72167620496173568       -2.5845571095877728E-003
  0.60294107069040426        4.6924016013175840E-003
  -2.5077517612905473E-002   2.4799101011279450E-002
  0.22879440854595062        8.4751966823167141E-004
  0.10903009720221868       -1.8370760649632202E-002
   6.3324159826008933E-002  -1.0370612665447969E-002
   1.9765698225664707E-002  -6.4404368176136234E-003
  0.13983811380583341        2.5476774128805581E-002
  0.38889554387740788        1.9621664489074078E-003
  0.47771679463769751       -8.6461834010806492E-004
  0.47923741638927309       -6.8462720169913715E-004
  0.59171254502968162        3.7369930714168309E-003
  0.42615667210151204        8.6660225717047866E-004
  0.73356142720069217        8.3818313049875796E-003
  0.78817211231736051        2.6070822242617044E-003
  0.69264380808524262        1.8072617873496892E-002
  0.73747017687501770        1.3724598829335260E-002
  0.71287886252172017        1.3313824791760968E-002
  0.76748636969515982        2.0056339037771636E-004
  0.78153095735486999        4.3708906987681489E-003
  0.58348690587210872        3.5249432613144997E-002
  0.73804815077691044        1.1506305277751162E-002
  0.11227312512820366        3.7478703672659777E-002
  -4.6750429897749912E-002  -2.1772687804446937E-003
  -9.0669973148096314E-002   1.0759656352642602E-003
  -1.1262348973241203E-002  -3.3462569972034603E-002
  0.68654239505296422       -5.4098435224847240E-003
  0.68716036663047630        1.0679439633908623E-003
  0.79095055846526352       -1.1953104522261194E-003
  0.75541327930781454        8.8012785027625573E-004
  0.63903148046327807        8.7154376573935952E-004
