 cosx vtec
  0.54409878981257531       -9.6162401822252549E-004
  0.58363900955352355       -3.1685733285309186E-004
  0.51082186168459276        1.2930267714109428E-003
  0.53002101792227285        7.5567409252068395E-005
  0.54848631040002649        3.9073304018642291E-003
  0.60353574885939310       -7.3190681211835254E-004
  0.59350379148097088       -5.0381838196475351E-004
  0.83818828814569568       -1.2897270245265243E-003
  0.91418241068258921       -1.5853890733796313E-003
  0.94126029145823376        2.7911010227498938E-003
  0.97033982655394468        2.5617719413499748E-004
  0.92743423396935698        1.3981685127904576E-003
  0.90311723276624600       -5.1007868414364495E-003
  0.66343815549725027       -1.4334823602417959E-004
  0.70419409698884539        9.1280395362138908E-005
  0.62679916304636440        2.6484931139093269E-003
  0.73131236900086483        2.4790802105653944E-003
  0.82489835242492560        4.0766235908728171E-004
  0.64741764920329803       -1.5515789069554193E-003
  0.66846183254776526       -3.5281456368758475E-003
  0.71764795001980852       -1.1035258684171378E-003
  0.70137620669487166        4.7901094501673130E-004
  0.57860417979078926        1.5687779507678255E-003
  0.56748414460220553        2.7623175054397550E-003
  0.57185292135009247        4.0197458449612528E-003
  0.64222519511104847       -4.7835043372671920E-004
  0.50628742463012222       -3.4377783499088652E-003
   4.0036424120230320E-002  0.24536648206127828     
   4.9123487754660633E-002  0.18116790074331321     
  0.10055208774680638       0.18711093450550123     
  -1.7691071972585903E-003  0.18987606643068172     
  0.14700225766096819       0.21150504713415480     
   8.9825770462491378E-002  0.18739092016021178     
  -2.5907631542915199E-004  0.18751340178758585     
  0.64148568479735490        1.7863194930720187E-002
  0.60313279958685140        1.9575283317887330E-002
  0.61347892948724148        3.0287222014354839E-002
  0.66219995551663824        1.6668697761839574E-002
  0.74558417847126013        1.3116161486377044E-002
  0.61627273856626619        2.5127913673000962E-002
  0.71039458676691325        1.0602088710713380E-002
  0.65932254652090694        1.3917213258329682E-002
  0.69474407299760865        1.0555076789434181E-002
  0.68714384917279725       -2.7604670143527199E-003
  0.59282802503391596       -1.1527491207212459E-004
  0.54651880043547085       -1.3811317215394021E-003
  0.49292389384690616        4.4922859168688416E-003
  0.65018731193799972       -1.2436391499969313E-003
  0.71966888644554383        2.0479110461447654E-004
  0.46232069317712327       -4.5297425071958546E-003
  0.69080300493045588        3.3594982712548912E-003
  0.61364217948627175       -1.0845568661108529E-002
  0.54350120675328906        2.4618362171800252E-002
  0.50438281383280870       -3.8686800322529163E-002
  0.64513674798529008        4.1191537438215890E-004
  0.76369998884429391        2.3041674179984772E-003
  0.81469081466864757       -2.7525199677435008E-004
  0.84285360965287714       -1.2724938539822386E-003
  0.90746374143421560       -2.9124891541573404E-003
  0.83218970629943723        1.6272398366837053E-003
  0.80411048759339088       -1.8118724865727565E-004
  -8.3287968314672889E-002  0.16537621692818413     
  -4.5384113716283037E-002  0.15838180996555629     
   1.6331303198261704E-002   5.2849905566731969E-002
  0.10423751028899758        3.8106920053663500E-002
  -8.4662522545161378E-003   6.3276848475789002E-002
   1.3408464820033328E-003  0.10519336145341916     
   3.2138300470576309E-002   5.0497807114577992E-002
  0.17178365861600020        5.3512534605510184E-002
  -7.4867100723661179E-002   7.5890816554633062E-002
  -6.8539000306086229E-002   6.5135368128468984E-002
  0.11405467557951926        6.0586009130342254E-002
   2.6494370585902843E-002   7.1904269094688437E-003
  0.11595361883354198       -4.0428397746459149E-004
   8.6737583779478405E-002   8.0264766956408590E-004
   5.9600932942873108E-002  -4.8977605447199585E-004
  -2.3012822061630939E-002  -4.6278575108834206E-003
  0.31353226193125372       -1.1004490245101013E-003
  0.34697627677273790       -8.3599036980587562E-005
  0.12125330150419900       -7.6881997226430749E-004
  0.30153510045982151       -1.8436084074217239E-004
  0.31145373254877950        8.0550389157429145E-004
  0.39569426438186306        9.8471546486337408E-004
  0.25766603002319555       -6.6271548454806327E-004
  0.49908680254877719        5.8068373183961623E-002
  0.46038390331450341        6.6928927599418278E-002
  0.47110526978320727        7.8420673010781289E-002
  0.51695320288067292        6.1524758571879119E-002
  0.65026914160450089        3.4345231023820519E-002
  0.47189178008063604        6.3733997491919478E-002
  0.58793811704454968        4.5257741978062357E-002
  0.30515006480215034       0.10812904251234406     
  0.51317546270141179        6.0545584113714725E-002
  -5.4534420397094940E-002  -1.9673738106778019E-003
   1.8202375431187495E-002   3.1601492638171458E-003
  -1.5577298624308178E-002  -3.5944424831929598E-003
  -3.6114907960194176E-002  -4.0640839485871225E-003
   7.6592280409285896E-002   4.4498150413293282E-003
  0.13930352008588415        1.7487307358282290E-002
   5.2655785811808020E-002   4.1352447010887541E-002
  -8.7166284664512372E-002   2.9894771136291815E-002
   6.3705119887550898E-002   4.3363388991551628E-002
   8.4035961021062200E-002  -3.1374722056225199E-002
  0.20359940704274992        9.1331953273705319E-003
  -2.7805317874787461E-002   3.6179897849154104E-002
   8.3093418178770140E-003   1.7362169594392445E-002
  0.20207744021352875        2.1612762921603676E-002
  -7.3335238669708369E-004  0.15621543594884907     
   8.4545550209665532E-002  0.16669204073483934     
  -6.9656647934049298E-002  0.15831919765343447     
  -4.8310341297102599E-002  0.15216228660618406     
   3.4666012689347436E-002  0.14958327736875440     
  -5.3621376866560488E-002  0.15520144799549179     
  0.35498483127298741       -2.0566632077150596E-002
  0.57820275409417987       -1.2701386721718732E-002
  0.47053968431205662       -4.1639714671229781E-003
  0.42816458620659925       -1.2944937963955926E-003
  0.39431217102808302       -5.6288340745692606E-003
  0.52301619606196992       -4.6381131940633384E-003
  0.98034673858439214       -1.8425442309917390E-003
  0.97924638673431719       -6.4994435822044718E-003
  0.99575677588379652       -1.5193500429710259E-003
  0.98726686358789795       -1.0268789279195456E-003
  0.97705681942978995       -2.8028151825057441E-004
  0.67117259860030920        5.2825112062993246E-004
  0.74131129474929047       -2.3291142227196697E-004
  0.59726159345742691       -1.0360885492778609E-003
  0.55063351020915929        2.9107282886670050E-005
  0.61722398023628888       -2.7870839953360914E-003
  0.73315087959654435        1.0504469837238101E-003
  0.44313105341134218        1.2428388263224378E-003
  0.48157246702020162       -2.6804108066335843E-004
  0.41028535066800803        5.3309663252945824E-003
  0.43007313405096437       -1.7674594537552189E-004
  0.44632015438292405        1.4058700887975260E-003
  0.50904104408860507        3.4385848994467221E-003
  0.24499735175667525        7.1561491682741601E-004
  0.34807584808077185       -1.9313477136490538E-003
  0.51344323732427222        4.6256906650562378E-004
  0.21059338405216610        1.7706911728363754E-002
  0.43694171972263174        8.3064049308213578E-004
  0.29609518800827678       -9.0239836387568228E-003
  0.25370049601619171        2.1763725522982606E-002
  0.23136401390963429       -7.8960665841218552E-003
  0.16051685106778163        8.2147199687336817E-002
  0.34794698333026786       0.14616974875789149     
  0.36143532855064814       0.13480062142992202     
  0.39982710954869927       0.13244874296649659     
  0.50833671247193857       0.12622566330818735     
  0.41018873607449613       0.13218300977472652     
  0.40470074028719255       0.13403129489593524     
  0.27923362279248631       0.16718654530471480     
  0.63500112867803615        4.4968026919053892E-003
  0.68638791860752590        4.2981282663374643E-003
  0.71648572847977210        1.4764253058574511E-003
  0.72232470523213999        7.5457911314361602E-003
  0.66931597457218139        8.4268154823119001E-004
  0.76678975433241492        4.5253359407055623E-004
  0.80920618442714221        9.6129781111855802E-004
  0.72291790748488527       -3.0777218663015225E-003
  0.81580286894656051        1.1174027867113141E-003
  0.87426641078447698        4.3087592295885479E-004
  0.74740929586354399       -2.2641791912794453E-003
  0.77163991027093426       -1.7650548315984085E-003
  0.81843405809913261        8.1385757764911872E-004
  0.80029370271407840       -4.3943034735775886E-004
  -7.7869504271853962E-002  0.13828575727672404     
  -2.4345023861792547E-002  0.14286392655987321     
  0.37668767223915084       -6.3980360992366920E-003
  0.62031571192622803       -2.4152062409891399E-004
  0.51394374233998497       -1.6801410417189593E-004
  0.47254779010669751        3.3360350109583664E-003
  0.43078102469639323        4.1850298004085691E-003
  -3.5948998458789128E-002   8.7806748522432240E-002
  -8.9323896024720295E-002   3.7410694713585532E-002
   4.7017489693623737E-004   6.2451256859090268E-002
  0.68826703119254384        1.8039901042231622E-002
  0.72984885484638973        9.4478455624341824E-003
  0.77388038906610246        7.0401137222157381E-004
  0.72741538722104293        6.7728585436055448E-003
  0.84197250551049585        1.3401480297468547E-003
  0.87755328134275790       -2.2287743463634928E-003
  0.90890724231197773        4.6502114942599477E-003
  0.93514029476432725       -5.4593737072498264E-003
  0.81693422790850656       -2.8915610890522516E-003
  0.84299412260073936       -3.4230545147837048E-003
  0.89078563462337934       -3.1479813156236563E-003
  0.88627796295458539        1.0378312096303243E-003
  0.26085331120841759        7.8589178373334942E-004
  0.30308685880715619        8.1466062100912489E-003
  0.23150343086448744       -1.6584863994053397E-002
   5.9162426733327500E-002  -1.3931294641972591E-003
  0.24888025217496046        5.5444735493517883E-003
  0.26333413690496377        9.1762047814772235E-003
  0.34718855794038866       -1.2828109273727184E-002
  0.10543947364423578        3.2156347579018912E-003
  0.19509333267726131       -1.6253284049114482E-003
  0.38298607662898765        7.0115968919918338E-003
  0.25221306714901487       0.15502508079457533     
  0.26353469737440888       0.15193625256534618     
  0.30378179378104814       0.14234849483706394     
  0.46733009317235930       0.14808115052818685     
  0.31180908134862600       0.15622842766649297     
  0.31776165635092368       0.16013105653987095     
  -9.5574747430811485E-002  0.14745223535839036     
  0.64058765118473737       -9.8763709137592026E-004
  0.56659331006309677       -4.1869643802628563E-004
  0.52242116349141943        2.6979917087478181E-003
  0.58639399050586682       -2.0610140261236542E-002
  0.70898634262031213        1.2452667861203354E-003
  0.66134364427023340        1.2527483998860428E-003
  0.64195602830529341       -1.7301745083221845E-004
  0.66043870581769593       -3.1242440398636237E-003
  0.71453234801998877       -1.7347450135841900E-003
  0.56577396708123939        2.6230552523900720E-003
  0.45488127964067693        1.8930705919911962E-002
  0.52406777074306699        1.1916057871492762E-002
  0.34774158444477110        2.6299998063288428E-002
  0.55068968213389025        3.0246794274645942E-002
  0.35189993569331246        1.8192433725313806E-002
  0.37566111887497311        2.2596442649661611E-002
  0.48747494435053906        3.6811161512725413E-002
  0.34918141149236148        1.8706940296745276E-002
  0.20303837999668012        4.3737613825485785E-002
  0.33808954390576795        5.4220707082015401E-002
  0.13321368454344584        2.2100578287264510E-002
  0.34793546636631090        3.8172727753038857E-002
  0.14970801050140395        3.4166946097695702E-002
  0.14077304328086243        3.9101947776732475E-002
  0.13554117492594325        3.1988908536078074E-002
  0.23619771215736352        1.7970343024593889E-002
  0.11102031744319463        4.5846785742042269E-002
  0.89523863992892450       -1.9788785958775273E-003
  0.93101050180144640        3.0912012073850120E-003
  0.96164306042351244       -1.0990283110258188E-003
  0.86063536994167456       -6.3503376515465252E-003
  0.94810258714349571       -6.4708599269172379E-004
  0.92823034096547208       -7.8571204327096563E-004
  0.94290386826149641        9.8326762151727080E-003
   9.9860511506023347E-002   4.4944733756782226E-003
  0.21168513208969797        4.1619556586150374E-005
  0.18254918730073999        1.0181072196445450E-004
  0.14867609657773398        9.7886086240164469E-004
   5.4155701621661251E-002   1.4547404301936036E-003
  0.33833310164371089       -6.6559077245274684E-002
  0.54839572588665364        1.2596067335274474E-002
  0.44296854357893461        7.0879289311199635E-003
  0.39702964923700357        6.6438648602652759E-003
  0.36843114988150805       -5.4175284405365660E-003
  0.48592750361874587        2.9433060817074527E-002
  0.48132704658041620        9.9820059252443555E-003
  0.54216278226970449       -3.7000416006854219E-004
  0.45309487279591720        1.8675346546876515E-002
  0.54176964343951517        1.4043305679535661E-002
  0.46566816101994152        1.3691458398637160E-002
  0.49677845660281772       -3.2657256707119119E-003
  0.55166822564633278        3.4037502207289396E-003
  0.32227310072083026        3.1281954673396055E-002
  0.51468115439300155        1.2257620280420930E-002
  0.85635062865448863        2.5771873650454365E-003
  0.84267982222747673       -1.3529777179666987E-003
  0.77086403146077032       -1.1808690353571833E-003
  0.92714232933587770        7.4402037411422828E-004
  0.80927452551940782        7.6328347695225137E-004
  0.16598638013623573        2.6846181032148721E-003
  0.47428413268646485        1.0945867007753183E-002
  0.26507503125024889        2.3432810183311586E-003
  0.23368216385674756       -3.2395965922499021E-004
  0.20360279197050205       -4.8797874420135490E-003
   6.4211766733216519E-002  -5.2858658594888007E-004
  0.93316733946228791       -3.0756226850504678E-003
  0.81762591731241752        1.0429660983790989E-003
  0.87359033717408663       -3.9392958123306140E-003
  0.90989710702010573       -2.6960714250803385E-003
  0.91342789500522803       -1.8727780249503010E-003
  0.87649458371421829       -1.1094276968550666E-003
  0.14308087156053617       -6.5629287989389468E-002
  0.37823581282682239        3.7236779886469638E-002
  0.22511664954810179        2.3331244339242788E-002
  0.17714601736722427        5.3890500421188120E-002
  0.15838393719381813       -2.5957776823408510E-002
  0.11549002201745490        1.1119219847883991E-003
  0.26447004837719656        4.7128949035861690E-003
  0.37656559888234342        9.1890626038973619E-002
  0.42124425970216578        8.9232693140954458E-002
  0.48768431150582048        7.9305013365230340E-002
  0.30993703494876856       0.10785865931896235     
  0.45822304887515808        9.8507271950027134E-002
  0.40787870936333970        8.8057338305888105E-002
  0.30744465458486081       0.10911163290952455     
  0.55820735759394191       -3.3425157168294802E-003
  0.64411414579720871       -3.8818913480724538E-003
  0.43477231759599022        8.9833006876898162E-003
  0.64845564951080670       -1.3661553311033220E-002
  0.45680148395685943       -8.8073565653271145E-004
  0.44196639347777111        4.9149835120062069E-003
  0.59719182453177677       -2.4785332552559099E-003
  0.82519769659130437        5.4750847723127635E-004
  0.87926004910545408       -4.2505274616567703E-004
  0.91007118840872403       -1.3171948025796579E-003
  0.93047439804845089       -1.8023279581236178E-003
  0.88658211842346990        8.3129325865411764E-004
  0.87568094963993104        1.6411836388117915E-003
  -6.8034733626812838E-002  0.13246439172701949     
  -3.0550526157685387E-002  0.10889889671508828     
  0.73287834381163830        8.4916412160106983E-004
  0.76683996994227832       -5.4668864384596884E-005
  0.67916533491673325       -1.3352013552095448E-003
  0.87279536362003085       -4.2244938179285637E-004
  0.71467458104505488       -3.3303824079798957E-003
  0.73450963842606620        2.9710001599958600E-004
  0.78317602802002484        4.4567733278943306E-004
  0.78082251476368758       -2.3710797897497052E-003
  0.93795003854262493        9.8087097748654267E-004
  0.95177163173377122        9.4037645013731136E-004
  0.98018249353446263        1.0679193046887114E-003
  0.95470470207880009       -1.1549248023281166E-003
  0.92238977028915459        1.8992592505824720E-003
  0.67400569806005373        5.5251441139887595E-003
  0.72358151866191855        4.3041167197905104E-003
  0.75379184188982618        1.1148198628110624E-003
  0.88147982498654742       -1.3085628101525500E-003
  0.53541681383723094        6.9246880664974152E-003
  0.75145072788776823        5.5167347462069475E-003
  0.70930727374270020        2.1253009273816455E-003
  0.17617251835321887        8.4135536254450499E-002
  0.27827846926043931        8.2703558476082906E-002
  0.10654687586084691        7.5380639790021020E-002
  0.10959940747576388        5.4533390711802091E-002
  0.11791790949106593        6.4489324284025470E-002
  0.20837980872705764        7.1651545479248444E-002
  0.10290162009962617        9.0258191014254516E-002
  0.39582349990915389       -8.5020807505557317E-004
  0.38281973538465763       -1.5506346889086720E-004
  0.39484465418614401       -5.1013352026934482E-003
  0.46704933406222249       -2.5845571095877728E-003
  0.33401713238064912        4.6924016013175840E-003
  0.28396340952994387        2.4799101011279450E-002
  0.51907186461863686        8.4751966823167141E-004
  0.38654861479875108       -1.8370760649632202E-002
  0.34920629370352757       -1.0370612665447969E-002
  0.31888155689754422       -6.4404368176136234E-003
  0.45367750590343003        2.5476774128805581E-002
  0.66137442261817181        1.9621664489074078E-003
  0.73504489943755513       -8.6461834010806492E-004
  0.74608528994210854       -6.8462720169913715E-004
  0.80308682002801257        3.7369930714168309E-003
  0.70293953233959339        8.6660225717047866E-004
  0.50846914770453999        8.3818313049875796E-003
  0.57005351958080863        2.6070822242617044E-003
  0.47964511383078279        1.8072617873496892E-002
  0.56246838972012769        1.3724598829335260E-002
  0.49235913818415639        1.3313824791760968E-002
  0.52468931483797099        2.0056339037771636E-004
  0.57716027908839740        4.3708906987681489E-003
  0.33878970724000890        3.5249432613144997E-002
  0.53984091113744026        1.1506305277751162E-002
  0.16178646249910111       -5.3442707312885435E-003
  0.42136186310364121        3.7478703672659777E-002
  0.24481414716641312       -2.1772687804446937E-003
  0.20812634251006457        1.0759656352642602E-003
  0.18474350755638580        4.2652573153633314E-002
  0.31730671710958125       -3.3462569972034603E-002
  0.88497459342176754       -5.4098435224847240E-003
  0.89299298641320113        1.0679439633908623E-003
  0.95192288841373052       -1.1953104522261194E-003
  0.91946870010238879        8.8012785027625573E-004
  0.86017148855420356        8.7154376573935952E-004
