 cosx vtec
  0.28284199303397656        3.1388095203105523E-002
  0.30625548472318675        1.1266557126342261E-002
  0.28534065820895571        1.6147304182509994E-002
  0.28536750730669297        2.6590208887822465E-002
  0.20002007844535064        2.7965496839924199E-002
  0.29216102823509671        4.8858144319178523E-002
  -7.2437631788401902E-002  -3.1685733285309186E-004
  -4.4716858448917707E-002  -7.3190681211835254E-004
  -4.2905242572422286E-002  -5.0381838196475351E-004
  0.82977697508468173       -1.2897270245265243E-003
  0.83379841289842371       -1.5853890733796313E-003
  0.86904308819764498        2.7911010227498938E-003
  0.81014725685184141        2.5617719413499748E-004
  0.79673792225905360        1.3981685127904576E-003
  0.88274264202690955       -5.1007868414364495E-003
   4.5026624176397689E-002  -1.4334823602417959E-004
   9.4322619906352656E-002   9.1280395362138908E-005
   2.7056792553229569E-002   2.6484931139093269E-003
  0.19054531649834877        2.4790802105653944E-003
  0.30101129668128046        4.0766235908728171E-004
   3.3478586466002158E-002  -1.5515789069554193E-003
   3.9074791482315463E-002  -3.5281456368758475E-003
  0.12064421405636583       -1.1035258684171378E-003
  0.11776780267338871        4.7901094501673130E-004
   7.1368453904537110E-002   1.5687779507678255E-003
  0.19539262092911089        2.7623175054397550E-003
  0.10692150011519999        4.0197458449612528E-003
  0.17405962047026402       -4.7835043372671920E-004
   5.5320630262444326E-002  -3.4377783499088652E-003
  0.20202152854344374       0.24536648206127828     
  0.32564744569252840       0.18116790074331321     
  0.34915285207840746       0.18711093450550123     
  0.31541096260116297       0.18987606643068172     
  0.33223775306464132       0.21150504713415480     
  0.38209442068131666       0.18739092016021178     
  0.29965057343791707       0.18751340178758585     
  0.16834728705944985        1.7863194930720187E-002
  0.20480773921898576        1.9575283317887330E-002
  0.31217146222188569        3.0287222014354839E-002
  0.30419233141884772        1.6668697761839574E-002
  0.40071649692697764        1.3116161486377044E-002
  0.18370727121874073        2.5127913673000962E-002
  0.29177445381274725        1.0602088710713380E-002
  0.27452148127163578        1.3917213258329682E-002
  0.43752113786708691        1.0555076789434181E-002
  0.92803523949656264       -2.7604670143527199E-003
  0.85259606610291372       -1.1527491207212459E-004
  0.84496070560866621       -1.3811317215394021E-003
  0.85386210115908256        4.4922859168688416E-003
  0.95311053157318604       -1.2436391499969313E-003
  0.98914889766103786        2.0479110461447654E-004
  0.91883913604141365       -4.5297425071958546E-003
  0.99036487830241760        3.3594982712548912E-003
  0.93779113566563765       -1.0845568661108529E-002
  0.92344890378206634        2.4618362171800252E-002
  0.92908704546421172       -3.8686800322529163E-002
  0.98468297817067296        4.1191537438215890E-004
  0.84051907009083848        2.3041674179984772E-003
  0.84986738363535519       -2.7525199677435008E-004
  0.88505761772325953       -1.2724938539822386E-003
  0.84100424574265231       -2.9124891541573404E-003
  0.82284124074909970        1.6272398366837053E-003
  0.88056241939517632       -1.8118724865727565E-004
  0.47838178599243608       0.16537621692818413     
  0.46612608782257797       0.15934392381651821     
  0.47932299859888428        2.5444023499378923E-002
  0.45764046617288617       0.16245428121964881     
  0.52752753757201853       0.15838180996555629     
  0.44344646411596778       0.16540010551223430     
  0.18716446210313897       0.19077796878947312     
  0.19832246573154838       0.19748407119543368     
  0.18077849082289477       0.19677924073786038     
  0.16761321581044913       0.19784547479312053     
  0.49060109655994422        7.1904269094688437E-003
  0.48974278221229361       -4.0428397746459149E-004
  0.48242413637193049        8.0264766956408590E-004
  0.48946079468805626       -4.8977605447199585E-004
  0.37729287185248744       -4.6278575108834206E-003
   3.3365180633597114E-002   5.8068373183961623E-002
   7.5117214271379934E-002   6.6928927599418278E-002
  0.17006799862205624        7.8420673010781289E-002
  0.16653669310700950        6.1524758571879119E-002
  0.31927689554211258        3.4345231023820519E-002
   5.4247749210982382E-002   6.3733997491919478E-002
  0.16344178638399229        4.5257741978062357E-002
  0.13591888878955724        6.0545584113714725E-002
  0.50299500008282283       -1.9673738106778019E-003
  0.51301946291951039        3.1601492638171458E-003
  0.50182216261643409       -3.5944424831929598E-003
  0.50499608695164167       -4.0640839485871225E-003
  0.39250995854634946        8.8320842817718771E-003
  0.30602653922750400        7.7012684142695968E-003
  0.32070574495538784        2.1670522914370286E-003
  0.30539293028235709        1.8489583781809297E-003
  0.30753350386222339        4.0539128396376491E-003
  0.22341892434270622        1.1603254861881261E-002
  0.50708714510378905       0.15621543594884907     
  0.54907113015817555       0.16669204073483934     
  0.50061976077371773       0.15831919765343447     
  0.48994281686593949       0.15216228660618406     
  0.55311883406739137       0.14958327736875440     
  0.47560246638630266       0.15520144799549179     
  0.82583286107961673       -2.0566632077150596E-002
  0.92252939758932062       -1.2701386721718732E-002
  0.83535502472558809       -4.1639714671229781E-003
  0.82607938319179586       -1.2944937963955926E-003
  0.83140494643575624       -5.6288340745692606E-003
  0.92381003270469342       -4.6381131940633384E-003
  0.62430931673145285       -1.8425442309917390E-003
  0.69887280606062541       -6.4994435822044718E-003
  0.72028242160322198       -1.5193500429710259E-003
  0.65779133199937301       -1.0268789279195456E-003
  0.65329556921047605       -2.8028151825057441E-004
  0.52965304612820241        5.2825112062993246E-004
  0.69951118792269107       -2.3291142227196697E-004
  0.56787568943906708       -1.0360885492778609E-003
  0.56828422133751244        2.9107282886670050E-005
  0.45215870786845552       -2.7870839953360914E-003
  0.58287928638568887        1.0504469837238101E-003
  0.75805375401235808        1.7706911728363754E-002
  0.88778385248797864        8.3064049308213578E-004
  0.77261653603167413       -9.0239836387568228E-003
  0.76024226374075576        2.1763725522982606E-002
  0.76286095371632623       -7.8960665841218552E-003
  0.75137644389689029        8.2147199687336817E-002
  0.41781654041688843       0.17979436456887404     
  0.39542287344091454       0.16086609414302988     
  0.40531760240546216       0.16159190962225733     
  0.38898140046649821       0.16379153790527184     
  0.47453901337573312       0.16523917677199620     
  0.37473260076715231       0.16719070424129434     
  0.27140468100283044       0.14616974875789149     
  0.35959497558400633       0.13480062142992202     
  0.37096648893220674       0.13244874296649659     
  0.48726906323549046       0.12622566330818735     
  0.35025423296546154       0.13218300977472652     
  0.42269336306302413       0.13403129489593524     
  0.32931872263249207       0.16718654530471480     
  0.86234247022515786        4.4968026919053892E-003
  0.87697321210385282        4.2981282663374643E-003
  0.91534110188013906        1.4764253058574511E-003
  0.84867677606997882        7.5457911314361602E-003
  0.89896657015639780        8.4268154823119001E-004
  0.20170201470306676        4.5253359407055623E-004
  0.26061758288831605        9.6129781111855802E-004
  0.18136555012152938       -3.0777218663015225E-003
  0.33502701087636944        1.1174027867113141E-003
  0.40355966673932742        4.3087592295885479E-004
  0.18758017576833680       -2.2641791912794453E-003
  0.18848892340045148       -1.7650548315984085E-003
  0.28754278227711511        8.1385757764911872E-004
  0.28302354563027987       -4.3943034735775886E-004
  0.81920673528335697       -6.3980360992366920E-003
  0.91222776953550000       -2.4152062409891399E-004
  0.82517495077814551       -1.6801410417189593E-004
  0.81728109708359631        3.3360350109583664E-003
  0.82437218216944219        4.1850298004085691E-003
  0.59928554325336292        8.7806748522432240E-002
  0.55243502784228460        4.9557197440978550E-002
  0.56332684103693509        3.7410694713585532E-002
  0.55797721658004451        4.7976232722304335E-002
  0.54861167600916383        6.5191784758076146E-002
  0.64233258766696866        6.2451256859090268E-002
  0.52592591637248587        8.2339747719577638E-002
  0.66243990052272705        1.8039901042231622E-002
  0.66972804626239002        9.4478455624341824E-003
  0.72011695647759555        7.0401137222157381E-004
  0.71006190210318265        6.7728585436055448E-003
  0.29830775596336667        1.3401480297468547E-003
  0.36453007776653967       -2.2287743463634928E-003
  0.46022402162859871        4.6502114942599477E-003
  0.48996096572371883       -5.4593737072498264E-003
  0.26028116390589484       -2.8915610890522516E-003
  0.30373639039086991       -3.4230545147837048E-003
  0.39036472934100991       -3.1479813156236563E-003
  0.39076336761022917        1.0378312096303243E-003
  0.13565629081030808       0.15502508079457533     
  0.21401670825312447       0.15193625256534618     
  0.22627427206353562       0.14234849483706394     
  0.40114046069683351       0.14808115052818685     
  0.20390357564864420       0.15622842766649297     
  0.29719517604197732       0.16013105653987095     
  0.25666072552614416       0.20000990441896402     
  0.23740581855725834       0.18849306004408550     
  0.25175138323498886       0.20000520977718561     
  0.22883657668539287       0.19102871679253400     
  0.21602901511144429       0.19544743668399317     
   4.1370293114157963E-003  0.21606207179078721     
   1.6664326703625165E-002  0.22397928138036893     
  -2.0527619516443885E-003  0.21680856679272215     
  -1.5338580731732887E-002  0.23013724365828847     
  0.49900280057267093       -9.8763709137592026E-004
  0.53587103595621921       -4.1869643802628563E-004
  0.53639965424922598        2.6979917087478181E-003
  0.42612557269842533       -2.0610140261236542E-002
  0.55385967990490270        1.2452667861203354E-003
   5.5995785326724612E-002   1.2527483998860428E-003
   1.3315825057860942E-002  -1.7301745083221845E-004
   7.0866637209167915E-002  -3.1242440398636237E-003
  0.13302928200145869       -1.7347450135841900E-003
  -1.9357323107350555E-002   2.6230552523900720E-003
  0.85773563034213940        1.8930705919911962E-002
  0.88307440813210747        1.1916057871492762E-002
  0.84604198128808150        2.6299998063288428E-002
  0.92356575996035828        3.0246794274645942E-002
  0.85941538269947670        1.8192433725313806E-002
  0.83543157407157786        2.2596442649661611E-002
  0.89326618055275653        3.6811161512725413E-002
  0.80474388781060602        1.8706940296745276E-002
  0.75706620978809269        4.3737613825485785E-002
  0.81826471835174031        5.4220707082015401E-002
  0.73497094718999256        2.2100578287264510E-002
  0.86147823556278780        3.8172727753038857E-002
  0.74842343564943636        3.4166946097695702E-002
  0.74248319255605533        3.9101947776732475E-002
  0.72823154256535116        3.1988908536078074E-002
  0.79454133468047572        1.7970343024593889E-002
  0.70280639909983922        4.5846785742042269E-002
  0.43078615302370621       -1.9788785958775273E-003
  0.60192789606182906        3.0912012073850120E-003
  0.63842491746416585       -1.0990283110258188E-003
  0.39873272893927386       -6.3503376515465252E-003
  0.57061946732145430       -6.4708599269172379E-004
  0.56441714591126158       -7.8571204327096563E-004
  0.71075972379174213        9.8326762151727080E-003
  0.52328634267509233        4.4944733756782226E-003
  0.51627684555481990        4.1619556586150374E-005
  0.51032207811863739        1.0181072196445450E-004
  0.51989804656261451        9.7886086240164469E-004
  0.39180788357034180        1.4547404301936036E-003
  0.83615174843645068       -6.6559077245274684E-002
  0.93321645474105774        1.2596067335274474E-002
  0.84940153341497393        7.0879289311199635E-003
  0.83815577727008472        6.6438648602652759E-003
  0.84219434824419115       -5.4175284405365660E-003
  0.92099059284113738        2.9433060817074527E-002
  0.14573793819240960       0.16996716393424466     
  0.15364290973881034       0.16878339842997775     
  0.14253875470671595       0.17779457800968479     
  0.12818057906146640       0.19331008144297543     
  -7.7332378668138912E-002  -3.7000416006854219E-004
   5.7656142441687708E-003   1.4043305679535661E-002
  -4.6600174382030179E-002   3.4037502207289396E-003
  -5.9161093662207842E-002   1.2257620280420930E-002
  0.98212268298652150        2.5771873650454365E-003
  0.98703659850837466       -1.3529777179666987E-003
  0.94588994365026857       -1.1808690353571833E-003
  0.94045983511393727        7.4402037411422828E-004
  0.99709284791910746        7.6328347695225137E-004
  0.62957750352627573        2.6846181032148721E-003
  0.81346703857629832        1.0945867007753183E-002
  0.63118113922051200        2.3432810183311586E-003
  0.62400400185441818       -3.2395965922499021E-004
  0.63055538447999149       -4.8797874420135490E-003
  0.47146744865521373       -5.2858658594888007E-004
  0.57859971756358752       -3.0756226850504678E-003
  0.64689520555602908        1.0429660983790989E-003
  0.64293106200921568       -3.9392958123306140E-003
  0.68578357843445359       -2.6960714250803385E-003
  0.62607196023575673       -1.8727780249503010E-003
  0.61521891571906706       -1.1094276968550666E-003
  0.72968999357684439       -6.5629287989389468E-002
  0.87412860563209605        3.7236779886469638E-002
  0.74996110668006266        2.3331244339242788E-002
  0.73366498309491268        5.3890500421188120E-002
  0.73468020111341537       -2.5957776823408510E-002
  0.72408097212744760        1.1119219847883991E-003
  0.81713492334069637        4.7128949035861690E-003
  0.31565164374401489        8.2660410074114427E-002
  0.36039152431501337        5.3228857593158180E-002
  0.32416112695109700        7.3020605151964693E-002
  0.31990402151648423        7.8166746204510071E-002
  0.21639276597918389        9.1071406014058096E-002
  0.31676330958733362        9.4915412526753465E-002
  0.29461821539620348       0.12187381817133008     
  0.32831590368129571        9.4451464532240188E-003
  0.33709470562985733        1.1453759532210719E-003
  0.32499555402117303        3.0972946582373577E-004
  0.32881759752698136        4.0459565148590155E-003
  0.24359899715256964       -2.9440414659286200E-003
  0.64670848323225849        9.1890626038973619E-002
  0.66315487893392022        8.9232693140954458E-002
  0.73459701520673115        7.9305013365230340E-002
  0.63396324560830464       0.10785865931896235     
  0.64204979257187156        9.8507271950027134E-002
  0.68685843947270386        8.8057338305888105E-002
  0.61398732576876403       0.10911163290952455     
  0.92938806860140233       -3.3425157168294802E-003
  0.95701828067067440       -3.8818913480724538E-003
  0.90987719369577991        8.9833006876898162E-003
  0.98076336120380725       -1.3661553311033220E-002
  0.92170243460106127       -8.8073565653271145E-004
  0.89683673184374235        4.9149835120062069E-003
  0.96389968157633144       -2.4785332552559099E-003
  0.74681472148213757        5.4750847723127635E-004
  0.74896688871423733       -4.2505274616567703E-004
  0.78608585570412282       -1.3171948025796579E-003
  0.73433788891999041       -1.8023279581236178E-003
  0.72204214885718121        8.3129325865411764E-004
  0.79567777792509453        1.6411836388117915E-003
  0.55122202603867576       0.13246439172701949     
  0.52567314118696395       0.11013581044319495     
  0.54913444468433870       0.11128465476742398     
  0.53340021357446277       0.11089543821439511     
  0.52015634120201593       0.11116968048219136     
  0.59847200646239473       0.10889889671508828     
  0.50303483074932576       0.12766311865842941     
  0.12416490379928463        8.4916412160106983E-004
  0.17520489475476941       -5.4668864384596884E-005
   6.9661679833028567E-002  -1.3352013552095448E-003
  0.35628892715780036       -4.2244938179285637E-004
  0.10040019147501095       -3.3303824079798957E-003
  0.12834774366987661        2.9710001599958600E-004
  0.20030418579950315        4.4567733278943306E-004
  0.20370086455579917       -2.3710797897497052E-003
  0.88994408894608013        9.8087097748654267E-004
  0.91183044012577330        9.4037645013731136E-004
  0.86338856532885266        1.0679193046887114E-003
  0.85240379813261336       -1.1549248023281166E-003
  0.92833305278180145        1.8992592505824720E-003
  0.85328506302137064        5.5251441139887595E-003
  0.86616000383177860        4.3041167197905104E-003
  0.90399781888652919        1.1148198628110624E-003
  0.86649278312670031       -1.3085628101525500E-003
  0.83082875708531589        6.9246880664974152E-003
  0.83900968710671686        5.5167347462069475E-003
  0.89065491153738841        2.1253009273816455E-003
  0.71273352131406753        8.4135536254450499E-002
  0.75915482637264564        8.2703558476082906E-002
  0.69793089192263413        7.5380639790021020E-002
  0.70760806251186303        5.4533390711802091E-002
  0.69046705776903516        6.4489324284025470E-002
  0.75157720551339069        7.1651545479248444E-002
  0.67024816344438198        9.0258191014254516E-002
  0.25433697959817142       0.22177906897442204     
  0.22863430806341106       0.19590597892690828     
  0.24069572805299677       0.20224077677783442     
  0.22143811038387262       0.19946131417052668     
  0.33149519666278338       0.21899558070053621     
  0.20842372419300237       0.20788173597004292     
  0.76615090260727881        2.4799101011279450E-002
  0.88434325334053854        8.4751966823167141E-004
  0.77386588702391412       -1.8370760649632202E-002
  0.76521087557836298       -1.0370612665447969E-002
  0.77028907687904313       -6.4404368176136234E-003
  0.88594207293676130        2.5476774128805581E-002
  0.94377426554331567        1.9621664489074078E-003
  0.96338511207492650       -8.6461834010806492E-004
  0.98848252782767676       -6.8462720169913715E-004
  0.92143137116979423        3.7369930714168309E-003
  0.97899280266497635        8.6660225717047866E-004
  -9.1155449994759608E-002   8.3818313049875796E-003
  -3.7852863216528698E-002   2.6070822242617044E-003
  -8.7240495889204739E-002   1.8072617873496892E-002
   3.8229382804585932E-002   1.3724598829335260E-002
  -9.3076918978070522E-002   1.3313824791760968E-002
  -7.3766280483212876E-003   4.3708906987681489E-003
  -2.0151639290488410E-002   1.1506305277751162E-002
  0.69713316851260188       -5.3442707312885435E-003
  0.85592122648054669        3.7478703672659777E-002
  0.70775324279594176       -2.1772687804446937E-003
  0.69739820239087080        1.0759656352642602E-003
  0.70080822376957774        4.2652573153633314E-002
  0.82461509636791985       -3.3462569972034603E-002
  0.95055667008959976       -5.4098435224847240E-003
  0.96969854701005498        1.0679439633908623E-003
  0.92385254139632877       -1.1953104522261194E-003
  0.90846389040985653        8.8012785027625573E-004
  0.97704431590745811        8.7154376573935952E-004
