 cosx vtec
  0.98581043928972423       -9.6162401822252549E-004
  0.99430890010878248       -3.1685733285309186E-004
  0.95803292234454207        1.2930267714109428E-003
  0.97766397170835972        7.5567409252068395E-005
  0.99212848141561727        3.9073304018642291E-003
  0.99222639968197468       -7.3190681211835254E-004
  0.97446044519643460       -5.0381838196475351E-004
  0.31509977270872258       -1.2897270245265243E-003
  0.42853307415487074       -1.5853890733796313E-003
  0.42865580919203594        2.7911010227498938E-003
  0.54408485216739844        2.5617719413499748E-004
  0.49331622365429911        1.3981685127904576E-003
  0.35298925288180305       -5.1007868414364495E-003
  0.97846588128338541       -1.4334823602417959E-004
  0.98312218923139150        9.1280395362138908E-005
  0.94288134039086091        2.6484931139093269E-003
  0.91063698613269239        2.4790802105653944E-003
  0.92458269865777132        4.0766235908728171E-004
  0.96730481389113476       -1.5515789069554193E-003
  0.99337445316437933       -3.5281456368758475E-003
  0.97268381416613281       -1.1035258684171378E-003
  0.95079744954698930        4.7901094501673130E-004
  0.81509467687830173        1.5687779507678255E-003
  0.64998872737066105        2.7623175054397550E-003
  0.76222111307237483        4.0197458449612528E-003
  0.79168883766682607       -4.7835043372671920E-004
  0.72171483182409091       -3.4377783499088652E-003
  0.79734605772377765        1.7863194930720187E-002
  0.69422768702626114        1.9575283317887330E-002
  0.58237230520759897        3.0287222014354839E-002
  0.66767792228964207        1.6668697761839574E-002
  0.68236772102380738        1.3116161486377044E-002
  0.73981636118165228        2.5127913673000962E-002
  0.75745450692491345        1.0602088710713380E-002
  0.69856181081911461        1.3917213258329682E-002
  0.55941249646679370        1.0555076789434181E-002
  -3.6983293765607661E-002  -2.7604670143527199E-003
  -9.3807759566619908E-002  -1.1527491207212459E-004
  -5.9215740954313645E-002   2.0479110461447654E-004
  0.18641462306617179        2.3041674179984772E-003
  0.25460137769532154       -2.7525199677435008E-004
  0.25647682008679623       -1.2724938539822386E-003
  0.40949310340647482       -2.9124891541573404E-003
  0.31403332250795413        1.6272398366837053E-003
  0.20156039210942550       -1.8118724865727565E-004
  0.75720009945037137        5.2849905566731969E-002
  0.82062979560665916        3.8106920053663500E-002
  0.72001324162289115        6.3276848475789002E-002
  0.64530112440513465        7.0919116972806243E-002
  0.73984802152759999       0.10519336145341916     
  0.77970402409287809        5.0497807114577992E-002
  0.56187280426738040       0.10388572255787835     
  0.84826097516833432        5.3512534605510184E-002
  0.68407938052355588        7.5890816554633062E-002
  0.72018280886802311        6.5135368128468984E-002
  0.77925966428682114        6.0586009130342254E-002
  0.86767091116335027       -1.1004490245101013E-003
  0.86569929896436582       -8.3599036980587562E-005
  0.75021369325537857       -7.6881997226430749E-004
  0.88509201039472196       -1.8436084074217239E-004
  0.84839550768629590        8.0550389157429145E-004
  0.89339431793922153        9.8471546486337408E-004
  0.80990725770251326       -6.6271548454806327E-004
  0.73667813864285514        5.8068373183961623E-002
  0.62670898158172994        6.6928927599418278E-002
  0.53023052841196439        7.8420673010781289E-002
  0.60576569471502217        6.1524758571879119E-002
  0.63113978780570912        3.4345231023820519E-002
  0.66948331914108605        6.3733997491919478E-002
  0.71988698066626600        4.5257741978062357E-002
  0.59845769268025018       0.10812904251234406     
  0.63637745263391432        6.0545584113714725E-002
   8.1633901803596975E-002   5.5964969898950119E-002
  -6.4496373168552834E-002  0.13555866064375602     
  -6.5653487572623292E-002   9.3728464902475037E-002
  0.81208204814465179        4.4498150413293282E-003
  0.84810151155126712        1.7487307358282290E-002
  0.78703170828930580        4.1352447010887541E-002
  0.70661634231382497        2.9894771136291815E-002
  0.80214974788757565        4.3363388991551628E-002
  0.81720618190003724       -3.1374722056225199E-002
  0.60331153447393537        4.4487769866509388E-002
  0.88022208867434304        9.1331953273705319E-003
  0.74185393867839200        3.6179897849154104E-002
  0.76744804824721702        1.7362169594392445E-002
  0.85752095289353780        2.1612762921603676E-002
   5.1533330957679202E-002   3.9713315750270527E-003
   3.2731730496400713E-002   1.5067994553094507E-004
  0.15954822641252681       -6.6718014027117778E-004
  -1.9635306352393356E-002   4.4953568808341338E-003
   8.0486041728588587E-002  -1.1062818537919612E-003
  -1.7917712149415260E-002  -4.5443046438902509E-003
  0.78112587545005008       -1.8425442309917390E-003
  0.69055272586084726       -6.4994435822044718E-003
  0.69072334488861609       -1.5193500429710259E-003
  0.75198936668152150       -1.0268789279195456E-003
  0.74146319951945827       -2.8028151825057441E-004
  0.41294326060373343        5.2825112062993246E-004
  0.31963064870823810       -2.3291142227196697E-004
  0.25240617914021701       -1.0360885492778609E-003
  0.17937889135324081        2.9107282886670050E-005
  0.42136826730221272       -2.7870839953360914E-003
  0.44593178399396460        1.0504469837238101E-003
  0.97155287941577906        1.2428388263224378E-003
  0.98038125365696172       -2.6804108066335843E-004
  0.95201890122204125        5.3309663252945824E-003
  0.96689097626910381       -1.7674594537552189E-004
  0.97098440263608987        1.4058700887975260E-003
  0.98657184122127195        3.4385848994467221E-003
  0.89100536689079046        7.1561491682741601E-004
  0.92773729811176064       -1.9313477136490538E-003
  0.97909888131600609        4.6256906650562378E-004
  0.21786189718421600       0.14616974875789149     
  0.13374493663532086       0.13480062142992202     
  0.17991990185843032       0.13244874296649659     
  0.21012686229171068       0.12622566330818735     
  0.22072363614700952       0.13218300977472652     
  0.12585623723812359       0.13403129489593524     
   4.1943620464702930E-002  0.16718654530471480     
  -3.9813370989157548E-002   4.4968026919053892E-003
   2.2694041491267358E-002   4.2981282663374643E-003
   2.3792850007517463E-002   1.4764253058574511E-003
  0.11232413461694923        7.5457911314361602E-003
  -3.0075851400009068E-002   8.4268154823119001E-004
  0.95253396339977914        4.5253359407055623E-004
  0.94830937297110351        9.6129781111855802E-004
  0.90851754216936331       -3.0777218663015225E-003
  0.86989428913714262        1.1174027867113141E-003
  0.87917337346324831        4.3087592295885479E-004
  0.93921307532012777       -2.2641791912794453E-003
  0.97582621536808256       -1.7650548315984085E-003
  0.93057719256765070        8.1385757764911872E-004
  0.90774162661550251       -4.3943034735775886E-004
  0.57444528279651619       0.13828575727672404     
  0.49716016943395419       0.13496985917050677     
  0.37127870368024468       0.17457448895407282     
  0.52726374522479957       0.13312764346030101     
  0.47032851345073889       0.13731931094613789     
  0.54254275566393928       0.14286392655987321     
  0.28128826574371019        1.8039901042231622E-002
  0.33729242422408812        9.4478455624341824E-003
  0.34574216494775389        7.0401137222157381E-004
  0.28543860327707693        6.7728585436055448E-003
  0.95436731917581719        1.3401480297468547E-003
  0.93080048893486744       -2.2287743463634928E-003
  0.86553499088123642        4.6502114942599477E-003
  0.87090726482798619       -5.4593737072498264E-003
  0.96073300260152372       -2.8915610890522516E-003
  0.94948707862433979       -3.4230545147837048E-003
  0.92059783700051556       -3.1479813156236563E-003
  0.91311006635590219        1.0378312096303243E-003
  0.90307557619620993        7.8589178373334942E-004
  0.91649871946681660        8.1466062100912489E-003
  0.89196441734954779       -1.6584863994053397E-002
  0.78722803549332387       -1.3931294641972591E-003
  0.90077572604103318        5.5444735493517883E-003
  0.89818633871805797        9.1762047814772235E-003
  0.93692998060450439       -1.2828109273727184E-002
  0.82939001446794136        3.2156347579018912E-003
  0.85575595719232955       -1.6253284049114482E-003
  0.94963246199311024        7.0115968919918338E-003
  0.23070499744238024       0.15502508079457533     
  0.15493201818969426       0.15193625256534618     
  0.20293738791483074       0.14234849483706394     
  0.24897596028102534       0.14808115052818685     
  0.24208598790691610       0.15622842766649297     
  0.14016595083575045       0.16013105653987095     
  0.55461394267228814       0.12439328161424504     
  0.49574560236546328       0.12268714835724899     
  0.43428041424695502       0.13250280893800487     
  0.36872254040650493       0.14929554268333578     
  0.52139701689505669       0.12294461422415401     
  0.38895990819089032       0.13888483793408246     
  0.46177625040823467       0.16177407630208820     
  0.58784299265723294       0.14745223535839036     
  0.40188907042100119       -9.8763709137592026E-004
  0.24283646170143428       -4.1869643802628563E-004
  0.17348681963928680        2.6979917087478181E-003
  0.40443040108645323       -2.0610140261236542E-002
  0.44292265910852191        1.2452667861203354E-003
  0.96213486316497010        1.2527483998860428E-003
  0.98283708360162569       -1.7301745083221845E-004
  0.94300463777846510       -3.1242440398636237E-003
  0.95307684883510202       -1.7347450135841900E-003
  0.90325718011919465        2.6230552523900720E-003
  0.87935310653718413       -1.9788785958775273E-003
  0.73104545655258224        3.0912012073850120E-003
  0.73520580052078577       -1.0990283110258188E-003
  0.86371975937864398       -6.3503376515465252E-003
  0.79494795268055352       -6.4708599269172379E-004
  0.77142386532644769       -7.8571204327096563E-004
  0.61984752838197665        9.8326762151727080E-003
  0.90313685696931079        9.9820059252443555E-003
  0.93561667873157162       -3.7000416006854219E-004
  0.85607704708094357        1.8675346546876515E-002
  0.83597273198462085        1.4043305679535661E-002
  0.88175949031352507        1.3691458398637160E-002
  0.94942564282881814       -3.2657256707119119E-003
  0.91377930837044186        3.4037502207289396E-003
  0.81804327060745452        3.1281954673396055E-002
  0.87120716230497197        1.2257620280420930E-002
  0.16179681373125110        2.5771873650454365E-003
  0.13467263847214278       -1.3529777179666987E-003
   7.1983777832553331E-002  -1.1808690353571833E-003
  0.32158099516745275        7.4402037411422828E-004
   7.0718652313283892E-002   7.6328347695225137E-004
  0.76220234067132442       -3.0756226850504678E-003
  0.50106040845806998        1.0429660983790989E-003
  0.59284987017786972       -3.9392958123306140E-003
  0.59826353553620393       -2.6960714250803385E-003
  0.67491800171545968       -1.8727780249503010E-003
  0.63039412542293016       -1.1094276968550666E-003
  -1.3991386146149087E-002   9.8461162684642806E-002
  -8.3615120197654602E-002  0.13174878465105111     
  0.15470058403315989        7.6485740926834231E-002
  -4.2289428566834708E-002  0.10454917800673171     
   1.4114594796047542E-002  0.11888509311478077     
   2.3815725173955582E-002   9.7090992999645923E-002
  -5.8591502811577378E-002  0.10509869906497141     
  -9.9542227389677440E-002  0.24900590984499346     
  -5.1198975591447704E-003  0.27576256098499924     
  0.45811808152477373       0.13561832585111258     
  0.38912261843292661       0.14488049082489490     
  0.32863135830903945       0.14099650179983431     
  0.27290470468903666       0.14005128467219471     
  0.41736410847303046       0.12712883641484735     
  0.29170915514223583       0.14563795754615758     
  0.35052320560329986       0.14434854905661090     
  -5.2296646150993997E-002   9.8507271950027134E-002
  0.39376056387655545        5.4750847723127635E-004
  0.47530179884807666       -4.2505274616567703E-004
  0.47899875914431217       -1.3171948025796579E-003
  0.57241134294361407       -1.8023279581236178E-003
  0.51878057164954838        8.3129325865411764E-004
  0.41406583878398562        1.6411836388117915E-003
  0.99218230549407993        8.4916412160106983E-004
  0.98419012282284546       -5.4668864384596884E-005
  0.97357411246805226       -1.3352013552095448E-003
  0.93321990395656773       -4.2244938179285637E-004
  0.99218395988607921       -3.3303824079798957E-003
  0.98973523490642934        2.9710001599958600E-004
  0.97969234683186301        4.4567733278943306E-004
  0.97198292616745052       -2.3710797897497052E-003
  0.39859712731589991        9.8087097748654267E-004
  0.39401657109592092        9.4037645013731136E-004
  0.49594680287854820        1.0679193046887114E-003
  0.46940153230646814       -1.1549248023281166E-003
  0.32863946236190217        1.8992592505824720E-003
   3.1661163094713507E-002   5.5251441139887595E-003
   9.3443689732871760E-002   4.3041167197905104E-003
   9.5349256405291904E-002   1.1148198628110624E-003
  0.33869325049650645       -1.3085628101525500E-003
  0.16915696896481391        5.5167347462069475E-003
   4.2045013138351295E-002   2.1253009273816455E-003
  0.91662917228103091       -8.5020807505557317E-004
  0.92878435024626982       -1.5506346889086720E-004
  0.90079515733547222       -5.1013352026934482E-003
  0.93360400722596215       -2.5845571095877728E-003
  0.86214538418818365        4.6924016013175840E-003
  -9.5830444516067259E-002   1.9621664489074078E-003
  -4.5908277885063908E-003  -8.6461834010806492E-004
  -1.7324964925540309E-002  -6.8462720169913715E-004
  0.15126212815628826        3.7369930714168309E-003
  -7.3138432477664161E-002   8.6660225717047866E-004
  0.89967238470708633        8.3818313049875796E-003
  0.93195710806782961        2.6070822242617044E-003
  0.85016448885447637        1.8072617873496892E-002
  0.82948545131032747        1.3724598829335260E-002
  0.87689957718310596        1.3313824791760968E-002
  0.95194395499595197        2.0056339037771636E-004
  0.90669310025993277        4.3708906987681489E-003
  0.81159560656799301        3.5249432613144997E-002
  0.86385913718048657        1.1506305277751162E-002
  0.24394670587727557       -5.4098435224847240E-003
  0.23360871009273804        1.0679439633908623E-003
  0.37992450237151087       -1.1953104522261194E-003
  0.34777422955050852        8.8012785027625573E-004
  0.17379317857289661        8.7154376573935952E-004
