 cosx vtec
  0.39164723095699711       -9.6162401822252549E-004
  0.43442163222678143       -3.1685733285309186E-004
  0.36032378752014221        1.2930267714109428E-003
  0.37757874070278824        7.5567409252068395E-005
  0.39517520872602924        3.9073304018642291E-003
  0.45738727631554799       -7.3190681211835254E-004
  0.45007320424594044       -5.0381838196475351E-004
  0.87615784231939053       -1.2897270245265243E-003
  0.93635716183884465       -1.5853890733796313E-003
  0.96694131402976680        2.7911010227498938E-003
  0.97365054999336764        2.5617719413499748E-004
  0.93665341049561945        1.3981685127904576E-003
  0.94097219675612442       -5.1007868414364495E-003
  0.52822715402783238       -1.4334823602417959E-004
  0.57324689338584633        9.1280395362138908E-005
  0.49487255218332910        2.6484931139093269E-003
  0.62033559199317034        2.4790802105653944E-003
  0.72297479513358998        4.0766235908728171E-004
  0.51264572600154878       -1.5515789069554193E-003
  0.53052700175758050       -3.5281456368758475E-003
  0.59082287530703448       -1.1035258684171378E-003
  0.57738864734998852        4.7901094501673130E-004
  0.46935424387435420        1.5687779507678255E-003
  0.49420934817073708        2.7623175054397550E-003
  0.47370730302259184        4.0197458449612528E-003
  0.54658448445970897       -4.7835043372671920E-004
  0.40876649698561618       -3.4377783499088652E-003
   8.5718644396138605E-002  0.24536648206127828     
  0.12618449463085751       0.18116790074331321     
  0.17253879674062089       0.18711093450550123     
   8.3831711594774094E-002  0.18987606643068172     
  0.20410102440036826       0.21150504713415480     
  0.17309432196200214       0.18739092016021178     
   8.0748659903692427E-002  0.18751340178758585     
  0.54446606862768676        1.7863194930720187E-002
  0.52448256031261131        1.9575283317887330E-002
  0.56153458112157162        3.0287222014354839E-002
  0.59727726064720343        1.6668697761839574E-002
  0.68821454101518376        1.3116161486377044E-002
  0.52900335633816631        2.5127913673000962E-002
  0.63141135644877200        1.0602088710713380E-002
  0.58702349488995986        1.3917213258329682E-002
  0.65861068175273974        1.0555076789434181E-002
  0.78521045918362908       -2.7604670143527199E-003
  0.69146598386750691       -1.1527491207212459E-004
  0.65338111972256829       -1.3811317215394021E-003
  0.61409638266978317        4.4922859168688416E-003
  0.76323743162308744       -1.2436391499969313E-003
  0.82702021668782666        2.0479110461447654E-004
  0.60784477395929171       -4.5297425071958546E-003
  0.80489504229129460        3.3594982712548912E-003
  0.73067185141822999       -1.0845568661108529E-002
  0.67223732605595599        2.4618362171800252E-002
  0.64333175415603272       -3.8686800322529163E-002
  0.76783804279548162        4.1191537438215890E-004
  0.82111819319603052        2.3041674179984772E-003
  0.86330744851931551       -2.7525199677435008E-004
  0.89472080693670231       -1.2724938539822386E-003
  0.93307761062791150       -2.9124891541573404E-003
  0.86961809497597864        1.6272398366837053E-003
  0.86336963624239327       -1.8118724865727565E-004
   6.4447635366742417E-002  0.16537621692818413     
   1.2335557409777320E-002  0.15934392381651821     
   1.5114281136250463E-002   2.5444023499378923E-002
   2.0632407518995421E-002  0.16245428121964881     
  0.10720825670393003       0.15838180996555629     
   1.1841318308542736E-002  0.16540010551223430     
  -6.8179514152182152E-002   3.8106920053663500E-002
   1.9189985926934550E-003   5.3512534605510184E-002
  -4.7703205485678524E-002   6.0586009130342254E-002
  0.15314416549153820        7.1904269094688437E-003
  0.22249923522568832       -4.0428397746459149E-004
  0.19779607225717347        8.0264766956408590E-004
  0.17858844852314301       -4.8977605447199585E-004
   8.4024346553889212E-002  -4.6278575108834206E-003
  0.15776816899002660       -1.1004490245101013E-003
  0.19602408675758809       -8.3599036980587562E-005
  -3.2980857485374382E-002  -7.6881997226430749E-004
  0.14025614491972244       -1.8436084074217239E-004
  0.15978773780764816        8.0550389157429145E-004
  0.24482259377211280        9.8471546486337408E-004
  0.10770446447788889       -6.6271548454806327E-004
  0.39723417313381870        5.8068373183961623E-002
  0.37840791561395110        6.6928927599418278E-002
  0.41239848055208594        7.8420673010781289E-002
  0.44710786432073990        6.1524758571879119E-002
  0.59207180889973621        3.4345231023820519E-002
  0.38172159772359865        6.3733997491919478E-002
  0.50148824084681842        4.5257741978062357E-002
  0.20931764481441392       0.10812904251234406     
  0.43589794687332689        6.0545584113714725E-002
   9.3463150755941637E-002  -1.9673738106778019E-003
  0.15275042874166989        3.1601492638171458E-003
  0.12344957169326920       -3.5944424831929598E-003
  0.10833157880787025       -4.0640839485871225E-003
   7.5449445282919081E-003   8.8320842817718771E-003
  -9.7495268225452181E-002   4.4498150413293282E-003
  -3.4764166034775890E-002   1.7487307358282290E-002
  -9.0241615987194712E-002  -3.1374722056225199E-002
   3.0642210831153316E-002   9.1331953273705319E-003
   3.4067532923089616E-002   2.1612762921603676E-002
  -7.0730666913473794E-002   2.1670522914370286E-003
  0.13641843983422905       0.15621543594884907     
  0.21409556547034655       0.16669204073483934     
   8.1058478289580349E-002  0.15831919765343447     
   9.4778595707897095E-002  0.15216228660618406     
  0.17638965447230884       0.14958327736875440     
   8.6773317678963735E-002  0.15520144799549179     
  0.49922677908597984       -2.0566632077150596E-002
  0.69898193480715309       -1.2701386721718732E-002
  0.59168489762496390       -4.1639714671229781E-003
  0.55621712100724841       -1.2944937963955926E-003
  0.53132331000813082       -5.6288340745692606E-003
  0.65640037488575631       -4.6381131940633384E-003
  0.93123068478679705       -1.8425442309917390E-003
  0.95051798588960623       -6.4994435822044718E-003
  0.96914456666273829       -1.5193500429710259E-003
  0.94565870631464277       -1.0268789279195456E-003
  0.93650217775070899       -2.8028151825057441E-004
  0.66516463636867151        5.2825112062993246E-004
  0.76560979755202707       -2.3291142227196697E-004
  0.61799787427511521       -1.0360885492778609E-003
  0.58183802846840271        2.9107282886670050E-005
  0.60226507311268751       -2.7870839953360914E-003
  0.72775417546649745        1.0504469837238101E-003
  0.28073352897686660        1.2428388263224378E-003
  0.32219092717345410       -2.6804108066335843E-004
  0.24802893413953719        5.3309663252945824E-003
  0.26702811155740735       -1.7674594537552189E-004
  0.28446772146407051        1.4058700887975260E-003
  0.35184129721351487        3.4385848994467221E-003
   7.4998873606537564E-002   7.1561491682741601E-004
  0.18320429675606947       -1.9313477136490538E-003
  0.35851202902998203        4.6256906650562378E-004
  0.36859973996236794        1.7706911728363754E-002
  0.57971389542201024        8.3064049308213578E-004
  0.43904245222896077       -9.0239836387568228E-003
  0.40272234348523839        2.1763725522982606E-002
  0.38605508019176726       -7.8960665841218552E-003
  0.32784324607861992        8.2147199687336817E-002
  -3.9575590013949280E-002  0.17979436456887404     
  -9.4281432223380590E-002  0.16086609414302988     
  -8.9374307216292193E-002  0.16159190962225733     
  -9.0387122595904423E-002  0.16379153790527184     
   9.7606423343844506E-003  0.16523917677199620     
  0.34397430375012983       0.14616974875789149     
  0.37829085917376648       0.13480062142992202     
  0.41122636197267859       0.13244874296649659     
  0.52705082813723547       0.12622566330818735     
  0.41369088949317134       0.13218300977472652     
  0.42899131678966129       0.13403129489593524     
  0.30617019530151846       0.16718654530471480     
  0.72690381254498293        4.4968026919053892E-003
  0.77082811393027773        4.2981282663374643E-003
  0.80460508599717095        1.4764253058574511E-003
  0.79113772876991773        7.5457911314361602E-003
  0.76348997392725271        8.4268154823119001E-004
  0.65094606538558653        4.5253359407055623E-004
  0.69985614970318843        9.6129781111855802E-004
  0.61132595896787645       -3.0777218663015225E-003
  0.72508906279963847        1.1174027867113141E-003
  0.78907962704446932        4.3087592295885479E-004
  0.63205574970628242       -2.2641791912794453E-003
  0.65114931874053994       -1.7650548315984085E-003
  0.71430796634268412        8.1385757764911872E-004
  0.69897640927074178       -4.3943034735775886E-004
  0.51431855385722003       -6.3980360992366920E-003
  0.72895703034905690       -2.4152062409891399E-004
  0.62269712851047510       -1.6801410417189593E-004
  0.58836428023825438        3.3360350109583664E-003
  0.55779115088061870        4.1850298004085691E-003
  0.13393279892287663        8.7806748522432240E-002
   6.2121498364855476E-002   4.9557197440978550E-002
   8.2700305513082661E-002   3.7410694713585532E-002
   6.9757450240900853E-002   4.7976232722304335E-002
   5.7495833257845241E-002   6.5191784758076146E-002
  0.17389098600980674        6.2451256859090268E-002
   3.3206516042854739E-002   8.2339747719577638E-002
  0.71433392840643517        1.8039901042231622E-002
  0.74864772781652966        9.4478455624341824E-003
  0.79651067533455566        7.0401137222157381E-004
  0.75765096106710106        6.7728585436055448E-003
  0.73552577078717618        1.3401480297468547E-003
  0.78109256931335158       -2.2287743463634928E-003
  0.83133320723016069        4.6502114942599477E-003
  0.85977229372189778       -5.4593737072498264E-003
  0.70577661728517072       -2.8915610890522516E-003
  0.73778698585103097       -3.4230545147837048E-003
  0.79836470815526839       -3.1479813156236563E-003
  0.79496605361235084        1.0378312096303243E-003
   9.0188193074039469E-002   7.8589178373334942E-004
  0.13489110934203613        8.1466062100912489E-003
   5.9526382787115473E-002  -1.6584863994053397E-002
   7.7173793523872714E-002   5.5444735493517883E-003
   9.4101106063893381E-002   9.1762047814772235E-003
  0.18011738920809611       -1.2828109273727184E-002
  -6.8806455917879761E-002   3.2156347579018912E-003
   2.6571980556696406E-002  -1.6253284049114482E-003
  0.21770763343546307        7.0115968919918338E-003
  0.23283429763378752       0.15502508079457533     
  0.26280992034969125       0.15193625256534618     
  0.29742796764493329       0.14234849483706394     
  0.47188581857624246       0.14808115052818685     
  0.29762867641337148       0.15622842766649297     
  0.32746155385135639       0.16013105653987095     
  0.63309364940790958       -9.8763709137592026E-004
  0.58549617201318249       -4.1869643802628563E-004
  0.55127914698537894        2.6979917087478181E-003
  0.57125078301436405       -2.0610140261236542E-002
  0.70111789614278830        1.2452667861203354E-003
  0.52956121713676774        1.2527483998860428E-003
  0.50295039716911105       -1.7301745083221845E-004
  0.53287463992490935       -3.1242440398636237E-003
  0.59174517604261379       -1.7347450135841900E-003
  0.43486466761497611        2.6230552523900720E-003
  0.58555091044922181        1.8930705919911962E-002
  0.64621368247927213        1.1916057871492762E-002
  0.49905199894383129        2.6299998063288428E-002
  0.67786053581579120        3.0246794274645942E-002
  0.50589942779400288        1.8192433725313806E-002
  0.51790315471605264        2.2596442649661611E-002
  0.62050280960379300        3.6811161512725413E-002
  0.48901536307459276        1.8706940296745276E-002
  0.36245620634135700        4.3737613825485785E-002
  0.48404005527098937        5.4220707082015401E-002
  0.30217323056906020        2.2100578287264510E-002
  0.50337289492206083        3.8172727753038857E-002
  0.31863770958671955        3.4166946097695702E-002
  0.31008279046676607        3.9101947776732475E-002
  0.30216305591261694        3.1988908536078074E-002
  0.39837344080724746        1.7970343024593889E-002
  0.27622064761984255        4.5846785742042269E-002
  0.81274832275846831       -1.9788785958775273E-003
  0.88680759550734078        3.0912012073850120E-003
  0.92049511577260601       -1.0990283110258188E-003
  0.77717256897950293       -6.3503376515465252E-003
  0.89164494927975546       -6.4708599269172379E-004
  0.87451153731183273       -7.8571204327096563E-004
  0.92545975915902567        9.8326762151727080E-003
  0.21904276612976614        4.4944733756782226E-003
  0.30413327375234195        4.1619556586150374E-005
  0.27986085980410874        1.0181072196445450E-004
  0.25609920713744394        9.7886086240164469E-004
  0.14797201238833113        1.4547404301936036E-003
  0.48906166585014199       -6.6559077245274684E-002
  0.67868327638401293        1.2596067335274474E-002
  0.57403300207330610        7.0879289311199635E-003
  0.53526086036911824        6.6438648602652759E-003
  0.51410619122253975       -5.4175284405365660E-003
  0.62678882579873629        2.9433060817074527E-002
  0.33942335878992674        9.9820059252443555E-003
  0.40083654558330895       -3.7000416006854219E-004
  0.31817403119051874        1.8675346546876515E-002
  0.42297954502882118        1.4043305679535661E-002
  0.32656659579018488        1.3691458398637160E-002
  0.34639860707430598       -3.2657256707119119E-003
  0.41653273020103720        3.4037502207289396E-003
  0.17889949885852502        3.1281954673396055E-002
  0.38436858125657219        1.2257620280420930E-002
  0.93144161631648270        2.5771873650454365E-003
  0.92213510409023836       -1.3529777179666987E-003
  0.85515662399201497       -1.1808690353571833E-003
  0.97525262379209143        7.4402037411422828E-004
  0.89886707780682384        7.6328347695225137E-004
  0.29919397015517385        2.6846181032148721E-003
  0.58868455240339057        1.0945867007753183E-002
  0.37670447802220386        2.3432810183311586E-003
  0.35034626839882743       -3.2395965922499021E-004
  0.32871851748103564       -4.8797874420135490E-003
  0.17731416312912512       -5.2858658594888007E-004
  0.88218324241646429       -3.0756226850504678E-003
  0.81075790157505223        1.0429660983790989E-003
  0.85321958451963953       -3.9392958123306140E-003
  0.89303778573184533       -2.6960714250803385E-003
  0.87965324065755457       -1.8727780249503010E-003
  0.84799228953147976       -1.1094276968550666E-003
  0.30842189728728220       -6.5629287989389468E-002
  0.53035986031998927        3.7236779886469638E-002
  0.37771061765653002        2.3331244339242788E-002
  0.33599371472877898        5.3890500421188120E-002
  0.32167366684994325       -2.5957776823408510E-002
  0.28544475688322829        1.1119219847883991E-003
  0.42646904094369215        4.7128949035861690E-003
  -7.7837102065445585E-002   9.4451464532240188E-003
  -2.0024748318788477E-002   1.1453759532210719E-003
  -4.9170494706723467E-002   3.0972946582373577E-004
  -6.3906148756345593E-002   4.0459565148590155E-003
  0.46762343485185209        9.1890626038973619E-002
  0.50682023443559632        8.9232693140954458E-002
  0.57780141408248875        7.9305013365230340E-002
  0.41235250430202480       0.10785865931896235     
  0.52988311648133690        9.8507271950027134E-002
  0.50282716575348774        8.8057338305888105E-002
  0.40501730958748783       0.10911163290952455     
  0.68528113782452982       -3.3425157168294802E-003
  0.75956901996011883       -3.8818913480724538E-003
  0.58399488551750700        8.9833006876898162E-003
  0.76936081082185415       -1.3661553311033220E-002
  0.60432510742775403       -8.8073565653271145E-004
  0.58606802053414297        4.9149835120062069E-003
  0.72492893416231985       -2.4785332552559099E-003
  0.84364081851207084        5.4750847723127635E-004
  0.88627526855429972       -4.2505274616567703E-004
  0.92026971766538446       -1.3171948025796579E-003
  0.92216095616050808       -1.8023279581236178E-003
  0.88469714640486385        8.3129325865411764E-004
  0.89611010512011691        1.6411836388117915E-003
   9.5990235215727082E-002  0.13246439172701949     
   3.9124556502829921E-002  0.11013581044319495     
   5.7827918493586150E-002  0.11128465476742398     
   4.4900932567130403E-002  0.11089543821439511     
   4.0862212809339216E-002  0.11116968048219136     
  0.13791228909318043       0.10889889671508828     
   2.6608071274113354E-002  0.12766311865842941     
  0.60362112802455670        8.4916412160106983E-004
  0.64382696610814516       -5.4668864384596884E-005
  0.54711585393966955       -1.3352013552095448E-003
  0.77516523095107159       -4.2244938179285637E-004
  0.58304111028786421       -3.3303824079798957E-003
  0.60602003834869433        2.9710001599958600E-004
  0.66331470208332610        4.4567733278943306E-004
  0.66240160179477792       -2.3710797897497052E-003
  0.97001277062960622        9.8087097748654267E-004
  0.98667662889847363        9.4037645013731136E-004
  0.99568985118908382        1.0679193046887114E-003
  0.97290412796143078       -1.1549248023281166E-003
  0.96827975573589575        1.8992592505824720E-003
  0.75479713562594153        5.5251441139887595E-003
  0.79683842572624486        4.3041167197905104E-003
  0.83055971869892598        1.1148198628110624E-003
  0.91975140453082160       -1.3085628101525500E-003
  0.64092758093495306        6.9246880664974152E-003
  0.81118220189730617        5.5167347462069475E-003
  0.79235229947373143        2.1253009273816455E-003
  0.32958186164384007        8.4135536254450499E-002
  0.42154684312907759        8.2703558476082906E-002
  0.27142381630322571        7.5380639790021020E-002
  0.27641253856153924        5.4533390711802091E-002
  0.27825256588697572        6.4489324284025470E-002
  0.36512825345486410        7.1651545479248444E-002
  0.26110986009325604        9.0258191014254516E-002
  0.23970178266296699       -8.5020807505557317E-004
  0.22224546531588912       -1.5506346889086720E-004
  0.24218446185702319       -5.1013352026934482E-003
  0.31637583586609780       -2.5845571095877728E-003
  0.18217917543244383        4.6924016013175840E-003
  0.42785892191502950        2.4799101011279450E-002
  0.64267033414158570        8.4751966823167141E-004
  0.50974023844746530       -1.8370760649632202E-002
  0.47835492974779670       -1.0370612665447969E-002
  0.45613834091840716       -6.4404368176136234E-003
  0.59223447192725254        2.5476774128805581E-002
  0.76941727968248097        1.9621664489074078E-003
  0.83202058076939067       -8.6461834010806492E-004
  0.84738851201709187       -6.8462720169913715E-004
  0.87361405468948128        3.7369930714168309E-003
  0.81126343433265302        8.6660225717047866E-004
  0.37089326698892078        8.3818313049875796E-003
  0.43319702409068961        2.6070822242617044E-003
  0.34952976820500914        1.8072617873496892E-002
  0.44785035335872736        1.3724598829335260E-002
  0.35784282195944661        1.3313824791760968E-002
  0.37738142025002330        2.0056339037771636E-004
  0.44695821417937931        4.3708906987681489E-003
  0.19903335145198359        3.5249432613144997E-002
  0.41447774764367395        1.1506305277751162E-002
  0.31417708308298253       -5.3442707312885435E-003
  0.55898727423153405        3.7478703672659777E-002
  0.38163015517224336       -2.1772687804446937E-003
  0.35029470942503133        1.0759656352642602E-003
  0.33302730517963602        4.2652573153633314E-002
  0.46958943160474820       -3.3462569972034603E-002
  0.94517959390124151       -5.4098435224847240E-003
  0.95658794784665924        1.0679439633908623E-003
  0.99004203964078707       -1.1953104522261194E-003
  0.96063993991612395        8.8012785027625573E-004
  0.93304180391447455        8.7154376573935952E-004
