 cosx vtec
  0.88636889855281709       -9.6162401822252549E-004
  0.90956961790807489       -3.1685733285309186E-004
  0.85338107576174871        1.2930267714109428E-003
  0.87476628792058664        7.5567409252068395E-005
  0.89245162854295002        3.9073304018642291E-003
  0.91709377072370457       -7.3190681211835254E-004
  0.90101884332410931       -5.0381838196475351E-004
  0.57989738241052957       -1.2897270245265243E-003
  0.68786523282398959       -1.5853890733796313E-003
  0.70003495525316695        2.7911010227498938E-003
  0.78835921528792585        2.5617719413499748E-004
  0.73606604645468665        1.3981685127904576E-003
  0.63361717325754541       -5.1007868414364495E-003
  0.93485719257557431       -1.4334823602417959E-004
  0.95609291482347225        9.1280395362138908E-005
  0.89527261711972073        2.6484931139093269E-003
  0.92088920487048709        2.4790802105653944E-003
  0.97177547956715715        4.0766235908728171E-004
  0.92041955815895382       -1.5515789069554193E-003
  0.94683102100654837       -3.5281456368758475E-003
  0.95528656632428322       -1.1035258684171378E-003
  0.93373632008162666        4.7901094501673130E-004
  0.79034791206706700        1.5687779507678255E-003
  0.67761783226071215        2.7623175054397550E-003
  0.75282287199433273        4.0197458449612528E-003
  0.80347606584901921       -4.7835043372671920E-004
  0.69711088056506498       -3.4377783499088652E-003
  -9.8615517200515035E-002  0.24536648206127828     
  -4.3532173276036173E-002  0.21150504713415480     
  0.80683838071244840        1.7863194930720187E-002
  0.72240901690760284        1.9575283317887330E-002
  0.65401989562619889        3.0287222014354839E-002
  0.73145193196800784        1.6668697761839574E-002
  0.77826903741268305        1.3116161486377044E-002
  0.75803157285065426        2.5127913673000962E-002
  0.81156716272106089        1.0602088710713380E-002
  0.75032526578866854        1.3917213258329682E-002
  0.67531684768500289        1.0555076789434181E-002
  0.28265382542090356       -2.7604670143527199E-003
  0.20345457598177880       -1.1527491207212459E-004
  0.14169427552309599       -1.3811317215394021E-003
   5.6419707923121620E-002   4.4922859168688416E-003
  0.20912186819708148       -1.2436391499969313E-003
  0.28266426127955246        2.0479110461447654E-004
  -3.8862338771294469E-002  -4.5297425071958546E-003
  0.23951930100982041        3.3594982712548912E-003
  0.16761283387754489       -1.0845568661108529E-002
   7.6229868587610661E-002   2.4618362171800252E-002
   1.4656908843686339E-002  -3.8686800322529163E-002
  0.17717943394936295        4.1191537438215890E-004
  0.46264690836203026        2.3041674179984772E-003
  0.52991881093893012       -2.7525199677435008E-004
  0.54371691956433510       -1.2724938539822386E-003
  0.67243805263828504       -2.9124891541573404E-003
  0.57652308609919833        1.6272398366837053E-003
  0.49057490837803558       -1.8118724865727565E-004
  0.50151879530223076        5.2849905566731969E-002
  0.58216756512931433        3.8106920053663500E-002
  0.46617529432011928        6.3276848475789002E-002
  0.34847259923838914        7.0919116972806243E-002
  0.48350015772250854       0.10519336145341916     
  0.52326462745637981        5.0497807114577992E-002
  0.25386900559126568       0.10388572255787835     
  0.63036024331828566        5.3512534605510184E-002
  0.41307477403560255        7.5890816554633062E-002
  0.43946495578943445        6.5135368128468984E-002
  0.55954825418047149        6.0586009130342254E-002
  0.70631647078707127       -1.1004490245101013E-003
  0.71996152860489115       -8.3599036980587562E-005
  0.54380385369745121       -7.6881997226430749E-004
  0.71233084604629671       -1.8436084074217239E-004
  0.69280733198956401        8.0550389157429145E-004
  0.75978956082750759        9.8471546486337408E-004
  0.64367101455186315       -6.6271548454806327E-004
  0.70366258350996169        5.8068373183961623E-002
  0.61460541373690214        6.6928927599418278E-002
  0.55642040384578972        7.8420673010781289E-002
  0.62619246545830987        6.1524758571879119E-002
  0.70227654111244442        3.4345231023820519E-002
  0.64766236597623061        6.3733997491919478E-002
  0.73237287659904915        4.5257741978062357E-002
  0.52685757461965954       0.10812904251234406     
  0.64448620273948165        6.0545584113714725E-002
  0.56424549883081043        4.4498150413293282E-003
  0.61575457178729098        1.7487307358282290E-002
  0.53720799005543463        4.1352447010887541E-002
  0.42229344578832650        2.9894771136291815E-002
  0.55200884761116287        4.3363388991551628E-002
  0.57091346132542109       -3.1374722056225199E-002
  0.29447429513212520        4.4487769866509388E-002
  0.66542633377500404        9.1331953273705319E-003
  0.47179637620711379        3.6179897849154104E-002
  0.50462605891639623        1.7362169594392445E-002
  0.64992969860122085        2.1612762921603676E-002
  -1.5723394578175162E-002  -6.6718014027117778E-004
  -9.4528261692067059E-002  -1.1062818537919612E-003
  0.12767538529269412       -1.2701386721718732E-002
   3.8092133026306735E-002  -4.1639714671229781E-003
  -1.6640947168225007E-002  -1.2944937963955926E-003
  -7.0272419686036480E-002  -5.6288340745692606E-003
   4.6001878276722696E-002  -4.6381131940633384E-003
  0.94754459783484601       -1.8425442309917390E-003
  0.88793589245918614       -6.4994435822044718E-003
  0.89541874187437998       -1.5193500429710259E-003
  0.93161675917718367       -1.0268789279195456E-003
  0.92018775597298330       -2.8028151825057441E-004
  0.56919175517850185        5.2825112062993246E-004
  0.53960148882103487       -2.3291142227196697E-004
  0.43140915679037561       -1.0360885492778609E-003
  0.36292567863397857        2.9107282886670050E-005
  0.55060404651521766       -2.7870839953360914E-003
  0.61839527436990560        1.0504469837238101E-003
  0.83198330743077364        1.2428388263224378E-003
  0.85490877236288920       -2.6804108066335843E-004
  0.80456860406234032        5.3309663252945824E-003
  0.82311042397723733       -1.7674594537552189E-004
  0.83303611630404828        1.4058700887975260E-003
  0.87121344062929507        3.4385848994467221E-003
  0.69094779063543288        7.1561491682741601E-004
  0.76094488870259980       -1.9313477136490538E-003
  0.86830128426562947        4.6256906650562378E-004
  -5.1807193162991094E-002   8.3064049308213578E-004
  0.29754909004088914       0.14616974875789149     
  0.24866785994962159       0.13480062142992202     
  0.29594742130072066       0.13244874296649659     
  0.36411050366143455       0.12622566330818735     
  0.32720638084326764       0.13218300977472652     
  0.26283582735189209       0.13403129489593524     
  0.15204775084800212       0.16718654530471480     
  0.25752617174347275        4.4968026919053892E-003
  0.32126793529043896        4.2981282663374643E-003
  0.33542306906819752        1.4764253058574511E-003
  0.39581472207701057        7.5457911314361602E-003
  0.27920262740133606        8.4268154823119001E-004
  0.96407530134963348        4.5253359407055623E-004
  0.98025579646144467        9.6129781111855802E-004
  0.91575791389764527       -3.0777218663015225E-003
  0.93201924381701173        1.1174027867113141E-003
  0.96417828040009246        4.3087592295885479E-004
  0.94672780745859553       -2.2641791912794453E-003
  0.98144371541487185       -1.7650548315984085E-003
  0.97280195797948543        8.1385757764911872E-004
  0.94979787489032785       -4.3943034735775886E-004
  0.34017569862306479       0.13828575727672404     
  0.27316305363038529       0.13496985917050677     
  0.12304376993501656       0.17457448895407282     
  0.29754886777984146       0.13312764346030101     
  0.23126020040159956       0.13731931094613789     
  0.34325017681315062       0.14286392655987321     
  -8.6549189075995778E-002  -6.3980360992366920E-003
  0.19725365446182874       -2.4152062409891399E-004
  0.10946331208201121       -1.6801410417189593E-004
   5.5086807241948643E-002   3.3360350109583664E-003
  -1.1488003368218230E-002   4.1850298004085691E-003
  0.49089230667189521        1.8039901042231622E-002
  0.54601169449742537        9.4478455624341824E-003
  0.57118587635503182        7.0401137222157381E-004
  0.51108003251471901        6.7728585436055448E-003
  0.99883920261870152        1.3401480297468547E-003
  0.99934299447087993       -2.2287743463634928E-003
  0.97074274406764305        4.6502114942599477E-003
  0.98596166446762679       -5.4593737072498264E-003
  0.99181512762133284       -2.8915610890522516E-003
  0.99610997890257991       -3.4230545147837048E-003
  0.99859160908717048       -3.1479813156236563E-003
  0.99169174850083486        1.0378312096303243E-003
  0.70590535914655628        7.8589178373334942E-004
  0.73352294184948508        8.1466062100912489E-003
  0.68554906006289429       -1.6584863994053397E-002
  0.54024118988861569       -1.3931294641972591E-003
  0.69905855995258737        5.5444735493517883E-003
  0.70382176412848585        9.1762047814772235E-003
  0.76654883270920449       -1.2828109273727184E-002
  0.58842203923534164        3.2156347579018912E-003
  0.64565944592866564       -1.6253284049114482E-003
  0.79082250696145828        7.0115968919918338E-003
  0.26318897162187355       0.15502508079457533     
  0.21878650320219151       0.15193625256534618     
  0.26808912929234929       0.14234849483706394     
  0.37115899704703720       0.14808115052818685     
  0.29722555127591549       0.15622842766649297     
  0.23335965073395681       0.16013105653987095     
  0.26199881015970483       0.12439328161424504     
  0.20915207163775384       0.12268714835724899     
  0.11310359466758543       0.13250280893800487     
   6.2801418312744148E-002  0.14929554268333578     
  0.23026983633663639       0.12294461422415401     
   7.1969819205292926E-002  0.13888483793408246     
  0.16261916911709437       0.16177407630208820     
  0.34101547381839825       0.14745223535839036     
  0.54832121244884680       -9.8763709137592026E-004
  0.41147032735544420       -4.1869643802628563E-004
  0.34648377775827227        2.6979917087478181E-003
  0.52578380156376103       -2.0610140261236542E-002
  0.60564233165234282        1.2452667861203354E-003
  0.92326272933880460        1.2527483998860428E-003
  0.92811904683987057       -1.7301745083221845E-004
  0.91037232851463679       -3.1242440398636237E-003
  0.94109798828544811       -1.7347450135841900E-003
  0.84216352273262518        2.6230552523900720E-003
  -2.2079437107241362E-003   1.8930705919911962E-002
   7.9225868540848038E-002   1.1916057871492762E-002
   8.6647818477843558E-002   3.0246794274645942E-002
   1.7802944094104989E-002   3.6811161512725413E-002
  0.97365918123522743       -1.9788785958775273E-003
  0.89282950025914687        3.0912012073850120E-003
  0.90922166165850116       -1.0990283110258188E-003
  0.94800572309836550       -6.3503376515465252E-003
  0.94217009149259145       -6.4708599269172379E-004
  0.91794336100739926       -7.8571204327096563E-004
  0.82556030472952591        9.8326762151727080E-003
  -9.2129138789024248E-002   4.1619556586150374E-005
   7.5787370905571222E-002   1.2596067335274474E-002
  -1.3140421984678463E-002   7.0879289311199635E-003
  -7.1550946557540254E-002   6.6438648602652759E-003
  -6.0250273281326483E-003   2.9433060817074527E-002
  0.80438149863389241        9.9820059252443555E-003
  0.85274286782587960       -3.7000416006854219E-004
  0.76106041257714607        1.8675346546876515E-002
  0.78752937340758256        1.4043305679535661E-002
  0.78343710325125726        1.3691458398637160E-002
  0.84149303544014309       -3.2657256707119119E-003
  0.84273348498140122        3.4037502207289396E-003
  0.67782689992716205        3.1281954673396055E-002
  0.79843266545047176        1.2257620280420930E-002
  0.48794502357438568        2.5771873650454365E-003
  0.46413729405902826       -1.3529777179666987E-003
  0.39115604841406781       -1.1808690353571833E-003
  0.62384350806522948        7.4402037411422828E-004
  0.40747964440862228        7.6328347695225137E-004
   6.0591981106651566E-002   1.0945867007753183E-002
  0.91412868754806897       -3.0756226850504678E-003
  0.69209397104802506        1.0429660983790989E-003
  0.77699203497912284       -3.9392958123306140E-003
  0.79673564063147984       -2.6960714250803385E-003
  0.84834470098217707       -1.8727780249503010E-003
  0.80279398252339973       -1.1094276968550666E-003
  0.14512595733494688       0.13561832585111258     
   8.3299560383849239E-002  0.14488049082489490     
  -3.6242082125053365E-003  0.14099650179983431     
  -4.6734937054191655E-002  0.14005128467219471     
  0.10637062746994119       0.12712883641484735     
  -3.6174081551049592E-002  0.14563795754615758     
   3.3592098372958262E-002  0.14434854905661090     
   4.7452172300536929E-002   9.1890626038973619E-002
   9.9974979289545463E-002   8.9232693140954458E-002
  0.14153171921141305        7.9305013365230340E-002
  -4.0038235906414421E-002  0.10785865931896235     
  0.17045119485013227        9.8507271950027134E-002
   6.1997755060278339E-002   8.8057338305888105E-002
  -2.8143344943279344E-002  0.10911163290952455     
   9.3108972504393345E-002  -3.3425157168294802E-003
  0.19720380415357988       -3.8818913480724538E-003
  -7.2164215572392512E-002   8.9833006876898162E-003
  0.18508026409918835       -1.3661553311033220E-002
  -4.9158133687114261E-002  -8.8073565653271145E-004
  -5.1503501697238496E-002   4.9149835120062069E-003
  0.12325518051535203       -2.4785332552559099E-003
  0.62543958570575597        5.4750847723127635E-004
  0.70279936801124687       -4.2505274616567703E-004
  0.71896880911274330       -1.3171948025796579E-003
  0.78904907839501792       -1.8023279581236178E-003
  0.73444724684850304        8.3129325865411764E-004
  0.66123245294936972        1.6411836388117915E-003
  0.97481330181095449        8.4916412160106983E-004
  0.98475981212571051       -5.4668864384596884E-005
  0.93868611895171561       -1.3352013552095448E-003
  0.99879786135392989       -4.2244938179285637E-004
  0.96668684589876552       -3.3303824079798957E-003
  0.97394442313897123        2.9710001599958600E-004
  0.98911774851433143        4.4567733278943306E-004
  0.98303499530186811       -2.3710797897497052E-003
  0.67893759681650157        9.8087097748654267E-004
  0.68211885505135961        9.4037645013731136E-004
  0.76133384547455130        1.0679193046887114E-003
  0.73263243854141225       -1.1549248023281166E-003
  0.62632869374198075        1.8992592505824720E-003
  0.32159244903462425        5.5251441139887595E-003
  0.38405252334721796        4.3041167197905104E-003
  0.39878446558339781        1.1148198628110624E-003
  0.61462554592471430       -1.3085628101525500E-003
  0.13645696160656837        6.9246880664974152E-003
  0.44591377855189784        5.5167347462069475E-003
  0.34413131770333344        2.1253009273816455E-003
  0.77501273552182492       -8.5020807505557317E-004
  0.77714060106838356       -1.5506346889086720E-004
  0.76424078548424090       -5.1013352026934482E-003
  0.81789286861076260       -2.5845571095877728E-003
  0.71185593381488221        4.6924016013175840E-003
   7.0935356101128916E-002   8.4751966823167141E-004
  -3.6864536551468596E-002  -1.8370760649632202E-002
  -8.4722953550498525E-002  -1.0370612665447969E-002
  -2.5908460620079649E-002   2.5476774128805581E-002
  0.23273865551013134        1.9621664489074078E-003
  0.32518315585376523       -8.6461834010806492E-004
  0.32180080296789182       -6.8462720169913715E-004
  0.45728800543463655        3.7369930714168309E-003
  0.26610762147280431        8.6660225717047866E-004
  0.81423851059124808        8.3818313049875796E-003
  0.86280678612891393        2.6070822242617044E-003
  0.76905529881227019        1.8072617873496892E-002
  0.79253658662579785        1.3724598829335260E-002
  0.79218189002697914        1.3313824791760968E-002
  0.85559826390426386        2.0056339037771636E-004
  0.84948987072502713        4.3708906987681489E-003
  0.68099274774575935        3.5249432613144997E-002
  0.80486979990954455        1.1506305277751162E-002
  -4.9798696301048218E-002   3.7478703672659777E-002
  0.55434445943424060       -5.4098435224847240E-003
  0.55117682862416595        1.0679439633908623E-003
  0.67298844280492909       -1.1953104522261194E-003
  0.63751383954849183        8.8012785027625573E-004
  0.49748101534923206        8.7154376573935952E-004
