 cosx vtec
  0.91219818971355648       -9.6162401822252549E-004
  0.89731555453633338       -3.1685733285309186E-004
  0.89820807513410417        1.2930267714109428E-003
  0.91091390607341682        7.5567409252068395E-005
  0.91745675730330523        3.9073304018642291E-003
  0.88165166930447825       -7.3190681211835254E-004
  0.86536009395413149       -5.0381838196475351E-004
  -4.5778700878299328E-002  -1.5853890733796313E-003
  -6.3294747316098188E-002   2.7911010227498938E-003
   6.6117649287454561E-002   2.5617719413499748E-004
   2.8855396224858554E-002   1.3981685127904576E-003
  0.82486296875797493       -1.4334823602417959E-004
  0.80424745110608886        9.1280395362138908E-005
  0.80303076943834339        2.6484931139093269E-003
  0.69336207642625314        2.4790802105653944E-003
  0.65020642585508648        4.0766235908728171E-004
  0.82097122018909507       -1.5515789069554193E-003
  0.84075008672875606       -3.5281456368758475E-003
  0.78204675602238594       -1.1035258684171378E-003
  0.76453081463129191        4.7901094501673130E-004
  -6.5145717347373289E-002  0.10729922832570163     
  -8.6173498857094188E-002  0.12261495911962182     
  -3.5995551301959805E-002   7.9455081797138630E-002
  0.67020844506063959        1.5687779507678255E-003
  0.46521041820513975        2.7623175054397550E-003
  0.60664207360292033        4.0197458449612528E-003
  0.59859280981001473       -4.7835043372671920E-004
  0.59736304178695754       -3.4377783499088652E-003
  0.60634827270676461        1.7863194930720187E-002
  0.49881492055097898        1.9575283317887330E-002
  0.34826345874937165        3.0287222014354839E-002
  0.42612985324424668        1.6668697761839574E-002
  0.39058950772439527        1.3116161486377044E-002
  0.54884610343227913        2.5127913673000962E-002
  0.51008759254696634        1.0602088710713380E-002
  0.46771150982643594        1.3917213258329682E-002
  0.26570484237856040        1.0555076789434181E-002
  -6.5870715191920726E-002  -2.9124891541573404E-003
  0.15199916755852416       0.15282663361311893     
  0.11300596513786298       0.18282056158905738     
  0.13105485706396314       0.16106935157295429     
   7.3400510954309273E-002  0.15907872351079722     
  0.22650996223815123       0.19583999216562853     
  0.18815104194541515       0.15789407856856472     
  0.11321313521940257       0.15939434382024795     
  0.96277816962236762        5.2849905566731969E-002
  0.98694511203457180        3.8106920053663500E-002
  0.93115712226112479        6.3276848475789002E-002
  0.93588943297421123        7.0919116972806243E-002
  0.95025509432340849       0.10519336145341916     
  0.98139137230909956        5.0497807114577992E-002
  0.88733087814605760       0.10388572255787835     
  0.97837945387019087        5.3512534605510184E-002
  0.92830151753562051        7.5890816554633062E-002
  0.97058481549546483        6.5135368128468984E-002
  0.92735299751037825        6.0586009130342254E-002
  0.91081255579764853       -1.1004490245101013E-003
  0.88644886956130908       -8.3599036980587562E-005
  0.88531364803432511       -7.6881997226430749E-004
  0.94103928001692505       -1.8436084074217239E-004
  0.88738923878937592        8.0550389157429145E-004
  0.89025449094606623        9.8471546486337408E-004
  0.87301712868972137       -6.6271548454806327E-004
  0.62129937027204973        5.8068373183961623E-002
  0.50518727248322270        6.6928927599418278E-002
  0.37415909055838570        7.8420673010781289E-002
  0.44134011405683404        6.1524758571879119E-002
  0.38694461938704827        3.4345231023820519E-002
  0.55266566698672992        6.3733997491919478E-002
  0.54171949687812060        4.5257741978062357E-002
  0.57018980871232283       0.10812904251234406     
  0.48315957572211266        6.0545584113714725E-002
  0.35523271212362956        9.8655685494388690E-002
  0.31381704939576321       0.13308650335389738     
  0.49439926920143590        5.5964969898950119E-002
  0.33739249910789260       0.10687066290385225     
  0.27190898444233536       0.10745699758102502     
  0.42124097448413117       0.13555866064375602     
  0.37550439842814609        9.3728464902475037E-002
  0.31878092774986910       0.10544067617861003     
  0.99400048225240223        4.4498150413293282E-003
  0.99937435629936977        1.7487307358282290E-002
  0.97741982387331294        4.1352447010887541E-002
  0.96530219896489711        2.9894771136291815E-002
  0.98964326002605152        4.3363388991551628E-002
  0.99572942405132958       -3.1374722056225199E-002
  0.92078289635784649        4.4487769866509388E-002
  0.99870161376449262        9.1331953273705319E-003
  0.97185765946587399        3.6179897849154104E-002
  0.98118864192259736        1.7362169594392445E-002
  0.97051098984912110        2.1612762921603676E-002
  0.31808752677204921        3.9713315750270527E-003
  0.22213730746371432        1.5067994553094507E-004
  0.38033645473113137       -6.6718014027117778E-004
  0.22943392911242125        4.4953568808341338E-003
  0.31846082030154804       -1.1062818537919612E-003
  0.27149703233819861       -4.5443046438902509E-003
  0.36432016268686451       -1.8425442309917390E-003
  0.24859977127577468       -6.4994435822044718E-003
  0.23804272364176621       -1.5193500429710259E-003
  0.32234619870834624       -1.0268789279195456E-003
  0.31547815229943799       -2.8028151825057441E-004
   9.2792812223390503E-002   5.2825112062993246E-004
  -7.2947350492951313E-002  -2.3291142227196697E-004
  -6.5347696032967861E-002  -1.0360885492778609E-003
  0.13883625191354249       -2.7870839953360914E-003
   9.4748589750978940E-002   1.0504469837238101E-003
  0.95977103416185772        1.2428388263224378E-003
  0.94602972226960103       -2.6804108066335843E-004
  0.95609714619626240        5.3309663252945824E-003
  0.96230075868213372       -1.7674594537552189E-004
  0.95695867667350898        1.4058700887975260E-003
  0.93605934767451993        3.4385848994467221E-003
  0.98554373930787409        7.1561491682741601E-004
  0.96548568864214213       -1.9313477136490538E-003
  0.92357896815147456        4.6256906650562378E-004
  0.20496677107925446       0.26215514191980205     
  0.13955378153398595       0.25579646739042927     
  0.19374929600065591       0.25371490527562868     
   5.2971587203400963E-002  0.14616974875789149     
  -6.3970983473237070E-002  0.13480062142992202     
  -2.9668048734332958E-002  0.13244874296649659     
  -6.1659343127452915E-002  0.12622566330818735     
   1.6025148784516163E-002  0.13218300977472652     
  0.72406757261727406        4.5253359407055623E-004
  0.69095118527252042        9.6129781111855802E-004
  0.69611646747811862       -3.0777218663015225E-003
  0.58583701798455823        1.1174027867113141E-003
  0.55960661166817172        4.3087592295885479E-004
  0.71959226517306951       -2.2641791912794453E-003
  0.75084579967245069       -1.7650548315984085E-003
  0.66213206706122163        8.1385757764911872E-004
  0.64461550588275907       -4.3943034735775886E-004
  0.78931831995394752       0.13828575727672404     
  0.71418383063418067       0.13496985917050677     
  0.65169875365262031       0.17457448895407282     
  0.74595906364922948       0.13312764346030101     
  0.71534512407212214       0.13731931094613789     
  0.71336959857936366       0.14286392655987321     
  -8.7617182896769508E-002   1.8039901042231622E-002
  -4.2760233529001879E-002   9.4478455624341824E-003
  -6.0636999396578350E-002   7.0401137222157381E-004
  0.67735243339091322        1.3401480297468547E-003
  0.62383179866512894       -2.2287743463634928E-003
  0.51946324812340450        4.6502114942599477E-003
  0.50924730125803364       -5.4593737072498264E-003
  0.70187857327309300       -2.8915610890522516E-003
  0.67041170395671723       -3.4230545147837048E-003
  0.60207871708809768       -3.1479813156236563E-003
  0.59539479857071176        1.0378312096303243E-003
  0.99071165849955944        7.8589178373334942E-004
  0.98040212804209248        8.1466062100912489E-003
  0.99558420218507671       -1.6584863994053397E-002
  0.97342530899362401       -1.3931294641972591E-003
  0.99556988747870401        5.5444735493517883E-003
  0.98280693205924596        9.1762047814772235E-003
  0.97788271080585254       -1.2828109273727184E-002
  0.99742250630006390        3.2156347579018912E-003
  0.97280050760985448       -1.6253284049114482E-003
  0.97084753485111019        7.0115968919918338E-003
  0.13196823472524941       0.15502508079457533     
   2.7166702269896412E-002  0.15193625256534618     
   6.2611788511131639E-002  0.14234849483706394     
   1.5049263869438695E-002  0.14808115052818685     
  0.10770081797577429       0.15622842766649297     
  -2.7210321686319094E-002  0.16013105653987095     
  -2.2643603269466198E-002  0.24981006337795672     
  -9.9965560024518937E-002  0.27819200677065820     
  -9.1676795740588637E-002  0.24906902391523478     
  -7.3507159187313209E-003  0.25112652606919900     
  0.85918776137544373       0.12439328161424504     
  0.80459332936662020       0.12268714835724899     
  0.80733928725078619       0.13250280893800487     
  0.73404197716683284       0.14929554268333578     
  0.83117434009891933       0.12294461422415401     
  0.76596560157957405       0.13888483793408246     
  0.79653654684615860       0.16177407630208820     
  0.81809836030998773       0.14745223535839036     
   9.8544726193531773E-002  -9.8763709137592026E-004
  -5.7632987017850995E-002  -4.1869643802628563E-004
  0.13718419789188915       -2.0610140261236542E-002
  0.10665241485128815        1.2452667861203354E-003
  0.80523531196008769        1.2527483998860428E-003
  0.84450394084267932       -1.7301745083221845E-004
  0.78123262522385706       -3.1242440398636237E-003
  0.75887409239713155       -1.7347450135841900E-003
  0.79192229961010074        2.6230552523900720E-003
  0.54614902158511880       -1.9788785958775273E-003
  0.33213995976611033        3.0912012073850120E-003
  0.31749441204811746       -1.0990283110258188E-003
  0.54863685870189105       -6.3503376515465252E-003
  0.40313535768124154       -6.4708599269172379E-004
  0.38586406190061506       -7.8571204327096563E-004
  0.18142381712434019        9.8326762151727080E-003
  0.84688642821198168        9.9820059252443555E-003
  0.84893397503110679       -3.7000416006854219E-004
  0.80481474642492423        1.8675346546876515E-002
  0.72109079121390385        1.4043305679535661E-002
  0.82962482748197064        1.3691458398637160E-002
  0.89630895175708303       -3.2657256707119119E-003
  0.81465615565203486        3.4037502207289396E-003
  0.84130731440285045        3.1281954673396055E-002
  0.78406805670489566        1.2257620280420930E-002
  0.37078670155125337       -3.0756226850504678E-003
  0.11048341701313913        1.0429660983790989E-003
  0.19195749181078278       -3.9392958123306140E-003
  0.17521960462758002       -2.6960714250803385E-003
  0.27146012727138141       -1.8727780249503010E-003
  0.23832784301985496       -1.1094276968550666E-003
  0.45560915489455767        9.8461162684642806E-002
  0.41273232725772041       0.13174878465105111     
  0.57973653565602234        7.6485740926834231E-002
  0.43708263113902279       0.10454917800673171     
  0.35940107407327704       0.11754210326410783     
  0.49934922726097641       0.11888509311478077     
  0.47717880932186213        9.7090992999645923E-002
  0.41858149680808382       0.10509869906497141     
  0.26110622351712320       0.24900590984499346     
  0.30222092050744082       0.22365486852961142     
   8.6579984043481106E-002  0.31946926041257023     
  0.19148324625785229       0.23657501750403848     
  0.36085983112914000       0.27576256098499924     
  0.21640728623233613       0.24673764574183799     
  0.24275699898577033       0.23544226493101264     
  -3.1922816175950330E-002  0.16105346369551943     
   8.0819384965963692E-002  0.27503329833987039     
  0.19177684528795352       0.28070750620823104     
  0.81391647626522912       0.13561832585111258     
  0.74976706060703846       0.14488049082489490     
  0.74135495622151193       0.14099650179983431     
  0.67956406731438146       0.14005128467219471     
  0.77929369242931024       0.12712883641484735     
  0.70624266247557221       0.14563795754615758     
  0.73598092946297777       0.14434854905661090     
  -3.2400730313635218E-002   5.4750847723127635E-004
   3.7139964608264020E-002  -4.2505274616567703E-004
   2.1782142070529364E-002  -1.3171948025796579E-003
  0.12855379399678046       -1.8023279581236178E-003
   8.8256055380973808E-002   8.3129325865411764E-004
  -3.9247375842740351E-002   1.6411836388117915E-003
  0.79717259936376950        8.4916412160106983E-004
  0.76473117024990944       -5.4668864384596884E-005
  0.80830904469783649       -1.3352013552095448E-003
  0.63004764887407483       -4.2244938179285637E-004
  0.80905638857123008       -3.3303824079798957E-003
  0.79296195415324378        2.9710001599958600E-004
  0.74828633627317676        4.4567733278943306E-004
  0.73991144293298594       -2.3710797897497052E-003
  -9.9776829187123550E-002   9.8087097748654267E-004
  -2.1917777928551763E-003   1.0679193046887114E-003
  -1.9688271948324454E-002  -1.1549248023281166E-003
  0.92004029100953244       -8.5020807505557317E-004
  0.94415429091812442       -1.5506346889086720E-004
  0.90032337022174491       -5.1013352026934482E-003
  0.89537335610048896       -2.5845571095877728E-003
  0.89033852567266125        4.6924016013175840E-003
  0.82471684016999069        8.3818313049875796E-003
  0.82602493575203217        2.6070822242617044E-003
  0.77988426901424446        1.8072617873496892E-002
  0.69924075684768217        1.3724598829335260E-002
  0.80595574551825222        1.3313824791760968E-002
  0.88132891244562517        2.0056339037771636E-004
  0.78890754595653689        4.3708906987681489E-003
  0.82223790807801223        3.5249432613144997E-002
  0.75819975281547691        1.1506305277751162E-002
