 cosx vtec
  0.68001818134920877       -9.6162401822252549E-004
  0.71512280992611388       -3.1685733285309186E-004
  0.64579887120845891        1.2930267714109428E-003
  0.66635887382174896        7.5567409252068395E-005
  0.68513193215482104        3.9073304018642291E-003
  0.73134609205995260       -7.3190681211835254E-004
  0.71890106533816533       -5.0381838196475351E-004
  0.77475080556661347       -1.2897270245265243E-003
  0.86423068803436087       -1.5853890733796313E-003
  0.88697954964375481        2.7911010227498938E-003
  0.93754581686359717        2.5617719413499748E-004
  0.89003543598394663        1.3981685127904576E-003
  0.83782150713479686       -5.1007868414364495E-003
  0.77849092320873081       -1.4334823602417959E-004
  0.81374471810644122        9.1280395362138908E-005
  0.73968079745865900        2.6484931139093269E-003
  0.82006858850483688        2.4790802105653944E-003
  0.90175778930513428        4.0766235908728171E-004
  0.76251811365110700       -1.5515789069554193E-003
  0.78608578768646231       -3.5281456368758475E-003
  0.82266765370811823       -1.1035258684171378E-003
  0.80405280372976562        4.7901094501673130E-004
  0.67027351951615921        1.5687779507678255E-003
  0.62351622150356134        2.7623175054397550E-003
  0.65262307706933453        4.0197458449612528E-003
  0.71835221710729069       -4.7835043372671920E-004
  0.58842506421705676       -3.4377783499088652E-003
  -6.8622827106947018E-003  0.24536648206127828     
  -2.9430111522136759E-002  0.18116790074331321     
   2.5510154279009802E-002  0.18711093450550123     
  -8.7316172559329969E-002  0.18987606643068172     
   8.5436901461314219E-002  0.21150504713415480     
   3.8279082299967210E-003  0.18739092016021178     
  -8.1258940631368334E-002  0.18751340178758585     
  0.71901408195984451        1.7863194930720187E-002
  0.66345715292822949        1.9575283317887330E-002
  0.64678302998096893        3.0287222014354839E-002
  0.70700203871007561        1.6668697761839574E-002
  0.78029961669066705        1.3116161486377044E-002
  0.68481698444258077        2.5127913673000962E-002
  0.76779283584488522        1.0602088710713380E-002
  0.71158841509700643        1.3917213258329682E-002
  0.70976801597004502        1.0555076789434181E-002
  0.56819871985737080       -2.7604670143527199E-003
  0.47617728564516820       -1.1527491207212459E-004
  0.42305078302715438       -1.3811317215394021E-003
  0.35677416110957388        4.4922859168688416E-003
  0.51738157869362300       -1.2436391499969313E-003
  0.59045078004473539        2.0479110461447654E-004
  0.30274923129850428       -4.5297425071958546E-003
  0.55572126666277610        3.3594982712548912E-003
  0.47796729941348393       -1.0845568661108529E-002
  0.39825107739155019        2.4618362171800252E-002
  0.35010845609052255       -3.8686800322529163E-002
  0.50283329845432323        4.1191537438215890E-004
  0.68307714549418852        2.3041674179984772E-003
  0.74132021129353176       -2.7525199677435008E-004
  0.76537673052256616       -1.2724938539822386E-003
  0.85427704412518046       -2.9124891541573404E-003
  0.76947565310159649        1.6272398366837053E-003
  0.72041884732206463       -1.8118724865727565E-004
  0.18534691947916518        5.2849905566731969E-002
  0.27348733055094809        3.8106920053663500E-002
  0.15610972341022675        6.3276848475789002E-002
   9.6131333802301211E-003   7.0919116972806243E-002
  0.16883503598110042       0.10519336145341916     
  0.20371179070837334        5.0497807114577992E-002
  -8.4755143553480891E-002  0.10388572255787835     
  0.33642875880922807        5.3512534605510184E-002
   9.2247250719884016E-002   7.5890816554633062E-002
  0.10574114031061613        6.5135368128468984E-002
  0.27234706284930149        6.0586009130342254E-002
   5.8848102129152174E-003  -4.0428397746459149E-004
  -2.6956382436326087E-002   8.0264766956408590E-004
  -6.1197526925870965E-002  -4.8977605447199585E-004
  0.45976983521982695       -1.1004490245101013E-003
  0.48738576761135144       -8.3599036980587562E-005
  0.27180324008017365       -7.6881997226430749E-004
  0.45365206404795577       -1.8436084074217239E-004
  0.45365636270426263        8.0550389157429145E-004
  0.53454296433188953        9.8471546486337408E-004
  0.39979854319692998       -6.6271548454806327E-004
  0.58577493117656099        5.8068373183961623E-002
  0.52837135830178483        6.6928927599418278E-002
  0.51549776298809513        7.8420673010781289E-002
  0.57109117909004514        6.1524758571879119E-002
  0.68870837439682975        3.4345231023820519E-002
  0.54772376869271944        6.3733997491919478E-002
  0.65652379007521611        4.5257741978062357E-002
  0.39171065396954297       0.10812904251234406     
  0.57486040090902624        6.0545584113714725E-002
  0.24835261123215913        4.4498150413293282E-003
  0.30913853900474608        1.7487307358282290E-002
  0.22258905630584658        4.1352447010887541E-002
   8.7035724507325579E-002   2.9894771136291815E-002
  0.23528752986207468        4.3363388991551628E-002
  0.25576014773619404       -3.1374722056225199E-002
  -4.9880892136996785E-002   4.4487769866509388E-002
  0.37037033795420105        9.1331953273705319E-003
  0.14483320465746072        3.6179897849154104E-002
  0.18093871603980893        1.7362169594392445E-002
  0.36394732639834304        2.1612762921603676E-002
  -4.7573338954631283E-002  0.16669204073483934     
  0.19995684839398417       -2.0566632077150596E-002
  0.43985517430747895       -1.2701386721718732E-002
  0.33509736000221058       -4.1639714671229781E-003
  0.28710248639358787       -1.2944937963955926E-003
  0.24532005559782449       -5.6288340745692606E-003
  0.37374043389760492       -4.6381131940633384E-003
  0.99967545115588052       -1.8425442309917390E-003
  0.97822087998893681       -6.4994435822044718E-003
  0.99211341766726768       -1.5193500429710259E-003
  0.99887741512689432       -1.0268789279195456E-003
  0.98792408241704643       -2.8028151825057441E-004
  0.65678731992109418        5.2825112062993246E-004
  0.69448842212680006       -2.3291142227196697E-004
  0.55837782034404893       -1.0360885492778609E-003
  0.50269827044742654        2.9107282886670050E-005
  0.61342884800970843       -2.7870839953360914E-003
  0.71627116400564905        1.0504469837238101E-003
  0.59206426427559267        1.2428388263224378E-003
  0.62632167033167141       -2.6804108066335843E-004
  0.56007545373878509        5.3309663252945824E-003
  0.58005060126846097       -1.7674594537552189E-004
  0.59461137450691459        1.4058700887975260E-003
  0.65077383556763180        3.4385848994467221E-003
  0.40755170893507731        7.1561491682741601E-004
  0.50237129030929872       -1.9313477136490538E-003
  0.65277373180122500        4.6256906650562378E-004
   4.6188254377713636E-002   1.7706911728363754E-002
  0.28089329023564541        8.3064049308213578E-004
  0.14415122083191539       -9.0239836387568228E-003
   9.6970086926407434E-002   2.1763725522982606E-002
   6.9643068750442377E-002  -7.8960665841218552E-003
  -1.1686767508058138E-002   8.2147199687336817E-002
  0.34134746930468296       0.14616974875789149     
  0.33359776775496619       0.13480062142992202     
  0.37627931204895143       0.13244874296649659     
  0.47417704217152984       0.12622566330818735     
  0.39422320478382461       0.13218300977472652     
  0.36811353589692181       0.13403129489593524     
  0.24381267748293620       0.16718654530471480     
  0.52380425577119061        4.4968026919053892E-003
  0.58109217254916101        4.2981282663374643E-003
  0.60659631345325093        1.4764253058574511E-003
  0.63156420982143491        7.5457911314361602E-003
  0.55480514689098659        8.4268154823119001E-004
  0.85933492331480332        4.5253359407055623E-004
  0.89396889735043050        9.6129781111855802E-004
  0.81254435997769159       -3.0777218663015225E-003
  0.88172891636065087        1.1174027867113141E-003
  0.93288905055827387        4.3087592295885479E-004
  0.84005318751264679       -2.2641791912794453E-003
  0.86868461229481264       -1.7650548315984085E-003
  0.89769244376735624        8.1385757764911872E-004
  0.87729447561870100       -4.3943034735775886E-004
   6.4875902476748848E-002  0.13828575727672404     
   1.6218440286644459E-002  0.13496985917050677     
   3.1945203549968132E-002  0.13312764346030101     
  -3.5701507389645573E-002  0.13731931094613789     
  0.10255655852487908       0.14286392655987321     
  0.22761132567787407       -6.3980360992366920E-003
  0.49282641344509504       -2.4152062409891399E-004
  0.38957443475967857       -1.6801410417189593E-004
  0.34237317369639519        3.3360350109583664E-003
  0.29068183433586181        4.1850298004085691E-003
  0.64128748735485075        1.8039901042231622E-002
  0.68887389251200548        9.4478455624341824E-003
  0.72773613747289978        7.0401137222157381E-004
  0.67507766369724742        6.7728585436055448E-003
  0.92283633029232204        1.3401480297468547E-003
  0.94734997950173294       -2.2287743463634928E-003
  0.95886458923229689        4.6502114942599477E-003
  0.98209452957681065       -5.4593737072498264E-003
  0.90326970402753892       -2.8915610890522516E-003
  0.92258730808890721       -3.4230545147837048E-003
  0.95614048884020097       -3.1479813156236563E-003
  0.95066076337579852        1.0378312096303243E-003
  0.42359253303987648        7.8589178373334942E-004
  0.46207346692553791        8.1466062100912489E-003
  0.39644636395094046       -1.6584863994053397E-002
  0.22809328008289315       -1.3931294641972591E-003
  0.41302460988339607        5.5444735493517883E-003
  0.42456589280549917        9.1762047814772235E-003
  0.50371057743992731       -1.2828109273727184E-002
  0.27648167797676870        3.2156347579018912E-003
  0.35768687227734242       -1.6253284049114482E-003
  0.53662768103844205        7.0115968919918338E-003
  0.26392846981946744       0.15502508079457533     
  0.25625210552987759       0.15193625256534618     
  0.30090536332172479       0.14234849483706394     
  0.44857477857959954       0.14808115052818685     
  0.31651532460416482       0.15622842766649297     
  0.29840673118143823       0.16013105653987095     
  -6.2217247289619693E-002  0.12439328161424504     
  -8.8631286434857667E-002  0.12294461422415401     
   5.3056453718799995E-002  0.14745223535839036     
  0.62861772025279361       -9.8763709137592026E-004
  0.53047479614108783       -4.1869643802628563E-004
  0.47768967642144006        2.6979917087478181E-003
  0.58371991233642162       -2.0610140261236542E-002
  0.69531259664583056        1.2452667861203354E-003
  0.77303147831305397        1.2527483998860428E-003
  0.76145614928402061       -1.7301745083221845E-004
  0.76793567471832325       -3.1242440398636237E-003
  0.81560881496834858       -1.7347450135841900E-003
  0.67949250989885779        2.6230552523900720E-003
  0.31039031056401001        1.8930705919911962E-002
  0.38599832409994672        1.1916057871492762E-002
  0.18586521728153341        2.6299998063288428E-002
  0.40678640019389667        3.0246794274645942E-002
  0.18720814152297083        1.8192433725313806E-002
  0.22200480939692702        2.2596442649661611E-002
  0.33963539876516669        3.6811161512725413E-002
  0.19873775882727068        1.8706940296745276E-002
   3.7451334875705566E-002   4.3737613825485785E-002
  0.18186635226025916        5.4220707082015401E-002
  -3.9793492102343231E-002   2.2100578287264510E-002
  0.18192619414197941        3.8172727753038857E-002
  -2.3770490979609066E-002   3.4166946097695702E-002
  -3.2814021827982987E-002   3.9101947776732475E-002
  -3.5199056302336218E-002   3.1988908536078074E-002
   6.6845235146979473E-002   1.7970343024593889E-002
  -5.7553309087237686E-002   4.5846785742042269E-002
  0.95052758252770075       -1.9788785958775273E-003
  0.94692512354197289        3.0912012073850120E-003
  0.97357196567626092       -1.0990283110258188E-003
  0.91794819923899673       -6.3503376515465252E-003
  0.97575260606072067       -6.4708599269172379E-004
  0.95374533385039340       -7.8571204327096563E-004
  0.93169831886877175        9.8326762151727080E-003
  -2.2355954396413344E-002   4.4944733756782226E-003
  0.11280504444929264        4.1619556586150374E-005
   7.9690849807668135E-002   1.0181072196445450E-004
   3.6735537806464227E-002   9.7886086240164469E-004
  -4.1306102826022956E-002   1.4547404301936036E-003
  0.17732445677796033       -6.6559077245274684E-002
  0.40144544783484559        1.2596067335274474E-002
  0.29844470929363576        7.0879289311199635E-003
  0.24673489244982660        6.6438648602652759E-003
  0.21156151386503064       -5.4175284405365660E-003
  0.33030151931283980        2.9433060817074527E-002
  0.60860585481191598        9.9820059252443555E-003
  0.66701567624994385       -3.7000416006854219E-004
  0.57424865520421942        1.8675346546876515E-002
  0.64409834446913350        1.4043305679535661E-002
  0.59062063403109777        1.3691458398637160E-002
  0.63206394327153692       -3.2657256707119119E-003
  0.67004156028242634        3.4037502207289396E-003
  0.45585459695219449        3.1281954673396055E-002
  0.62935540022628833        1.2257620280420930E-002
  0.75523985903069990        2.5771873650454365E-003
  0.73762013896150247       -1.3529777179666987E-003
  0.66314912410935156       -1.1808690353571833E-003
  0.85086128279558582        7.4402037411422828E-004
  0.69509257492170484        7.6328347695225137E-004
   2.7735377670040667E-002   2.6846181032148721E-003
  0.34547282879721042        1.0945867007753183E-002
  0.14539141334107603        2.3432810183311586E-003
  0.10991774462059609       -3.2395965922499021E-004
   7.2300698310500400E-002  -4.8797874420135490E-003
  -5.0841671810468669E-002  -5.2858658594888007E-004
  0.95579761752998205       -3.0756226850504678E-003
  0.79965078191178651        1.0429660983790989E-003
  0.86741748801800544       -3.9392958123306140E-003
  0.89910966360693778       -2.6960714250803385E-003
  0.91944850343925422       -1.8727780249503010E-003
  0.87836503202002747       -1.1094276968550666E-003
  -2.6607594287504865E-002  -6.5629287989389468E-002
  0.21461926091947717        3.7236779886469638E-002
   6.5682625577958689E-002   2.3331244339242788E-002
   1.2915827609374264E-002   5.3890500421188120E-002
  -9.7182085149569164E-003  -2.5957776823408510E-002
  -5.7973818921351394E-002   1.1119219847883991E-003
   9.4435266772965099E-002   4.7128949035861690E-003
  0.27406600710700763        9.1890626038973619E-002
  0.32286899058702900        8.9232693140954458E-002
  0.38274916708161211        7.9305013365230340E-002
  0.19810428510151282       0.10785865931896235     
  0.37264010502804779        9.8507271950027134E-002
  0.30053706409778030        8.8057338305888105E-002
  0.20053044880859044       0.10911163290952455     
  0.41417272832785446       -3.3425157168294802E-003
  0.50908818816527124       -3.8818913480724538E-003
  0.27233941207637247        8.9833006876898162E-003
  0.50784749032997800       -1.3661553311033220E-002
  0.29539817777812699       -8.8073565653271145E-004
  0.28443584045587367        4.9149835120062069E-003
  0.45130934249916288       -2.4785332552559099E-003
  0.78168135883788592        5.4750847723127635E-004
  0.84552895650849436       -4.2505274616567703E-004
  0.87222060507543753       -1.3171948025796579E-003
  0.91051584462497170       -1.8023279581236178E-003
  0.86152873991052981        8.3129325865411764E-004
  0.82864467014381649        1.6411836388117915E-003
  0.83986742074015208        8.4916412160106983E-004
  0.86655292803599104       -5.4668864384596884E-005
  0.79057871972100757       -1.3352013552095448E-003
  0.94390604934896660       -4.2244938179285637E-004
  0.82459302509449717       -3.3303824079798957E-003
  0.84068153358073394        2.9710001599958600E-004
  0.87924094533049990        4.4567733278943306E-004
  0.87551852941970221       -2.3710797897497052E-003
  0.87738816757805338        9.8087097748654267E-004
  0.88794753355311540        9.4037645013731136E-004
  0.93489278515674168        1.0679193046887114E-003
  0.90749705531704006       -1.1549248023281166E-003
  0.84847343686807553        1.8992592505824720E-003
  0.57273493728506752        5.5251441139887595E-003
  0.62833895208245949        4.3041167197905104E-003
  0.65412038013051754        1.1148198628110624E-003
  0.81642492552352897       -1.3085628101525500E-003
  0.41363767688192743        6.9246880664974152E-003
  0.66888680249626198        5.5167347462069475E-003
  0.60471030422936733        2.1253009273816455E-003
   1.7410261942870764E-002   8.4135536254450499E-002
  0.12655474444963449        8.2703558476082906E-002
  -6.1567437668961666E-002   7.5380639790021020E-002
  -6.0543846331053919E-002   5.4533390711802091E-002
  -4.5999623114287430E-002   6.4489324284025470E-002
   4.5299848604864634E-002   7.1651545479248444E-002
  -5.8433233723568567E-002   9.0258191014254516E-002
  0.53991831973929882       -8.5020807505557317E-004
  0.53176222086417269       -1.5506346889086720E-004
  0.53550769083284766       -5.1013352026934482E-003
  0.60353177379343459       -2.5845571095877728E-003
  0.47570614721888704        4.6924016013175840E-003
  0.13143981215973227        2.4799101011279450E-002
  0.37970165827674018        8.4751966823167141E-004
  0.25161190644040060       -1.8370760649632202E-002
  0.20944720054296168       -1.0370612665447969E-002
  0.17193571759432755       -6.4404368176136234E-003
  0.30133577766938335        2.5476774128805581E-002
  0.53323603727863800        1.9621664489074078E-003
  0.61573524954713366       -8.6461834010806492E-004
  0.62211264261114341       -6.8462720169913715E-004
  0.70815819736691987        3.7369930714168309E-003
  0.57325716717527397        8.6660225717047866E-004
  0.63059544980729665        8.3818313049875796E-003
  0.68958922637792286        2.6070822242617044E-003
  0.59518668457590229        1.8072617873496892E-002
  0.65999610773387341        1.3724598829335260E-002
  0.61191537031039600        1.3313824791760968E-002
  0.65605478921514804        2.0056339037771636E-004
  0.68982562000097913        4.3708906987681489E-003
  0.46825210863795452        3.5249432613144997E-002
  0.64880128080839705        1.1506305277751162E-002
   4.4800418471903913E-003  -5.3442707312885435E-003
  0.27093358427400027        3.7478703672659777E-002
  0.10055958476792548       -2.1772687804446937E-003
   5.9634161643882008E-002   1.0759656352642602E-003
   3.0846371629143027E-002   4.2652573153633314E-002
  0.15538279804476676       -3.3462569972034603E-002
  0.79788008624718842       -5.4098435224847240E-003
  0.80226488345757085        1.0679439633908623E-003
  0.88488004031278455       -1.1953104522261194E-003
  0.85035986755873494        8.8012785027625573E-004
  0.76116529633108876        8.7154376573935952E-004
