 cosx vtec
  0.99113716381496220       -9.6162401822252549E-004
  0.99178176843142185       -3.1685733285309186E-004
  0.96727750731838347        1.2930267714109428E-003
  0.98511862475885792        7.5567409252068395E-005
  0.99728524053051593        3.9073304018642291E-003
  0.98491724397650482       -7.3190681211835254E-004
  0.96710661060506631       -5.0381838196475351E-004
  0.16622343291616670       -1.2897270245265243E-003
  0.27723511130624068       -1.5853890733796313E-003
  0.27123580791462326        2.7911010227498938E-003
  0.39513837745311481        2.5617719413499748E-004
  0.34746954549169035        1.3981685127904576E-003
  0.19433989463189894       -5.1007868414364495E-003
  0.95578198624354394       -1.4334823602417959E-004
  0.95180739431131467        9.1280395362138908E-005
  0.92385848338561338        2.6484931139093269E-003
  0.86371450855874088        2.4790802105653944E-003
  0.85826613757578296        4.0766235908728171E-004
  0.94679577639716772       -1.5515789069554193E-003
  0.97149758822212462       -3.5281456368758475E-003
  0.93695690472289817       -1.1035258684171378E-003
  0.91590252695393060        4.7901094501673130E-004
  0.79031854804961477        1.5687779507678255E-003
  0.60618435911482726        2.7623175054397550E-003
  0.73207453107503506        4.0197458449612528E-003
  0.74943616189799100       -4.7835043372671920E-004
  0.70114402886042138       -3.4377783499088652E-003
  0.75599937233719738        1.7863194930720187E-002
  0.64811631101716660        1.9575283317887330E-002
  0.51931674936885619        3.0287222014354839E-002
  0.60471194328877187        1.6668697761839574E-002
  0.60241732494548983        1.3116161486377044E-002
  0.69667644830754449        2.5127913673000962E-002
  0.69528096099557324        1.0602088710713380E-002
  0.64027892509510198        1.3917213258329682E-002
  0.47493900856038962        1.0555076789434181E-002
   3.7627955662424994E-002   2.3041674179984772E-003
  0.10315548204290270       -2.7525199677435008E-004
   9.8891712045184266E-002  -1.2724938539822386E-003
  0.25723312088023531       -2.9124891541573404E-003
  0.16637756216057215        1.6272398366837053E-003
   4.5590171487910003E-002  -1.8118724865727565E-004
  0.85232472390857628        5.2849905566731969E-002
  0.90410628255118697        3.8106920053663500E-002
  0.81590554045794772        6.3276848475789002E-002
  0.76644295657257344        7.0919116972806243E-002
  0.83610598511612544       0.10519336145341916     
  0.87418261246326578        5.0497807114577992E-002
  0.69251041531687185       0.10388572255787835     
  0.92003230069810948        5.3512534605510184E-002
  0.79033359065966713        7.5890816554633062E-002
  0.82971462547618902        6.5135368128468984E-002
  0.85511132179464422        6.0586009130342254E-002
  0.90984374140333402       -1.1004490245101013E-003
  0.90003365977571415       -8.3599036980587562E-005
  0.82064259452806465       -7.6881997226430749E-004
  0.93225810631189776       -1.8436084074217239E-004
  0.88852375621886026        8.0550389157429145E-004
  0.92029984696133826        9.8471546486337408E-004
  0.85720486116145267       -6.6271548454806327E-004
  0.71969253322296467        5.8068373183961623E-002
  0.60414389092961640        6.6928927599418278E-002
  0.49264313193839060        7.8420673010781289E-002
  0.56764395348602470        6.1524758571879119E-002
  0.56610949833349178        3.4345231023820519E-002
  0.64989233450372319        6.3733997491919478E-002
  0.68056890463936304        4.5257741978062357E-002
  0.60739401511505187       0.10812904251234406     
  0.60310737583004403        6.0545584113714725E-002
   5.3228496866244590E-002   9.8655685494388690E-002
  -1.2065571769704242E-002  0.13308650335389738     
  0.22754394234084563        5.5964969898950119E-002
   2.7527740036390025E-002  0.10687066290385225     
  -2.6751419969725077E-002  0.10745699758102502     
  0.10217733783900251       0.13555866064375602     
   8.5501678762857025E-002   9.3728464902475037E-002
   1.1374743375567764E-002  0.10544067617861003     
  0.90070958328640494        4.4498150413293282E-003
  0.92721467427069182        1.7487307358282290E-002
  0.87781573936879143        4.1352447010887541E-002
  0.81859998232021591        2.9894771136291815E-002
  0.89240224235950427        4.3363388991551628E-002
  0.90481515240110277       -3.1374722056225199E-002
  0.73247394027729285        4.4487769866509388E-002
  0.94895280205427290        9.1331953273705319E-003
  0.84498060541809683        3.6179897849154104E-002
  0.86572862369593118        1.7362169594392445E-002
  0.92363380964193587        2.1612762921603676E-002
  0.14572151351156484        3.9713315750270527E-003
   9.9537299787697153E-002   1.5067994553094507E-004
  0.24122687952185665       -6.6718014027117778E-004
   6.6250226949275903E-002   4.4953568808341338E-003
  0.16565597759793610       -1.1062818537919612E-003
   8.2033493059991774E-002  -4.5443046438902509E-003
  0.66084863349681611       -1.8425442309917390E-003
  0.55870367993137071       -6.4994435822044718E-003
  0.55515396604536538       -1.5193500429710259E-003
  0.62634068291555545       -1.0268789279195456E-003
  0.61675511301064678       -2.8028151825057441E-004
  0.31469643232477401        5.2825112062993246E-004
  0.19330589186630770       -2.3291142227196697E-004
  0.14996097866812030       -1.0360885492778609E-003
   7.7972199268310782E-002   2.9107282886670050E-005
  0.33645019515852936       -2.7870839953360914E-003
  0.33794114576232254        1.0504469837238101E-003
  0.99790629398557251        1.2428388263224378E-003
  0.99917295009224105       -2.6804108066335843E-004
  0.98326833801979507        5.3309663252945824E-003
  0.99559592852406997       -1.7674594537552189E-004
  0.99654071145782153        1.4058700887975260E-003
  0.99994488662424186        3.4385848994467221E-003
  0.95175931693392823        7.1561491682741601E-004
  0.96991934982465589       -1.9313477136490538E-003
  0.99049869064955232        4.6256906650562378E-004
   8.0357184635448942E-005  0.26215514191980205     
  -8.8145454292936187E-002  0.25579646739042927     
  -3.0068683153494979E-002  0.25371490527562868     
  0.16742315403101060       0.14616974875789149     
   6.9270035468312452E-002  0.13480062142992202     
  0.11276885620104968       0.13244874296649659     
  0.12232117413390098       0.12622566330818735     
  0.15654933533922652       0.13218300977472652     
   5.0544262906046356E-002  0.13403129489593524     
  -1.5879195362578924E-002  0.16718654530471480     
  -3.6753501978206815E-002   7.5457911314361602E-003
  0.90303763588040231        4.5253359407055623E-004
  0.88864664517519498        9.6129781111855802E-004
  0.86322131347610453       -3.0777218663015225E-003
  0.79850180139647664        1.1174027867113141E-003
  0.79573934437435023        4.3087592295885479E-004
  0.89237135379876609       -2.2641791912794453E-003
  0.92827045529670416       -1.7650548315984085E-003
  0.86650834464964499        8.1385757764911872E-004
  0.84480445967792228       -4.3943034735775886E-004
  0.66707109283072263       0.13828575727672404     
  0.58811102729475306       0.13496985917050677     
  0.48030219370300359       0.17457448895407282     
  0.61973850857931312       0.13312764346030101     
  0.57016040659742950       0.13731931094613789     
  0.61887176480785577       0.14286392655987321     
  0.16198337785533279        1.8039901042231622E-002
  0.21587113359428356        9.4478455624341824E-003
  0.21544256102412451        7.0401137222157381E-004
  0.15780118838173146        6.7728585436055448E-003
  0.88806772746312934        1.3401480297468547E-003
  0.85335954470793918       -2.2287743463634928E-003
  0.77246849734783962        4.6502114942599477E-003
  0.77259538804286187       -5.4593737072498264E-003
  0.90093995039584596       -2.8915610890522516E-003
  0.88231895627110746       -3.4230545147837048E-003
  0.83882575377761648       -3.1479813156236563E-003
  0.83138251644626937        1.0378312096303243E-003
  0.96181062588320509        7.8589178373334942E-004
  0.96741213430577389        8.1466062100912489E-003
  0.95590236225676573       -1.6584863994053397E-002
  0.87656275462365607       -1.3931294641972591E-003
  0.96192468094324757        5.5444735493517883E-003
  0.95572090778332275        9.1762047814772235E-003
  0.98051295562559759       -1.2828109273727184E-002
  0.91373738603108146        3.2156347579018912E-003
  0.92322162265040064       -1.6253284049114482E-003
  0.98675867367460013        7.0115968919918338E-003
  0.20364359985708821       0.15502508079457533     
  0.11541463899429701       0.15193625256534618     
  0.16056219520401971       0.14234849483706394     
  0.17553614199145748       0.14808115052818685     
  0.20300067043821424       0.15622842766649297     
   8.6429111756659141E-002  0.16013105653987095     
  0.67777105963867268       0.12439328161424504     
  0.61854229590012488       0.12268714835724899     
  0.57745129210671742       0.13250280893800487     
  0.50715117652088915       0.14929554268333578     
  0.64532038504314482       0.12294461422415401     
  0.53208130983445490       0.13888483793408246     
  0.59250779940468989       0.16177407630208820     
  0.68623086928269805       0.14745223535839036     
  0.30913253965513965       -9.8763709137592026E-004
  0.14609419672821738       -4.1869643802628563E-004
   7.7706338535882352E-002   2.6979917087478181E-003
  0.32429025993836624       -2.0610140261236542E-002
  0.34001693819153667        1.2452667861203354E-003
  0.93779429822692317        1.2527483998860428E-003
  0.96559330277063626       -1.7301745083221845E-004
  0.91637240770989314       -3.1242440398636237E-003
  0.91549716887903354       -1.7347450135841900E-003
  0.89289603030214182        2.6230552523900720E-003
  0.79118851703973780       -1.9788785958775273E-003
  0.61541554213478633        3.0912012073850120E-003
  0.61317503966342990       -1.0990283110258188E-003
  0.78135869451788409       -6.3503376515465252E-003
  0.68378386696563564       -6.4708599269172379E-004
  0.66169418539502323       -7.8571204327096563E-004
  0.48700851221329111        9.8326762151727080E-003
  0.91190256600166963        9.9820059252443555E-003
  0.93483117817185213       -3.7000416006854219E-004
  0.86510041832802864        1.8675346546876515E-002
  0.82227123228063226        1.4043305679535661E-002
  0.89128469493077889        1.3691458398637160E-002
  0.96073022273392450       -3.2657256707119119E-003
  0.90798897530202027        3.4037502207289396E-003
  0.85175751881366724        3.1281954673396055E-002
  0.86824477695632529        1.2257620280420930E-002
  -1.1205063632843959E-002   2.5771873650454365E-003
  -3.8770453992398757E-002  -1.3529777179666987E-003
  -9.3361887619058004E-002  -1.1808690353571833E-003
  0.15338631351541560        7.4402037411422828E-004
  0.65014997870794422       -3.0756226850504678E-003
  0.38111599407073565        1.0429660983790989E-003
  0.47219933316495444       -3.9392958123306140E-003
  0.47008949114574816       -2.6960714250803385E-003
  0.55594821706695430       -1.8727780249503010E-003
  0.51398537032979108       -1.1094276968550666E-003
  0.14866072751280723        9.8461162684642806E-002
   8.6144322444449029E-002  0.13174878465105111     
  0.30716181835257528        7.6485740926834231E-002
  0.12286953224344721       0.10454917800673171     
   5.2350195328554450E-002  0.11754210326410783     
  0.18307711855097641       0.11888509311478077     
  0.18201337720090199        9.7090992999645923E-002
  0.10529288015037441       0.10509869906497141     
   2.2590346135379746E-002  0.24900590984499346     
   1.2431800568241114E-004  0.22365486852961142     
  -6.8894030089242886E-002  0.23657501750403848     
  0.12182308822768034       0.27576256098499924     
  -5.8933931640824277E-002  0.24673764574183799     
  -1.3766194772127649E-002  0.23544226493101264     
  -9.7483139567891564E-002  0.28070750620823104     
  0.59604145066652858       0.13561832585111258     
  0.52656691594075022       0.14488049082489490     
  0.48226696376513312       0.14099650179983431     
  0.42268793703366003       0.14005128467219471     
  0.55613972455210225       0.12712883641484735     
  0.44481631761694440       0.14563795754615758     
  0.49537548937434589       0.14434854905661090     
  0.25809543380294964        5.4750847723127635E-004
  0.33802415357721033       -4.2505274616567703E-004
  0.33521930755612839       -1.3171948025796579E-003
  0.43619868390030769       -1.8023279581236178E-003
  0.38551781789598161        8.3129325865411764E-004
  0.26960724484731119        1.6411836388117915E-003
  0.95554780861542743        8.4916412160106983E-004
  0.93881404356302778       -5.4668864384596884E-005
  0.94668670179018910       -1.3352013552095448E-003
  0.85717326418316309       -4.2244938179285637E-004
  0.95967613697503751       -3.3303824079798957E-003
  0.95241157200817161        2.9710001599958600E-004
  0.93002615266302868        4.4567733278943306E-004
  0.92184402839410517       -2.3710797897497052E-003
  0.23800436441983408        9.8087097748654267E-004
  0.22969287207710637        9.4037645013731136E-004
  0.33848639725626595        1.0679193046887114E-003
  0.31425189407321469       -1.1549248023281166E-003
  0.16244334038430386        1.8992592505824720E-003
  -5.8383041045327655E-002   4.3041167197905104E-003
  -6.3076892040653310E-002   1.1148198628110624E-003
  0.18308283922943702       -1.3085628101525500E-003
   2.0894585861965576E-002   5.5167347462069475E-003
  0.94653792323529296       -8.5020807505557317E-004
  0.96322725896710004       -1.5506346889086720E-004
  0.92885920435356617       -5.1013352026934482E-003
  0.94958265760279659       -2.5845571095877728E-003
  0.89895350228404403        4.6924016013175840E-003
  -1.1040767586287137E-002   3.7369930714168309E-003
  0.90183331025487878        8.3818313049875796E-003
  0.92437165853818948        2.6070822242617044E-003
  0.85239772633664179        1.8072617873496892E-002
  0.81024523362534151        1.3724598829335260E-002
  0.87974013263605511        1.3313824791760968E-002
  0.95725033664547543        2.0056339037771636E-004
  0.89419932514500600        4.3708906987681489E-003
  0.84072432151920251        3.5249432613144997E-002
  0.85423446405636128        1.1506305277751162E-002
   7.5178167135586060E-002  -5.4098435224847240E-003
   6.1673276687636280E-002   1.0679439633908623E-003
  0.21372727762531463       -1.1953104522261194E-003
  0.18473765123504005        8.8012785027625573E-004
   1.4908985830899835E-003   8.7154376573935952E-004
