 cosx vtec
  -2.6993307457860050E-002   3.1388095203105523E-002
   2.4925654749177406E-002   1.1266557126342261E-002
  -9.9704852650761011E-003   1.6147304182509994E-002
  -1.9518260797684706E-002   2.6590208887822465E-002
  -9.6961652267000265E-002   2.7965496839924199E-002
  -3.6697196136601051E-002   4.8858144319178523E-002
  0.22729566851123845       -9.6162401822252549E-004
  0.27200457270001815       -3.1685733285309186E-004
  0.19887745679674812        1.2930267714109428E-003
  0.21366392387422795        7.5567409252068395E-005
  0.22985690763663175        3.9073304018642291E-003
  0.29734132205848374       -7.3190681211835254E-004
  0.29296736968876386       -5.0381838196475351E-004
  0.88750578233360677       -1.2897270245265243E-003
  0.93008117287280656       -1.5853890733796313E-003
  0.96324231243942493        2.7911010227498938E-003
  0.94737739251988229        2.5617719413499748E-004
  0.91741284553356195        1.3981685127904576E-003
  0.95023619511528368       -5.1007868414364495E-003
  0.37696623688812564       -1.4334823602417959E-004
  0.42488187203731520        9.1280395362138908E-005
  0.34790948840506847        2.6484931139093269E-003
  0.49051023088136414        2.4790802105653944E-003
  0.59908401331553662        4.0766235908728171E-004
  0.36229732096178857       -1.5515789069554193E-003
  0.37647237558373842       -3.5281456368758475E-003
  0.44604594550228260       -1.1035258684171378E-003
  0.43585742515421522        4.7901094501673130E-004
  0.34584321597081791        1.5687779507678255E-003
  0.40591824994348702        2.7623175054397550E-003
  0.36116832720118264        4.0197458449612528E-003
  0.43433607991120105       -4.7835043372671920E-004
  0.29882540548654091       -3.4377783499088652E-003
  0.12879634689321068       0.24536648206127828     
  0.19941144927728849       0.18116790074331321     
  0.23928300141328457       0.18711093450550123     
  0.16688534610948877       0.18987606643068172     
  0.25499828444919614       0.21150504713415480     
  0.25110348978668262       0.18739092016021178     
  0.15930288881623045       0.18751340178758585     
  0.43090312555750931        1.7863194930720187E-002
  0.42989618295957999        1.9575283317887330E-002
  0.49252828771155954        3.0287222014354839E-002
  0.51420659744241937        1.6668697761839574E-002
  0.60993385182287208        1.3116161486377044E-002
  0.42566047392404621        2.5127913673000962E-002
  0.53324301050946077        1.0602088710713380E-002
  0.49688803042483709        1.3917213258329682E-002
  0.60246573710498386        1.0555076789434181E-002
  0.85941884540337177       -2.7604670143527199E-003
  0.76909409751361979       -1.1527491207212459E-004
  0.74039078321160046       -1.3811317215394021E-003
  0.71660986261717130        4.4922859168688416E-003
  0.85309696687768799       -1.2436391499969313E-003
  0.90924295474349037        2.0479110461447654E-004
  0.73489979784371795       -4.5297425071958546E-003
  0.89453074973099433        3.3594982712548912E-003
  0.82550042765017673       -1.0845568661108529E-002
  0.78054785324101239        2.4618362171800252E-002
  0.76273338358565712       -3.8686800322529163E-002
  0.86720896592497398        4.1191537438215890E-004
  0.85358713536833397        2.3041674179984772E-003
  0.88569292094518226       -2.7525199677435008E-004
  0.91940236374315387       -1.2724938539822386E-003
  0.93034038720885726       -2.9124891541573404E-003
  0.88062357641782985        1.6272398366837053E-003
  0.89639573392399263       -1.8118724865727565E-004
  0.21022503015090876       0.16537621692818413     
  0.17032191003921215       0.15934392381651821     
  0.17680590804120594        2.5444023499378923E-002
  0.17305026429598047       0.16245428121964881     
  0.25654315831335545       0.15838180996555629     
  0.16210727991041363       0.16540010551223430     
  0.27514075216508299        7.1904269094688437E-003
  0.32228432457024564       -4.0428397746459149E-004
  0.30284462683534247        8.0264766956408590E-004
  0.29214964416391742       -4.8977605447199585E-004
  0.18850847777601173       -4.6278575108834206E-003
  -2.7896301975332549E-003  -1.1004490245101013E-003
   3.9115803728638265E-002  -8.3599036980587562E-005
  -2.5284422847306420E-002  -1.8436084074217239E-004
   3.2666732402054643E-003   8.0550389157429145E-004
   8.6512112123851126E-002   9.8471546486337408E-004
  -4.5529646901160736E-002  -6.6271548454806327E-004
  0.28331178370834276        5.8068373183961623E-002
  0.28493419424283162        6.6928927599418278E-002
  0.34116117147747416        7.8420673010781289E-002
  0.36367737879675527        6.1524758571879119E-002
  0.51588467288566386        3.4345231023820519E-002
  0.27995299713630706        6.3733997491919478E-002
  0.39980089737036267        4.5257741978062357E-002
  0.10712521375576284       0.10812904251234406     
  0.34537589176924655        6.0545584113714725E-002
  0.23862089121024560       -1.9673738106778019E-003
  0.28265723731263037        3.1601492638171458E-003
  0.25872548903521453       -3.5944424831929598E-003
  0.24948646518955248       -4.0640839485871225E-003
  0.14147832437535118        8.8320842817718771E-003
   1.7670210387780050E-002   7.7012684142695968E-003
   6.2997310873912082E-002   2.1670522914370286E-003
   3.5000706342935839E-002   1.8489583781809297E-003
   2.6094441087157805E-002   4.0539128396376491E-003
  -4.9259223080783954E-002   1.1603254861881261E-002
  0.26942522656174883       0.15621543594884907     
  0.33714039495066744       0.16669204073483934     
  0.22931068353122425       0.15831919765343447     
  0.23498773288272734       0.15216228660618406     
  0.31275378556407452       0.14958327736875440     
  0.22453144872986450       0.15520144799549179     
  0.62829997299531026       -2.0566632077150596E-002
  0.79852290195392417       -1.2701386721718732E-002
  0.69485206373251329       -4.1639714671229781E-003
  0.66736927910733357       -1.2944937963955926E-003
  0.65219045817993626       -5.6288340745692606E-003
  0.76984015936606809       -4.6381131940633384E-003
  0.85381965628665946       -1.8425442309917390E-003
  0.89290857542565627       -6.4994435822044718E-003
  0.91308538855973576       -1.5193500429710259E-003
  0.87531718618131615       -1.0268789279195456E-003
  0.86749238971398968       -2.8028151825057441E-004
  0.63894598212854792        5.2825112062993246E-004
  0.76664563278199904       -2.3291142227196697E-004
  0.61995660136255593       -1.0360885492778609E-003
  0.59536369167546332        2.9107282886670050E-005
  0.56900664548751467       -2.7870839953360914E-003
  0.70024502774873887        1.0504469837238101E-003
  0.10980605784892000        1.2428388263224378E-003
  0.15301977849755954       -2.6804108066335843E-004
   7.8236283537568729E-002   5.3309663252945824E-003
   9.5869574566511351E-002  -1.7674594537552189E-004
  0.11397188029631627        1.4058700887975260E-003
  0.18395102996940860        3.4385848994467221E-003
  -9.7278407493378127E-002   7.1561491682741601E-004
   1.2766175271260116E-002  -1.9313477136490538E-003
  0.19268761354473390        4.6256906650562378E-004
  0.51540637867254346        1.7706911728363754E-002
  0.70487175678054026        8.3064049308213578E-004
  0.56864963296431081       -9.0239836387568228E-003
  0.53950767565553026        2.1763725522982606E-002
  0.52901605756438908       -7.8960665841218552E-003
  0.48520828940105476        8.2147199687336817E-002
  0.11803486404301328       0.17979436456887404     
   7.2836625061001803E-002  0.16086609414302988     
   7.9629699576689417E-002  0.16159190962225733     
   7.3263389646596677E-002  0.16379153790527184     
  0.17148234277942964       0.16523917677199620     
   6.1633735288845637E-002  0.16719070424129434     
  0.32955013842973951       0.14616974875789149     
  0.38365221282721651       0.13480062142992202     
  0.41013070878505908       0.13244874296649659     
  0.52975077020116368       0.12622566330818735     
  0.40462325387449161       0.13218300977472652     
  0.44024720848795285       0.13403129489593524     
  0.32380394083947389       0.16718654530471480     
  0.79671989067271798        4.4968026919053892E-003
  0.83184708576890509        4.2981282663374643E-003
  0.86827692376919197        1.4764253058574511E-003
  0.83591243141957239        7.5457911314361602E-003
  0.83446571548129134        8.4268154823119001E-004
  0.51532370853863230        4.5253359407055623E-004
  0.56924133883431594        9.6129781111855802E-004
  0.48115917950233233       -3.0777218663015225E-003
  0.61234379116927085        1.1174027867113141E-003
  0.67991705679928816        4.3087592295885479E-004
  0.49749750836371343       -2.2641791912794453E-003
  0.51087388355933816       -1.7650548315984085E-003
  0.58847798728132161        8.1385757764911872E-004
  0.57642107015184019       -4.3943034735775886E-004
  0.63632212560655343       -6.3980360992366920E-003
  0.81544935704521260       -2.4152062409891399E-004
  0.71253017648078698       -1.6801410417189593E-004
  0.68630361844903609        3.3360350109583664E-003
  0.66785307426042007        4.1850298004085691E-003
  0.29974511575662499        8.7806748522432240E-002
  0.23435227978149620        4.9557197440978550E-002
  0.25221169997674897        3.7410694713585532E-002
  0.24150036045286022        4.7976232722304335E-002
  0.22986030233128585        6.5191784758076146E-002
  0.34202820721254212        6.2451256859090268E-002
  0.20536674913888725        8.2339747719577638E-002
  0.71869614947119886        1.8039901042231622E-002
  0.74469931714820758        9.4478455624341824E-003
  0.79493938644329865        7.0401137222157381E-004
  0.76486569257304815        6.7728585436055448E-003
  0.60673045647183421        1.3401480297468547E-003
  0.66089875349975746       -2.2287743463634928E-003
  0.72849953191929961        4.6502114942599477E-003
  0.75828054515027510       -5.4593737072498264E-003
  0.57317434009535284       -2.8915610890522516E-003
  0.61016256363000088       -3.4230545147837048E-003
  0.68168587267524838       -3.1479813156236563E-003
  0.67949950166242434        1.0378312096303243E-003
  -8.3217247821590901E-002   7.8589178373334942E-004
  -3.7403238449775222E-002   8.1466062100912489E-003
  -9.6877551921787319E-002   5.5444735493517883E-003
  -7.7991139426196621E-002   9.1762047814772235E-003
   7.5734444446981519E-003  -1.2828109273727184E-002
   4.5814253598160326E-002   7.0115968919918338E-003
  0.20638097541206238       0.15502508079457533     
  0.25409979644008851       0.15193625256534618     
  0.28203694271605229       0.14234849483706394     
  0.46210353137247584       0.14808115052818685     
  0.27440497425064697       0.15622842766649297     
  0.32721169718920945       0.16013105653987095     
  -3.7123578388458589E-002  0.20000990441896402     
  -8.0857649587348757E-002  0.18849306004408550     
  -7.2698437131993254E-002  0.20000520977718561     
  -8.0021713679638451E-002  0.19102871679253400     
  -8.9304983211657862E-002  0.19544743668399317     
  0.60636341638679225       -9.8763709137592026E-004
  0.58660902806441695       -4.1869643802628563E-004
  0.56338679162902272        2.6979917087478181E-003
  0.53875040858425305       -2.0610140261236542E-002
  0.67194633599112497        1.2452667861203354E-003
  0.38168833949826647        1.2527483998860428E-003
  0.34866287187177170       -1.7301745083221845E-004
  0.38911944684675320       -3.1242440398636237E-003
  0.45097812533056125       -1.7347450135841900E-003
  0.29074222454186072        2.6230552523900720E-003
  0.69842887215914307        1.8930705919911962E-002
  0.74872471738324098        1.1916057871492762E-002
  0.63519897014570037        2.6299998063288428E-002
  0.78443493898752559        3.0246794274645942E-002
  0.64452742092530591        1.8192433725313806E-002
  0.64440896439914996        2.2596442649661611E-002
  0.73467700993017049        3.6811161512725413E-002
  0.61399082947866623        1.8706940296745276E-002
  0.51086098365666643        4.3737613825485785E-002
  0.61528325367643044        5.4220707082015401E-002
  0.46195139538117369        2.2100578287264510E-002
  0.64351559193551178        3.8172727753038857E-002
  0.47788576256723936        3.4166946097695702E-002
  0.46997082845076577        3.9101947776732475E-002
  0.45960386483759408        3.1988908536078074E-002
  0.54844479337293206        1.7970343024593889E-002
  0.43302815272703643        4.5846785742042269E-002
  0.70556305770058325       -1.9788785958775273E-003
  0.81565948767421215        3.0912012073850120E-003
  0.85137839126930159       -1.0990283110258188E-003
  0.67009577146628407       -6.3503376515465252E-003
  0.80809512932227723       -6.4708599269172379E-004
  0.79422114164607571       -7.8571204327096563E-004
  0.87989602201871719        9.8326762151727080E-003
  0.33156951677617208        4.4944733756782226E-003
  0.38734047927788456        4.1619556586150374E-005
  0.36866910122670077        1.0181072196445450E-004
  0.35574087244875741        9.7886086240164469E-004
  0.23729226818643995        1.4547404301936036E-003
  0.62493033799193243       -6.6559077245274684E-002
  0.78834937781397918        1.2596067335274474E-002
  0.68765575730614115        7.0879289311199635E-003
  0.65722844021112703        6.6438648602652759E-003
  0.64416037522638803       -5.4175284405365660E-003
  0.74860548562004159        2.9433060817074527E-002
  0.18720646342658809        9.9820059252443555E-003
  0.24733109261632996       -3.7000416006854219E-004
  0.17358563211454259        1.8675346546876515E-002
  0.29133742646694033        1.4043305679535661E-002
  0.17754246924717632        1.3691458398637160E-002
  0.18549361057170466       -3.2657256707119119E-003
  0.26874109782172556        3.4037502207289396E-003
   3.0090125949158109E-002   3.1281954673396055E-002
  0.24237716263021292        1.2257620280420930E-002
  0.97823122022778541        2.5771873650454365E-003
  0.97357177588267874       -1.3529777179666987E-003
  0.91346571379095298       -1.1808690353571833E-003
  0.99373035913100849        7.4402037411422828E-004
  0.96114800726759797        7.6328347695225137E-004
  0.42331070228573359        2.6846181032148721E-003
  0.68519808889132894        1.0945867007753183E-002
  0.47688794921570898        2.3432810183311586E-003
  0.45636527826842593       -3.2395965922499021E-004
  0.44384629662303576       -4.8797874420135490E-003
  0.28502895810456519       -5.2858658594888007E-004
  0.80439445246804853       -3.0756226850504678E-003
  0.77925541589407188        1.0429660983790989E-003
  0.80692418510033181       -3.9392958123306140E-003
  0.84904396171670993       -2.6960714250803385E-003
  0.81915076623475858       -1.8727780249503010E-003
  0.79372417730577405       -1.1094276968550666E-003
  0.46439167921373198       -6.5629287989389468E-002
  0.66636919093778413        3.7236779886469638E-002
  0.51882803914115361        2.3331244339242788E-002
  0.48463241252258338        5.3890500421188120E-002
  0.47518950437097707       -2.5957776823408510E-002
  0.44672639677164538        1.1119219847883991E-003
  0.57550998678551168        4.7128949035861690E-003
  -1.8845685302890935E-002   8.2660410074114427E-002
   5.3834937114495662E-002   5.3228857593158180E-002
  -5.7594431574681249E-004   7.3020605151964693E-002
  -1.2030812175560679E-002   7.8166746204510071E-002
  -2.3502543610124715E-002   9.4915412526753465E-002
  -4.9577543967141424E-002  0.12187381817133008     
   6.0779203323552411E-002   9.4451464532240188E-003
  0.10337402833776349        1.1453759532210719E-003
   7.9235172328935788E-002   3.0972946582373577E-004
   7.0482773076767036E-002   4.0459565148590155E-003
  -5.1478120269793370E-003  -2.9440414659286200E-003
  0.54447276859349603        9.1890626038973619E-002
  0.57699673195423240        8.9232693140954458E-002
  0.65036231209927364        7.9305013365230340E-002
  0.50223885077696107       0.10785865931896235     
  0.58544295283324110        9.8507271950027134E-002
  0.58249747230689208        8.8057338305888105E-002
  0.49028371790378106       0.10911163290952455     
  0.79153299629540463       -3.3425157168294802E-003
  0.85194477253080281       -3.8818913480724538E-003
  0.71547306337318806        8.9833006876898162E-003
  0.86688933191371043       -1.3661553311033220E-002
  0.73348661729336684       -8.8073565653271145E-004
  0.71236226636275890        4.9149835120062069E-003
  0.83063944373730292       -2.4785332552559099E-003
  0.83645033964218440        5.4750847723127635E-004
  0.86636146095011801       -4.2505274616567703E-004
  0.90250631567745832       -1.3171948025796579E-003
  0.88582811870012701       -1.8023279581236178E-003
  0.85593109777883425        8.3129325865411764E-004
  0.88931140699830147        1.6411836388117915E-003
  0.25709858917272771       0.13246439172701949     
  0.20932713933656455       0.11013581044319495     
  0.23026901766745433       0.11128465476742398     
  0.21596199736490063       0.11089543821439511     
  0.20859980172399595       0.11116968048219136     
  0.30218470899431099       0.10889889671508828     
  0.19290315645636974       0.12766311865842941     
  0.45602318869131619        8.4916412160106983E-004
  0.50125160461500162       -5.4668864384596884E-005
  0.39844253367177862       -1.3352013552095448E-003
  0.65398209368468274       -4.2244938179285637E-004
  0.43369222944416608       -3.3303824079798957E-003
  0.45911682504482543        2.9710001599958600E-004
  0.52329889345841063        4.4567733278943306E-004
  0.52385395022940795       -2.3710797897497052E-003
  0.97260215389497773        9.8087097748654267E-004
  0.99160195431227804        9.4037645013731136E-004
  0.98094367487921419        1.0679193046887114E-003
  0.96154235258814480       -1.1549248023281166E-003
  0.98474904914454797        1.8992592505824720E-003
  0.81265444289845612        5.5251441139887595E-003
  0.84588379910050626        4.3041167197905104E-003
  0.88209145733790373        1.1148198628110624E-003
  0.93007680151369798       -1.3085628101525500E-003
  0.72696408672988289        6.9246880664974152E-003
  0.84626631381192774        5.5167347462069475E-003
  0.85132210019835797        2.1253009273816455E-003
  0.47297702628895794        8.4135536254450499E-002
  0.55200672877118717        8.2703558476082906E-002
  0.42805368097648311        7.5380639790021020E-002
  0.43482701406837498        5.4533390711802091E-002
  0.43013265840165760        6.4489324284025470E-002
  0.51078246034937336        7.1651545479248444E-002
  0.41138440867548798        9.0258191014254516E-002
  -5.1277483293696524E-002  0.22177906897442204     
  -9.9580994449879556E-002  0.19590597892690828     
  -9.1794688177460559E-002  0.20224077677783442     
  -9.9294699941138320E-002  0.19946131417052668     
   2.1085514362762792E-002  0.21899558070053621     
   7.6296847641202148E-002  -8.5020807505557317E-004
   5.4918378870255413E-002  -1.5506346889086720E-004
   8.2165616797121588E-002  -5.1013352026934482E-003
  0.15608941745743060       -2.5845571095877728E-003
   2.4805796118542833E-002   4.6924016013175840E-003
  0.55875415674309437        2.4799101011279450E-002
  0.74674158968449478        8.4751966823167141E-004
  0.61744366203215217       -1.8370760649632202E-002
  0.59296899250408475       -1.0370612665447969E-002
  0.57953559149820755       -6.4404368176136234E-003
  0.71279669220771313        2.5476774128805581E-002
  0.85408178074974828        1.9621664489074078E-003
  0.90371573637386104       -8.6461834010806492E-004
  0.92294426152437481       -6.8462720169913715E-004
  0.91759696689567816        3.7369930714168309E-003
  0.89493750602421696        8.6660225717047866E-004
  0.22204798141128562        8.3818313049875796E-003
  0.28317805550114838        2.6070822242617044E-003
  0.20879413685335185        1.8072617873496892E-002
  0.31962460987832142        1.3724598829335260E-002
  0.21245363206311063        1.3313824791760968E-002
  0.21860698153544122        2.0056339037771636E-004
  0.30317554935038055        4.3708906987681489E-003
   5.3229467660104723E-002   3.5249432613144997E-002
  0.27652088682449222        1.1506305277751162E-002
  0.45702159144872234       -5.3442707312885435E-003
  0.67962813895023533        3.7478703672659777E-002
  0.50685052338362435       -2.1772687804446937E-003
  0.48181954826093243        1.0759656352642602E-003
  0.47119223609321470        4.2652573153633314E-002
  0.60760390805223985       -3.3462569972034603E-002
  0.97666578910969082       -5.4098435224847240E-003
  0.99111746692812352        1.0679439633908623E-003
  0.99807926280884363       -1.1953104522261194E-003
  0.97262261964240704        8.8012785027625573E-004
  0.97756211463092413        8.7154376573935952E-004
