 cosx vtec
  0.18405269974327998        3.1388095203105523E-002
  0.23584854983379461        1.1266557126342261E-002
  0.20192392922246927        1.6147304182509994E-002
  0.19197940977273253        2.6590208887822465E-002
  0.11596287150572926        2.7965496839924199E-002
  0.16880743813604815        4.8858144319178523E-002
   3.4827784669630768E-002  -9.6162401822252549E-004
   8.4547960537952216E-002  -3.1685733285309186E-004
  -4.1471062152175775E-003   1.2930267714109428E-003
   1.7049046129567758E-002   7.5567409252068395E-005
   4.4606108900951902E-002   3.9073304018642291E-003
  0.10712502409569497       -7.3190681211835254E-004
   9.4324985384053761E-002  -5.0381838196475351E-004
  0.81375564782596266       -1.2897270245265243E-003
  0.84900073591416381       -1.5853890733796313E-003
  0.89483526984479356        2.7911010227498938E-003
  0.85940076027997603        2.5617719413499748E-004
  0.82327244355241391        1.3981685127904576E-003
  0.88871895109276489       -5.1007868414364495E-003
  0.18327233464582382       -1.4334823602417959E-004
  0.23733465848976820        9.1280395362138908E-005
  0.14520862436317855        2.6484931139093269E-003
  0.29622411602836785        2.4790802105653944E-003
  0.42163433736604411        4.0766235908728171E-004
  0.16453597592644215       -1.5515789069554193E-003
  0.19032370564010265       -3.5281456368758475E-003
  0.25676465131878218       -1.1035258684171378E-003
  0.24048172362172254        4.7901094501673130E-004
  0.26875350274541859        1.5687779507678255E-003
  0.38081487128566460        2.7623175054397550E-003
  0.30194752683372872        4.0197458449612528E-003
  0.36670981138261494       -4.7835043372671920E-004
  0.25044534090122073       -3.4377783499088652E-003
   6.0996614795558457E-002  0.24536648206127828     
  0.16798903723570877       0.18116790074331321     
  0.19874991172133144       0.18711093450550123     
  0.14940630751615874       0.18987606643068172     
  0.19432971037718477       0.21150504713415480     
  0.22533933656145902       0.18739092016021178     
  0.13584686994886033       0.18751340178758585     
  0.23199152410885049        1.7863194930720187E-002
  0.23835930196154204        1.9575283317887330E-002
  0.31832688455419450        3.0287222014354839E-002
  0.33253897000338584        1.6668697761839574E-002
  0.43715028392536021        1.3116161486377044E-002
  0.22998590500625160        2.5127913673000962E-002
  0.34584931231785732        1.0602088710713380E-002
  0.31064952976810378        1.3917213258329682E-002
  0.44256685725720735        1.0555076789434181E-002
  0.94466743807625775       -2.7604670143527199E-003
  0.87736528746737541       -1.1527491207212459E-004
  0.85917939274518007       -1.3811317215394021E-003
  0.84621294642748679        4.4922859168688416E-003
  0.94422797371515443       -1.2436391499969313E-003
  0.94450224351822110        2.0479110461447654E-004
  0.85176647415792006       -4.5297425071958546E-003
  0.96304717053346356        3.3594982712548912E-003
  0.92626611792109581       -1.0845568661108529E-002
  0.89479583328152135        2.4618362171800252E-002
  0.87735108599123235       -3.8686800322529163E-002
  0.94125617051811394        4.1191537438215890E-004
  0.79765903696705931        2.3041674179984772E-003
  0.82336163240014637       -2.7525199677435008E-004
  0.86629958390751360       -1.2724938539822386E-003
  0.85229822292337176       -2.9124891541573404E-003
  0.80533339343922661        1.6272398366837053E-003
  0.84830418167970145       -1.8118724865727565E-004
  0.29396572213149108       0.16537621692818413     
  0.28143660201382664       0.15934392381651821     
  0.29726298867772993        2.5444023499378923E-002
  0.27126996605531178       0.16245428121964881     
  0.34757619547700341       0.15838180996555629     
  0.25585327725820478       0.16540010551223430     
  -2.6036062621458411E-003  0.19077796878947312     
   1.1341242572705024E-002  0.19748407119543368     
  -1.2540606691302525E-002  0.19677924073786038     
  -2.7127391785391308E-002  0.19784547479312053     
  0.46700706247378121        7.1904269094688437E-003
  0.49957778204644376       -4.0428397746459149E-004
  0.48459854463307106        8.0264766956408590E-004
  0.47906296402365861       -4.8977605447199585E-004
  0.37755828197312913       -4.6278575108834206E-003
  -7.8169171775137325E-002  -8.3599036980587562E-005
  -3.7974987486029566E-002   9.8471546486337408E-004
   7.8998427104096602E-002   5.8068373183961623E-002
   9.0561649109174774E-002   6.6928927599418278E-002
  0.16153018211037048        7.8420673010781289E-002
  0.17641897220368014        6.1524758571879119E-002
  0.33822135703956269        3.4345231023820519E-002
   8.1059273166568108E-002   6.3733997491919478E-002
  0.20378447286323589        4.5257741978062357E-002
  -9.1546375095362731E-002  0.10812904251234406     
  0.15356101675820946        6.0545584113714725E-002
  0.43879031192661461       -1.9673738106778019E-003
  0.47671595897189900        3.1601492638171458E-003
  0.45601125182284774       -3.5944424831929598E-003
  0.44850633016039965       -4.0640839485871225E-003
  0.34576739156456848        8.8320842817718771E-003
  0.22896749738479227        7.7012684142695968E-003
  0.27073415803984441        2.1670522914370286E-003
  0.24490151535245355        1.8489583781809297E-003
  0.23699301583731458        4.0539128396376491E-003
  0.16216026619955209        1.1603254861881261E-002
  0.32842161785951141       0.15621543594884907     
  0.37890070497927864       0.16669204073483934     
  0.31803859339289747       0.15831919765343447     
  0.30754592755739552       0.15216228660618406     
  0.37813360599160240       0.14958327736875440     
  0.29251374251416973       0.15520144799549179     
  0.77836956941895441       -2.0566632077150596E-002
  0.90783474195440261       -1.2701386721718732E-002
  0.82890534125337345       -4.1639714671229781E-003
  0.80880604958306013       -1.2944937963955926E-003
  0.79789724686554742       -5.6288340745692606E-003
  0.88605456815102590       -4.6381131940633384E-003
  0.74181100067001915       -1.8425442309917390E-003
  0.77811975176674641       -6.4994435822044718E-003
  0.81278189567211800       -1.5193500429710259E-003
  0.76404305980992382       -1.0268789279195456E-003
  0.74557586327215031       -2.8028151825057441E-004
  0.66993424683242364        5.2825112062993246E-004
  0.80961056952072796       -2.3291142227196697E-004
  0.68561972956451045       -1.0360885492778609E-003
  0.67614239849134994        2.9107282886670050E-005
  0.60043496908898542       -2.7870839953360914E-003
  0.72066043830968485        1.0504469837238101E-003
  -7.2111258871998041E-002   1.2428388263224378E-003
  -2.4244895947818146E-002  -2.6804108066335843E-004
  -9.0929855998424902E-002  -1.7674594537552189E-004
  -6.0645278139401348E-002   1.4058700887975260E-003
   2.8411626897034137E-003   3.4385848994467221E-003
  -1.7029361774339447E-003   4.6256906650562378E-004
  0.68191018349665899        1.7706911728363754E-002
  0.83674548602715615        8.3064049308213578E-004
  0.72992333751556226       -9.0239836387568228E-003
  0.70523967430504231        2.1763725522982606E-002
  0.69490751576130727       -7.8960665841218552E-003
  0.64478775511288533        8.2147199687336817E-002
  0.22933529503856570       0.17979436456887404     
  0.21148607023265936       0.16086609414302988     
  0.22435545257104961       0.16159190962225733     
  0.20159064984782582       0.16379153790527184     
  0.29206952251095086       0.16523917677199620     
  0.18541446577123211       0.16719070424129434     
  0.19730420150911721       0.14616974875789149     
  0.27139248450660125       0.13480062142992202     
  0.29155009703252355       0.13244874296649659     
  0.41759075293723941       0.12622566330818735     
  0.27808044156963996       0.13218300977472652     
  0.33482117067970912       0.13403129489593524     
  0.22434775642484844       0.16718654530471480     
  0.78211368606836595        4.4968026919053892E-003
  0.80953947098864631        4.2981282663374643E-003
  0.85602795801338827        1.4764253058574511E-003
  0.79250468118077588        7.5457911314361602E-003
  0.82717599922407614        8.4268154823119001E-004
  0.32955111922885660        4.5253359407055623E-004
  0.39182669976248397        9.6129781111855802E-004
  0.28578654348374827       -3.0777218663015225E-003
  0.43159461925221038        1.1174027867113141E-003
  0.51240955212016193        4.3087592295885479E-004
  0.30686670303134256       -2.2641791912794453E-003
  0.33355639811021953       -1.7650548315984085E-003
  0.41020119301209079        8.1385757764911872E-004
  0.39272637555249057       -4.3943034735775886E-004
  0.78519705490641156       -6.3980360992366920E-003
  0.91739314178533393       -2.4152062409891399E-004
  0.83785711228520299       -1.6801410417189593E-004
  0.81995335526330648        3.3360350109583664E-003
  0.80893580113994379        4.1850298004085691E-003
  0.43564329661454698        8.7806748522432240E-002
  0.40825521723172303        4.9557197440978550E-002
  0.43618098965214125        3.7410694713585532E-002
  0.41794634933579161        4.7976232722304335E-002
  0.39542915620422003        6.5191784758076146E-002
  0.49748498517850170        6.2451256859090268E-002
  0.36459248308089659        8.2339747719577638E-002
  0.61811096118340303        1.8039901042231622E-002
  0.63815533133393976        9.4478455624341824E-003
  0.69562691715519587        7.0401137222157381E-004
  0.67111140160858729        6.7728585436055448E-003
  0.44841166006613276        1.3401480297468547E-003
  0.51398426842530609       -2.2287743463634928E-003
  0.57190862559429800        4.6502114942599477E-003
  0.61972804020746874       -5.4593737072498264E-003
  0.40302786624920384       -2.8915610890522516E-003
  0.46328768505445139       -3.4230545147837048E-003
  0.53340594064990665       -3.1479813156236563E-003
  0.52077123348759469        1.0378312096303243E-003
   6.3496271032984664E-002  0.15502508079457533     
  0.12766119881093135       0.15193625256534618     
  0.14891718545045612       0.14234849483706394     
  0.33582066447251291       0.14808115052818685     
  0.13392041885850614       0.15622842766649297     
  0.20896217904912806       0.16013105653987095     
   5.8877199946668124E-002  0.20000990441896402     
   4.2051543453887785E-002  0.18849306004408550     
   5.8824902151518921E-002  0.20000520977718561     
   3.1394061820932906E-002  0.19102871679253400     
   1.7813079126279885E-002  0.19544743668399317     
  0.64107226302814124       -9.8763709137592026E-004
  0.65548559616644431       -4.1869643802628563E-004
  0.64648051486852731        2.6979917087478181E-003
  0.57470478456150642       -2.0610140261236542E-002
  0.69460187779335147        1.2452667861203354E-003
  0.24358327016774095        1.2527483998860428E-003
  0.19594171412550559       -1.7301745083221845E-004
  0.26151245498450659       -3.1242440398636237E-003
  0.31815144332652412       -1.7347450135841900E-003
  0.17808819263050979        2.6230552523900720E-003
  0.74316899254990199        1.8930705919911962E-002
  0.78098256018946866        1.1916057871492762E-002
  0.72322187749106326        2.6299998063288428E-002
  0.83170737995339361        3.0246794274645942E-002
  0.74279190637301407        1.8192433725313806E-002
  0.71003192756692002        2.2596442649661611E-002
  0.78801829963141445        3.6811161512725413E-002
  0.67261100309878619        1.8706940296745276E-002
  0.61284355582206462        4.3737613825485785E-002
  0.68759720249369605        5.4220707082015401E-002
  0.59717551702572746        2.2100578287264510E-002
  0.74734944255022318        3.8172727753038857E-002
  0.63284000170729171        3.4166946097695702E-002
  0.60941420020163517        3.9101947776732475E-002
  0.58331637876911668        3.1988908536078074E-002
  0.66261020321492192        1.7970343024593889E-002
  0.55062504409441781        4.5846785742042269E-002
  0.54475392505495535       -1.9788785958775273E-003
  0.67473953509177742        3.0912012073850120E-003
  0.72163292725681649       -1.0990283110258188E-003
  0.49900370007832839       -6.3503376515465252E-003
  0.66748505873476927       -6.4708599269172379E-004
  0.64772143558201523       -7.8571204327096563E-004
  0.76176232892552387        9.8326762151727080E-003
  0.51489543166610718        4.4944733756782226E-003
  0.54878298128521030        4.1619556586150374E-005
  0.53543441830676775        1.0181072196445450E-004
  0.53024723521619488        9.7886086240164469E-004
  0.41411540090814181        1.4547404301936036E-003
  0.77324000934638892       -6.6559077245274684E-002
  0.89949310831989093        1.2596067335274474E-002
  0.82554283117541460        7.0879289311199635E-003
  0.80190019936932977        6.6438648602652759E-003
  0.79040290516411393       -5.4175284405365660E-003
  0.86697087592409761        2.9433060817074527E-002
  -2.8482063138374425E-002  0.16996716393424466     
  -1.7360037432994302E-002  0.16878339842997775     
  -3.7671986680432035E-002  0.17779457800968479     
  -5.5075883531518099E-002  0.19331008144297543     
  -2.3396469192735914E-002   9.9820059252443555E-003
   4.0329245901116861E-002  -3.7000416006854219E-004
  -3.8822807882227861E-002   1.8675346546876515E-002
   8.2495300792121418E-002   1.4043305679535661E-002
  -3.4235878750842608E-002   1.3691458398637160E-002
  -1.9253580257468594E-002  -3.2657256707119119E-003
   6.0242054900614184E-002   3.4037502207289396E-003
   3.1546139439889154E-002   1.2257620280420930E-002
  0.97839491499864639        2.5771873650454365E-003
  0.99921342340193608       -1.3529777179666987E-003
  0.97410884336805581       -1.1808690353571833E-003
  0.98699118228508764        7.4402037411422828E-004
  0.99192472295864720        7.6328347695225137E-004
  0.60276325325806324        2.6846181032148721E-003
  0.81842887706283274        1.0945867007753183E-002
  0.64019732247968908        2.3432810183311586E-003
  0.62489224547040911       -3.2395965922499021E-004
  0.61785418479594312       -4.8797874420135490E-003
  0.46953590937570849       -5.2858658594888007E-004
  0.66049125107218187       -3.0756226850504678E-003
  0.65251421329790715        1.0429660983790989E-003
  0.67382910980247468       -3.9392958123306140E-003
  0.72458216051897106       -2.6960714250803385E-003
  0.68140269185030766       -1.8727780249503010E-003
  0.65416339664983381       -1.1094276968550666E-003
  0.63284848860495113       -6.5629287989389468E-002
  0.80115965119954746        3.7236779886469638E-002
  0.68719399221456712        2.3331244339242788E-002
  0.65588892786275454        5.3890500421188120E-002
  0.64432792931593397       -2.5957776823408510E-002
  0.60718891826540111        1.1119219847883991E-003
  0.72195737724570297        4.7128949035861690E-003
  0.18182028018774360        8.2660410074114427E-002
  0.26250063408136021        5.3228857593158180E-002
  0.20531951684303368        7.3020605151964693E-002
  0.19028941286506712        7.8166746204510071E-002
   9.7294738002329018E-002   9.1071406014058096E-002
  0.17022414622697740        9.4915412526753465E-002
  0.13639415987435383       0.12187381817133008     
  0.26974130698576854        9.4451464532240188E-003
  0.30595947598634277        1.1453759532210719E-003
  0.28470551158150742        3.0972946582373577E-004
  0.27810800238961059        4.0459565148590155E-003
  0.20237573546031276       -2.9440414659286200E-003
  0.52058757763331309        9.1890626038973619E-002
  0.54536994305804498        8.9232693140954458E-002
  0.62595877004640932        7.9305013365230340E-002
  0.49533133679241775       0.10785865931896235     
  0.53514699501860064        9.8507271950027134E-002
  0.56419117477958447        8.8057338305888105E-002
  0.47636027055711749       0.10911163290952455     
  0.83984113360778667       -3.3425157168294802E-003
  0.88648791326089216       -3.8818913480724538E-003
  0.81580051172572210        8.9833006876898162E-003
  0.92216297621253074       -1.3661553311033220E-002
  0.83809801081716850       -8.8073565653271145E-004
  0.79081165689796895        4.9149835120062069E-003
  0.89146616345801766       -2.4785332552559099E-003
  0.73704835573207816        5.4750847723127635E-004
  0.76091625463487267       -4.2505274616567703E-004
  0.80582453852195834       -1.3171948025796579E-003
  0.77343264590505800       -1.8023279581236178E-003
  0.74215320174450017        8.3129325865411764E-004
  0.79875864695963272        1.6411836388117915E-003
  0.37641053134257602       0.13246439172701949     
  0.35797630225650012       0.11013581044319495     
  0.40242967090888904       0.11128465476742398     
  0.36920274959658023       0.11089543821439511     
  0.34743031473747732       0.11116968048219136     
  0.43275391155497167       0.10889889671508828     
  0.32668090536195360       0.12766311865842941     
  0.28417190782601215        8.4916412160106983E-004
  0.33716283798870911       -5.4668864384596884E-005
  0.20481332855038520       -1.3352013552095448E-003
  0.49810996515617456       -4.2244938179285637E-004
  0.25401369214906727       -3.3303824079798957E-003
  0.29628266712288309        2.9710001599958600E-004
  0.35711423298328465        4.4567733278943306E-004
  0.34708360144327621       -2.3710797897497052E-003
  0.91318513443208560        9.8087097748654267E-004
  0.94573320114629633        9.4037645013731136E-004
  0.91763284335584672        1.0679193046887114E-003
  0.88711925978939909       -1.1549248023281166E-003
  0.94458983290232135        1.8992592505824720E-003
  0.78328986665954614        5.5251441139887595E-003
  0.80940830216853032        4.3041167197905104E-003
  0.85508166761551763        1.1148198628110624E-003
  0.86411520950311882       -1.3085628101525500E-003
  0.72859478767475061        6.9246880664974152E-003
  0.79238564827603564        5.5167347462069475E-003
  0.82918711567465997        2.1253009273816455E-003
  0.55859830921071063        8.4135536254450499E-002
  0.61592445604856838        8.2703558476082906E-002
  0.54451188681477614        7.5380639790021020E-002
  0.55815688729362190        5.4533390711802091E-002
  0.53322692965983620        6.4489324284025470E-002
  0.60531317741239110        7.1651545479248444E-002
  0.50910111138880065        9.0258191014254516E-002
   5.7275811382439035E-002  0.22177906897442204     
   3.6432532700784670E-002  0.19590597892690828     
   5.1166570669650469E-002  0.20224077677783442     
   2.6283117689213709E-002  0.19946131417052668     
  0.13867324088482491       0.21899558070053621     
   1.2086702052886422E-002  0.20788173597004292     
  -6.1349521504659221E-002  -8.5020807505557317E-004
  -9.3413565760287032E-002  -1.5506346889086720E-004
  -4.6431038269515390E-002  -5.1013352026934482E-003
   1.8993021342104566E-002  -2.5845571095877728E-003
  -9.2634861923070189E-002   4.6924016013175840E-003
  0.72168474492516799        2.4799101011279450E-002
  0.87014868431254921        8.4751966823167141E-004
  0.76626988973440457       -1.8370760649632202E-002
  0.74785570194547524       -1.0370612665447969E-002
  0.73850442825036300       -6.4404368176136234E-003
  0.84429893807110112        2.5476774128805581E-002
  0.87368190666935197        1.9621664489074078E-003
  0.91336381884120743       -8.6461834010806492E-004
  0.94899608187581819       -6.8462720169913715E-004
  0.88797376586780929        3.7369930714168309E-003
  0.92601382395802068        8.6660225717047866E-004
   1.1637465404998604E-002   8.3818313049875796E-003
   7.6609714737896517E-002   2.6070822242617044E-003
  -3.0064520436324793E-003   1.8072617873496892E-002
  0.11228944275164410        1.3724598829335260E-002
   1.0108254107347725E-003   1.3313824791760968E-002
   1.3959066161471634E-002   2.0056339037771636E-004
   9.5476452658157462E-002   4.3708906987681489E-003
   6.6773588247886484E-002   1.1506305277751162E-002
  0.63464881455134159       -5.3442707312885435E-003
  0.81946099724584143        3.7478703672659777E-002
  0.67672385583802952       -2.1772687804446937E-003
  0.65609187062334728        1.0759656352642602E-003
  0.64725536122636063        4.2652573153633314E-002
  0.75899363812878629       -3.3462569972034603E-002
  0.95032154841356697       -5.4098435224847240E-003
  0.98084168859128473        1.0679439633908623E-003
  0.96288625614442980       -1.1953104522261194E-003
  0.92179883328498691        8.8012785027625573E-004
  0.97238691216703166        8.7154376573935952E-004
