 cosx vtec
  0.51309175982523625       -9.6162401822252549E-004
  0.55911584676694326       -3.1685733285309186E-004
  0.45887252089073510        1.2930267714109428E-003
  0.49170749819953419        7.5567409252068395E-005
  0.52955699875731188        3.9073304018642291E-003
  0.57263730830725734       -7.3190681211835254E-004
  0.54579478158789174       -5.0381838196475351E-004
  0.75320548590510306       -1.2897270245265243E-003
  0.84613904727171396       -1.5853890733796313E-003
  0.88944987804814435        2.7911010227498938E-003
  0.92221708879790787        2.5617719413499748E-004
  0.85868870464055369        1.3981685127904576E-003
  0.84185067184062956       -5.1007868414364495E-003
  0.61814980405861886       -1.4334823602417959E-004
  0.66578645933761893        9.1280395362138908E-005
  0.56076979613454381        2.6484931139093269E-003
  0.65886510239286367        2.4790802105653944E-003
  0.77321129522134313        4.0766235908728171E-004
  0.59419750960972184       -1.5515789069554193E-003
  0.63826606566868083       -3.5281456368758475E-003
  0.67239990736390187       -1.1035258684171378E-003
  0.64202126354822930        4.7901094501673130E-004
  0.66182966947452349        1.5687779507678255E-003
  0.67788896178401692        2.7623175054397550E-003
  0.66584167583305454        4.0197458449612528E-003
  0.72675124036481464       -4.7835043372671920E-004
  0.60955720175248163       -3.4377783499088652E-003
  -9.5005966023232996E-002  0.18116790074331321     
  -4.5648078439852691E-002  0.18711093450550123     
  -4.7692746837605382E-003  0.21150504713415480     
  -5.0726873106053810E-002  0.18739092016021178     
  0.53585464599043364        1.7863194930720187E-002
  0.48049626968233072        1.9575283317887330E-002
  0.48157165709569588        3.0287222014354839E-002
  0.54090145916805621        1.6668697761839574E-002
  0.63452295935488090        1.3116161486377044E-002
  0.50020032112735513        2.5127913673000962E-002
  0.60364205246058356        1.0602088710713380E-002
  0.54090065292015188        1.3917213258329682E-002
  0.56982698629591455        1.0555076789434181E-002
  0.74145821676538526       -2.7604670143527199E-003
  0.67178772229686734       -1.1527491207212459E-004
  0.62586405103474929       -1.3811317215394021E-003
  0.56435745605096965        4.4922859168688416E-003
  0.68993993162135614       -1.2436391499969313E-003
  0.69140072514699558        2.0479110461447654E-004
  0.48006995838122257       -4.5297425071958546E-003
  0.69966297899929297        3.3594982712548912E-003
  0.65898969716257627       -1.0845568661108529E-002
  0.58685246405282232        2.4618362171800252E-002
  0.53126915808352537       -3.8686800322529163E-002
  0.64663664290847578        4.1191537438215890E-004
  0.67238778287151002        2.3041674179984772E-003
  0.73018492977725002       -2.7525199677435008E-004
  0.76997959660396664       -1.2724938539822386E-003
  0.83870022045501413       -2.9124891541573404E-003
  0.74515044288604804        1.6272398366837053E-003
  0.72534156117625315       -1.8118724865727565E-004
  -2.4985973061182332E-002   5.2849905566731969E-002
   7.4225950170758559E-002   3.8106920053663500E-002
  -6.5369032308938174E-002   6.3276848475789002E-002
  -4.6372623516857614E-002  0.10519336145341916     
   5.4964303870319586E-003   5.0497807114577992E-002
  0.13102999197565041        5.3512534605510184E-002
  -7.3032343258045307E-002   6.5135368128468984E-002
   4.7464770673488699E-002   6.0586009130342254E-002
  0.14085859757647240        7.1904269094688437E-003
  0.24357887529154040       -4.0428397746459149E-004
  0.21232543047347938        8.0264766956408590E-004
  0.17981160987011491       -4.8977605447199585E-004
  0.10898731310034884       -4.6278575108834206E-003
  0.36732923198190071       -1.1004490245101013E-003
  0.40663916991974736       -8.3599036980587562E-005
  0.19102645327793899       -7.6881997226430749E-004
  0.34331804012506889       -1.8436084074217239E-004
  0.37370852597304216        8.0550389157429145E-004
  0.44898353779361844        9.8471546486337408E-004
  0.32771708527125665       -6.6271548454806327E-004
  0.37952851747516098        5.8068373183961623E-002
  0.32553622530933846        6.6928927599418278E-002
  0.32779839947024092        7.8420673010781289E-002
  0.38132117725573161        6.1524758571879119E-002
  0.52483605223735597        3.4345231023820519E-002
  0.34233962250157501        6.3733997491919478E-002
  0.46779704335301908        4.5257741978062357E-002
  0.16886538042407714       0.10812904251234406     
  0.38043657041646378        6.0545584113714725E-002
   3.6486618118874242E-002  -1.9673738106778019E-003
  0.12454159836415032        3.1601492638171458E-003
   8.6567402621508222E-002  -3.5944424831929598E-003
   5.9560013456449207E-002  -4.0640839485871225E-003
  -1.7480199290127812E-002   8.8320842817718771E-003
   6.2612943146496847E-002   4.4498150413293282E-003
  0.13366168812971724        1.7487307358282290E-002
   1.8642507770954386E-002   4.1352447010887541E-002
  -8.5075563396530052E-002   2.9894771136291815E-002
   4.2912771324387755E-002   4.3363388991551628E-002
   8.1222374909928619E-002  -3.1374722056225199E-002
  0.18945125490677461        9.1331953273705319E-003
  -5.2689957859727354E-002   3.6179897849154104E-002
   1.9807912072395684E-002   1.7362169594392445E-002
  0.15578884096483631        2.1612762921603676E-002
  -9.1317509571139155E-002   2.1670522914370286E-003
  -9.6961672207559857E-002  0.15621543594884907     
  -1.9308976745622153E-002  0.16669204073483934     
  -5.5213848753187411E-002  0.14958327736875440     
  0.41358807748396420       -2.0566632077150596E-002
  0.62795653326944478       -1.2701386721718732E-002
  0.54655690620019404       -4.1639714671229781E-003
  0.50208171303830318       -1.2944937963955926E-003
  0.45959505080480090       -5.6288340745692606E-003
  0.56126808043626653       -4.6381131940633384E-003
  0.96769434389009124       -1.8425442309917390E-003
  0.93531792549035897       -6.4994435822044718E-003
  0.97163440107959309       -1.5193500429710259E-003
  0.96630825101001383       -1.0268789279195456E-003
  0.93824562534475231       -2.8028151825057441E-004
  0.78318496659710701        5.2825112062993246E-004
  0.83666129875106887       -2.3291142227196697E-004
  0.71792915279155711       -1.0360885492778609E-003
  0.67539644150081635        2.9107282886670050E-005
  0.73706448504371258       -2.7870839953360914E-003
  0.83431619601927820        1.0504469837238101E-003
  0.43194246664481417        1.2428388263224378E-003
  0.47653753394947596       -2.6804108066335843E-004
  0.37492629764217106        5.3309663252945824E-003
  0.41146612292426876       -1.7674594537552189E-004
  0.44535772688407149        1.4058700887975260E-003
  0.49788623185581338        3.4385848994467221E-003
  0.21224612133339049        7.1561491682741601E-004
  0.36912810959263143       -1.9313477136490538E-003
  0.48024136413175489        4.6256906650562378E-004
  0.26228263478681646        1.7706911728363754E-002
  0.47806947489760609        8.3064049308213578E-004
  0.36764749029320487       -9.0239836387568228E-003
  0.31998217144759666        2.1763725522982606E-002
  0.28838458518698679       -7.8960665841218552E-003
  0.18530666581370539        8.2147199687336817E-002
  0.19034141288169798       0.14616974875789149     
  0.20652631553279860       0.13480062142992202     
  0.24629324825360571       0.13244874296649659     
  0.36395376634290882       0.12622566330818735     
  0.25642453839692042       0.13218300977472652     
  0.25367857865386573       0.13403129489593524     
  0.12244269200319677       0.16718654530471480     
  0.54697363472095728        4.4968026919053892E-003
  0.60152254582575382        4.2981282663374643E-003
  0.64406506944973030        1.4764253058574511E-003
  0.63054110993504031        7.5457911314361602E-003
  0.59196579465505184        8.4268154823119001E-004
  0.71636526468551354        4.5253359407055623E-004
  0.76607463422809741        9.6129781111855802E-004
  0.64896600754146982       -3.0777218663015225E-003
  0.74358761315096555        1.1174027867113141E-003
  0.81917316662369144        4.3087592295885479E-004
  0.68753511163105985       -2.2641791912794453E-003
  0.74018064400321759       -1.7650548315984085E-003
  0.76790164077132672        8.1385757764911872E-004
  0.73651808315721756       -4.3943034735775886E-004
  0.44423586565905659       -6.3980360992366920E-003
  0.67912581025378582       -2.4152062409891399E-004
  0.59748232984359761       -1.6801410417189593E-004
  0.55523793345367323        3.3360350109583664E-003
  0.50579588075478299        4.1850298004085691E-003
  -6.6366113855255593E-002   8.7806748522432240E-002
  -9.9142552878723256E-002   4.9557197440978550E-002
  -5.6984834262806761E-002   3.7410694713585532E-002
  -8.6502320005555688E-002   4.7976232722304335E-002
  -2.8747870316352953E-003   6.2451256859090268E-002
  0.56676805949498366        1.8039901042231622E-002
  0.61294307375943713        9.4478455624341824E-003
  0.66630288030945084        7.0401137222157381E-004
  0.61378324063010981        6.7728585436055448E-003
  0.82576251954100999        1.3401480297468547E-003
  0.86784684409023627       -2.2287743463634928E-003
  0.86267876488604778        4.6502114942599477E-003
  0.91464327862940598       -5.4593737072498264E-003
  0.78750820679526568       -2.8915610890522516E-003
  0.84195474726200858       -3.4230545147837048E-003
  0.87486783622313058       -3.1479813156236563E-003
  0.85321636178875160        1.0378312096303243E-003
  0.26927245452988202        7.8589178373334942E-004
  0.31785028054890002        8.1466062100912489E-003
  0.21181672250875189       -1.6584863994053397E-002
   8.6227063726545539E-002  -1.3931294641972591E-003
  0.24958395086657914        5.5444735493517883E-003
  0.28107704513181930        9.1762047814772235E-003
  0.35532977168733421       -1.2828109273727184E-002
   9.5850307844397298E-002   3.2156347579018912E-003
  0.22537023296024944       -1.6253284049114482E-003
  0.35699934023090329        7.0115968919918338E-003
   9.1169039109250172E-002  0.15502508079457533     
  0.10271407832853074       0.15193625256534618     
  0.14420174129359950       0.14234849483706394     
  0.31754388678347556       0.14808115052818685     
  0.15257401672982646       0.15622842766649297     
  0.15979215669143687       0.16013105653987095     
  0.75733973413203604       -9.8763709137592026E-004
  0.69171391386972392       -4.1869643802628563E-004
  0.65122103987289237        2.6979917087478181E-003
  0.71039898505130239       -2.0610140261236542E-002
  0.81459979219383161        1.2452667861203354E-003
  0.69257750134494778        1.2527483998860428E-003
  0.65973321718629541       -1.7301745083221845E-004
  0.70133015712140145       -3.1242440398636237E-003
  0.74617246128982528       -1.7347450135841900E-003
  0.62469223378656069        2.6230552523900720E-003
  0.38629404232431003        1.8930705919911962E-002
  0.45462219669725967        1.1916057871492762E-002
  0.30560391390379743        2.6299998063288428E-002
  0.49883995369246625        3.0246794274645942E-002
  0.32152180155172044        1.8192433725313806E-002
  0.31528045564931911        2.2596442649661611E-002
  0.43117691346909848        3.6811161512725413E-002
  0.27944941875511148        1.8706940296745276E-002
  0.15786567131862234        4.3737613825485785E-002
  0.27927110873018213        5.4220707082015401E-002
  0.11783756785726821        2.2100578287264510E-002
  0.32343990603222234        3.8172727753038857E-002
  0.16465815963548511        3.4166946097695702E-002
  0.13176065042686783        3.9101947776732475E-002
  0.10664892363070563        3.1988908536078074E-002
  0.20806819238674015        1.7970343024593889E-002
   7.2932981241057931E-002   4.5846785742042269E-002
  0.84818630782612081       -1.9788785958775273E-003
  0.86524179693860914        3.0912012073850120E-003
  0.91082728533824808       -1.0990283110258188E-003
  0.79681639060051279       -6.3503376515465252E-003
  0.90058098770181505       -6.4708599269172379E-004
  0.86671743967132864       -7.8571204327096563E-004
  0.87589793140744343        9.8326762151727080E-003
  0.21809000824853622        4.4944733756782226E-003
  0.34326282661620072        4.1619556586150374E-005
  0.31289078321186048        1.0181072196445450E-004
  0.27392267678710436        9.7886086240164469E-004
  0.19261667690554252        1.4547404301936036E-003
  0.38427950826395574       -6.6559077245274684E-002
  0.58557369401061399        1.2596067335274474E-002
  0.50898569788985526        7.0879289311199635E-003
  0.45941447645236477        6.6438648602652759E-003
  0.42070999319988972       -5.4175284405365660E-003
  0.51413451346902650        2.9433060817074527E-002
  0.40428792235453875        9.9820059252443555E-003
  0.47494252448235297       -3.7000416006854219E-004
  0.36165913159134677        1.8675346546876515E-002
  0.44185174472457528        1.4043305679535661E-002
  0.38181391201609788        1.3691458398637160E-002
  0.44092492540448580       -3.2657256707119119E-003
  0.47485718076943961        3.4037502207289396E-003
  0.23082079547040302        3.1281954673396055E-002
  0.42481057296846392        1.2257620280420930E-002
  0.83164031899592805        2.5771873650454365E-003
  0.84821526114560408       -1.3529777179666987E-003
  0.81485155112611718       -1.1808690353571833E-003
  0.93441833898806126        7.4402037411422828E-004
  0.80591183414674938        7.6328347695225137E-004
  0.26568504423923883        2.6846181032148721E-003
  0.55839709010703364        1.0945867007753183E-002
  0.37854189187427889        2.3432810183311586E-003
  0.34533404983639454       -3.2395965922499021E-004
  0.30939503572581395       -4.8797874420135490E-003
  0.18913513934060935       -5.2858658594888007E-004
  0.87224506110007161       -3.0756226850504678E-003
  0.71301009668663085        1.0429660983790989E-003
  0.78254059306660995       -3.9392958123306140E-003
  0.82997461259038952       -2.6960714250803385E-003
  0.83688837034562868       -1.8727780249503010E-003
  0.78706160387986435       -1.1094276968550666E-003
  0.18196357426417531       -6.5629287989389468E-002
  0.40605350469422319        3.7236779886469638E-002
  0.28799724565581164        2.3331244339242788E-002
  0.23173802117157322        5.3890500421188120E-002
  0.20233015236359758       -2.5957776823408510E-002
  0.13413576327454743        1.1119219847883991E-003
  0.28624219540490614        4.7128949035861690E-003
  -2.2460123885029021E-002   1.1453759532210719E-003
  -5.9901564364124915E-002   3.0972946582373577E-004
  -8.6158207010728433E-002   4.0459565148590155E-003
  0.25348659606911123        9.1890626038973619E-002
  0.29804751895308718        8.9232693140954458E-002
  0.37482032865762738        7.9305013365230340E-002
  0.19074290276233580       0.10785865931896235     
  0.32947711203256103        9.8507271950027134E-002
  0.29052054235750002        8.8057338305888105E-002
  0.18421677466404829       0.10911163290952455     
  0.50865853453712084       -3.3425157168294802E-003
  0.59741119418732080       -3.8818913480724538E-003
  0.42101371048567515        8.9833006876898162E-003
  0.62518964842480962       -1.3661553311033220E-002
  0.45349247496725492       -8.8073565653271145E-004
  0.40366442752928777        4.9149835120062069E-003
  0.56847241989798492       -2.4785332552559099E-003
  0.72754791437223332        5.4750847723127635E-004
  0.79270455622238423       -4.2505274616567703E-004
  0.83478881360298984       -1.3171948025796579E-003
  0.85862600415683532       -1.8023279581236178E-003
  0.80032285075889509        8.3129325865411764E-004
  0.79274316676827883        1.6411836388117915E-003
  -6.6398543390446652E-002  0.10889889671508828     
  0.71767849754470237        8.4916412160106983E-004
  0.75765465116907305       -5.4668864384596884E-005
  0.63114270979794451       -1.3352013552095448E-003
  0.85113278637285494       -4.2244938179285637E-004
  0.68959983390291835       -3.3303824079798957E-003
  0.73161373956166675        2.9710001599958600E-004
  0.76816422337477075        4.4567733278943306E-004
  0.74821382176083640       -2.3710797897497052E-003
  0.89050491248806674        9.8087097748654267E-004
  0.92156178265255506        9.4037645013731136E-004
  0.95275841161737995        1.0679193046887114E-003
  0.90522612676034475       -1.1549248023281166E-003
  0.88334615306610553        1.8992592505824720E-003
  0.58259326092000463        5.5251441139887595E-003
  0.63613181669453889        4.3041167197905104E-003
  0.67815356936959903        1.1148198628110624E-003
  0.81126893739764661       -1.3085628101525500E-003
  0.44431491456402383        6.9246880664974152E-003
  0.65898336134439273        5.5167347462069475E-003
  0.62855502117972284        2.1253009273816455E-003
  0.11272199464966509        8.4135536254450499E-002
  0.20552001549033960        8.2703558476082906E-002
   6.6833623816561383E-002   7.5380639790021020E-002
   7.7623800568876244E-002   5.4533390711802091E-002
   6.5703940566372854E-002   6.4489324284025470E-002
  0.15633079351566087        7.1651545479248444E-002
   4.4340538409904484E-002   9.0258191014254516E-002
  0.43686904704037999       -8.5020807505557317E-004
  0.41302820407848784       -1.5506346889086720E-004
  0.44443055189428837       -5.1013352026934482E-003
  0.50788424068357430       -2.5845571095877728E-003
  0.39349671962788069        4.6924016013175840E-003
  0.35561535577861003        2.4799101011279450E-002
  0.58050860681870864        8.4751966823167141E-004
  0.47409246430332930       -1.8370760649632202E-002
  0.43442015184039057       -1.0370612665447969E-002
  0.39662622373552375       -6.4404368176136234E-003
  0.50133258565491967        2.5476774128805581E-002
  0.60419426416529298        1.9621664489074078E-003
  0.68448044026903831       -8.6461834010806492E-004
  0.71471179599887313       -6.8462720169913715E-004
  0.73624076691152873        3.7369930714168309E-003
  0.66579913267438506        8.6660225717047866E-004
  0.42832998490513718        8.3818313049875796E-003
  0.49996239786130681        2.6070822242617044E-003
  0.38502955403551775        1.8072617873496892E-002
  0.46101560369104516        1.3724598829335260E-002
  0.40523222041146906        1.3313824791760968E-002
  0.46733711564821834        2.0056339037771636E-004
  0.49718750824964669        4.3708906987681489E-003
  0.24345315609955365        3.5249432613144997E-002
  0.44717313568832395        1.1506305277751162E-002
  0.23293590718247176       -5.3442707312885435E-003
  0.47960719398039986        3.7478703672659777E-002
  0.33260629109390361       -2.1772687804446937E-003
  0.29202100497146688        1.0759656352642602E-003
  0.26107692682825384        4.2652573153633314E-002
  0.36384928684968987       -3.3462569972034603E-002
  0.84381482588099088       -5.4098435224847240E-003
  0.87151662938649288        1.0679439633908623E-003
  0.93305836335485504       -1.1953104522261194E-003
  0.87085486870994910        8.8012785027625573E-004
  0.83094399677230268        8.7154376573935952E-004
