 cosx vtec
  0.95723420601939413       -9.6162401822252549E-004
  0.97170823114430116       -3.1685733285309186E-004
  0.91015615112939163        1.2930267714109428E-003
  0.94235404110709209        7.5567409252068395E-005
  0.97468313352612701        3.9073304018642291E-003
  0.96375024297597001       -7.3190681211835254E-004
  0.93049158405888632       -5.0381838196475351E-004
  0.23677919889739318       -1.2897270245265243E-003
  0.36582397153778801       -1.5853890733796313E-003
  0.38090707414570968        2.7911010227498938E-003
  0.49973469737073023        2.5617719413499748E-004
  0.42996000143003771        1.3981685127904576E-003
  0.29652568518776135       -5.1007868414364495E-003
  0.93672791103381758       -1.4334823602417959E-004
  0.94772551907846481        9.1280395362138908E-005
  0.88202834697824306        2.6484931139093269E-003
  0.84386922439500356        2.4790802105653944E-003
  0.87694764930575120        4.0766235908728171E-004
  0.91825686817280738       -1.5515789069554193E-003
  0.96554588401520403       -3.5281456368758475E-003
  0.93098299269148654       -1.1035258684171378E-003
  0.89609563831907746        4.7901094501673130E-004
  0.89179570268473773        1.5687779507678255E-003
  0.75173835676902068        2.7623175054397550E-003
  0.84884161732542940        4.0197458449612528E-003
  0.86958846196416673       -4.7835043372671920E-004
  0.81688877276679051       -3.4377783499088652E-003
  0.69999596625205651        1.7863194930720187E-002
  0.58120525026123238        1.9575283317887330E-002
  0.46080590599255311        3.0287222014354839E-002
  0.55588862391399296        1.6668697761839574E-002
  0.58001314833326634        1.3116161486377044E-002
  0.63284344315822949        2.5127913673000962E-002
  0.65907083961520307        1.0602088710713380E-002
  0.58942360386310610        1.3917213258329682E-002
  0.44428828719892038        1.0555076789434181E-002
   1.3073097926534494E-002  -2.7604670143527199E-003
  -2.1038109301436014E-002  -1.1527491207212459E-004
  -8.3627675595093431E-002  -1.3811317215394021E-003
  -8.7724815011044288E-002  -1.2436391499969313E-003
  -8.5267819199810746E-002   2.0479110461447654E-004
  -9.7406832634876594E-002   3.3594982712548912E-003
  0.10226083925094814        2.3041674179984772E-003
  0.17672033328835063       -2.7525199677435008E-004
  0.18931576670370681       -1.2724938539822386E-003
  0.34612029998759708       -2.9124891541573404E-003
  0.23381750383733935        1.6272398366837053E-003
  0.12896655720589917       -1.8118724865727565E-004
  0.71912189186432895        5.2849905566731969E-002
  0.79297099232574131        3.8106920053663500E-002
  0.66757135611404350        6.3276848475789002E-002
  0.62452600274551417        7.0919116972806243E-002
  0.69587504993434901       0.10519336145341916     
  0.75515074393105486        5.0497807114577992E-002
  0.52994361101818166       0.10388572255787835     
  0.81070219301437030        5.3512534605510184E-002
  0.63795756571903695        7.5890816554633062E-002
  0.71604172162389790        6.5135368128468984E-002
  0.71789007626691670        6.0586009130342254E-002
  0.91725046670388299       -1.1004490245101013E-003
  0.92068491844639566       -8.3599036980587562E-005
  0.81451697744308271       -7.6881997226430749E-004
  0.92359937569484152       -1.8436084074217239E-004
  0.90576983537309297        8.0550389157429145E-004
  0.94250597772871159        9.8471546486337408E-004
  0.87446665911628108       -6.6271548454806327E-004
  0.62649262764553237        5.8068373183961623E-002
  0.50243268990815182        6.6928927599418278E-002
  0.39815820297555815        7.8420673010781289E-002
  0.48076654436852662        6.1524758571879119E-002
  0.51554002791134723        3.4345231023820519E-002
  0.55008740546713986        6.3733997491919478E-002
  0.60916436877602909        4.5257741978062357E-002
  0.47285704877622792       0.10812904251234406     
  0.51404462838313236        6.0545584113714725E-002
  -2.8140901379992866E-002   9.8655685494388690E-002
  0.16517487698737016        5.5964969898950119E-002
  -6.1695354348550502E-002  0.10687066290385225     
  -9.5112162661644961E-002  0.10745699758102502     
  -1.3548633584076042E-002  0.13555866064375602     
   1.5664867219660372E-002   9.3728464902475037E-002
  -7.2438075854281636E-002  0.10544067617861003     
  0.79919862129760477        4.4498150413293282E-003
  0.84290197112068554        1.7487307358282290E-002
  0.75568490183990056        4.1352447010887541E-002
  0.70854316144746976        2.9894771136291815E-002
  0.78298741589313525        4.3363388991551628E-002
  0.81461316692663466       -3.1374722056225199E-002
  0.59596240002227641        4.4487769866509388E-002
  0.86718308119936616        9.1331953273705319E-003
  0.71892013052752468        3.6179897849154104E-002
  0.77804518786370302        1.7362169594392445E-002
  0.81486114928037112        2.1612762921603676E-002
  0.18020457496098247        3.9713315750270527E-003
  0.17345009589316457        1.5067994553094507E-004
  0.29027890729687600       -6.6718014027117778E-004
  0.11464618235713230        4.4953568808341338E-003
  0.21273022894919311       -1.1062818537919612E-003
  0.10917269201000376       -4.5443046438902509E-003
  0.76946536548310829       -1.8425442309917390E-003
  0.65006803718777617       -6.4994435822044718E-003
  0.66849204412486274       -1.5193500429710259E-003
  0.73267380494301759       -1.0268789279195456E-003
  0.70569460974717280       -2.8028151825057441E-004
  0.51617441683977205        5.2825112062993246E-004
  0.40750568729769010       -2.3291142227196697E-004
  0.36361400282089451       -1.0360885492778609E-003
  0.29436103022743548        2.9107282886670050E-005
  0.53181387341183961       -2.7870839953360914E-003
  0.53916624347438635        1.0504469837238101E-003
  0.96124142212573283        1.2428388263224378E-003
  0.97574103426193082       -2.6804108066335843E-004
  0.91943182184369165        5.3309663252945824E-003
  0.94974266214043068       -1.7674594537552189E-004
  0.97009742465966908        1.4058700887975260E-003
  0.97629151070973508        3.4385848994467221E-003
  0.86082166981150665        7.1561491682741601E-004
  0.94713916717424529       -1.9313477136490538E-003
  0.94849986961612065        4.6256906650562378E-004
   7.2611818486554278E-002  0.14616974875789149     
  -9.0199813036816040E-003  0.13480062142992202     
   3.8422330596217566E-002  0.13244874296649659     
   7.7062820023703904E-002  0.12622566330818735     
   7.9013785727484950E-002  0.13218300977472652     
  -1.3326539106002483E-002  0.13403129489593524     
  -5.5518308745942435E-002   4.2981282663374643E-003
  -4.2950390053802023E-002   1.4764253058574511E-003
   2.7735916052628651E-002   7.5457911314361602E-003
  0.90606250259635601        4.5253359407055623E-004
  0.90855912148612972        9.6129781111855802E-004
  0.84036310285576110       -3.0777218663015225E-003
  0.80334034971972335        1.1174027867113141E-003
  0.82839916524657298        4.3087592295885479E-004
  0.88403272892136553       -2.2641791912794453E-003
  0.94683319888934292       -1.7650548315984085E-003
  0.88400626507596014        8.1385757764911872E-004
  0.84896569799025756       -4.3943034735775886E-004
  0.48543659578667275       0.13828575727672404     
  0.39649396034224638       0.13496985917050677     
  0.27322437557558688       0.17457448895407282     
  0.43149392720128704       0.13312764346030101     
  0.37399866369123358       0.13731931094613789     
  0.43663688497021458       0.14286392655987321     
  -6.7911128185101088E-002  -2.4152062409891399E-004
  0.16931420828795274        1.8039901042231622E-002
  0.22955147411196883        9.4478455624341824E-003
  0.24659819707574893        7.0401137222157381E-004
  0.18071465102119377        6.7728585436055448E-003
  0.93942811537068183        1.3401480297468547E-003
  0.92185498801894172       -2.2287743463634928E-003
  0.82293059583937112        4.6502114942599477E-003
  0.85201711267034985       -5.4593737072498264E-003
  0.93361383498395512       -2.8915610890522516E-003
  0.94852918513543971       -3.4230545147837048E-003
  0.90592791471446232       -3.1479813156236563E-003
  0.88264033005444875        1.0378312096303243E-003
  0.91083470061376137        7.8589178373334942E-004
  0.93010476247488927        8.1466062100912489E-003
  0.87382104887703793       -1.6584863994053397E-002
  0.81217093974474053       -1.3931294641972591E-003
  0.90142425826007955        5.5444735493517883E-003
  0.91453829131047681        9.1762047814772235E-003
  0.94443296374191954       -1.2828109273727184E-002
  0.82055259150689208        3.2156347579018912E-003
  0.88365929929063658       -1.6253284049114482E-003
  0.92568295629877384        7.0115968919918338E-003
   8.2286019103048905E-002  0.15502508079457533     
   6.7189346918424195E-003  0.15193625256534618     
   5.5867616736008652E-002  0.14234849483706394     
  0.11093224644599203       0.14808115052818685     
   9.5334159266091942E-002  0.15622842766649297     
  -5.4195268352825732E-003  0.16013105653987095     
  0.50157512693528583       0.12439328161424504     
  0.42932144134879668       0.12268714835724899     
  0.39592817022551535       0.13250280893800487     
  0.30687439128944094       0.14929554268333578     
  0.46188504952797738       0.12294461422415401     
  0.33981291899903759       0.13888483793408246     
  0.40204905830173221       0.16177407630208820     
  0.50670967205315232       0.14745223535839036     
  0.50948837156210458       -9.8763709137592026E-004
  0.35814823334685353       -4.1869643802628563E-004
  0.29218942721471464        2.6979917087478181E-003
  0.51871402168034098       -2.0610140261236542E-002
  0.54025654025513481        1.2452667861203354E-003
  0.99092014140876272        1.2527483998860428E-003
  0.99922062941564460       -1.7301745083221845E-004
  0.98069040296442977       -3.1242440398636237E-003
  0.98223653481172413       -1.7347450135841900E-003
  0.95755654816386893        2.6230552523900720E-003
  0.83598944292181121       -1.9788785958775273E-003
  0.67043269058256394        3.0912012073850120E-003
  0.68837372910852623       -1.0990283110258188E-003
  0.80490387016022891       -6.3503376515465252E-003
  0.75115180994843278       -6.4708599269172379E-004
  0.71473326912184576       -7.8571204327096563E-004
  0.55809452324668096        9.8326762151727080E-003
  0.83213721638072413        9.9820059252443555E-003
  0.87366615435669848       -3.7000416006854219E-004
  0.77180941258082436        1.8675346546876515E-002
  0.74388789887660611        1.4043305679535661E-002
  0.80447899678606971        1.3691458398637160E-002
  0.89795075029164484       -3.2657256707119119E-003
  0.84298986684585386        3.4037502207289396E-003
  0.73376037060017452        3.1281954673396055E-002
  0.78838198685358529        1.2257620280420930E-002
  0.13902366927744680        2.5771873650454365E-003
  0.13977412654896465       -1.3529777179666987E-003
  0.11252289504092333       -1.1808690353571833E-003
  0.32828660190188907        7.4402037411422828E-004
   6.7619579195979440E-002   7.6328347695225137E-004
  0.70605606550245037       -3.0756226850504678E-003
  0.40464594711849078        1.0429660983790989E-003
  0.50893797252493389       -3.9392958123306140E-003
  0.52460656660681004       -2.6960714250803385E-003
  0.60437879457546684       -1.8727780249503010E-003
  0.54797224577658055       -1.1094276968550666E-003
   4.5433850276596854E-002   9.8461162684642806E-002
  -4.2136890066663768E-002  0.13174878465105111     
  0.22282684187912197        7.6485740926834231E-002
   1.2127821661361171E-002  0.10454917800673171     
  -3.5954932076729562E-002  0.11754210326410783     
   5.4202606040700763E-002  0.11888509311478077     
   9.0760766628145917E-002   9.7090992999645923E-002
  -6.3853013541953496E-004  0.10509869906497141     
  0.41228274891882727       0.13561832585111258     
  0.32865633025119378       0.14488049082489490     
  0.29483164108543081       0.14099650179983431     
  0.21941016019904899       0.14005128467219471     
  0.36442379541724196       0.12712883641484735     
  0.24877978691563521       0.14563795754615758     
  0.29816632888771977       0.14434854905661090     
  0.30376603822774284        5.4750847723127635E-004
  0.39553182550767785       -4.2505274616567703E-004
  0.40961814757101772       -1.3171948025796579E-003
  0.50619550528409907       -1.8023279581236178E-003
  0.43928360094589741        8.3129325865411764E-004
  0.33762996500852049        1.6411836388117915E-003
  0.97817405146992886        8.4916412160106983E-004
  0.97572488729294693       -5.4668864384596884E-005
  0.92931622197649411       -1.3352013552095448E-003
  0.91325556487266957       -4.2244938179285637E-004
  0.96907494803228944       -3.3303824079798957E-003
  0.98706636008964899        2.9710001599958600E-004
  0.96585739290281647        4.4567733278943306E-004
  0.94193059228476195       -2.3710797897497052E-003
  0.35487146283823556        9.8087097748654267E-004
  0.36617502371912303        9.4037645013731136E-004
  0.47067263239504220        1.0679193046887114E-003
  0.42380183085937356       -1.1549248023281166E-003
  0.29265667026801573        1.8992592505824720E-003
  -5.2584994263474294E-002   5.5251441139887595E-003
   1.2849608846664029E-002   4.3041167197905104E-003
   2.5640647725731824E-002   1.1148198628110624E-003
  0.27398654680135770       -1.3085628101525500E-003
   8.3938583414325918E-002   5.5167347462069475E-003
  -3.2376665019359596E-002   2.1253009273816455E-003
  0.95445695294913024       -8.5020807505557317E-004
  0.95662462545117788       -1.5506346889086720E-004
  0.94649376763143556       -5.1013352026934482E-003
  0.97123766055104244       -2.5845571095877728E-003
  0.91696206804000235        4.6924016013175840E-003
  -5.1191285200184178E-002  -8.6461834010806492E-004
  -4.6238933202839338E-002  -6.8462720169913715E-004
   8.9656472669855269E-002   3.7369930714168309E-003
  0.82581573312904821        8.3818313049875796E-003
  0.86736078119442617        2.6070822242617044E-003
  0.76296631770372914        1.8072617873496892E-002
  0.73598605840892006        1.3724598829335260E-002
  0.79660297581838968        1.3313824791760968E-002
  0.89908788257360106        2.0056339037771636E-004
  0.83298979634156534        4.3708906987681489E-003
  0.72373296620254002        3.5249432613144997E-002
  0.77845605378430882        1.1506305277751162E-002
  0.20601365911084696       -5.4098435224847240E-003
  0.21381599249151345        1.0679439633908623E-003
  0.36253886212036368       -1.1953104522261194E-003
  0.30297148041258437        8.8012785027625573E-004
  0.14685697657588842        8.7154376573935952E-004
