 cosx vtec
  0.85387320481662110       -9.6162401822252549E-004
  0.88386908523271124       -3.1685733285309186E-004
  0.79893761990919643        1.2930267714109428E-003
  0.83461331605020150        7.5567409252068395E-005
  0.87261351073451021        3.9073304018642291E-003
  0.88471187985836708       -7.3190681211835254E-004
  0.85101929887965022       -5.0381838196475351E-004
  0.49083451132672662       -1.2897270245265243E-003
  0.61655507189973058       -1.5853890733796313E-003
  0.64573709676083724        2.7911010227498938E-003
  0.73792607968912882        2.5617719413499748E-004
  0.66402000825903795        1.3981685127904576E-003
  0.56940917265504498       -5.1007868414364495E-003
  0.88739452366572080       -1.4334823602417959E-004
  0.91584130637356076        9.1280395362138908E-005
  0.82607314572121693        2.6484931139093269E-003
  0.84496370705017276        2.4790802105653944E-003
  0.91760689967741360        4.0766235908728171E-004
  0.86464429179075897       -1.5515789069554193E-003
  0.91518553954531345       -3.5281456368758475E-003
  0.90786614144292399       -1.1035258684171378E-003
  0.87153171502883142        4.7901094501673130E-004
  0.87756910109780795        1.5687779507678255E-003
  0.79332324253721298        2.7623175054397550E-003
  0.85132407580430591        4.0197458449612528E-003
  0.89206025080384310       -4.7835043372671920E-004
  0.80533869377205891       -3.4377783499088652E-003
  0.69613594041076432        1.7863194930720187E-002
  0.59388464297451860        1.9575283317887330E-002
  0.51577968600396573        3.0287222014354839E-002
  0.60432983128264495        1.6668697761839574E-002
  0.66187571100096143        1.3116161486377044E-002
  0.63638645786044490        2.5127913673000962E-002
  0.69968938333368635        1.0602088710713380E-002
  0.62621787505560511        1.3917213258329682E-002
  0.54440242622852764        1.0555076789434181E-002
  0.33957585424741749       -2.7604670143527199E-003
  0.28620516966351184       -1.1527491207212459E-004
  0.22484893315875715       -1.3811317215394021E-003
  0.13128283286016257        4.4922859168688416E-003
  0.25078303197088669       -1.2436391499969313E-003
  0.25303893075231088        2.0479110461447654E-004
  -2.0260922049007923E-002  -4.5297425071958546E-003
  0.24880464707389457        3.3594982712548912E-003
  0.21513750962712891       -1.0845568661108529E-002
  0.12166244245424276        2.4618362171800252E-002
   4.2834080562937332E-002  -3.8686800322529163E-002
  0.17875133961334358        4.1191537438215890E-004
  0.36695075555798479        2.3041674179984772E-003
  0.44135575425603052       -2.7525199677435008E-004
  0.46734418698298558       -1.2724938539822386E-003
  0.60037315900367971       -2.9124891541573404E-003
  0.48530502206467219        1.6272398366837053E-003
  0.40802424455033531       -1.8118724865727565E-004
  0.45821785497066991        5.2849905566731969E-002
  0.55071513429198682        3.8106920053663500E-002
  0.40654058199386167        6.3276848475789002E-002
  0.32484800237858613        7.0919116972806243E-002
  0.43349593904025308       0.10519336145341916     
  0.49534366723710432        5.0497807114577992E-002
  0.21756046641976301       0.10388572255787835     
  0.58764997179880829        5.3512534605510184E-002
  0.36062698099489698        7.5890816554633062E-002
  0.43475588508907459        6.5135368128468984E-002
  0.48976133306508762        6.0586009130342254E-002
  -7.7686797940069510E-002  -4.0428397746459149E-004
  0.76269626154468162       -1.1004490245101013E-003
  0.78248886849885224       -8.3599036980587562E-005
  0.61692685102980993       -7.6881997226430749E-004
  0.75611980652765320       -1.8436084074217239E-004
  0.75805101065053293        8.0550389157429145E-004
  0.81563728016469961        9.8471546486337408E-004
  0.71708525764989017       -6.6271548454806327E-004
  0.57836424255426810        5.8068373183961623E-002
  0.47328362808757524        6.6928927599418278E-002
  0.40623329563567101        7.8420673010781289E-002
  0.48404867524919842        6.1524758571879119E-002
  0.57082134343230650        3.4345231023820519E-002
  0.51189034146206247        6.3733997491919478E-002
  0.60646376703867411        4.5257741978062357E-002
  0.38402979116886427       0.10812904251234406     
  0.50537444671722342        6.0545584113714725E-002
  0.54959500626470303        4.4498150413293282E-003
  0.60984187252413857        1.7487307358282290E-002
  0.50156171672222705        4.1352447010887541E-002
  0.42448454367934818        2.9894771136291815E-002
  0.53021824750400426        4.3363388991551628E-002
  0.56796479347154594       -3.1374722056225199E-002
  0.28611716772110313        4.4487769866509388E-002
  0.65059892144523601        9.1331953273705319E-003
  0.44571701162378263        3.6179897849154104E-002
  0.51667668155092594        1.7362169594392445E-002
  0.60141875946009038        2.1612762921603676E-002
   7.6885010139294829E-003   3.9713315750270527E-003
   5.8216074745198861E-002   1.5067994553094507E-004
  0.13293805172772943       -6.6718014027117778E-004
  -3.4325809346986313E-002   4.4953568808341338E-003
   5.5854280529645584E-002  -1.1062818537919612E-003
  -6.8644559293068660E-002  -4.5443046438902509E-003
  -6.2014011838164879E-002  -2.0566632077150596E-002
  0.17981786946347400       -1.2701386721718732E-002
  0.11775898154943240       -4.1639714671229781E-003
   6.0824979634934911E-002  -1.2944937963955926E-003
  -1.8552746609457327E-003  -5.6288340745692606E-003
   8.6090255653307024E-002  -4.6381131940633384E-003
  0.93428475504489317       -1.8425442309917390E-003
  0.84189840278446115       -6.4994435822044718E-003
  0.87013823922232980       -1.5193500429710259E-003
  0.90965191263288059       -1.0268789279195456E-003
  0.87951321613352063       -2.8028151825057441E-004
  0.68658189562653149        5.2825112062993246E-004
  0.63952929645214351       -2.3291142227196697E-004
  0.55787002884478543       -1.0360885492778609E-003
  0.49367854359844565        2.9107282886670050E-005
  0.67619815672194439       -2.7870839953360914E-003
  0.72441759061692579        1.0504469837238101E-003
  0.82025755075383922        1.2428388263224378E-003
  0.84963210951851631       -2.6804108066335843E-004
  0.76751194438230397        5.3309663252945824E-003
  0.80361008050138749       -1.7674594537552189E-004
  0.83202748215692823        1.4058700887975260E-003
  0.85952308001915023        3.4385848994467221E-003
  0.65662415648687977        7.1561491682741601E-004
  0.78300788031524482       -1.9313477136490538E-003
  0.83350537175248007        4.6256906650562378E-004
  -8.7048729224222243E-003   8.3064049308213578E-004
  -9.3139210409340117E-002  -9.0239836387568228E-003
  0.13237679361306620       0.14616974875789149     
   8.6321584087023145E-002  0.13480062142992202     
  0.13504231891528945       0.13244874296649659     
  0.21279565667175510       0.12622566330818735     
  0.16605988350499826       0.13218300977472652     
  0.10456301264442955       0.13403129489593524     
  -1.2270794643850953E-002  0.16718654530471480     
  0.16527243169929301        4.4968026919053892E-003
  0.23232813151527523        4.2981282663374643E-003
  0.25952545626959544        1.4764253058574511E-003
  0.29962454830031060        7.5457911314361602E-003
  0.19813882483614245        8.4268154823119001E-004
  0.91122990554620564        4.5253359407055623E-004
  0.93505347794826177        9.6129781111855802E-004
  0.83825554450746897       -3.0777218663015225E-003
  0.85633689576971728        1.1174027867113141E-003
  0.90643998073342436        4.3087592295885479E-004
  0.88397903228348762       -2.2641791912794453E-003
  0.94847407329762989       -1.7650548315984085E-003
  0.91984345283066871        8.1385757764911872E-004
  0.88296035443763976       -4.3943034735775886E-004
  0.23895875356348290       0.13828575727672404     
  0.15868966347842223       0.13496985917050677     
   1.1540501276241844E-002  0.17457448895407282     
  0.18864344815287831       0.13312764346030101     
  0.12171793617712719       0.13731931094613789     
  0.22281846328491431       0.14286392655987321     
  -1.5757971513305713E-002  -6.3980360992366920E-003
  0.25888725641042620       -2.4152062409891399E-004
  0.19701263092294014       -1.6801410417189593E-004
  0.14174694767792892        3.3360350109583664E-003
   6.7128355216709235E-002   4.1850298004085691E-003
  0.36356010571105546        1.8039901042231622E-002
  0.42349320563397846        9.4478455624341824E-003
  0.45844351506191544        7.0401137222157381E-004
  0.39199234705393066        6.7728585436055448E-003
  0.98185096673324168        1.3401480297468547E-003
  0.98917054608235844       -2.2287743463634928E-003
  0.92229481322947315        4.6502114942599477E-003
  0.96448057585326297       -5.4593737072498264E-003
  0.96097634782329500       -2.8915610890522516E-003
  0.99502070260948949       -3.4230545147837048E-003
  0.98190958884917301       -3.1479813156236563E-003
  0.95704284254783401        1.0378312096303243E-003
  0.71472870994820203        7.8589178373334942E-004
  0.74899516320102699        8.1466062100912489E-003
  0.66491718252857346       -1.6584863994053397E-002
  0.56860521427831201       -1.3931294641972591E-003
  0.69979604358693548        5.5444735493517883E-003
  0.72241651867172174        9.1762047814772235E-003
  0.77508091039190008       -1.2828109273727184E-002
  0.57837249256336465        3.2156347579018912E-003
  0.67738995605101726       -1.6253284049114482E-003
  0.76358813373899181        7.0115968919918338E-003
   9.4413135453095501E-002  0.15502508079457533     
   5.0244802010101515E-002  0.15193625256534618     
  0.10084755490887495       0.14234849483706394     
  0.21418147644260443       0.14808115052818685     
  0.13034552780934303       0.15622842766649297     
   6.7805952663201996E-002  0.16013105653987095     
  0.20168529381849923       0.12439328161424504     
  0.13361730214374656       0.12268714835724899     
   6.9491031597191666E-002  0.13250280893800487     
  -7.5297024072636942E-003  0.14929554268333578     
  0.16259532350267958       0.12294461422415401     
   1.6081924753760385E-002  0.13888483793408246     
   9.4699911737886111E-002  0.16177407630208820     
  0.24875406507324394       0.14745223535839036     
  0.67067862404445933       -9.8763709137592026E-004
  0.54259803687964725       -4.1869643802628563E-004
  0.48146740366056745        2.6979917087478181E-003
  0.65574234084187000       -2.0610140261236542E-002
  0.71632633825231751        1.2452667861203354E-003
  0.95599614024963553        1.2527483998860428E-003
  0.94674972786941214       -1.7301745083221845E-004
  0.95322699981131886       -3.1242440398636237E-003
  0.97425715996409568       -1.7347450135841900E-003
  0.90391048627945314        2.6230552523900720E-003
  -7.4088090211517979E-002   1.8930705919911962E-002
   6.4461761147008023E-003   1.1916057871492762E-002
   3.2308757418934658E-002   3.0246794274645942E-002
  -4.1197984734653997E-002   3.6811161512725413E-002
  0.92434784202567366       -1.9788785958775273E-003
  0.82390320543111317        3.0912012073850120E-003
  0.85596619459788870       -1.0990283110258188E-003
  0.88112276113542343       -6.3503376515465252E-003
  0.89236695517345410       -6.4708599269172379E-004
  0.85347719310626424       -7.8571204327096563E-004
  0.75533737775440868        9.8326762151727080E-003
   4.5765669762257141E-002   4.1619556586150374E-005
   6.5083108772299308E-003   1.0181072196445450E-004
  -5.5799245666842551E-002   9.7886086240164469E-004
  -8.0493532929177658E-002   1.4547404301936036E-003
  0.11475027275020350        1.2596067335274474E-002
   5.6046250479560300E-002   7.0879289311199635E-003
  -6.1709911150601704E-003   6.6438648602652759E-003
  -6.1711827819887558E-002  -5.4175284405365660E-003
   2.3536215837783286E-002   2.9433060817074527E-002
  0.72364368570659576        9.9820059252443555E-003
  0.78229533025721087       -3.7000416006854219E-004
  0.66523479355013770        1.8675346546876515E-002
  0.68281436404581175        1.4043305679535661E-002
  0.69555696783615129        1.3691458398637160E-002
  0.78295794695707444       -3.2657256707119119E-003
  0.76223470161208451        3.4037502207289396E-003
  0.58198392160578016        3.1281954673396055E-002
  0.70424735034424912        1.2257620280420930E-002
  0.46204835900770452        2.5771873650454365E-003
  0.46993849229866402       -1.3529777179666987E-003
  0.43725543193592287       -1.1808690353571833E-003
  0.63146884275144433        7.4402037411422828E-004
  0.40395550846203609        7.6328347695225137E-004
  0.14874324566506164        1.0945867007753183E-002
   1.5456461524275517E-002   2.3432810183311586E-003
  -2.6756130601928094E-002  -3.2395965922499021E-004
  -8.1966267817274452E-002  -4.8797874420135490E-003
  0.85028149869514702       -3.0756226850504678E-003
  0.58245549008404740        1.0429660983790989E-003
  0.68157094497199588       -3.9392958123306140E-003
  0.71297602538676430       -2.6960714250803385E-003
  0.76813047365798859       -1.8727780249503010E-003
  0.70906727848888851       -1.1094276968550666E-003
  -9.7854356394133091E-002   3.7236779886469638E-002
  -8.2077779660715722E-002   7.6485740926834231E-002
   9.3003939832872196E-002  0.13561832585111258     
   1.4539833952085662E-002  0.14488049082489490     
  -4.2059828781462388E-002  0.14099650179983431     
   4.6169124245742169E-002  0.12712883641484735     
  -8.4991558262663885E-002  0.14563795754615758     
  -2.5945945519612684E-002  0.14434854905661090     
  -8.1535917897340382E-002   9.1890626038973619E-002
  -2.9136501504140502E-002   8.9232693140954458E-002
   2.3249077436960378E-002   7.9305013365230340E-002
   3.5524098152223862E-002   9.8507271950027134E-002
  -6.0994839006947334E-002   8.8057338305888105E-002
   4.1181284502644439E-002  -3.3425157168294802E-003
  0.14825861937738613       -3.8818913480724538E-003
  -8.6583380615803757E-002   8.9833006876898162E-003
  0.16069725011606037       -1.3661553311033220E-002
  -5.2626009931321230E-002  -8.8073565653271145E-004
  -9.1644365090615326E-002   4.9149835120062069E-003
   9.3156942224014300E-002  -2.4785332552559099E-003
  0.52310158630069048        5.4750847723127635E-004
  0.61208830058356378       -4.2505274616567703E-004
  0.64007208806530513       -1.3171948025796579E-003
  0.71375120548384774       -1.8023279581236178E-003
  0.64404662656719514        8.3129325865411764E-004
  0.57431278368543826        1.6411836388117915E-003
  0.95888370296419967        8.4916412160106983E-004
  0.97513350138762034       -5.4668864384596884E-005
  0.88835790245031243       -1.3352013552095448E-003
  0.97609525242787831       -4.2244938179285637E-004
  0.94040824701405679       -3.3303824079798957E-003
  0.97090949065343657        2.9710001599958600E-004
  0.97338521926599764        4.4567733278943306E-004
  0.94886074186995406       -2.3710797897497052E-003
  0.62921460541185337        9.8087097748654267E-004
  0.65045861529409355        9.4037645013731136E-004
  0.73259311902194546        1.0679193046887114E-003
  0.68077837090873849       -1.1549248023281166E-003
  0.58541057200792479        1.8992592505824720E-003
  0.22579125291247976        5.5251441139887595E-003
  0.29240431538876721        4.3041167197905104E-003
  0.31951475998580109        1.1148198628110624E-003
  0.54104379685145554       -1.3085628101525500E-003
   4.0981212436889347E-002   6.9246880664974152E-003
  0.34900700531327999        5.5167347462069475E-003
  0.25950210720281375        2.1253009273816455E-003
  0.81802890086741076       -8.5020807505557317E-004
  0.80879939416514246       -1.5506346889086720E-004
  0.81620732811074004       -5.1013352026934482E-003
  0.86068828048527724       -2.5845571095877728E-003
  0.77419116719681513        4.6924016013175840E-003
  0.13532170847019942        8.4751966823167141E-004
   5.4882339016749104E-002  -1.8370760649632202E-002
   4.5820665441646258E-003  -1.0370612665447969E-002
  -5.1527662905282767E-002  -6.4404368176136234E-003
   2.4034564468447678E-002   2.5476774128805581E-002
  0.17281324770323686        1.9621664489074078E-003
  0.27219107051868374       -8.6461834010806492E-004
  0.28892105114935052       -6.8462720169913715E-004
  0.38723263829906440        3.7369930714168309E-003
  0.22718409176830420        8.6660225717047866E-004
  0.73025182461494276        8.3818313049875796E-003
  0.78935055294716838        2.6070822242617044E-003
  0.66989719643867662        1.8072617873496892E-002
  0.68621299920607304        1.3724598829335260E-002
  0.70087196330145807        1.3313824791760968E-002
  0.79549255559461618        2.0056339037771636E-004
  0.76567756527454844        4.3708906987681489E-003
  0.58107903885489165        3.5249432613144997E-002
  0.70775299602866215        1.1506305277751162E-002
   1.1243023415654141E-002   3.7478703672659777E-002
  0.51120858989742168       -5.4098435224847240E-003
  0.52866938044889489        1.0679439633908623E-003
  0.65321822201814883       -1.1953104522261194E-003
  0.58656603265061003        8.8012785027625573E-004
  0.46685029637970654        8.7154376573935952E-004
