 cosx vtec
  0.91952333176065881       -9.6162401822252549E-004
  0.94210129453718139       -3.1685733285309186E-004
  0.86772964940348607        1.2930267714109428E-003
  0.90218997222752373        7.5567409252068395E-005
  0.93789708711794706        3.9073304018642291E-003
  0.93848881609811263       -7.3190681211835254E-004
  0.90449678072453088       -5.0381838196475351E-004
  0.36941916258361351       -1.2897270245265243E-003
  0.49876691225979763       -1.5853890733796313E-003
  0.52124090648432708        2.7911010227498938E-003
  0.62837684529502036        2.5617719413499748E-004
  0.55542820783031865        1.3981685127904576E-003
  0.43964664978305107       -5.1007868414364495E-003
  0.92613123255899255       -1.4334823602417959E-004
  0.94615767460599065        9.1280395362138908E-005
  0.86722585648708039        2.6484931139093269E-003
  0.85744295154352745        2.4790802105653944E-003
  0.91111922353933539        4.0766235908728171E-004
  0.90520264286968977       -1.5515789069554193E-003
  0.95487236946429699       -3.5281456368758475E-003
  0.93360817382110162       -1.1035258684171378E-003
  0.89744792801188111        4.7901094501673130E-004
  0.89833005471671779        1.5687779507678255E-003
  0.78444833314094242        2.7623175054397550E-003
  0.86319674544878522        4.0197458449612528E-003
  0.89441249263541689       -4.7835043372671920E-004
  0.82362647073311435       -3.4377783499088652E-003
  0.70883474647114464        1.7863194930720187E-002
  0.59660877498570919        1.9575283317887330E-002
  0.49582549987334917        3.0287222014354839E-002
  0.58905834800828039        1.6668697761839574E-002
  0.63052349892617698        1.3116161486377044E-002
  0.64440490959959718        2.5127913673000962E-002
  0.68986064536784408        1.0602088710713380E-002
  0.61719735463166248        1.3917213258329682E-002
  0.50197143109914955        1.0555076789434181E-002
  0.17904456549885883       -2.7604670143527199E-003
  0.13462884495887739       -1.1527491207212459E-004
   7.1699911608460620E-002  -1.3811317215394021E-003
  -2.7225331741926651E-002   4.4922859168688416E-003
   8.2786826464729402E-002  -1.2436391499969313E-003
   8.5179625760977096E-002   2.0479110461447654E-004
   7.6866684947187125E-002   3.3594982712548912E-003
   4.7710730002562762E-002  -1.0845568661108529E-002
  -4.7405501532971905E-002   2.4618362171800252E-002
   5.2237423320303789E-003   4.1191537438215890E-004
  0.23822497019118408        2.3041674179984772E-003
  0.31380545400013343       -2.7525199677435008E-004
  0.33339499625207986       -1.2724938539822386E-003
  0.48054732352930107       -2.9124891541573404E-003
  0.36510807531637357        1.6272398366837053E-003
  0.27263737545405498       -1.8118724865727565E-004
  0.59775105559544905        5.2849905566731969E-002
  0.68220732607889456        3.8106920053663500E-002
  0.54534092351649432        6.3276848475789002E-002
  0.48200981513057028        7.0919116972806243E-002
  0.57339667893931701       0.10519336145341916     
  0.63489265210098667        5.0497807114577992E-002
  0.37951776668681059       0.10388572255787835     
  0.70996200107767482        5.3512534605510184E-002
  0.50699466190978071        7.5890816554633062E-002
  0.58427525787575563        6.5135368128468984E-002
  0.61314068998360782        6.0586009130342254E-002
  0.85293130793743177       -1.1004490245101013E-003
  0.86472399470575323       -8.3599036980587562E-005
  0.72676307904788617       -7.6881997226430749E-004
  0.85281577979218293       -1.8436084074217239E-004
  0.84474398295475139        8.0550389157429145E-004
  0.89263272655067660        9.8471546486337408E-004
  0.80805208593307498       -6.6271548454806327E-004
  0.61172186528099481        5.8068373183961623E-002
  0.49538415789625900        6.6928927599418278E-002
  0.40840026738199808        7.8420673010781289E-002
  0.48984952519561537        6.1524758571879119E-002
  0.55156012376586883        3.4345231023820519E-002
  0.53918023319293640        6.3733997491919478E-002
  0.61719058016020922        4.5257741978062357E-002
  0.43505285070003819       0.10812904251234406     
  0.51757262920367042        6.0545584113714725E-002
   2.3890725976124377E-002   5.5964969898950119E-002
  0.68480047227079410        4.4498150413293282E-003
  0.73757738017672203        1.7487307358282290E-002
  0.63832083764232617        4.1352447010887541E-002
  0.57525324238744324        2.9894771136291815E-002
  0.66673198931724642        4.3363388991551628E-002
  0.70195322759865886       -3.1374722056225199E-002
  0.44784353382717929        4.4487769866509388E-002
  0.77059811892321606        9.1331953273705319E-003
  0.59130177417188357        3.6179897849154104E-002
  0.65734752115998241        1.7362169594392445E-002
  0.71906415522288780        2.1612762921603676E-002
   9.5395814848693777E-002   3.9713315750270527E-003
  0.11761999747065754        1.5067994553094507E-004
  0.21487288158148632       -6.6718014027117778E-004
   4.0779722150469169E-002   4.4953568808341338E-003
  0.13636392934932648       -1.1062818537919612E-003
   2.0576672263028256E-002  -4.5443046438902509E-003
   1.3082380685065065E-002  -1.2701386721718732E-002
  -3.8429193720872001E-002  -4.1639714671229781E-003
  -9.6176063045799509E-002  -1.2944937963955926E-003
  -8.4250860083853629E-002  -4.6381131940633384E-003
  0.86501660693462956       -1.8425442309917390E-003
  0.75749121424282984       -6.4994435822044718E-003
  0.78118306845101826       -1.5193500429710259E-003
  0.83383062021954291       -1.0268789279195456E-003
  0.80483110657364854       -2.8028151825057441E-004
  0.61065538416888387        5.2825112062993246E-004
  0.53159359349272051       -2.3291142227196697E-004
  0.46784970449121011       -1.0360885492778609E-003
  0.40009817758359001        2.9107282886670050E-005
  0.61332378196322790       -2.7870839953360914E-003
  0.64153832629187635        1.0504469837238101E-003
  0.90449073382911482        1.2428388263224378E-003
  0.92676623420177728       -2.6804108066335843E-004
  0.85648379722380352        5.3309663252945824E-003
  0.89020051821303758       -1.7674594537552189E-004
  0.91496279494540944        1.4058700887975260E-003
  0.93206749575533576        3.4385848994467221E-003
  0.77042743771895295        7.1561491682741601E-004
  0.87841867800045670       -1.9313477136490538E-003
  0.90474777307759435        4.6256906650562378E-004
  0.10407544601886849       0.14616974875789149     
   3.9247052337423802E-002  0.13480062142992202     
   8.8070310743131319E-002  0.13244874296649659     
  0.14716500558464701       0.12622566330818735     
  0.12442716291213209       0.13218300977472652     
   4.6321971642433832E-002  0.13403129489593524     
  -5.8298930251377272E-002  0.16718654530471480     
   2.2508191954637879E-002   4.4968026919053892E-003
   8.9768699718268230E-002   4.2981282663374643E-003
  0.10995804294738382        1.4764253058574511E-003
  0.16620526373396097        7.5457911314361602E-003
   4.9134799233713833E-002   8.4268154823119001E-004
  0.92266353719310257        4.5253359407055623E-004
  0.93602664853837025        9.6129781111855802E-004
  0.85225702360000177       -3.0777218663015225E-003
  0.84264022182723175        1.1174027867113141E-003
  0.88080091883892209        4.3087592295885479E-004
  0.89764309699592781       -2.2641791912794453E-003
  0.96227272176369516       -1.7650548315984085E-003
  0.91583850448680615        8.1385757764911872E-004
  0.87932190247979780       -4.3943034735775886E-004
  0.36778515794317662       0.13828575727672404     
  0.28187411329672957       0.13496985917050677     
  0.14457891716667265       0.17457448895407282     
  0.31485199724943502       0.13312764346030101     
  0.25168191394546313       0.13731931094613789     
  0.33481425527105091       0.14286392655987321     
   9.6961121500486080E-002  -2.4152062409891399E-004
   4.5771119680235672E-002  -1.6801410417189593E-004
  -1.0605748099835333E-002   3.3360350109583664E-003
  -8.9362516530367420E-002   4.1850298004085691E-003
  0.27054737984417054        1.8039901042231622E-002
  0.33155947356616311        9.4478455624341824E-003
  0.35795905880358880        7.0401137222157381E-004
  0.29077096357835275        6.7728585436055448E-003
  0.97545895524924242        1.3401480297468547E-003
  0.97025309249072844       -2.2287743463634928E-003
  0.88607416281266882        4.6502114942599477E-003
  0.92226004746772283       -5.4593737072498264E-003
  0.96190864594374781       -2.8915610890522516E-003
  0.98676613961693205       -3.4230545147837048E-003
  0.95848022083806428       -3.1479813156236563E-003
  0.93403162624927116        1.0378312096303243E-003
  0.82532017390298018        7.8589178373334942E-004
  0.85250137500342338        8.1466062100912489E-003
  0.78123787511667508       -1.6584863994053397E-002
  0.70103842652649029       -1.3931294641972591E-003
  0.81296085368980253        5.5444735493517883E-003
  0.83110373896689660        9.1762047814772235E-003
  0.87302007439876239       -1.2828109273727184E-002
  0.71025287980797336        3.2156347579018912E-003
  0.79256547884791462       -1.6253284049114482E-003
  0.85766541049128886        7.0115968919918338E-003
   8.9712511993839422E-002  0.15502508079457533     
   2.8921247104571134E-002  0.15193625256534618     
   7.9566377955368306E-002  0.14234849483706394     
  0.16506456319652366       0.14808115052818685     
  0.11458058010734756       0.15622842766649297     
   3.1674418530178397E-002  0.16013105653987095     
  0.35705467346545733       0.12439328161424504     
  0.28581149074669154       0.12268714835724899     
  0.23629952180906380       0.13250280893800487     
  0.15198128173896588       0.14929554268333578     
  0.31705699495935707       0.12294461422415401     
  0.18069254784449817       0.13888483793408246     
  0.25220606201851792       0.16177407630208820     
  0.38355899182487541       0.14745223535839036     
  0.59918648741721259       -9.8763709137592026E-004
  0.45732086706405317       -4.1869643802628563E-004
  0.39279586760536117        2.6979917087478181E-003
  0.59628712301244602       -2.0610140261236542E-002
  0.63798384798459173        1.2452667861203354E-003
  0.98847530260130911        1.2527483998860428E-003
  0.98799504421013673       -1.7301745083221845E-004
  0.98187559882459619       -3.1242440398636237E-003
  0.99333788268170009       -1.7347450135841900E-003
  0.94509158277025962        2.6230552523900720E-003
  0.89374666328058250       -1.9788785958775273E-003
  0.75869421860394570        3.0912012073850120E-003
  0.78408192883602623       -1.0990283110258188E-003
  0.85601815561592454       -6.3503376515465252E-003
  0.83443634633378239       -6.4708599269172379E-004
  0.79620131887389167       -7.8571204327096563E-004
  0.66684685315917502        9.8326762151727080E-003
  -6.0378718058763214E-002   4.1619556586150374E-005
  -5.5847503422071287E-002   1.2596067335274474E-002
  0.78989066579799094        9.9820059252443555E-003
  0.84075368058740707       -3.7000416006854219E-004
  0.72960646530562812        1.8675346546876515E-002
  0.72435572312484808        1.4043305679535661E-002
  0.76158821928376907        1.3691458398637160E-002
  0.85341971239913339       -3.2657256707119119E-003
  0.81499387313045235        3.4037502207289396E-003
  0.66802088494343559        3.1281954673396055E-002
  0.75782777598502626        1.2257620280420930E-002
  0.30517226685178800        2.5771873650454365E-003
  0.30955920965531913       -1.3529777179666987E-003
  0.27912977216419965       -1.1808690353571833E-003
  0.48728061011891721        7.4402037411422828E-004
  0.23942494696019179        7.6328347695225137E-004
  -2.7086443931466087E-003   1.0945867007753183E-002
  0.79017329055853525       -3.0756226850504678E-003
  0.50116453441225306        1.0429660983790989E-003
  0.60443721877446988       -3.9392958123306140E-003
  0.62833714969650756       -2.6960714250803385E-003
  0.69684121860880732       -1.8727780249503010E-003
  0.63821569311223780       -1.1094276968550666E-003
   7.1460171748463752E-002   7.6485740926834231E-002
  -6.2465929279309607E-002   9.7090992999645923E-002
  0.25654077541475118       0.13561832585111258     
  0.17424525926378157       0.14488049082489490     
  0.12833561258392423       0.14099650179983431     
   5.6784418551093674E-002  0.14005128467219471     
  0.20846348881735569       0.12712883641484735     
   8.3157463115142327E-002  0.14563795754615758     
  0.13820991090321919       0.14434854905661090     
  -6.8757300258995874E-002   9.8507271950027134E-002
  -1.6881124122907099E-002  -3.8818913480724538E-003
  -1.0537684651414747E-002  -1.3661553311033220E-002
  -7.7668143807827217E-002  -2.4785332552559099E-003
  0.41981169558598264        5.4750847723127635E-004
  0.51158214579047145       -4.2505274616567703E-004
  0.53294170020727549       -1.3171948025796579E-003
  0.61938317812856025       -1.8023279581236178E-003
  0.55002117170954823        8.3129325865411764E-004
  0.46300546816655264        1.6411836388117915E-003
  0.98346999714826078        8.4916412160106983E-004
  0.99047676279162922       -5.4668864384596884E-005
  0.92285733962987471       -1.3352013552095448E-003
  0.95924855035901879       -4.2244938179285637E-004
  0.96947002642958235       -3.3303824079798957E-003
  0.99409039298840807        2.9710001599958600E-004
  0.98457927849270299        4.4567733278943306E-004
  0.95997991993394127       -2.3710797897497052E-003
  0.49963359147145658        9.8087097748654267E-004
  0.51615842623816510        9.4037645013731136E-004
  0.61091403310293324        1.0679193046887114E-003
  0.56081006639900477       -1.1549248023281166E-003
  0.44580642279784266        1.8992592505824720E-003
   8.7939122263992892E-002   5.5251441139887595E-003
  0.15498147915833033        4.3041167197905104E-003
  0.17523999326335599        1.1148198628110624E-003
  0.41380175057410040       -1.3085628101525500E-003
  0.21981223633452068        5.5167347462069475E-003
  0.11531460921345238        2.1253009273816455E-003
  0.89991465334884779       -8.5020807505557317E-004
  0.89632926615796271       -1.5506346889086720E-004
  0.89494680147480610       -5.1013352026934482E-003
  0.93009317656257895       -2.5845571095877728E-003
  0.85862100065338232        4.6924016013175840E-003
  -2.7642289163382405E-002   8.4751966823167141E-004
  -9.4095210449635397E-002  -1.8370760649632202E-002
   1.2329962021169427E-002   1.9621664489074078E-003
  0.11220453171281120       -8.6461834010806492E-004
  0.12321294050135950       -6.8462720169913715E-004
  0.24212294730553888        3.7369930714168309E-003
   6.0832625308532340E-002   8.6660225717047866E-004
  0.79003620468923130        8.3818313049875796E-003
  0.84113438917039374        2.6070822242617044E-003
  0.72748387235317158        1.8072617873496892E-002
  0.72206938586891800        1.3724598829335260E-002
  0.76028795255824155        1.3313824791760968E-002
  0.86036103718531043        2.0056339037771636E-004
  0.81166469196418722        4.3708906987681489E-003
  0.66247041728898881        3.5249432613144997E-002
  0.75456811064896234        1.1506305277751162E-002
  0.36414327945161828       -5.4098435224847240E-003
  0.37696970363263382        1.0679439633908623E-003
  0.51571338766450792       -1.1953104522261194E-003
  0.45163003190428630        8.8012785027625573E-004
  0.31158734870030985        8.7154376573935952E-004
