 cosx vtec
  0.45600742063405764        3.1388095203105523E-002
  0.47108474581615850        1.1266557126342261E-002
  0.45525289108919009        1.6147304182509994E-002
  0.45742037144609460        2.6590208887822465E-002
  0.37549997599542656        2.7965496839924199E-002
  0.46654986596164905        4.8858144319178523E-002
  0.73152308085474793       -1.2897270245265243E-003
  0.72195138829772421       -1.5853890733796313E-003
  0.76254761485504519        2.7911010227498938E-003
  0.68584470455877833        2.5617719413499748E-004
  0.67394888646356266        1.3981685127904576E-003
  0.78573664562173129       -5.1007868414364495E-003
  -9.1806970330737370E-002   9.1280395362138908E-005
   3.1513996376226205E-003   2.4790802105653944E-003
  0.11707360240252684        4.0766235908728171E-004
  -6.6562359292614115E-002  -1.1035258684171378E-003
  -7.0729035477545110E-002   4.7901094501673130E-004
  -4.0963904786058492E-002   1.5687779507678255E-003
  0.11973886876591938        2.7623175054397550E-003
   7.1479163784761157E-003   4.0197458449612528E-003
   6.4704896258409861E-002  -4.7835043372671920E-004
  -3.3257162082229008E-002  -3.4377783499088652E-003
  0.17302973352468753       0.24536648206127828     
  0.32236204403423746       0.18116790074331321     
  0.33572765411553918       0.18711093450550123     
  0.32557583135981055       0.18987606643068172     
  0.30099276411428916       0.21150504713415480     
  0.37993911637092775       0.18739092016021178     
  0.30547660975999030       0.18751340178758585     
  -1.1114532117512593E-002   1.7863194930720187E-002
   3.6508829166515683E-002   1.9575283317887330E-002
  0.15829066480503268        3.0287222014354839E-002
  0.13948086799073925        1.6668697761839574E-002
  0.23571382072895367        1.3116161486377044E-002
   1.0201675795397047E-002   2.5127913673000962E-002
  0.11695640194087777        1.0602088710713380E-002
  0.10594485154932971        1.3917213258329682E-002
  0.28826714451250424        1.0555076789434181E-002
  0.94012718416134133       -2.7604670143527199E-003
  0.88467173277123534       -1.1527491207212459E-004
  0.88822296701628700       -1.3811317215394021E-003
  0.91043020774020555        4.4922859168688416E-003
  0.97469446828991890       -1.2436391499969313E-003
  0.97411543238151865        2.0479110461447654E-004
  0.97659474996487527       -4.5297425071958546E-003
  0.99687619431786734        3.3594982712548912E-003
  0.96834651606721001       -1.0845568661108529E-002
  0.96947601664474004        2.4618362171800252E-002
  0.98077033393139568       -3.8686800322529163E-002
  0.99976259572886594        4.1191537438215890E-004
  0.76214420720140896        2.3041674179984772E-003
  0.76198729082612482       -2.7525199677435008E-004
  0.80055089346582664       -1.2724938539822386E-003
  0.73209188870792252       -2.9124891541573404E-003
  0.72412941251821183        1.6272398366837053E-003
  0.80351455243704462       -1.8118724865727565E-004
  0.56300306220835972       0.16537621692818413     
  0.57276980125446153       0.15934392381651821     
  0.59187465620843405        2.5444023499378923E-002
  0.55512519456802878       0.16245428121964881     
  0.61406911714534695       0.15838180996555629     
  0.53851852375640674       0.16540010551223430     
  0.33631184659546332       0.19077796878947312     
  0.35095561755020316       0.19748407119543368     
  0.32346911749884044       0.19677924073786038     
  0.30786515889512350       0.19784547479312053     
  0.61914337113005780        7.1904269094688437E-003
  0.59877980004649678       -4.0428397746459149E-004
  0.59720889237589669        8.0264766956408590E-004
  0.61096865408449130       -4.8977605447199585E-004
  0.50390113190413399       -4.6278575108834206E-003
  -8.3931397753923331E-002   6.6928927599418278E-002
   2.3251284137667430E-002   7.8420673010781289E-002
   9.4504975464008434E-003   6.1524758571879119E-002
  0.15917617555185237        3.4345231023820519E-002
  -7.7760995499742969E-003   4.5257741978062357E-002
  -2.4964815066743362E-002   6.0545584113714725E-002
  0.64730744027124865       -1.9673738106778019E-003
  0.64517974831485103        3.1601492638171458E-003
  0.63943417653199197       -3.5944424831929598E-003
  0.64641011176973162       -4.0640839485871225E-003
  0.54170353581549024        8.8320842817718771E-003
  0.47279430161024055        7.7012684142695968E-003
  0.47725364815594207        2.1670522914370286E-003
  0.46703677673705912        1.8489583781809297E-003
  0.47230763297997674        4.0539128396376491E-003
  0.39086085167060158        1.1603254861881261E-002
  0.56949679842474166       0.15621543594884907     
  0.59371767427239086       0.16669204073483934     
  0.58746815277541342       0.15831919765343447     
  0.56474487546030105       0.15216228660618406     
  0.61710278942031682       0.14958327736875440     
  0.54778979798277083       0.15520144799549179     
  0.90962045340862696       -2.0566632077150596E-002
  0.96133594428376723       -1.2701386721718732E-002
  0.89608971157456996       -4.1639714671229781E-003
  0.89571863425837028       -1.2944937963955926E-003
  0.90806796758917285       -5.6288340745692606E-003
  0.97358437067999981       -4.6381131940633384E-003
  0.47457846694601957       -1.8425442309917390E-003
  0.55235347525917899       -6.4994435822044718E-003
  0.58061702804340976       -1.5193500429710259E-003
  0.50958810087930329       -1.0268789279195456E-003
  0.50049068097342642       -2.8028151825057441E-004
  0.49066873926428417        5.2825112062993246E-004
  0.66808531425685458       -2.3291142227196697E-004
  0.55933789856259242       -1.0360885492778609E-003
  0.57391187309037250        2.9107282886670050E-005
  0.41573793621755117       -2.7870839953360914E-003
  0.53340995220853471        1.0504469837238101E-003
  0.86533511952663722        1.7706911728363754E-002
  0.95494967239882533        8.3064049308213578E-004
  0.86682173276656438       -9.0239836387568228E-003
  0.86160916528767384        2.1763725522982606E-002
  0.86739340208346649       -7.8960665841218552E-003
  0.86111492380415045        8.2147199687336817E-002
  0.52814630000706919       0.17979436456887404     
  0.52711918096603616       0.16086609414302988     
  0.54047484095281362       0.16159190962225733     
  0.51384532552817697       0.16379153790527184     
  0.58755093768114586       0.16523917677199620     
  0.49730336486414495       0.16719070424129434     
  0.17208637805288624       0.14616974875789149     
  0.27452508701717682       0.13480062142992202     
  0.27820615689407874       0.13244874296649659     
  0.39082710944319060       0.12622566330818735     
  0.25063923693439666       0.13218300977472652     
  0.33944942407098150       0.13403129489593524     
  0.25996496834267113       0.16718654530471480     
  0.82411567794813734        4.4968026919053892E-003
  0.82882076517384651        4.2981282663374643E-003
  0.87094445903947193        1.4764253058574511E-003
  0.78287208621631554        7.5457911314361602E-003
  0.86237869676359924        8.4268154823119001E-004
   1.4878903050314085E-002   4.5253359407055623E-004
   7.6287415965687666E-002   9.6129781111855802E-004
  -6.0685094900105874E-003  -3.0777218663015225E-003
  0.15259743151445204        1.1174027867113141E-003
  0.22470952766254612        4.3087592295885479E-004
  -1.5465253959651148E-004  -2.2641791912794453E-003
   4.7246673620766066E-003  -1.7650548315984085E-003
  0.10318902664549090        8.1385757764911872E-004
   9.7883670934365508E-002  -4.3943034735775886E-004
  0.89911644615513020       -6.3980360992366920E-003
  0.94097841541687821       -2.4152062409891399E-004
  0.87496957898050032       -1.6801410417189593E-004
  0.87643630101657088        3.3360350109583664E-003
  0.89337678482253857        4.1850298004085691E-003
  0.71284134547480049        8.7806748522432240E-002
  0.69330077841846327        4.9557197440978550E-002
  0.70724796580701477        3.7410694713585532E-002
  0.69950202560756192        4.7976232722304335E-002
  0.68541381909028676        6.5191784758076146E-002
  0.76415768330602352        6.2451256859090268E-002
  0.66102273494381858        8.2339747719577638E-002
  0.55930874304412759        1.8039901042231622E-002
  0.55843292959473112        9.4478455624341824E-003
  0.60998424965691644        7.0401137222157381E-004
  0.60834985036332245        6.7728585436055448E-003
  0.12215168611548613        1.3401480297468547E-003
  0.19382737666600142       -2.2287743463634928E-003
  0.28610781448119027        4.6502114942599477E-003
  0.32382558687208374       -5.4593737072498264E-003
   7.8787171425403590E-002  -2.8915610890522516E-003
  0.13386694245285136       -3.4230545147837048E-003
  0.21878046321072403       -3.1479813156236563E-003
  0.21423344968056213        1.0378312096303243E-003
   3.4918634957876810E-002  0.15502508079457533     
  0.12532773526654281       0.15193625256534618     
  0.12951456309640572       0.14234849483706394     
  0.29729429365190446       0.14808115052818685     
  0.10081121008540780       0.15622842766649297     
  0.21084435778284141       0.16013105653987095     
  0.36608126441128530       0.20000990441896402     
  0.36820048289204094       0.18849306004408550     
  0.38787503804718770       0.20000520977718561     
  0.35166708811908076       0.19102871679253400     
  0.33639844256345619       0.19544743668399317     
  0.16461956904792424       0.21606207179078721     
  0.18065457900444265       0.22397928138036893     
  0.15208085088529327       0.21680856679272215     
  0.13613314299362933       0.23013724365828847     
  0.46412879510750227       -9.8763709137592026E-004
  0.53110200748412861       -4.1869643802628563E-004
  0.54500417975129845        2.6979917087478181E-003
  0.39455728293871473       -2.0610140261236542E-002
  0.50697273598819637        1.2452667861203354E-003
  -7.9077758463403536E-002  -3.1242440398636237E-003
  -2.2975736960558379E-002  -1.7347450135841900E-003
  0.87436026072206485        1.8930705919911962E-002
  0.88555479679863569        1.1916057871492762E-002
  0.89899480623123529        2.6299998063288428E-002
  0.93302300182369868        3.0246794274645942E-002
  0.91808935339353981        1.8192433725313806E-002
  0.87216748624162566        2.2596442649661611E-002
  0.91237169323500644        3.6811161512725413E-002
  0.83934517681358012        1.8706940296745276E-002
  0.83094431709642358        4.3737613825485785E-002
  0.86242733748262335        5.4220707082015401E-002
  0.83432032450962357        2.2100578287264510E-002
  0.92375984314476023        3.8172727753038857E-002
  0.85693431379046037        3.4166946097695702E-002
  0.84354712548868993        3.9101947776732475E-002
  0.82074037633211416        3.1988908536078074E-002
  0.87285069714989216        1.7970343024593889E-002
  0.79371740897454490        4.5846785742042269E-002
  0.25441782427387732       -1.9788785958775273E-003
  0.44190069013587063        3.0912012073850120E-003
  0.48256322416347630       -1.0990283110258188E-003
  0.21946350634021033       -6.3503376515465252E-003
  0.40661275737306818       -6.4708599269172379E-004
  0.39949716127151902       -7.8571204327096563E-004
  0.56793811948272821        9.8326762151727080E-003
  0.63968321262183281        4.4944733756782226E-003
  0.60597869984134101        4.1619556586150374E-005
  0.60630321626085648        1.0181072196445450E-004
  0.62501174546326554        9.7886086240164469E-004
  0.50270403319235113        1.4547404301936036E-003
  0.92180975358804385       -6.6559077245274684E-002
  0.97754738971915611        1.2596067335274474E-002
  0.91663826741904153        7.0879289311199635E-003
  0.91432436673453188        6.6438648602652759E-003
  0.92318491600365782       -5.4175284405365660E-003
  0.97658771675879397        2.9433060817074527E-002
  0.31445492234409128       0.16996716393424466     
  0.32419358006060461       0.16878339842997775     
  0.30637698509222960       0.17779457800968479     
  0.28953265772550602       0.19331008144297543     
  0.93011248531372259        2.5771873650454365E-003
  0.95067036231569291       -1.3529777179666987E-003
  0.93503003623764314       -1.1808690353571833E-003
  0.87297842446349927        7.4402037411422828E-004
  0.96844067379830878        7.6328347695225137E-004
  0.74174760277704022        2.6846181032148721E-003
  0.87193967449378695        1.0945867007753183E-002
  0.72190129340055120        2.3432810183311586E-003
  0.72116805694521013       -3.2395965922499021E-004
  0.73496885600744222       -4.8797874420135490E-003
  0.58999468982986858       -5.2858658594888007E-004
  0.41528053781612451       -3.0756226850504678E-003
  0.51198213781681257        1.0429660983790989E-003
  0.49707679296026958       -3.9392958123306140E-003
  0.54238819716862119       -2.6960714250803385E-003
  0.47150412458561908       -1.8727780249503010E-003
  0.46385461900845437       -1.1094276968550666E-003
  0.84510971567157145       -6.5629287989389468E-002
  0.94969083558980327        3.7236779886469638E-002
  0.85584055428552674        2.3331244339242788E-002
  0.84636198944107544        5.3890500421188120E-002
  0.84876567917816670       -2.5957776823408510E-002
  0.83851312290649516        1.1119219847883991E-003
  0.91030167495935332        4.7128949035861690E-003
  0.48758286985246946        8.2660410074114427E-002
  0.52729541400060054        5.3228857593158180E-002
  0.49601642364095966        7.3020605151964693E-002
  0.49185595735063492        7.8166746204510071E-002
  0.39582704231123012        9.1071406014058096E-002
  0.48635992066111594        9.4915412526753465E-002
  0.46225061540122325       0.12187381817133008     
  0.48752017864104358        9.4451464532240188E-003
  0.48412074012254153        1.1453759532210719E-003
  0.47716923134277989        3.0972946582373577E-004
  0.48502186227069610        4.0459565148590155E-003
  0.40199614324597804       -2.9440414659286200E-003
  0.62419139404024615        9.1890626038973619E-002
  0.63167871399039877        8.9232693140954458E-002
  0.70263226474063012        7.9305013365230340E-002
  0.62841580234523409       0.10785865931896235     
  0.59451714110007936        9.8507271950027134E-002
  0.66566326903167217        8.8057338305888105E-002
  0.60381457728885835       0.10911163290952455     
  0.93876833047519459       -3.3425157168294802E-003
  0.94952494797688258       -3.8818913480724538E-003
  0.96188855170510146        8.9833006876898162E-003
  0.98518073334837397       -1.3661553311033220E-002
  0.97383351868967871       -8.8073565653271145E-004
  0.93547101363365792        4.9149835120062069E-003
  0.97694735722868575       -2.4785332552559099E-003
  0.63155150432704932        5.4750847723127635E-004
  0.62354947876305578       -4.2505274616567703E-004
  0.66356563354817888       -1.3171948025796579E-003
  0.59763277642372292       -1.8023279581236178E-003
  0.58959159371141812        8.3129325865411764E-004
  0.68150097602178494        1.6411836388117915E-003
  0.65721748942236569       0.13246439172701949     
  0.65412045651473483       0.11013581044319495     
  0.68944380229046742       0.11128465476742398     
  0.66414168713553434       0.11089543821439511     
  0.64250015605326638       0.11116968048219136     
  0.70843673386705763       0.10889889671508828     
  0.62326482704916886       0.12766311865842941     
  -5.5544386251078326E-002   8.4916412160106983E-004
  -1.7028710960833582E-003  -5.4668864384596884E-005
  0.18093962201749003       -4.2244938179285637E-004
  -8.2542515939750316E-002  -3.3303824079798957E-003
  -4.6521893576289219E-002   2.9710001599958600E-004
   2.1675468496891059E-002   4.4567733278943306E-004
   1.9954527925793719E-002  -2.3710797897497052E-003
  0.78993955225481571        9.8087097748654267E-004
  0.81856193289319812        9.4037645013731136E-004
  0.75416993618175088        1.0679193046887114E-003
  0.73993441195349074       -1.1549248023281166E-003
  0.84295122137705314        1.8992592505824720E-003
  0.80155243180036617        5.5251441139887595E-003
  0.80494566728306849        4.3041167197905104E-003
  0.84617675075424592        1.1148198628110624E-003
  0.76896066518059381       -1.3085628101525500E-003
  0.81234266937939748        6.9246880664974152E-003
  0.76323407139145516        5.5167347462069475E-003
  0.84043140087488544        2.1253009273816455E-003
  0.77871587160978117        8.4135536254450499E-002
  0.80306703877540830        8.2703558476082906E-002
  0.78852371489919604        7.5380639790021020E-002
  0.80204815277456354        5.4533390711802091E-002
  0.77200690639987379        6.4489324284025470E-002
  0.82045702633570328        7.1651545479248444E-002
  0.74965743629122905        9.0258191014254516E-002
  0.37346963413072698       0.22177906897442204     
  0.36932136718273723       0.19590597892690828     
  0.38547875435082224       0.20224077677783442     
  0.35512218446583044       0.19946131417052668     
  0.45244546388575158       0.21899558070053621     
  0.33968814039621331       0.20788173597004292     
  0.86242994143625817        2.4799101011279450E-002
  0.93605384774264389        8.4751966823167141E-004
  0.84969523056333807       -1.8370760649632202E-002
  0.84862051826858453       -1.0370612665447969E-002
  0.86014610528981394       -6.4404368176136234E-003
  0.95060932729791436        2.5476774128805581E-002
  0.92526511455740479        1.9621664489074078E-003
  0.93114235188925998       -8.6461834010806492E-004
  0.96505468054147325       -6.8462720169913715E-004
  0.85683638537169826        3.7369930714168309E-003
  0.96330205106600486        8.6660225717047866E-004
  0.81300084576091769       -5.3442707312885435E-003
  0.92741643755765801        3.7478703672659777E-002
  0.80928499051059954       -2.1772687804446937E-003
  0.80543692620909080        1.0759656352642602E-003
  0.81306560454858967        4.2652573153633314E-002
  0.91395814121525798       -3.3462569972034603E-002
  0.87877373938688863       -5.4098435224847240E-003
  0.90658415709418083        1.0679439633908623E-003
  0.83697781332262211       -1.1953104522261194E-003
  0.81657792607081081        8.8012785027625573E-004
  0.92138400344579618        8.7154376573935952E-004
