 cosx vtec
  0.94513862834357976       -9.6162401822252549E-004
  0.94234501703720674       -3.1685733285309186E-004
  0.91159641200163710        1.2930267714109428E-003
  0.93643295488053546        7.5567409252068395E-005
  0.95919157914716124        3.9073304018642291E-003
  0.92654609694826306       -7.3190681211835254E-004
  0.89773284542472986       -5.0381838196475351E-004
  -4.5835180981052825E-002  -1.2897270245265243E-003
   7.0969098790850949E-002  -1.5853890733796313E-003
   7.0134034267965606E-002   2.7911010227498938E-003
  0.20126793193028131        2.5617719413499748E-004
  0.14404047003789328        1.3981685127904576E-003
  -1.2123178136467183E-002  -5.1007868414364495E-003
  0.87307808147552390       -1.4334823602417959E-004
  0.86530004094631141        9.1280395362138908E-005
  0.83159790637702113        2.6484931139093269E-003
  0.74099165348734441        2.4790802105653944E-003
  0.73051556423201403        4.0766235908728171E-004
  0.86111410812379385       -1.5515789069554193E-003
  0.89944713851768254       -3.5281456368758475E-003
  0.84180954898988092       -1.1035258684171378E-003
  0.81257719671079154        4.7901094501673130E-004
  -8.5444781277242476E-002   7.9455081797138630E-002
  0.79845857509949925        1.5687779507678255E-003
  0.61948272570299079        2.7623175054397550E-003
  0.74397632658891044        4.0197458449612528E-003
  0.74223146507474691       -4.7835043372671920E-004
  0.72991000434372466       -3.4377783499088652E-003
  0.61942614307201527        1.7863194930720187E-002
  0.49842392282866460        1.9575283317887330E-002
  0.35025212988573345        3.0287222014354839E-002
  0.44039904076536507        1.6668697761839574E-002
  0.42819243604027374        1.3116161486377044E-002
  0.55297016523168185        2.5127913673000962E-002
  0.53895862141026085        1.0602088710713380E-002
  0.48153614316235105        1.3917213258329682E-002
  0.29058642078426056        1.0555076789434181E-002
   5.0120222301615946E-002  -2.9124891541573404E-003
  -4.5871857685220896E-002   1.6272398366837053E-003
   3.9730964974179606E-002  0.15282663361311893     
  -1.8778117198211597E-002  0.18282056158905738     
   1.2066782959383682E-002  0.16106935157295429     
  -3.2256117745051716E-002  0.15907872351079722     
   8.8865963626509115E-002  0.19583999216562853     
   8.9649648258404158E-002  0.15789407856856472     
  -2.2708640945915404E-003  0.15939434382024795     
  0.89328921071213219        5.2849905566731969E-002
  0.93958284041065609        3.8106920053663500E-002
  0.84808316794726224        6.3276848475789002E-002
  0.84887694600949593        7.0919116972806243E-002
  0.87432135516065590       0.10519336145341916     
  0.92387549105128219        5.0497807114577992E-002
  0.77840773147186093       0.10388572255787835     
  0.93597175967557655        5.3512534605510184E-002
  0.83834104852761993        7.5890816554633062E-002
  0.91096235412279891        6.5135368128468984E-002
  0.85943067657178496        6.0586009130342254E-002
  0.96117072230876577       -1.1004490245101013E-003
  0.94783277324954329       -8.3599036980587562E-005
  0.91386432997432765       -7.6881997226430749E-004
  0.97967922314129874       -1.8436084074217239E-004
  0.94423944419218409        8.0550389157429145E-004
  0.95569453820935413        9.8471546486337408E-004
  0.92637446992944783       -6.6271548454806327E-004
  0.59905675163354855        5.8068373183961623E-002
  0.47098095087060898        6.6928927599418278E-002
  0.34205935220177752        7.8420673010781289E-002
  0.41949686968402838        6.1524758571879119E-002
  0.39807697303828449        3.4345231023820519E-002
  0.52193580629234382        6.3733997491919478E-002
  0.53839075328280028        4.5257741978062357E-002
  0.50465076453247382       0.10812904251234406     
  0.46071343795972330        6.0545584113714725E-002
  0.26260335126535544        9.8655685494388690E-002
  0.19385279092086455       0.13308650335389738     
  0.42854655768590855        5.5964969898950119E-002
  0.23675606764071749       0.10687066290385225     
  0.18536772155794079       0.10745699758102502     
  0.30356123923748762       0.13555866064375602     
  0.29441561317402609        9.3728464902475037E-002
  0.22164556303819344       0.10544067617861003     
  0.95240708237626559        4.4498150413293282E-003
  0.97429564649119016        1.7487307358282290E-002
  0.91866133005316375        4.1352447010887541E-002
  0.90714101225373245        2.9894771136291815E-002
  0.94131674105943053        4.3363388991551628E-002
  0.96300716462773428       -3.1374722056225199E-002
  0.83392576745259683        4.4487769866509388E-002
  0.97917215733960927        9.1331953273705319E-003
  0.90541086678165028        3.6179897849154104E-002
  0.94556995662635035        1.7362169594392445E-002
  0.93001925301332489        2.1612762921603676E-002
  0.33098531643408979        3.9713315750270527E-003
  0.26776347447313786        1.5067994553094507E-004
  0.41260784065684813       -6.6718014027117778E-004
  0.24979015170976276        4.4953568808341338E-003
  0.34394777078017080       -1.1062818537919612E-003
  0.27382210471393476       -4.5443046438902509E-003
  0.51183709163199453       -1.8425442309917390E-003
  0.37982986800441282       -6.4994435822044718E-003
  0.38621583817230259       -1.5193500429710259E-003
  0.46732441839502681       -1.0268789279195456E-003
  0.44675881379309496       -2.8028151825057441E-004
  0.28350868202934243        5.2825112062993246E-004
  0.12633087540403409       -2.3291142227196697E-004
  0.12550075926961524       -1.0360885492778609E-003
   5.9539230348983396E-002   2.9107282886670050E-005
  0.32328498469775985       -2.7870839953360914E-003
  0.28888348654005025        1.0504469837238101E-003
  0.98628538518977726        1.2428388263224378E-003
  0.98416118338604353       -2.6804108066335843E-004
  0.96045464611303266        5.3309663252945824E-003
  0.98132225570587961       -1.7674594537552189E-004
  0.99115929418944693        1.4058700887975260E-003
  0.97530477019358797        3.4385848994467221E-003
  0.96119137966232426        7.1561491682741601E-004
  0.99703148589336577       -1.9313477136490538E-003
  0.94909127853452091        4.6256906650562378E-004
   1.8491359434409882E-002  0.26215514191980205     
  -5.3389249468057787E-002  0.25579646739042927     
   2.5595275729587419E-003  0.25371490527562868     
   4.0887859317846331E-003  0.14616974875789149     
  -6.2831958101262936E-002  0.13244874296649659     
  -6.7964930557346592E-002  0.12622566330818735     
  -1.7562541253054065E-002  0.13218300977472652     
  0.79161058375465909        4.5253359407055623E-004
  0.77247912003128394        9.6129781111855802E-004
  0.74111046297733529       -3.0777218663015225E-003
  0.65344909611485957        1.1174027867113141E-003
  0.65044117905708054        4.3087592295885479E-004
  0.77745902564380986       -2.2641791912794453E-003
  0.83099026063397929       -1.7650548315984085E-003
  0.74154486933631447        8.1385757764911872E-004
  0.71257324332499472       -4.3943034735775886E-004
  0.67336361705135905       0.13828575727672404     
  0.58647523132664381       0.13496985917050677     
  0.50195335600274571       0.17457448895407282     
  0.62229986759001321       0.13312764346030101     
  0.58116963024671586       0.13731931094613789     
  0.59779045135275433       0.14286392655987321     
  -4.5353482591272587E-002   1.8039901042231622E-002
   7.9224454678505918E-003   9.4478455624341824E-003
   5.0094954819381310E-003   7.0401137222157381E-004
  -5.2359900189660302E-002   6.7728585436055448E-003
  0.78369636256999242        1.3401480297468547E-003
  0.74335010714451799       -2.2287743463634928E-003
  0.62430879796096139        4.6502114942599477E-003
  0.63678780560477710       -5.4593737072498264E-003
  0.79364370876939760       -2.8915610890522516E-003
  0.78763104283167373       -3.4230545147837048E-003
  0.72067795797366030       -3.1479813156236563E-003
  0.70177836150785056        1.0378312096303243E-003
  0.99708057784472315        7.8589178373334942E-004
  0.99902999432983797        8.1466062100912489E-003
  0.97732919469961299       -1.6584863994053397E-002
  0.95777685811497826       -1.3931294641972591E-003
  0.99432739779234591        5.5444735493517883E-003
  0.99635324279282478        9.1762047814772235E-003
  0.99987245704328775       -1.2828109273727184E-002
  0.96376193239601560        3.2156347579018912E-003
  0.98334628374200383       -1.6253284049114482E-003
  0.97612674655277121        7.0115968919918338E-003
   6.0233993890119873E-002  0.15502508079457533     
  -3.7617335355812104E-002  0.15193625256534618     
   4.1492190953566627E-003  0.14234849483706394     
  -5.6970503946911777E-003  0.14808115052818685     
   4.8824083499557261E-002  0.15622842766649297     
  -7.7991331377724307E-002  0.16013105653987095     
  0.74096759395046041       0.12439328161424504     
  0.67324307576488629       0.12268714835724899     
  0.67461052561642221       0.13250280893800487     
  0.58426490237394013       0.14929554268333578     
  0.70546461881386313       0.12294461422415401     
  0.62255745785057548       0.13888483793408246     
  0.66090515215081236       0.16177407630208820     
  0.70354861097830201       0.14745223535839036     
  0.28684629883651092       -9.8763709137592026E-004
  0.13050046478772442       -4.1869643802628563E-004
   6.7669091648630497E-002   2.6979917087478181E-003
  0.31912113265391939       -2.0610140261236542E-002
  0.29902382657608606        1.2452667861203354E-003
  0.90632454250605954        1.2527483998860428E-003
  0.93117076948910804       -1.7301745083221845E-004
  0.88986806355492865       -3.1242440398636237E-003
  0.87174368076720754       -1.7347450135841900E-003
  0.89570715194766870        2.6230552523900720E-003
  0.64679837355667202       -1.9788785958775273E-003
  0.43609809426233676        3.0912012073850120E-003
  0.43775322800051653       -1.0990283110258188E-003
  0.63160168797954686       -6.3503376515465252E-003
  0.51933666563254344       -6.4708599269172379E-004
  0.48978195979264860       -7.8571204327096563E-004
  0.29353722892919121        9.8326762151727080E-003
  0.84026271219283610        9.9820059252443555E-003
  0.85965994049647831       -3.7000416006854219E-004
  0.78529242063217186        1.8675346546876515E-002
  0.71523756954396989        1.4043305679535661E-002
  0.81636898053271012        1.3691458398637160E-002
  0.90463743483292880       -3.2657256707119119E-003
  0.82206800733133889        3.4037502207289396E-003
  0.79703448487496709        3.1281954673396055E-002
  0.77742611523102323        1.2257620280420930E-002
  -1.4491850312579546E-002   7.4402037411422828E-004
  0.47666984584101679       -3.0756226850504678E-003
  0.17803012830361475        1.0429660983790989E-003
  0.27491956608519774       -3.9392958123306140E-003
  0.27296181003997666       -2.6960714250803385E-003
  0.36773010917029991       -1.8727780249503010E-003
  0.32078366937356728       -1.1094276968550666E-003
  0.35090288581414264        9.8461162684642806E-002
  0.28407258323120982       0.13174878465105111     
  0.50085525623381644        7.6485740926834231E-002
  0.32468512666754790       0.10454917800673171     
  0.26099778545773766       0.11754210326410783     
  0.37623134807894770       0.11888509311478077     
  0.38436907414115329        9.7090992999645923E-002
  0.30899226375043354       0.10509869906497141     
   6.8746882965010969E-002  0.24900590984499346     
  0.10671900026755510       0.22365486852961142     
  -6.0781489750719175E-003  0.23657501750403848     
  0.17246171330714277       0.27576256098499924     
   1.7940410608703328E-002  0.24673764574183799     
   4.6941224056564257E-002  0.23544226493101264     
  -7.7382088629657786E-003  0.28070750620823104     
  0.68183417110040867       0.13561832585111258     
  0.60313202048739645       0.14488049082489490     
  0.59616206182680442       0.14099650179983431     
  0.51992290448714085       0.14005128467219471     
  0.63872357611758723       0.12712883641484735     
  0.55254461654026721       0.14563795754615758     
  0.58631534158366894       0.14434854905661090     
   4.7791820816889319E-002   5.4750847723127635E-004
  0.13126837221940491       -4.2505274616567703E-004
  0.12975821043793501       -1.3171948025796579E-003
  0.23758515313364903       -1.8023279581236178E-003
  0.18153648699621783        8.3129325865411764E-004
   6.0223987420594205E-002   1.6411836388117915E-003
  0.87948216655739553        8.4916412160106983E-004
  0.85862944514184214       -5.4668864384596884E-005
  0.85818528371072644       -1.3352013552095448E-003
  0.74026377190900228       -4.2244938179285637E-004
  0.88085690185576282       -3.3303824079798957E-003
  0.88416845239247754        2.9710001599958600E-004
  0.84183290400092603        4.4567733278943306E-004
  0.82138970559634850       -2.3710797897497052E-003
   3.7725582143376457E-002   9.8087097748654267E-004
   3.7725317682777870E-002   9.4037645013731136E-004
  0.15198207678565900        1.0679193046887114E-003
  0.11570853254352270       -1.1549248023281166E-003
  -3.5395947003230233E-002   1.8992592505824720E-003
  -2.6117526224267773E-002  -1.3085628101525500E-003
  0.97576340387887972       -8.5020807505557317E-004
  0.98906680227565413       -1.5506346889086720E-004
  0.96261908372648497       -5.1013352026934482E-003
  0.96464143835967919       -2.5845571095877728E-003
  0.94913380446596229        4.6924016013175840E-003
  0.82177407099844890        8.3818313049875796E-003
  0.84075449258463975        2.6070822242617044E-003
  0.76401043580055894        1.8072617873496892E-002
  0.69698833207998834        1.3724598829335260E-002
  0.79625190755076769        1.3313824791760968E-002
  0.89423993581625449        2.0056339037771636E-004
  0.79983115881488320        4.3708906987681489E-003
  0.77909401185629634        3.5249432613144997E-002
  0.75526581749333532        1.1506305277751162E-002
   2.8131962538204658E-002  -1.1953104522261194E-003
  -1.7165905759135125E-002   8.8012785027625573E-004
