4.22194 101.749 96.6088 73.4229 19.5447 134.095 85.0841
4.21889 81.3192 74.3627 89.1583 93.0704 123.894 92.3609
3.99722 100.196 104.105 108.963 92.4139 96.2331 100.382
4.21778 75.9392 101.895 102.225 129.229 168.781 115.614
3.99667 129.759 137.899 129.171 115.844 97.1134 121.957
4.21667 55.8898 43.3966 54.6144 31.3953 101.294 57.3181
3.99611 153.731 144.367 145.018 132.257 127.365 140.548
3.99778 131.339 120.107 105.2 106.343 92.156 111.029
3.88667 140.407 83.1925 73.8211 71.4508 97.2267 93.2196
4.21444 131.708 145.7 118.654 144.122 150.662 138.169
3.995 108.253 136.556 142.923 142.336 96.2331 125.26
4.21333 75.5077 72.8985 60.7505 61.7113 96.1776 73.4091
3.99444 83.7549 43.8003 12.6975 60.1468 102.091 60.4981
4.21222 86.3174 101.451 151.052 119.91 97.0609 111.158
3.99389 77.5552 68.1506 57.4757 46.0138 97.1134 69.2617
3.99556 150.615 148.04 129.83 151.32 133.156 142.592
3.88556 96.1694 116.606 124.989 141.554 97.1134 115.287
4.21 98.1355 73.856 65.4314 68.6641 96.6748 80.5524
3.99278 102.819 100.786 84.4306 85.4174 96.2331 93.9371
4.20889 88.5814 43.9058 32.0938 11.7906 97.1134 54.697
3.99222 137.376 98.7098 100.834 111.164 134.41 116.499
4.20778 24.7374 43.3023 41.2334 28.2251 97.2875 46.9571
3.99167 91.2727 62.9006 66.4865 73.9643 96.2331 78.1714
3.99333 104.041 104.979 100.388 102.078 125.305 107.358
3.88444 75.1561 86.2146 71.6766 70.1114 96.3522 79.9022
4.20556 122.202 133.446 116.772 137.893 97.3509 121.533
3.99056 75.0392 85.415 96.5058 103.551 159.249 103.952
4.20444 9.35947 57.1548 47.7676 92.7657 98.5432 61.1182
3.90111 67.213 52.2763 49.1696 126.594 106.831 80.4167
4.02556 134.878 53.6547 48.7659 64.5284 165.758 93.5171
3.88722 100.712 82.7735 77.5236 92.2341 92.0031 89.0492
3.99111 109.326 130.386 132.878 134.64 169.985 135.443
3.83889 71.4779 84.2438 89.4369 91.3116 161.481 99.5902
4.20111 99.5579 53.0292 30.4015 36.9176 175.438 79.0688
3.98833 49.5512 44.4063 62.2095 74.7784 97.1687 65.6228
4.2 128.736 101.641 39.0479 42.1561 93.3436 80.9849
3.98778 96.7793 135.205 132.383 145.28 95.2975 120.989
4.19889 99.6416 106.345 76.6106 71.5798 131.345 97.1045
3.98722 62.6029 96.8889 96.9746 123.664 97.1687 95.4598
3.98889 127.875 97.0097 131.881 102.325 96.2913 111.076
3.88222 31.3854 19.0555 25.3013 19.9041 97.2267 38.5746
4.19667 89.617 103.086 87.0701 91.6078 166.313 107.539
3.98611 71.0736 64.2028 47.8386 57.2438 96.2331 67.3184
4.19556 93.3871 90.2347 107.644 114.015 96.1776 100.292
3.98556 118.129 157.693 154.315 139.107 108.52 135.552
4.19444 119.371 108.014 143.383 96.327 97.0609 112.831
3.985 126.634 111.597 126.399 113.211 160.28 127.624
3.98667 44.0617 55.7746 82.4472 55.4538 72.4676 62.041
3.88111 50.7042 56.8944 70.6846 53.9038 97.2267 65.8827
4.19222 80.8884 107.036 122.94 139.412 103.474 110.75
3.98389 153.874 139.084 149.305 129.916 152.438 144.924
4.19111 134.963 110.439 118.705 94.9383 96.1776 111.045
3.98333 135.158 80.841 52.0018 93.8803 154.655 103.307
4.19 75.1601 84.9061 74.2668 66.6972 165.543 93.3147
3.98278 90.8383 85.6064 73.5243 94.7558 95.2975 88.0044
3.98444 39.5472 42.9293 42.0687 49.7686 96.2913 54.121
3.88 45.5788 46.2639 48.1127 32.0236 155.44 65.4838
4.18778 89.8513 110.599 102.092 82.8689 98.8365 96.8496
3.98167 109.724 89.3375 107.868 109.773 97.1687 102.774
4.18667 30.9616 73.3821 83.721 76.9878 153.21 83.6525
3.98111 94.23 85.3616 67.338 32.4164 167.121 89.2934
4.18556 106.835 128.159 92.7201 96.155 98.3518 104.444
3.88278 121.369 25.6607 32.0235 65.6664 165.257 81.9952
3.98222 90.7629 83.2998 33.213 78.9836 116.623 80.5765
3.87889 99.3477 115.698 128.648 121.178 142.553 121.485
4.18333 83.7953 103.351 79.4073 61.2406 164.537 98.4663
3.97944 133.279 164.815 133.423 78.6193 96.1776 121.263
4.18222 52.2116 43.3142 18.0349 45.4448 97.1134 51.2238
3.97889 88.8791 88.5798 113.619 94.7706 97.3509 96.64
4.18111 78.5065 109.344 31.42 43.6305 95.2975 71.6396
3.97833 128.268 107.967 76.7674 66.4485 97.1687 95.324
3.98 23.5912 54.3915 20.6481 19.0935 167.613 57.0674
3.87778 170.683 103.661 120.401 128.134 97.2875 124.033
4.17889 107.299 105.385 116.303 131.932 153.35 122.854
3.97722 101.583 109.307 85.8584 119.41 103.896 104.011
4.17778 76.0433 75.909 102.062 123.87 162.082 107.993
3.97667 63.5127 49.7128 38.8718 80.539 97.1687 65.961
4.17667 63.9993 24.9441 76.0974 88.3264 96.1776 69.909
3.97611 110.046 95.1695 100.125 101.873 96.2331 100.689
3.97778 84.7371 66.0336 61.1891 24.0535 142.695 75.7417
3.87667 88.6279 113.832 112.991 152.145 96.2913 112.777
4.17444 135.733 130.275 136.47 160.581 129.966 138.605
3.975 76.8804 77.5341 70.6899 69.2837 168.781 92.6337
4.17333 72.7397 70.5848 170.045 95.6034 85.884 98.9713
3.97444 36.8895 24.2262 30.175 40.9451 81.6091 42.769
4.17222 101.142 64.8019 7.35716 159.306 105.031 87.5275
3.97389 131.618 131.41 140.905 146.431 139.591 137.991
3.97556 144.829 97.9535 77.8833 95.4795 103.896 104.008
3.87556 103.313 84.6096 119.486 132.613 170.832 122.171
4.17 78.673 93.1171 131.05 44.8268 159.92 101.517
3.97278 85.9654 53.8535 55.133 30.9952 97.1134 64.6121
4.16889 161.837 121.09 117.66 103.817 97.1687 120.315
3.97222 147.819 88.666 24.6213 61.1826 155.583 95.5743
4.16778 62.9795 83.7064 100.272 100.783 102.229 89.9941
3.87833 94.2465 158.736 117.206 74.6093 97.2267 108.405
3.97333 52.964 65.3898 47.9353 59.452 97.1687 64.582
3.87444 36.2962 86.4002 60.9613 81.297 141.062 81.2034
4.16556 48.7519 87.0736 82.5203 66.2203 147.018 86.3168
3.97056 155.606 58.2263 41.3516 80.2241 96.2331 86.3283
4.16444 24.1473 28.3526 38.2017 57.3048 134.938 56.5889
3.97 122.765 110.828 82.9967 54.1296 97.1687 93.5777
4.16333 103.503 108.27 114.877 100.094 96.1776 104.584
3.96944 75.7124 83.0351 119.07 105.243 96.0277 95.8176
3.97111 63.9508 79.6501 122.25 97.0834 155.036 103.594
3.87333 108.124 115.932 113.496 131.851 138.667 121.614
4.16111 24.3983 92.7732 125.779 65.0786 97.011 81.008
3.96833 69.8089 132.915 131.331 130.482 93.0147 111.51
4.16 134.858 54.832 40.8538 77.0938 163.223 94.1722
3.96778 107.807 65.5756 50.1407 46.3043 98.8365 73.7328
4.15889 56.8059 21.9566 2.9835 45.4637 9.97367 27.4367
3.96722 90.0843 117.432 129.389 134.237 96.2331 113.475
3.96889 118.919 113.687 87.4985 81.6786 66.7018 93.697
3.87222 79.5526 76.8564 25.0715 90.2714 97.2875 73.8079
4.15667 88.2287 81.2855 79.7929 85.2214 167.966 100.499
3.96611 36.6428 64.6596 52.4889 71.4933 163.088 77.6746
4.15556 95.6195 142.071 91.1124 52.579 96.6748 95.6114
3.96556 64.2639 57.2293 30.422 61.7724 97.1687 62.1712
4.15444 96.6798 89.4969 96.7336 107.039 101.487 98.2874
3.965 137.854 99.7254 93.5408 62.8585 127.627 104.321
3.96667 52.1547 4.89535 51.415 26.0092 86.4008 44.175
3.87111 80.2108 79.9881 82.9062 93.2261 104.097 88.0857
4.15222 118.02 121.481 133.698 135.675 96.1776 121.01
3.96389 73.4169 147.52 150.198 149.906 96.2331 123.455
4.15111 100.662 97.6303 102.123 84.5181 97.2267 96.4321
3.96333 24.4313 42.7293 75.7852 54.864 97.3509 59.0321
4.15 97.9492 64.5538 61.1414 65.2663 101.455 78.0731
3.87389 104.209 114.474 105.798 137.201 97.2267 111.782
3.96444 71.7598 26.8038 36.6758 46.1538 128.483 61.9752
3.87 130.46 131.113 115.001 126.048 168.942 134.313
4.14778 121.402 93.6564 51.295 110.53 146.606 104.698
3.96167 87.8568 75.3594 124.059 158.21 122.028 113.502
4.14667 105.933 111.708 118.357 105.665 154.655 119.264
3.96111 74.1211 49.5719 55.1241 55.4472 155.671 77.9871
4.14556 146.2 109.25 114.263 116.743 168.467 130.985
3.96056 87.9426 104.566 95.1029 82.2577 96.2331 93.2205
3.96222 16.3719 52.843 60.3398 56.3049 136.065 64.3849
3.86889 79.3717 76.1064 37.2703 17.108 97.2875 61.4288
4.14333 82.4419 148.743 116.776 99.1471 97.2267 108.867
3.95944 131.23 140.522 141.485 113.466 139.136 133.168
4.14222 51.5192 107.539 122.083 100.213 93.2665 94.9242
3.95889 63.5938 57.9602 62.8695 109.105 94.966 77.6989
4.14111 64.8568 63.5723 31.4438 9.83521 94.2027 52.7821
3.95833 124.644 63.1687 76.75 40.6411 77.5793 76.5566
3.96 91.3719 60.7765 56.8841 69.1798 96.2331 74.8891
3.86778 105.378 88.9808 70.5669 75.2835 75.2689 83.0955
4.13889 150.415 121.05 109.501 120.613 154.802 131.276
3.95722 101.67 114.917 111.502 161.224 157.343 129.331
4.13778 50.9112 98.4081 117.004 114.13 176.74 111.439
3.95667 53.9031 67.2599 69.8096 83.5246 133.82 81.6635
4.13667 111.497 104.087 141.411 130.913 97.2875 117.039
3.95611 39.63 101.968 141.582 127.503 104.927 103.122
3.95778 131.923 86.2117 75.921 47.0919 96.1776 87.465
3.86667 89.1993 84.423 88.1439 121.189 91.2193 94.8349
4.13444 54.3974 70.6304 76.1391 74.3283 161.056 87.3102
3.955 102.885 93.3349 84.7555 69.6721 97.0609 89.5418
4.13333 85.899 131.503 110.769 60.2485 101.028 97.8896
3.88333 155.813 174.264 165.088 142.416 140.761 155.668
3.99 91.922 130.131 118.319 130.582 97.2875 113.648
3.86944 129.688 139.118 131.92 137.212 156.012 138.79
3.95556 38.1616 49.4589 21.3156 17.6317 96.2331 44.5602
3.83 78.663 104.345 58.3798 53.3205 99.2209 78.7859
4.13 82.2005 121.82 94.3241 115.553 81.8063 99.1409
3.95278 116.297 101.969 100.859 113.061 164.052 119.248
4.12889 84.9459 98.9493 100.639 82.9649 95.2975 92.5593
3.95222 79.8493 61.746 50.7775 86.8962 140.295 83.9129
4.12778 103.441 102.686 98.8393 127.702 167.949 120.124
3.95167 111.636 99.4663 72.8724 15.1427 96.1776 79.059
3.95333 113.374 103.691 53.0056 48.2646 95.2975 82.7266
3.86444 88.1809 102.848 78.5886 81.7549 86.8811 87.6507
4.12556 53.3246 74.4434 69.2231 46.9505 97.1134 68.211
3.95056 98.2482 80.1747 103.975 81.7468 103.774 93.5839
4.12444 93.7263 117.119 138.205 75.1915 95.2418 103.897
3.95 88.6129 119.213 104.704 119.779 97.0609 105.874
4.12333 110.951 108.389 95.7391 98.108 116.813 106
3.94944 108.353 86.8028 111.232 116.679 97.1134 104.036
3.95111 31.7982 100.343 101.534 121.221 97.0609 90.3912
3.86333 149.257 68.944 71.7617 28.3732 97.1687 83.1009
4.12111 102.202 98.8936 88.4472 37.6622 118.372 89.1156
3.94833 93.7822 106.601 90.1998 59.6222 167.858 103.613
4.12 30.3264 44.8985 59.5207 81.7697 95.1889 62.3409
3.94778 57.0761 50.8596 33.0232 47.6827 97.1134 57.151
4.11889 129.552 94.3377 73.9718 70.4924 95.2418 92.7192
3.94722 40.6392 77.2181 92.4549 143.158 139.899 98.6739
3.94889 78.2307 106.977 105.218 135.725 95.2975 104.29
3.86222 102.626 123.216 153.321 142.44 138.546 132.03
4.11667 60.3928 65.3855 33.1799 69.9597 95.2418 64.8319
3.94611 100.832 101.713 92.4387 90.6814 95.9416 96.3213
4.11556 62.602 82.7516 110.072 100.398 132.144 97.5937
3.94556 54.3571 81.3649 74.8892 39.4892 97.1687 69.4538
4.11444 125.911 103.064 81.1564 101.935 175.57 117.527
3.865 116.531 50.1451 48.5571 64.3235 95.1889 74.9492
3.94667 89.0844 95.0449 134.979 131.733 97.1687 109.602
3.86111 85.3528 111.36 116.194 129.105 117.198 111.842
4.11222 57.2505 46.796 60.7064 32.6344 159.561 71.3897
3.94389 87.8558 85.1168 65.7917 83.5645 95.2975 83.5252
4.11111 73.746 36.2135 42.5007 19.4096 95.2418 53.4223
3.94333 93.5265 125.238 90.6664 69.9697 94.866 94.8534
4.11 83.1782 75.314 92.1495 105.586 123.753 95.9961
3.94278 93.5259 88.1327 98.7014 86.1646 95.2975 92.3644
3.94444 83.5958 142.656 25.5677 24.2589 150.479 85.3116
3.86 104.648 79.5302 74.3287 95.2009 97.1134 90.1642
4.10778 104.889 62.4811 83.3872 120.536 95.2418 93.3072
3.94167 105.034 151.56 108.36 120.018 164.172 129.829
4.10667 84.1674 72.8113 69.2071 63.3919 95.1889 76.9533
3.94111 114.616 111.008 90.3694 84.4767 162.553 112.605
4.10556 10.2593 46.0249 70.1502 86.4284 95.1889 61.6103
3.94056 66.1767 91.5943 81.0353 74.4827 97.1134 82.0805
3.94222 77.2572 88.5249 86.1905 18.2072 168.64 87.764
3.85889 59.3835 67.9596 76.0174 54.3622 131.278 77.8001
4.10333 83.2092 76.796 50.3827 46.0026 96.1776 70.5136
3.93944 93.5429 91.9737 74.6625 114.31 97.0609 94.31
4.10222 96.6857 89.9891 80.3371 73.1127 97.2267 87.4703